person 0.1959 1 73 315 498
person 0.0711 0 32 148 506
person 0.0191 127 34 358 448
person 0.0049 -1 9 249 337
person 0.0040 0 0 52 66
person 0.0034 54 90 306 342
person 0.0028 -1 257 387 510
person 0.0026 0 1 130 300
person 0.0015 -34 -11 96 492
person 0.0014 7 376 384 499
person 0.0013 2 1 131 111
person 0.0010 203 58 318 463
bicycle 0.0026 7 376 384 499
bicycle 0.0011 55 261 375 507
car 0.0091 0 347 390 502
car 0.0032 44 -5 315 449
car 0.0014 0 72 146 502
car 0.0012 -2 177 349 503
motorbike 0.0036 7 376 384 499
motorbike 0.0030 -1 257 387 510
motorbike 0.0014 4 51 316 491
motorbike 0.0010 0 30 147 512
boat 0.0012 44 -5 315 449
bird 0.3683 39 65 311 474
bird 0.0329 100 52 112 58
bird 0.0234 92 126 289 399
bird 0.0095 49 384 376 498
bird 0.0092 87 31 374 354
bird 0.0090 59 56 229 309
bird 0.0072 0 -27 191 458
bird 0.0058 179 56 187 62
bird 0.0039 5 218 382 503
bird 0.0024 139 213 277 491
bird 0.0020 0 2 141 309
dog 0.0050 46 32 306 459
dog 0.0012 0 -18 186 490
horse 0.0105 2 72 315 501
horse 0.0058 -1 -17 185 487
horse 0.0020 112 88 281 473
cow 0.0030 -1 -17 185 487
cow 0.0024 17 22 310 457
cow 0.0012 46 383 375 498
bottle 0.0011 87 79 294 454
chair 0.0054 44 -6 316 449
chair 0.0045 0 32 148 506
chair 0.0026 247 292 289 407
chair 0.0022 5 218 382 503
chair 0.0013 226 216 290 410
sofa 0.0035 0 32 148 506
sofa 0.0035 44 -5 315 449
sofa 0.0025 5 377 387 499
diningtable 0.0303 7 376 384 499
diningtable 0.0055 -1 257 387 510
diningtable 0.0030 44 -6 316 449
