person 0.4657 381 330 390 346
person 0.0361 57 315 72 327
person 0.0320 52 314 67 326
person 0.0286 111 322 117 332
person 0.0184 0 314 8 326
person 0.0157 56 311 81 334
person 0.0151 0 318 8 332
person 0.0128 10 308 83 363
person 0.0116 379 329 395 349
person 0.0110 148 322 158 331
person 0.0104 107 324 116 332
person 0.0098 141 324 156 333
person 0.0083 48 315 60 326
person 0.0072 0 322 14 342
person 0.0061 2 312 14 324
person 0.0060 142 322 159 337
person 0.0055 359 329 498 386
person 0.0055 474 333 498 351
person 0.0047 108 324 122 333
person 0.0047 79 324 90 335
person 0.0041 110 317 116 325
person 0.0039 40 315 53 328
person 0.0038 224 328 233 337
person 0.0037 173 326 253 363
person 0.0033 14 312 32 335
person 0.0032 113 324 127 334
person 0.0030 280 160 290 173
person 0.0029 407 335 421 349
person 0.0028 37 317 49 329
person 0.0028 464 335 472 349
person 0.0028 71 320 86 334
person 0.0027 84 326 113 348
person 0.0026 396 334 431 350
person 0.0026 79 325 94 341
person 0.0024 136 323 152 337
person 0.0024 226 328 240 338
person 0.0023 495 332 500 349
person 0.0023 0 309 11 318
person 0.0022 67 316 88 336
person 0.0022 473 324 484 332
person 0.0022 232 328 249 341
person 0.0022 11 315 28 346
person 0.0021 8 312 17 324
person 0.0021 107 315 115 324
person 0.0020 428 337 439 348
person 0.0019 384 330 400 347
person 0.0019 136 322 189 357
person 0.0018 8 308 17 318
person 0.0018 106 326 144 352
person 0.0016 150 320 157 327
person 0.0015 81 325 95 333
person 0.0015 40 309 88 351
person 0.0014 15 310 35 325
person 0.0014 33 317 61 330
person 0.0014 22 311 41 326
person 0.0014 410 335 433 348
person 0.0013 473 331 498 342
person 0.0013 439 337 457 347
person 0.0013 462 332 473 345
person 0.0013 221 328 247 342
person 0.0013 217 328 237 340
person 0.0012 432 337 443 347
person 0.0011 96 325 117 336
person 0.0011 378 330 423 350
person 0.0011 493 331 499 344
person 0.0011 21 315 47 333
person 0.0010 418 336 448 350
person 0.0010 147 322 168 331
person 0.0010 469 323 489 335
person 0.0010 12 310 37 351
person 0.0010 136 325 148 334
person 0.0010 52 305 86 340
bicycle 0.0193 381 330 390 347
bicycle 0.0010 0 323 16 342
car 0.9330 232 328 333 373
car 0.9044 172 327 250 363
car 0.8990 361 329 497 387
car 0.7962 136 322 187 357
car 0.7797 106 326 145 352
car 0.7603 83 325 115 348
car 0.6001 0 322 15 342
car 0.4615 13 309 84 362
car 0.3276 78 325 90 341
car 0.0749 96 325 117 337
car 0.0658 2 309 15 318
car 0.0640 0 318 8 332
car 0.0607 2 312 14 324
car 0.0530 8 313 29 339
car 0.0461 0 313 8 326
car 0.0443 21 307 35 313
car 0.0337 134 323 158 352
car 0.0319 5 317 19 333
car 0.0314 136 323 153 338
car 0.0286 135 326 148 336
car 0.0263 108 324 122 334
car 0.0249 8 308 17 318
car 0.0205 8 312 17 324
car 0.0186 411 322 470 334
car 0.0167 474 331 498 342
car 0.0132 11 316 42 350
car 0.0127 106 324 116 333
car 0.0117 494 331 499 343
car 0.0114 377 324 486 345
car 0.0112 81 324 106 340
car 0.0107 14 312 30 331
car 0.0105 13 320 28 354
car 0.0101 26 307 38 312
car 0.0099 14 308 32 314
car 0.0098 138 321 165 338
car 0.0083 3 309 25 323
car 0.0079 420 323 461 331
car 0.0074 111 322 117 332
car 0.0071 133 326 148 350
car 0.0069 159 330 193 358
car 0.0069 78 329 87 346
car 0.0067 72 321 100 347
car 0.0063 3 308 14 314
car 0.0061 479 333 498 347
car 0.0060 484 331 497 338
car 0.0060 81 325 95 333
car 0.0054 43 309 87 354
car 0.0054 473 330 496 338
car 0.0052 67 314 88 338
car 0.0049 142 323 156 334
car 0.0048 381 330 394 349
car 0.0048 242 329 328 348
car 0.0047 55 311 82 332
car 0.0047 71 320 86 334
car 0.0047 361 320 501 356
car 0.0046 472 332 498 354
car 0.0044 429 328 499 383
car 0.0043 463 332 498 385
car 0.0043 16 309 39 324
car 0.0043 410 325 455 342
car 0.0037 32 308 47 313
car 0.0037 398 330 458 348
car 0.0033 491 336 499 388
car 0.0032 106 329 128 351
car 0.0032 271 325 314 339
car 0.0032 112 324 129 334
car 0.0027 59 312 85 343
car 0.0026 396 334 431 350
car 0.0026 423 323 479 339
car 0.0026 73 330 85 346
car 0.0025 147 321 159 331
car 0.0025 110 325 132 342
car 0.0023 94 326 112 332
car 0.0023 231 328 249 341
car 0.0022 284 326 306 339
car 0.0022 34 307 44 312
car 0.0022 11 307 18 314
car 0.0021 87 326 104 332
car 0.0021 10 324 23 356
car 0.0020 144 322 183 338
car 0.0019 435 322 470 331
car 0.0019 52 316 66 326
car 0.0019 98 328 116 349
car 0.0019 219 326 249 346
car 0.0018 493 334 499 362
car 0.0018 57 314 72 327
car 0.0016 386 335 419 349
car 0.0015 398 337 465 377
car 0.0015 364 332 437 383
car 0.0015 469 323 488 335
car 0.0015 418 324 443 332
car 0.0014 414 323 445 337
car 0.0014 161 327 229 352
car 0.0014 8 312 56 358
car 0.0014 244 330 284 343
car 0.0014 493 331 500 350
car 0.0014 0 375 16 393
car 0.0013 109 321 146 340
car 0.0013 473 325 485 333
car 0.0013 418 332 477 347
motorbike 0.0040 0 323 16 342
motorbike 0.0032 381 330 390 347
motorbike 0.0023 136 323 189 357
motorbike 0.0020 13 308 85 363
motorbike 0.0015 0 318 8 332
motorbike 0.0010 0 313 8 326
bus 0.0143 13 309 84 363
bus 0.0021 359 329 498 385
bus 0.0014 136 322 187 357
bus 0.0013 81 327 114 347
bus 0.0011 107 325 145 352
bus 0.0010 476 162 499 300
train 0.0011 391 43 502 170
bird 0.0018 357 126 381 141
pottedplant 0.0042 287 259 308 278
pottedplant 0.0030 152 293 160 305
pottedplant 0.0018 327 253 346 271
