person 0.8047 15 26 446 372
person 0.7630 0 88 46 202
person 0.0495 13 166 54 228
person 0.0452 39 116 71 176
person 0.0152 0 139 127 366
person 0.0096 7 115 46 165
person 0.0091 1 256 159 375
person 0.0071 0 163 15 204
person 0.0059 28 92 74 172
person 0.0058 24 285 58 318
person 0.0052 0 163 37 208
person 0.0044 71 138 185 223
person 0.0035 0 181 15 209
person 0.0026 54 109 260 248
person 0.0025 322 148 349 201
person 0.0024 -2 84 81 255
person 0.0022 0 224 474 370
person 0.0022 52 175 88 228
person 0.0022 98 236 174 371
person 0.0020 40 109 72 223
person 0.0019 28 134 42 148
person 0.0018 8 200 218 370
person 0.0016 0 199 16 222
person 0.0015 428 158 438 190
person 0.0015 0 91 39 158
person 0.0012 68 52 87 78
person 0.0012 0 146 21 204
person 0.0012 0 198 15 208
person 0.0012 19 274 87 331
person 0.0011 13 283 64 336
person 0.0011 6 62 64 156
person 0.0011 0 298 74 370
person 0.0011 69 140 84 162
person 0.0010 0 111 23 158
person 0.0010 -3 229 91 367
bicycle 0.0017 1 64 16 83
bottle 0.7444 88 100 105 163
bottle 0.7162 325 149 350 203
bottle 0.6616 39 116 72 179
bottle 0.5727 427 158 437 190
bottle 0.2738 0 92 66 198
bottle 0.1416 58 174 89 228
bottle 0.0843 13 165 54 228
bottle 0.0834 74 176 91 227
bottle 0.0596 69 140 84 161
bottle 0.0572 62 140 82 166
bottle 0.0384 39 101 69 232
bottle 0.0360 57 133 82 174
bottle 0.0285 122 141 135 164
bottle 0.0229 298 156 315 186
bottle 0.0157 33 104 69 162
bottle 0.0123 46 74 66 145
bottle 0.0113 47 171 71 227
bottle 0.0106 420 162 437 196
bottle 0.0101 116 140 131 164
bottle 0.0094 44 123 82 234
bottle 0.0086 81 187 92 227
bottle 0.0069 27 132 44 149
bottle 0.0063 295 156 329 199
bottle 0.0061 39 113 71 147
bottle 0.0060 69 137 83 179
bottle 0.0050 37 150 63 219
bottle 0.0044 5 99 46 170
bottle 0.0041 37 163 58 201
bottle 0.0040 33 77 61 142
bottle 0.0038 41 137 67 190
bottle 0.0037 407 181 437 206
bottle 0.0037 58 110 109 170
bottle 0.0037 331 149 344 173
bottle 0.0033 48 115 68 142
bottle 0.0031 69 172 87 201
bottle 0.0030 34 117 61 150
bottle 0.0027 55 167 76 216
bottle 0.0026 102 236 172 369
bottle 0.0026 36 165 53 189
bottle 0.0025 338 149 353 203
bottle 0.0023 0 199 16 226
bottle 0.0023 297 156 313 172
bottle 0.0023 55 152 69 175
bottle 0.0022 52 113 73 165
bottle 0.0022 -3 94 109 219
bottle 0.0022 113 140 124 163
bottle 0.0020 120 142 147 164
bottle 0.0020 0 30 3 46
bottle 0.0019 332 158 350 195
bottle 0.0019 66 115 170 196
bottle 0.0018 66 182 87 220
bottle 0.0018 56 161 71 201
bottle 0.0018 40 151 58 180
bottle 0.0018 39 124 57 153
bottle 0.0016 27 100 119 189
bottle 0.0016 51 114 66 132
bottle 0.0015 351 187 366 207
bottle 0.0014 409 162 442 206
bottle 0.0013 15 165 42 208
bottle 0.0012 95 98 113 165
bottle 0.0012 327 145 346 186
bottle 0.0012 50 152 70 215
bottle 0.0011 326 176 345 198
bottle 0.0011 85 103 98 159
bottle 0.0011 325 162 340 202
bottle 0.0010 27 78 48 139
bottle 0.0010 1 165 36 205
bottle 0.0010 53 172 68 194
chair 0.1016 25 285 55 316
chair 0.0094 39 115 70 178
chair 0.0064 9 281 64 336
chair 0.0051 19 274 87 331
chair 0.0041 -1 178 474 374
chair 0.0039 28 134 42 148
chair 0.0033 -8 183 93 380
chair 0.0033 70 139 185 220
chair 0.0026 0 199 16 225
chair 0.0021 0 87 47 204
chair 0.0018 0 299 52 346
chair 0.0017 0 239 161 369
chair 0.0016 14 166 45 228
chair 0.0014 96 236 174 370
chair 0.0014 55 174 87 227
chair 0.0012 0 196 15 207
chair 0.0012 325 148 349 201
chair 0.0012 88 99 105 161
chair 0.0012 7 115 46 165
chair 0.0011 0 181 15 209
sofa 0.0171 -1 178 474 374
sofa 0.0014 70 139 185 220
pottedplant 0.0026 18 -1 99 52
pottedplant 0.0011 21 -2 169 94
diningtable 0.0695 0 224 474 370
diningtable 0.0307 70 139 185 220
diningtable 0.0190 52 174 89 229
diningtable 0.0073 0 141 126 368
diningtable 0.0056 4 319 468 371
diningtable 0.0043 -24 119 196 265
diningtable 0.0040 66 115 170 196
diningtable 0.0032 22 283 61 312
diningtable 0.0030 13 166 53 229
diningtable 0.0029 101 237 175 372
diningtable 0.0028 39 115 72 179
diningtable 0.0025 0 259 161 374
diningtable 0.0023 4 68 210 375
diningtable 0.0021 41 90 187 226
diningtable 0.0020 49 197 69 226
diningtable 0.0018 101 334 288 370
diningtable 0.0018 88 100 104 163
diningtable 0.0016 154 344 251 373
diningtable 0.0013 119 141 136 165
diningtable 0.0012 13 34 455 372
diningtable 0.0012 1 146 105 238
diningtable 0.0011 0 198 16 227
diningtable 0.0011 75 174 91 223
diningtable 0.0011 22 194 67 231
diningtable 0.0011 62 255 230 371
diningtable 0.0011 61 113 118 219
diningtable 0.0010 70 156 150 176
diningtable 0.0010 72 153 150 210
