person 0.6250 163 105 240 214
person 0.5199 199 70 297 220
person 0.1264 24 21 345 322
person 0.0733 140 78 255 260
person 0.0575 65 179 78 196
person 0.0388 108 26 318 224
person 0.0189 479 213 499 252
person 0.0120 66 185 79 198
person 0.0062 66 178 74 188
person 0.0027 196 69 278 163
person 0.0025 157 52 283 196
person 0.0022 61 177 91 200
person 0.0018 246 97 293 190
person 0.0015 479 191 500 244
person 0.0012 175 48 356 254
boat 0.4469 20 2 325 315
boat 0.2357 154 83 249 236
boat 0.0438 113 32 317 223
boat 0.0348 18 149 318 306
boat 0.0224 199 70 298 207
boat 0.0164 69 3 239 233
boat 0.0021 51 137 427 255
boat 0.0016 479 215 499 252
boat 0.0010 86 2 398 188
bird 0.0060 479 216 499 252
bottle 0.0010 65 179 78 197
