person 0.1265 107 203 114 215
person 0.1195 100 207 107 216
person 0.0612 123 203 133 216
person 0.0565 109 204 119 216
person 0.0487 129 205 138 217
person 0.0483 117 205 126 216
person 0.0331 90 204 98 214
person 0.0275 60 207 65 215
person 0.0256 142 207 151 215
person 0.0252 439 193 457 211
person 0.0231 92 206 101 215
person 0.0226 134 205 141 214
person 0.0190 89 206 96 216
person 0.0178 93 221 98 228
person 0.0173 107 201 113 210
person 0.0168 134 207 145 216
person 0.0128 145 206 154 215
person 0.0120 193 202 202 215
person 0.0116 102 203 120 214
person 0.0114 198 201 208 215
person 0.0104 75 205 85 216
person 0.0100 165 202 171 217
person 0.0095 148 204 156 214
person 0.0095 121 189 128 195
person 0.0095 119 204 139 214
person 0.0092 113 202 119 209
person 0.0090 111 217 120 230
person 0.0085 103 163 110 169
person 0.0083 186 206 196 216
person 0.0077 202 202 211 215
person 0.0071 113 220 121 228
person 0.0065 117 201 125 210
person 0.0060 127 91 133 101
person 0.0057 97 206 114 219
person 0.0056 118 207 144 220
person 0.0053 140 209 148 220
person 0.0048 96 191 102 196
person 0.0045 161 196 170 216
person 0.0043 131 209 139 222
person 0.0043 123 90 135 107
person 0.0041 190 200 206 214
person 0.0041 109 221 117 228
person 0.0041 136 210 144 222
person 0.0039 185 206 191 216
person 0.0039 104 206 126 224
person 0.0039 321 219 329 227
person 0.0039 348 219 357 229
person 0.0036 99 198 106 208
person 0.0036 195 194 207 212
person 0.0035 91 216 98 225
person 0.0032 102 201 110 212
person 0.0030 154 229 161 236
person 0.0029 157 200 165 214
person 0.0029 107 208 115 221
person 0.0029 116 210 123 224
person 0.0029 194 197 203 210
person 0.0026 122 199 130 210
person 0.0025 334 207 341 217
person 0.0024 89 203 106 214
person 0.0024 123 210 133 224
person 0.0024 122 198 136 212
person 0.0021 132 164 139 170
person 0.0021 115 203 149 217
person 0.0019 153 198 172 215
person 0.0019 176 129 183 139
person 0.0019 131 207 153 227
person 0.0019 123 163 130 170
person 0.0018 350 219 362 229
person 0.0017 90 210 95 221
person 0.0016 90 222 99 229
person 0.0016 113 163 120 169
person 0.0016 68 185 76 194
person 0.0016 357 206 365 225
person 0.0016 341 219 359 230
person 0.0015 94 198 100 210
person 0.0015 151 203 159 218
person 0.0015 236 230 247 237
person 0.0015 121 92 138 112
person 0.0015 123 220 134 228
person 0.0015 207 202 216 214
person 0.0014 79 218 89 226
person 0.0014 130 202 137 210
person 0.0014 296 206 305 215
person 0.0014 106 203 160 225
person 0.0013 291 224 301 232
person 0.0012 108 198 124 211
person 0.0012 120 163 127 171
person 0.0012 67 206 77 215
person 0.0011 116 122 123 135
person 0.0011 138 90 146 106
person 0.0011 103 125 115 135
person 0.0011 96 186 102 195
person 0.0011 240 229 251 237
person 0.0011 139 97 148 108
person 0.0010 111 202 122 210
person 0.0010 112 107 119 115
person 0.0010 228 220 245 228
car 0.0018 440 193 457 211
car 0.0013 275 225 292 233
car 0.0011 274 222 293 231
car 0.0010 268 212 313 224
boat 0.8372 55 80 369 265
boat 0.7227 440 193 457 211
boat 0.0305 53 206 370 266
boat 0.0210 359 204 366 220
boat 0.0120 51 86 223 260
boat 0.0086 358 203 364 217
boat 0.0054 352 205 366 226
boat 0.0036 71 157 495 255
boat 0.0036 242 204 342 234
boat 0.0026 321 207 366 233
boat 0.0024 440 204 456 210
boat 0.0023 259 205 314 225
boat 0.0023 353 245 365 251
boat 0.0017 297 204 366 239
boat 0.0016 266 214 306 225
boat 0.0014 344 206 366 220
boat 0.0014 336 217 361 231
boat 0.0013 265 209 303 230
boat 0.0012 273 221 296 232
boat 0.0012 346 244 364 251
boat 0.0012 326 209 356 226
boat 0.0012 440 197 469 211
boat 0.0011 325 218 354 230
boat 0.0010 196 198 347 229
boat 0.0010 356 203 369 220
boat 0.0010 62 202 200 264
