person 0.6528 156 69 287 347
person 0.0079 478 119 500 208
person 0.0057 489 211 499 251
person 0.0051 488 189 500 216
person 0.0040 374 341 498 374
person 0.0037 490 218 499 238
person 0.0030 424 30 471 60
person 0.0025 485 197 499 236
person 0.0025 205 98 311 292
person 0.0023 356 261 375 304
person 0.0022 492 177 500 198
person 0.0022 250 144 280 218
person 0.0021 482 200 500 219
person 0.0019 454 201 500 249
person 0.0019 450 156 476 210
person 0.0018 294 157 399 247
person 0.0018 437 128 455 161
person 0.0013 175 63 244 97
person 0.0013 456 115 473 156
person 0.0012 237 166 499 365
person 0.0012 469 151 499 212
person 0.0012 260 125 346 238
person 0.0011 303 217 328 272
person 0.0011 399 225 483 273
person 0.0010 485 176 499 206
cat 0.0015 16 161 72 209
bottle 0.7045 450 156 474 210
bottle 0.6893 481 121 500 170
bottle 0.6261 356 261 376 303
bottle 0.5644 437 128 455 161
bottle 0.5123 304 217 327 272
bottle 0.1969 457 120 474 158
bottle 0.1865 468 59 484 98
bottle 0.0829 473 118 495 167
bottle 0.0804 470 120 486 162
bottle 0.0409 389 61 415 102
bottle 0.0374 362 51 378 79
bottle 0.0349 456 118 490 176
bottle 0.0279 426 198 456 227
bottle 0.0254 456 130 469 159
bottle 0.0215 352 52 368 79
bottle 0.0213 462 118 480 155
bottle 0.0181 478 119 500 208
bottle 0.0156 339 37 353 67
bottle 0.0153 351 42 377 78
bottle 0.0108 456 116 471 146
bottle 0.0104 341 251 385 290
bottle 0.0100 240 205 496 365
bottle 0.0096 392 59 415 84
bottle 0.0093 454 167 486 240
bottle 0.0091 443 125 475 186
bottle 0.0088 483 124 500 150
bottle 0.0084 488 199 499 216
bottle 0.0084 428 158 480 212
bottle 0.0079 481 84 500 101
bottle 0.0077 461 129 481 169
bottle 0.0075 438 124 463 168
bottle 0.0068 375 268 391 292
bottle 0.0067 489 211 499 251
bottle 0.0060 424 176 447 196
bottle 0.0055 384 49 418 90
bottle 0.0052 334 37 350 64
bottle 0.0050 479 145 498 170
bottle 0.0050 403 225 481 271
bottle 0.0042 448 135 470 201
bottle 0.0041 471 119 481 142
bottle 0.0041 369 37 393 76
bottle 0.0041 343 43 355 74
bottle 0.0038 485 103 499 144
bottle 0.0037 488 146 499 171
bottle 0.0035 411 56 429 75
bottle 0.0032 469 151 499 212
bottle 0.0031 490 216 499 235
bottle 0.0031 492 112 499 135
bottle 0.0029 360 33 384 76
bottle 0.0028 477 121 492 147
bottle 0.0027 269 205 367 285
bottle 0.0027 457 116 470 133
bottle 0.0027 463 146 484 188
bottle 0.0026 473 62 491 95
bottle 0.0026 482 119 499 140
bottle 0.0024 409 76 433 104
bottle 0.0023 393 45 418 67
bottle 0.0021 485 189 500 217
bottle 0.0021 357 78 386 90
bottle 0.0021 474 108 496 143
bottle 0.0020 442 122 458 151
bottle 0.0020 450 159 472 190
bottle 0.0020 436 103 492 164
bottle 0.0019 376 51 394 77
bottle 0.0018 365 40 380 68
bottle 0.0017 471 159 483 177
bottle 0.0017 456 175 473 213
bottle 0.0017 485 197 499 236
bottle 0.0017 463 185 475 210
bottle 0.0017 321 44 335 70
bottle 0.0016 393 54 416 75
bottle 0.0016 428 88 490 112
bottle 0.0016 15 160 72 208
bottle 0.0016 491 187 499 211
bottle 0.0015 457 189 478 219
bottle 0.0015 318 35 330 54
bottle 0.0014 367 48 382 77
bottle 0.0014 454 201 500 249
bottle 0.0014 449 54 470 82
bottle 0.0014 378 65 394 79
bottle 0.0014 493 107 500 125
bottle 0.0014 301 215 329 250
bottle 0.0014 444 139 462 194
bottle 0.0013 345 39 361 64
bottle 0.0013 291 205 338 270
bottle 0.0012 370 1 387 13
bottle 0.0012 493 178 499 195
bottle 0.0011 333 56 350 79
bottle 0.0011 450 163 463 213
bottle 0.0011 247 84 276 121
bottle 0.0010 366 1 378 12
bottle 0.0010 403 49 436 85
bottle 0.0010 331 100 399 157
chair 0.8341 117 164 249 379
chair 0.6255 260 127 347 237
chair 0.5550 1 164 126 332
chair 0.4014 328 90 401 191
chair 0.1195 426 30 470 61
chair 0.0975 287 152 399 248
chair 0.0885 371 338 497 374
chair 0.0661 124 136 169 186
chair 0.0556 138 247 247 376
chair 0.0410 264 103 401 240
chair 0.0387 117 156 173 340
chair 0.0200 252 151 274 204
chair 0.0144 16 161 71 207
chair 0.0140 55 161 128 305
chair 0.0125 114 126 138 190
chair 0.0112 99 60 174 173
chair 0.0110 116 131 172 225
chair 0.0105 139 60 175 159
chair 0.0103 112 69 144 158
chair 0.0089 142 173 323 374
chair 0.0071 159 68 289 292
chair 0.0070 117 203 199 374
chair 0.0070 69 89 142 253
chair 0.0063 176 63 244 99
chair 0.0062 75 120 117 187
chair 0.0059 68 98 114 217
chair 0.0059 372 338 434 373
chair 0.0059 156 299 246 373
chair 0.0057 123 66 159 161
chair 0.0056 109 112 144 270
chair 0.0054 333 124 398 174
chair 0.0051 121 107 137 138
chair 0.0049 8 158 104 254
chair 0.0049 148 102 169 153
chair 0.0046 391 46 418 87
chair 0.0045 150 193 238 352
chair 0.0041 205 98 311 292
chair 0.0041 0 189 75 321
chair 0.0041 244 131 273 190
chair 0.0038 302 218 329 273
chair 0.0037 0 154 34 313
chair 0.0037 413 50 470 88
chair 0.0037 51 169 176 327
chair 0.0037 112 132 131 227
chair 0.0037 260 174 274 205
chair 0.0035 243 139 283 225
chair 0.0034 332 111 397 156
chair 0.0033 326 123 402 241
chair 0.0033 154 75 173 156
chair 0.0032 120 137 149 191
chair 0.0032 165 61 263 165
chair 0.0030 413 58 463 78
chair 0.0030 260 144 278 198
chair 0.0029 158 116 179 167
chair 0.0027 157 99 171 147
chair 0.0027 81 61 191 225
chair 0.0024 241 276 265 292
chair 0.0024 257 131 305 231
chair 0.0024 116 125 218 322
chair 0.0022 264 36 284 54
chair 0.0022 98 105 185 291
chair 0.0022 163 111 182 152
chair 0.0022 409 39 480 99
chair 0.0021 311 99 434 249
chair 0.0021 402 36 471 76
chair 0.0021 119 84 137 146
chair 0.0021 118 130 130 174
chair 0.0021 112 118 131 175
chair 0.0020 143 93 444 347
chair 0.0018 117 152 135 203
chair 0.0017 325 161 393 210
chair 0.0017 437 128 454 161
chair 0.0017 227 88 290 208
chair 0.0017 128 111 137 138
chair 0.0017 150 119 166 148
chair 0.0016 234 119 275 163
chair 0.0016 269 178 374 240
chair 0.0015 323 62 340 72
chair 0.0014 155 117 174 151
chair 0.0014 115 106 133 140
chair 0.0014 259 166 284 235
chair 0.0014 0 173 18 290
chair 0.0014 137 128 178 179
chair 0.0014 449 52 471 87
chair 0.0014 126 66 137 135
chair 0.0013 0 148 53 258
chair 0.0013 152 222 279 317
chair 0.0013 265 179 277 210
chair 0.0013 242 61 380 198
chair 0.0013 140 109 217 184
chair 0.0012 119 75 253 218
chair 0.0012 393 45 418 67
chair 0.0011 243 84 279 128
chair 0.0011 251 139 270 185
chair 0.0011 159 96 178 149
chair 0.0010 116 102 138 165
chair 0.0010 493 178 499 195
chair 0.0010 293 90 331 119
chair 0.0010 237 166 499 365
chair 0.0010 246 78 319 139
sofa 0.0663 425 30 471 60
sofa 0.0033 413 58 463 78
sofa 0.0031 413 50 470 88
sofa 0.0026 409 39 480 99
sofa 0.0017 372 340 499 373
sofa 0.0015 328 91 401 191
sofa 0.0014 402 36 471 76
sofa 0.0012 1 140 102 305
sofa 0.0011 16 161 72 208
sofa 0.0011 260 127 348 237
pottedplant 0.5138 49 6 87 65
pottedplant 0.0109 367 30 392 71
pottedplant 0.0070 53 7 80 44
pottedplant 0.0056 454 201 500 249
pottedplant 0.0053 351 28 393 78
pottedplant 0.0053 427 30 470 61
pottedplant 0.0031 389 54 416 102
pottedplant 0.0028 482 200 500 219
pottedplant 0.0026 354 44 380 78
pottedplant 0.0026 489 211 499 251
pottedplant 0.0024 78 50 98 64
pottedplant 0.0023 87 0 119 22
pottedplant 0.0019 425 199 463 229
pottedplant 0.0017 468 59 485 98
pottedplant 0.0017 52 28 79 57
pottedplant 0.0015 81 30 114 58
pottedplant 0.0015 369 31 388 51
pottedplant 0.0014 63 10 85 44
pottedplant 0.0014 375 45 393 73
pottedplant 0.0014 368 1 389 13
pottedplant 0.0014 454 167 486 240
pottedplant 0.0013 60 14 107 66
pottedplant 0.0012 50 40 79 66
pottedplant 0.0011 84 20 159 54
pottedplant 0.0011 47 25 79 75
pottedplant 0.0010 370 45 385 74
diningtable 0.6007 237 166 499 365
diningtable 0.0492 310 158 401 248
diningtable 0.0228 302 218 329 273
diningtable 0.0159 346 279 433 332
diningtable 0.0099 356 261 375 303
diningtable 0.0096 276 201 393 301
diningtable 0.0078 4 169 116 324
diningtable 0.0056 326 88 402 175
diningtable 0.0042 368 295 422 320
diningtable 0.0040 203 140 433 307
diningtable 0.0037 388 68 415 101
diningtable 0.0036 425 31 470 60
diningtable 0.0031 319 135 493 330
diningtable 0.0030 250 258 508 369
diningtable 0.0030 374 341 498 374
diningtable 0.0028 378 62 497 133
diningtable 0.0025 260 126 350 238
diningtable 0.0025 323 66 499 168
diningtable 0.0025 15 161 71 208
diningtable 0.0022 115 130 469 379
diningtable 0.0021 426 196 455 227
diningtable 0.0021 424 175 445 197
diningtable 0.0021 400 79 488 109
diningtable 0.0021 413 58 463 79
diningtable 0.0019 360 55 462 122
diningtable 0.0019 194 216 422 372
diningtable 0.0019 418 175 437 203
diningtable 0.0017 399 224 483 272
diningtable 0.0016 403 276 497 336
diningtable 0.0014 409 39 480 99
diningtable 0.0014 376 184 450 254
diningtable 0.0014 239 254 352 346
diningtable 0.0014 243 84 279 128
diningtable 0.0014 413 50 470 88
diningtable 0.0013 449 155 476 209
diningtable 0.0013 385 189 433 226
diningtable 0.0012 291 205 338 270
diningtable 0.0012 409 174 436 194
diningtable 0.0012 338 251 384 280
diningtable 0.0011 239 65 344 173
diningtable 0.0011 435 114 465 160
diningtable 0.0011 122 136 170 190
diningtable 0.0010 246 78 319 139
diningtable 0.0010 428 88 490 112
diningtable 0.0010 0 141 91 271
diningtable 0.0010 120 162 245 377
diningtable 0.0010 383 49 422 102
diningtable 0.0010 273 246 394 290
tvmonitor 0.0040 299 157 401 249
tvmonitor 0.0032 16 160 71 208
tvmonitor 0.0031 425 30 471 60
