person 0.6911 299 138 329 168
person 0.1273 329 135 365 166
person 0.0120 270 139 320 169
person 0.0080 297 136 358 168
person 0.0031 235 130 307 168
person 0.0027 59 89 497 280
person 0.0026 201 129 388 175
person 0.0025 269 132 300 167
person 0.0023 273 149 310 169
person 0.0016 48 110 477 198
car 0.6034 0 127 494 287
car 0.0032 -1 68 515 203
car 0.0017 291 139 327 169
car 0.0016 329 134 365 166
motorbike 0.0018 13 125 492 287
aeroplane 0.0062 11 113 491 276
aeroplane 0.0020 -1 68 515 203
bus 0.0166 0 127 494 287
bus 0.0017 -1 68 515 203
boat 0.0010 0 127 494 287
bird 0.0014 299 138 329 168
cat 0.0018 299 138 329 168
dog 0.0079 301 138 329 167
dog 0.0014 329 134 365 166
chair 0.0178 329 134 365 166
