person 0.7968 188 71 467 368
person 0.2592 69 139 257 371
person 0.2002 485 213 499 327
person 0.0639 -5 143 480 370
person 0.0357 -1 60 60 353
person 0.0349 0 99 22 359
person 0.0074 0 134 39 365
person 0.0052 66 177 177 343
person 0.0049 76 201 141 326
person 0.0042 78 241 120 297
person 0.0029 486 211 500 276
person 0.0025 131 145 395 351
person 0.0022 391 207 499 372
person 0.0019 472 210 500 327
person 0.0018 190 174 228 197
person 0.0017 259 282 296 364
person 0.0015 -4 35 163 373
person 0.0014 129 153 228 367
person 0.0014 0 209 28 365
person 0.0014 0 2 28 51
person 0.0011 -1 128 112 363
person 0.0011 -8 264 436 371
cat 0.0012 485 213 499 327
cat 0.0012 0 65 38 351
cat 0.0010 0 0 100 82
dog 0.0014 0 65 38 351
dog 0.0011 484 213 499 326
bottle 0.0272 314 0 325 19
bottle 0.0104 306 0 316 18
bottle 0.0093 292 0 318 16
bottle 0.0056 310 1 322 20
bottle 0.0056 292 0 308 13
bottle 0.0052 16 331 80 373
bottle 0.0040 322 0 329 20
bottle 0.0028 309 6 316 19
chair 0.1479 485 215 499 328
chair 0.0606 79 242 120 294
chair 0.0461 417 213 499 372
chair 0.0273 0 198 30 363
chair 0.0167 275 188 486 372
chair 0.0148 0 98 22 360
chair 0.0115 0 65 38 351
chair 0.0113 370 213 480 374
chair 0.0079 76 238 120 361
chair 0.0073 76 201 141 326
chair 0.0067 71 138 217 374
chair 0.0055 191 82 476 374
chair 0.0055 66 177 177 343
chair 0.0043 486 211 500 276
chair 0.0032 165 262 487 371
chair 0.0029 22 233 300 373
chair 0.0029 470 212 500 336
chair 0.0028 45 239 182 371
chair 0.0028 488 240 500 361
chair 0.0019 1 228 122 369
chair 0.0018 488 211 500 248
chair 0.0017 0 107 11 168
chair 0.0016 31 164 489 369
chair 0.0015 478 214 500 257
chair 0.0012 0 0 56 59
chair 0.0012 258 275 299 364
sofa 0.2539 484 213 499 325
sofa 0.2449 417 214 499 372
sofa 0.0500 -5 143 480 370
sofa 0.0430 232 219 485 374
sofa 0.0342 188 71 467 368
sofa 0.0313 0 195 31 364
sofa 0.0166 -8 264 436 371
sofa 0.0160 258 275 299 364
sofa 0.0145 0 98 22 360
sofa 0.0111 0 83 44 360
sofa 0.0085 65 139 309 372
sofa 0.0079 370 213 480 374
sofa 0.0066 72 238 138 370
sofa 0.0064 78 241 120 297
sofa 0.0056 42 231 265 372
sofa 0.0056 486 211 500 276
sofa 0.0053 470 212 500 336
sofa 0.0036 212 278 412 367
sofa 0.0031 14 238 160 373
sofa 0.0030 131 145 395 351
sofa 0.0023 161 301 501 369
sofa 0.0021 488 240 500 361
sofa 0.0018 3 77 90 362
sofa 0.0018 -2 213 118 356
sofa 0.0013 477 213 500 258
sofa 0.0012 15 331 80 375
sofa 0.0011 76 201 141 326
sofa 0.0011 66 177 177 343
diningtable 0.0038 24 38 334 205
diningtable 0.0037 485 215 499 328
diningtable 0.0031 2 49 323 132
diningtable 0.0018 105 43 227 66
diningtable 0.0017 29 230 489 369
diningtable 0.0015 0 0 102 81
diningtable 0.0013 0 195 31 364
diningtable 0.0013 259 280 296 365
diningtable 0.0011 86 -1 180 28
tvmonitor 0.6107 86 -1 180 28
tvmonitor 0.1055 0 0 99 75
tvmonitor 0.0885 0 0 56 59
tvmonitor 0.0063 36 0 95 55
tvmonitor 0.0045 88 -1 208 45
tvmonitor 0.0043 0 1 32 47
tvmonitor 0.0041 0 198 30 363
tvmonitor 0.0027 88 15 225 58
tvmonitor 0.0025 65 0 93 51
tvmonitor 0.0024 106 42 214 66
tvmonitor 0.0014 21 0 55 49
tvmonitor 0.0011 84 -18 181 22
