person 0.0151 490 57 499 97
person 0.0011 488 9 499 95
bicycle 0.0012 147 68 337 408
bicycle 0.0011 9 -1 526 418
bird 0.0014 490 57 499 97
bird 0.0012 156 101 332 396
cat 0.8423 148 92 336 410
cat 0.0438 490 57 499 97
cat 0.0116 84 77 482 415
cat 0.0021 488 9 499 95
dog 0.0161 490 58 499 95
dog 0.0021 156 101 332 396
horse 0.0012 490 58 499 95
chair 0.0358 66 28 374 420
chair 0.0048 148 91 336 409
chair 0.0028 154 -1 497 405
chair 0.0022 490 58 499 95
sofa 0.0016 74 -11 500 419
sofa 0.0015 490 58 499 95
pottedplant 0.0012 147 68 337 408
diningtable 0.0016 63 28 380 420
