person 0.9215 237 130 340 217
person 0.9170 0 186 112 373
person 0.8794 76 158 198 326
person 0.8740 394 216 485 372
person 0.8515 334 159 435 303
person 0.8374 148 142 211 254
person 0.7617 381 133 438 213
person 0.0831 480 272 499 359
person 0.0428 381 133 420 169
person 0.0359 380 170 436 306
person 0.0331 110 148 204 268
person 0.0251 438 198 500 354
person 0.0192 0 324 22 374
person 0.0182 473 221 499 372
person 0.0159 391 168 438 220
person 0.0140 408 178 438 214
person 0.0138 400 200 482 309
person 0.0130 351 138 443 248
person 0.0113 282 77 302 108
person 0.0103 139 327 206 373
person 0.0088 394 242 443 313
person 0.0086 473 308 500 374
person 0.0084 473 343 499 374
person 0.0072 419 179 437 209
person 0.0067 182 152 213 228
person 0.0057 398 167 479 235
person 0.0057 422 185 474 224
person 0.0049 488 287 500 352
person 0.0048 457 273 502 373
person 0.0038 406 252 430 293
person 0.0037 147 273 177 293
person 0.0035 166 155 199 225
person 0.0032 405 80 427 109
person 0.0032 464 187 500 311
person 0.0028 407 169 441 264
person 0.0028 353 306 380 369
person 0.0026 413 161 437 208
person 0.0026 484 270 500 327
person 0.0026 0 269 18 371
person 0.0026 312 167 404 268
person 0.0024 294 206 326 232
person 0.0023 155 75 169 104
person 0.0021 357 302 388 335
person 0.0021 490 311 499 369
person 0.0020 300 213 336 249
person 0.0020 404 219 449 298
person 0.0018 257 246 281 299
person 0.0016 249 148 363 242
person 0.0016 414 186 483 267
person 0.0014 326 251 351 298
person 0.0013 452 185 498 224
person 0.0012 410 273 498 374
person 0.0011 168 76 188 100
person 0.0011 84 156 160 288
person 0.0011 180 158 201 210
person 0.0010 191 166 211 223
person 0.0010 493 322 500 344
person 0.0010 334 180 382 249
person 0.0010 63 178 138 331
person 0.0010 105 201 430 372
person 0.0010 147 136 390 252
person 0.0010 63 150 303 368
bird 0.0014 404 80 427 109
cat 0.0013 404 80 427 109
dog 0.0067 406 81 427 109
dog 0.0015 169 76 188 99
horse 0.0055 405 81 427 109
horse 0.0014 167 76 188 100
cow 0.0014 405 80 427 109
bottle 0.3419 354 319 379 365
bottle 0.2327 38 122 54 152
bottle 0.1941 16 104 45 153
bottle 0.1433 27 122 39 156
bottle 0.0738 274 206 285 236
bottle 0.0738 19 114 35 154
bottle 0.0677 275 206 283 222
bottle 0.0625 272 214 286 251
bottle 0.0519 49 126 56 151
bottle 0.0509 258 249 278 299
bottle 0.0491 26 105 52 155
bottle 0.0321 18 122 29 153
bottle 0.0169 271 237 292 280
bottle 0.0163 263 239 273 265
bottle 0.0160 270 226 286 261
bottle 0.0153 260 256 293 300
bottle 0.0148 356 304 385 354
bottle 0.0140 272 253 294 290
bottle 0.0128 289 208 305 233
bottle 0.0107 262 239 278 275
bottle 0.0094 33 113 47 147
bottle 0.0088 48 121 55 140
bottle 0.0083 45 76 51 84
bottle 0.0078 208 246 226 269
bottle 0.0073 486 152 499 177
bottle 0.0071 107 201 428 372
bottle 0.0071 23 65 30 83
bottle 0.0071 21 66 26 83
bottle 0.0070 139 327 206 373
bottle 0.0070 240 251 270 281
bottle 0.0067 29 77 38 84
bottle 0.0063 24 110 42 146
bottle 0.0054 30 131 53 157
bottle 0.0052 309 206 325 231
bottle 0.0051 51 131 57 153
bottle 0.0045 357 303 384 330
bottle 0.0044 23 73 34 84
bottle 0.0040 32 77 42 83
bottle 0.0039 45 63 51 82
bottle 0.0034 325 250 349 284
bottle 0.0032 369 318 388 350
bottle 0.0032 15 105 25 153
bottle 0.0031 279 257 293 282
bottle 0.0027 288 206 325 234
bottle 0.0027 23 138 45 159
bottle 0.0025 351 302 370 358
bottle 0.0025 26 77 35 85
bottle 0.0024 202 310 227 344
bottle 0.0023 277 277 311 313
bottle 0.0023 256 274 276 301
bottle 0.0023 211 221 352 309
bottle 0.0019 303 220 324 242
bottle 0.0018 24 129 36 156
bottle 0.0018 249 261 277 295
bottle 0.0018 148 272 175 292
bottle 0.0018 326 222 341 237
bottle 0.0017 313 213 332 234
bottle 0.0016 478 348 500 375
bottle 0.0016 265 263 287 294
bottle 0.0014 185 277 248 307
bottle 0.0013 19 151 29 158
bottle 0.0012 278 240 302 272
bottle 0.0011 213 221 229 239
bottle 0.0011 288 215 299 235
bottle 0.0010 311 204 326 221
bottle 0.0010 22 68 39 84
bottle 0.0010 315 236 341 254
bottle 0.0010 38 62 52 83
bottle 0.0010 39 110 53 136
bottle 0.0010 269 228 282 253
chair 0.6237 465 187 500 309
chair 0.1504 0 324 22 374
chair 0.1393 463 186 477 221
chair 0.1250 482 272 500 346
chair 0.1037 479 206 500 351
chair 0.0960 462 186 493 223
chair 0.0935 473 345 500 374
chair 0.0578 0 254 5 277
chair 0.0509 472 273 499 373
chair 0.0508 438 198 500 354
chair 0.0372 445 185 478 223
chair 0.0305 395 216 485 372
chair 0.0295 0 248 9 276
chair 0.0257 419 180 437 215
chair 0.0239 482 238 500 317
chair 0.0179 0 269 18 371
chair 0.0178 0 259 11 281
chair 0.0160 88 199 98 215
chair 0.0141 150 142 214 247
chair 0.0139 0 262 5 287
chair 0.0135 475 205 499 287
chair 0.0133 409 252 429 277
chair 0.0127 0 238 5 272
chair 0.0122 468 186 500 253
chair 0.0111 404 186 500 315
chair 0.0111 139 327 206 373
chair 0.0109 0 249 21 280
chair 0.0103 426 189 481 236
chair 0.0096 391 168 438 220
chair 0.0095 190 154 214 227
chair 0.0083 486 259 500 309
chair 0.0082 90 198 101 218
chair 0.0082 0 257 13 294
chair 0.0077 77 153 199 333
chair 0.0077 195 184 211 222
chair 0.0077 0 243 28 374
chair 0.0076 430 203 477 230
chair 0.0074 429 213 475 227
chair 0.0074 412 236 437 286
chair 0.0070 0 182 119 376
chair 0.0063 380 131 438 224
chair 0.0063 412 255 424 268
chair 0.0062 402 178 475 272
chair 0.0056 485 288 499 317
chair 0.0056 488 232 500 300
chair 0.0055 394 169 439 313
chair 0.0053 0 237 14 271
chair 0.0052 468 188 499 210
chair 0.0046 485 346 499 375
chair 0.0044 0 263 9 299
chair 0.0042 390 278 405 304
chair 0.0041 404 219 449 298
chair 0.0039 448 268 501 371
chair 0.0038 85 198 97 227
chair 0.0038 0 242 26 295
chair 0.0038 0 253 13 328
chair 0.0037 236 130 341 216
chair 0.0037 410 245 425 267
chair 0.0036 259 137 272 147
chair 0.0036 351 193 362 212
chair 0.0036 82 192 97 214
chair 0.0035 443 345 502 374
chair 0.0034 342 194 365 217
chair 0.0034 0 281 64 374
chair 0.0033 419 277 490 367
chair 0.0031 457 186 478 236
chair 0.0031 489 298 500 357
chair 0.0031 259 135 273 144
chair 0.0028 406 252 430 293
chair 0.0027 397 255 426 303
chair 0.0027 -2 321 48 373
chair 0.0027 177 154 223 238
chair 0.0026 487 152 500 177
chair 0.0024 490 264 499 292
chair 0.0023 336 197 357 217
chair 0.0023 342 157 438 303
chair 0.0023 313 147 322 157
chair 0.0022 337 189 353 210
chair 0.0022 82 197 98 259
chair 0.0022 429 192 466 225
chair 0.0021 174 235 189 248
chair 0.0020 1 325 97 373
chair 0.0020 413 161 437 208
chair 0.0019 357 206 375 221
chair 0.0019 0 294 12 365
chair 0.0019 207 182 227 213
chair 0.0019 474 332 499 364
chair 0.0018 422 342 487 374
chair 0.0018 323 151 347 206
chair 0.0017 491 325 500 365
chair 0.0017 311 147 323 165
chair 0.0017 403 247 425 273
chair 0.0017 361 208 379 224
chair 0.0016 356 201 372 218
chair 0.0016 400 306 483 372
chair 0.0016 421 242 432 271
chair 0.0016 475 191 499 205
chair 0.0016 394 242 443 313
chair 0.0016 384 267 415 312
chair 0.0015 327 190 343 210
sofa 0.0033 0 324 22 374
sofa 0.0011 473 345 500 374
sofa 0.0010 465 187 500 309
pottedplant 0.2812 14 103 46 154
pottedplant 0.0799 16 105 32 154
pottedplant 0.0196 26 115 41 154
pottedplant 0.0193 34 119 54 154
pottedplant 0.0106 15 104 39 131
pottedplant 0.0035 27 106 51 154
pottedplant 0.0033 18 122 29 153
pottedplant 0.0030 22 106 43 138
pottedplant 0.0027 16 102 29 124
pottedplant 0.0019 15 102 25 144
pottedplant 0.0013 29 76 39 84
pottedplant 0.0012 12 90 44 187
pottedplant 0.0011 272 281 313 312
pottedplant 0.0010 487 152 500 177
pottedplant 0.0010 141 327 206 373
diningtable 0.7766 97 200 437 375
diningtable 0.1199 277 277 311 313
diningtable 0.0461 182 278 253 308
diningtable 0.0072 139 327 206 373
diningtable 0.0051 417 189 500 297
diningtable 0.0050 240 251 270 281
diningtable 0.0047 427 214 469 226
diningtable 0.0037 464 187 500 311
diningtable 0.0034 178 257 256 313
diningtable 0.0031 425 200 476 232
diningtable 0.0031 201 310 229 344
diningtable 0.0028 167 255 407 371
diningtable 0.0026 259 249 375 338
diningtable 0.0026 463 186 500 227
diningtable 0.0024 325 251 351 300
diningtable 0.0023 473 345 499 374
diningtable 0.0021 211 221 352 309
diningtable 0.0020 216 210 426 346
diningtable 0.0019 400 216 483 319
diningtable 0.0018 107 237 296 360
diningtable 0.0017 -1 182 109 374
diningtable 0.0017 237 130 342 221
diningtable 0.0017 129 189 399 290
diningtable 0.0015 238 361 288 374
diningtable 0.0014 208 245 226 270
diningtable 0.0013 354 319 379 365
diningtable 0.0012 438 198 500 354
diningtable 0.0012 329 161 434 313
diningtable 0.0012 309 206 326 233
diningtable 0.0011 303 210 324 243
diningtable 0.0011 213 221 229 239
diningtable 0.0011 302 226 324 243
diningtable 0.0010 154 146 382 247
diningtable 0.0010 0 324 22 374
diningtable 0.0010 295 288 338 305
diningtable 0.0010 480 206 499 350
diningtable 0.0010 257 254 278 301
tvmonitor 0.0012 15 104 45 154
