person 0.0050 211 189 224 204
person 0.0028 214 191 229 210
person 0.0026 -2 294 171 464
person 0.0022 144 207 207 255
person 0.0021 309 188 321 200
person 0.0019 13 311 70 338
person 0.0019 347 267 374 367
person 0.0019 329 148 335 160
person 0.0014 0 210 35 251
person 0.0013 0 430 96 499
person 0.0012 270 272 374 371
person 0.0011 282 194 327 268
person 0.0010 367 200 375 218
bicycle 0.0010 277 193 328 265
car 0.0011 144 206 208 257
boat 0.0010 144 206 208 257
bird 0.0016 309 285 351 314
bird 0.0012 302 105 313 129
cat 0.0298 311 284 350 313
cat 0.0137 270 271 374 372
cat 0.0096 316 277 348 295
cat 0.0040 92 335 129 354
cat 0.0036 78 291 135 325
cat 0.0026 347 267 373 363
cat 0.0013 303 263 342 291
cat 0.0011 301 277 358 329
dog 0.0023 311 284 350 313
dog 0.0014 270 271 374 372
dog 0.0010 2 432 93 498
bottle 0.0270 283 182 289 194
bottle 0.0222 329 148 335 160
bottle 0.0186 272 183 279 195
bottle 0.0061 330 178 339 194
bottle 0.0060 308 190 323 201
bottle 0.0054 302 108 310 127
bottle 0.0043 322 181 333 192
bottle 0.0042 274 186 293 208
bottle 0.0041 345 92 352 106
bottle 0.0025 48 328 83 358
bottle 0.0021 319 180 336 200
bottle 0.0020 300 196 337 215
bottle 0.0018 278 178 293 194
bottle 0.0018 289 172 313 193
bottle 0.0017 314 184 326 199
bottle 0.0016 329 108 341 130
bottle 0.0016 351 115 359 129
bottle 0.0014 332 184 338 194
bottle 0.0014 296 191 308 207
bottle 0.0012 328 137 336 162
bottle 0.0010 324 170 337 191
bottle 0.0010 222 198 229 211
chair 0.4838 268 193 294 260
chair 0.4754 282 194 327 268
chair 0.3073 299 202 336 262
chair 0.2026 270 271 374 372
chair 0.1445 0 432 96 499
chair 0.1363 347 268 374 366
chair 0.0418 307 203 337 240
chair 0.0300 271 195 294 212
chair 0.0279 314 212 336 264
chair 0.0278 289 171 317 193
chair 0.0241 301 196 337 214
chair 0.0235 348 230 375 251
chair 0.0221 308 222 339 281
chair 0.0207 310 285 354 316
chair 0.0188 269 192 319 221
chair 0.0175 283 194 340 217
chair 0.0165 329 133 371 281
chair 0.0161 -2 294 171 464
chair 0.0157 314 207 337 228
chair 0.0145 289 199 331 231
chair 0.0142 287 190 321 241
chair 0.0131 283 181 289 195
chair 0.0126 274 186 293 208
chair 0.0119 280 174 314 199
chair 0.0118 333 266 373 333
chair 0.0097 273 183 279 194
chair 0.0092 271 148 366 276
chair 0.0090 271 200 293 230
chair 0.0085 301 277 358 329
chair 0.0077 272 190 305 243
chair 0.0073 306 190 322 202
chair 0.0071 289 192 314 224
chair 0.0069 356 266 374 288
chair 0.0069 78 291 135 325
chair 0.0068 270 192 289 220
chair 0.0065 348 254 374 324
chair 0.0059 271 187 284 205
chair 0.0057 324 207 336 225
chair 0.0054 314 233 334 257
chair 0.0044 313 180 332 192
chair 0.0040 270 184 281 200
chair 0.0040 276 204 304 273
chair 0.0039 352 263 375 297
chair 0.0039 300 206 322 224
chair 0.0037 297 189 309 202
chair 0.0036 314 183 328 200
chair 0.0036 271 183 297 217
chair 0.0035 289 191 307 212
chair 0.0034 346 225 376 264
chair 0.0030 288 199 308 229
chair 0.0030 286 186 297 199
chair 0.0030 301 269 342 301
chair 0.0029 313 191 324 201
chair 0.0027 321 208 337 252
chair 0.0027 315 179 336 201
chair 0.0026 269 190 280 212
chair 0.0026 292 208 314 236
chair 0.0026 278 178 293 194
chair 0.0025 267 187 285 245
chair 0.0025 329 181 339 194
chair 0.0025 270 211 292 241
chair 0.0024 322 181 334 195
chair 0.0024 323 219 335 260
chair 0.0022 273 230 284 256
chair 0.0022 307 224 327 255
chair 0.0021 297 184 343 230
chair 0.0021 92 336 129 355
chair 0.0020 320 191 336 201
chair 0.0020 298 210 321 233
chair 0.0019 322 274 346 290
chair 0.0018 312 201 336 212
chair 0.0017 314 195 337 209
chair 0.0016 325 176 337 193
chair 0.0016 329 171 339 193
chair 0.0016 291 220 328 266
chair 0.0015 212 217 241 244
chair 0.0015 268 190 282 227
chair 0.0015 244 190 337 270
chair 0.0015 270 187 277 203
chair 0.0015 349 258 372 276
chair 0.0014 59 465 97 500
chair 0.0013 284 179 296 194
chair 0.0013 273 223 290 254
chair 0.0013 324 228 334 251
chair 0.0011 297 182 317 199
chair 0.0011 347 232 361 249
chair 0.0011 29 267 75 289
chair 0.0010 295 193 325 209
chair 0.0010 303 158 350 226
chair 0.0010 303 226 317 252
chair 0.0010 274 208 298 235
chair 0.0010 302 261 332 292
sofa 0.2938 347 268 374 366
sofa 0.2792 0 431 96 499
sofa 0.1875 270 271 374 372
sofa 0.1064 0 291 169 460
sofa 0.0170 95 336 126 354
sofa 0.0156 333 266 373 333
sofa 0.0095 310 285 354 316
sofa 0.0051 301 277 358 329
sofa 0.0036 348 254 374 324
sofa 0.0027 289 172 317 194
sofa 0.0026 351 264 375 296
sofa 0.0025 322 274 346 290
sofa 0.0018 78 291 135 325
sofa 0.0018 301 269 342 301
sofa 0.0015 329 133 371 281
sofa 0.0015 302 194 336 212
sofa 0.0015 -3 393 131 500
sofa 0.0014 349 286 374 316
sofa 0.0014 350 228 375 254
sofa 0.0013 0 299 269 501
sofa 0.0011 0 208 34 249
pottedplant 0.7025 32 184 63 246
pottedplant 0.6179 0 124 44 247
pottedplant 0.5878 289 172 317 193
pottedplant 0.4839 0 207 35 250
pottedplant 0.1615 321 275 346 290
pottedplant 0.0902 40 222 61 245
pottedplant 0.0457 9 129 65 252
pottedplant 0.0273 314 267 348 290
pottedplant 0.0203 0 216 21 250
pottedplant 0.0178 308 222 339 281
pottedplant 0.0166 297 182 317 199
pottedplant 0.0166 277 170 328 233
pottedplant 0.0152 309 282 352 315
pottedplant 0.0150 6 223 33 251
pottedplant 0.0146 284 179 296 194
pottedplant 0.0143 345 269 374 328
pottedplant 0.0128 279 172 319 205
pottedplant 0.0106 297 189 309 202
pottedplant 0.0105 0 212 36 294
pottedplant 0.0098 303 263 341 292
pottedplant 0.0090 292 155 369 243
pottedplant 0.0087 302 194 336 212
pottedplant 0.0082 38 202 62 238
pottedplant 0.0079 286 180 310 198
pottedplant 0.0067 302 179 326 192
pottedplant 0.0061 286 169 334 198
pottedplant 0.0054 346 225 376 264
pottedplant 0.0052 277 193 328 265
pottedplant 0.0050 290 264 368 343
pottedplant 0.0049 34 188 60 223
pottedplant 0.0042 304 190 320 202
pottedplant 0.0040 313 180 332 192
pottedplant 0.0039 309 188 321 200
pottedplant 0.0037 283 182 292 195
pottedplant 0.0035 288 184 307 196
pottedplant 0.0032 -1 141 36 213
pottedplant 0.0031 283 194 340 217
pottedplant 0.0029 278 178 293 194
pottedplant 0.0026 287 171 308 188
pottedplant 0.0025 0 167 40 227
pottedplant 0.0024 1 227 25 271
pottedplant 0.0022 1 122 44 188
pottedplant 0.0022 298 183 341 215
pottedplant 0.0021 335 259 362 280
pottedplant 0.0020 319 274 353 300
pottedplant 0.0020 327 110 339 131
pottedplant 0.0020 269 190 320 226
pottedplant 0.0020 1 234 30 257
pottedplant 0.0019 309 262 332 287
pottedplant 0.0017 294 156 337 203
pottedplant 0.0017 2 238 17 255
pottedplant 0.0016 297 174 329 189
pottedplant 0.0013 260 155 343 246
pottedplant 0.0013 329 125 374 300
pottedplant 0.0013 301 108 312 131
pottedplant 0.0013 322 251 370 288
pottedplant 0.0012 281 135 324 199
pottedplant 0.0012 24 177 64 221
pottedplant 0.0011 325 176 337 193
pottedplant 0.0011 272 186 295 209
pottedplant 0.0011 1 205 30 234
pottedplant 0.0011 316 264 337 286
pottedplant 0.0011 368 200 375 222
pottedplant 0.0010 287 173 300 191
pottedplant 0.0010 18 176 57 245
pottedplant 0.0010 0 227 57 313
pottedplant 0.0010 321 181 333 193
pottedplant 0.0010 1 212 12 249
pottedplant 0.0010 21 212 44 247
diningtable 0.2362 277 193 328 265
diningtable 0.1588 301 196 337 214
diningtable 0.1109 301 196 337 247
diningtable 0.1088 -1 291 168 456
diningtable 0.0763 289 171 317 193
diningtable 0.0732 283 194 340 217
diningtable 0.0181 269 192 318 221
diningtable 0.0157 292 191 312 208
diningtable 0.0126 268 192 295 261
diningtable 0.0123 271 148 366 276
diningtable 0.0106 6 296 131 398
diningtable 0.0100 48 329 81 357
diningtable 0.0093 306 190 322 202
diningtable 0.0093 298 183 341 215
diningtable 0.0087 289 199 331 231
diningtable 0.0086 277 170 328 233
diningtable 0.0077 305 198 328 210
diningtable 0.0077 314 195 337 209
diningtable 0.0070 268 274 374 373
diningtable 0.0068 295 193 325 209
diningtable 0.0067 289 192 314 224
diningtable 0.0064 271 195 294 212
diningtable 0.0060 306 203 335 226
diningtable 0.0058 279 172 319 205
diningtable 0.0049 315 179 336 201
diningtable 0.0048 287 190 321 241
diningtable 0.0043 95 336 126 354
diningtable 0.0041 61 346 83 358
diningtable 0.0039 0 431 96 499
diningtable 0.0036 283 182 292 195
diningtable 0.0035 303 158 350 226
diningtable 0.0033 320 191 336 201
diningtable 0.0028 344 269 375 365
diningtable 0.0028 314 183 328 200
diningtable 0.0027 286 180 310 198
diningtable 0.0025 26 318 115 369
diningtable 0.0025 269 192 294 229
diningtable 0.0023 284 186 299 199
diningtable 0.0023 32 310 71 332
diningtable 0.0021 297 209 336 268
diningtable 0.0018 322 181 334 195
diningtable 0.0018 272 190 305 243
diningtable 0.0017 300 199 323 215
diningtable 0.0017 323 195 337 208
diningtable 0.0017 312 201 336 212
diningtable 0.0017 -2 290 134 342
diningtable 0.0016 323 124 373 304
diningtable 0.0016 292 190 307 203
diningtable 0.0016 312 204 337 241
diningtable 0.0016 302 194 317 208
diningtable 0.0015 329 181 339 194
diningtable 0.0014 308 222 339 281
diningtable 0.0014 290 264 368 343
diningtable 0.0012 303 208 328 233
diningtable 0.0012 309 216 336 250
diningtable 0.0011 326 189 337 199
diningtable 0.0010 313 191 324 201
tvmonitor 0.8690 144 206 209 258
tvmonitor 0.0028 211 215 241 239
tvmonitor 0.0021 231 189 248 212
tvmonitor 0.0018 210 216 222 235
tvmonitor 0.0018 289 172 317 194
tvmonitor 0.0016 210 188 224 207
tvmonitor 0.0013 209 252 237 278
tvmonitor 0.0013 198 206 233 236
