person 0.5482 378 173 500 245
person 0.2214 3 27 436 370
person 0.0099 375 157 498 355
person 0.0074 375 115 499 264
person 0.0033 201 22 497 378
person 0.0029 0 8 146 334
person 0.0022 258 336 349 374
person 0.0019 356 33 501 324
person 0.0018 1 282 106 367
person 0.0012 282 198 497 374
bird 0.3953 4 27 434 371
bird 0.0092 0 264 107 360
bird 0.0082 0 11 144 307
bird 0.0055 378 172 500 245
bird 0.0023 0 271 12 296
bird 0.0023 435 0 498 48
bird 0.0013 0 265 58 324
bird 0.0012 36 285 116 351
bird 0.0011 203 20 498 378
cat 0.0050 0 11 144 307
cat 0.0017 4 27 434 371
cat 0.0011 383 174 499 244
dog 0.0116 6 17 424 370
dog 0.0039 0 11 144 307
dog 0.0016 383 174 499 244
horse 0.0054 16 25 496 370
horse 0.0019 383 174 499 244
horse 0.0011 -3 13 137 305
sheep 0.0018 5 17 425 369
cow 0.0067 4 27 434 371
chair 0.0013 -4 25 408 376
sofa 0.0021 4 27 434 371
diningtable 0.0012 16 25 496 370
