person 0.0161 107 79 211 130
person 0.0039 7 125 16 136
person 0.0031 56 84 127 145
person 0.0025 131 98 189 128
person 0.0023 120 84 174 131
person 0.0018 52 80 211 148
person 0.0011 14 126 23 138
car 0.5701 27 87 482 316
car 0.0753 70 78 336 122
car 0.0191 31 81 212 232
car 0.0163 119 79 205 129
car 0.0149 32 78 206 147
car 0.0123 32 87 111 148
car 0.0076 164 78 342 111
car 0.0069 32 123 59 146
car 0.0068 41 78 468 133
car 0.0050 52 84 155 140
car 0.0042 5 124 18 135
car 0.0020 158 99 473 134
car 0.0011 48 86 328 181
aeroplane 0.0020 33 76 482 311
aeroplane 0.0012 35 88 120 145
bus 0.0934 27 87 482 316
bus 0.0096 55 77 456 130
bus 0.0077 35 88 120 145
bus 0.0058 164 78 342 111
bus 0.0014 158 99 473 134
train 0.0069 55 77 456 130
train 0.0027 164 78 342 111
train 0.0016 35 88 120 145
train 0.0016 25 86 484 317
train 0.0013 204 88 475 126
boat 0.0018 55 77 456 130
boat 0.0016 33 76 482 311
boat 0.0011 35 88 120 145
chair 0.0013 32 122 60 146
