person 0.8021 143 159 239 314
person 0.7885 225 128 303 265
person 0.7589 169 116 217 166
person 0.7235 207 106 253 161
person 0.7068 343 103 428 209
person 0.3841 472 89 500 143
person 0.3465 424 146 500 316
person 0.1406 481 87 500 122
person 0.1053 464 97 499 299
person 0.0993 471 104 500 165
person 0.0941 484 87 499 106
person 0.0585 462 128 499 210
person 0.0574 158 120 234 230
person 0.0463 423 60 434 73
person 0.0458 478 133 500 276
person 0.0446 373 104 428 186
person 0.0389 337 179 430 263
person 0.0359 474 117 499 138
person 0.0347 472 128 499 157
person 0.0295 336 71 455 177
person 0.0215 213 107 295 174
person 0.0205 224 107 255 142
person 0.0195 192 154 242 193
person 0.0165 192 117 222 163
person 0.0153 486 97 499 134
person 0.0153 190 127 275 230
person 0.0134 74 162 268 326
person 0.0118 180 133 230 171
person 0.0089 488 110 500 131
person 0.0081 353 141 382 151
person 0.0080 203 130 392 238
person 0.0068 124 132 345 314
person 0.0064 474 126 499 143
person 0.0057 230 106 250 126
person 0.0057 487 120 500 133
person 0.0056 488 186 500 265
person 0.0056 206 166 244 214
person 0.0054 164 112 259 189
person 0.0053 405 92 498 264
person 0.0052 202 150 223 161
person 0.0047 219 161 323 323
person 0.0046 143 143 266 258
person 0.0045 479 145 500 211
person 0.0044 221 106 283 150
person 0.0043 223 113 264 166
person 0.0042 426 58 461 72
person 0.0042 422 151 491 193
person 0.0036 201 110 229 159
person 0.0036 175 140 215 168
person 0.0036 202 137 228 160
person 0.0035 470 105 492 138
person 0.0034 445 58 458 72
person 0.0034 195 158 238 171
person 0.0031 330 129 409 226
person 0.0030 199 125 215 156
person 0.0026 208 178 243 201
person 0.0026 412 57 471 100
person 0.0026 206 130 238 160
person 0.0024 471 139 499 172
person 0.0024 225 214 348 289
person 0.0021 339 168 426 228
person 0.0021 490 160 500 220
person 0.0020 195 140 292 200
person 0.0019 194 163 253 241
person 0.0019 474 99 491 120
person 0.0019 263 140 385 221
person 0.0018 77 207 347 355
person 0.0018 427 234 500 320
person 0.0018 129 143 219 216
person 0.0018 198 165 243 187
person 0.0017 224 168 270 240
person 0.0017 491 183 499 214
person 0.0016 258 143 289 158
person 0.0016 376 109 409 175
person 0.0016 204 128 225 155
person 0.0015 212 178 249 226
person 0.0015 420 60 446 74
person 0.0014 201 107 355 164
person 0.0014 490 220 500 278
person 0.0014 408 64 472 132
person 0.0013 218 109 241 137
person 0.0013 230 121 315 167
person 0.0013 233 124 284 156
person 0.0013 206 146 232 160
person 0.0013 380 51 406 76
person 0.0012 122 194 177 219
person 0.0012 473 69 499 119
person 0.0012 493 223 499 260
person 0.0012 488 144 499 200
person 0.0012 132 115 226 197
person 0.0012 471 123 489 142
person 0.0011 236 104 265 151
person 0.0011 73 166 260 250
person 0.0011 384 103 495 196
person 0.0011 430 149 501 236
person 0.0011 374 140 388 151
person 0.0011 187 147 222 164
person 0.0011 339 147 398 209
person 0.0011 352 130 420 188
person 0.0011 168 122 191 159
car 0.0012 328 68 475 144
cat 0.0048 474 87 500 133
cat 0.0021 470 96 499 157
cat 0.0019 480 87 499 107
dog 0.0086 474 87 500 133
dog 0.0024 470 96 499 157
dog 0.0024 480 87 499 107
bottle 0.0058 330 142 338 153
bottle 0.0040 316 139 330 154
bottle 0.0031 423 60 434 73
bottle 0.0021 117 201 136 219
bottle 0.0018 202 150 222 161
bottle 0.0018 326 140 336 154
bottle 0.0016 48 193 117 214
bottle 0.0015 68 215 90 238
bottle 0.0011 470 96 499 157
bottle 0.0010 181 134 230 169
bottle 0.0010 412 51 419 61
bottle 0.0010 193 153 204 164
chair 0.0342 338 178 430 263
chair 0.0259 341 102 428 246
chair 0.0240 142 275 172 308
chair 0.0225 423 59 437 73
chair 0.0200 445 58 458 72
chair 0.0150 472 130 500 162
chair 0.0134 133 201 162 212
chair 0.0126 106 182 159 207
chair 0.0118 472 89 500 147
chair 0.0113 425 102 499 315
chair 0.0112 228 215 248 252
chair 0.0109 470 100 500 251
chair 0.0100 139 251 243 311
chair 0.0089 117 200 135 220
chair 0.0086 470 118 499 181
chair 0.0085 484 87 500 105
chair 0.0084 425 58 461 72
chair 0.0081 462 128 499 210
chair 0.0080 55 279 273 373
chair 0.0079 110 197 164 232
chair 0.0071 343 176 423 193
chair 0.0069 481 87 500 121
chair 0.0065 144 160 240 316
chair 0.0059 338 174 428 222
chair 0.0058 474 126 499 146
chair 0.0054 187 256 236 305
chair 0.0047 92 215 325 348
chair 0.0046 480 136 499 272
chair 0.0045 352 142 381 152
chair 0.0045 225 201 244 243
chair 0.0041 422 151 491 193
chair 0.0041 227 191 253 238
chair 0.0040 227 216 242 242
chair 0.0040 317 140 333 153
chair 0.0038 33 182 167 334
chair 0.0037 227 125 302 268
chair 0.0037 327 65 475 148
chair 0.0036 171 137 314 303
chair 0.0035 122 194 177 219
chair 0.0035 488 186 500 265
chair 0.0034 232 219 351 305
chair 0.0033 338 146 398 211
chair 0.0033 479 145 500 211
chair 0.0032 344 164 423 197
chair 0.0032 382 183 430 243
chair 0.0031 289 140 319 152
chair 0.0030 365 85 438 171
chair 0.0030 329 141 338 154
chair 0.0029 289 146 386 219
chair 0.0026 420 60 446 74
chair 0.0026 419 57 474 98
chair 0.0024 303 130 320 142
chair 0.0020 199 157 240 172
chair 0.0020 202 150 223 161
chair 0.0020 351 155 405 189
chair 0.0018 474 116 499 139
chair 0.0018 214 183 246 213
chair 0.0017 224 168 270 240
chair 0.0016 452 63 475 97
chair 0.0016 261 146 293 159
chair 0.0016 129 143 219 216
chair 0.0016 168 117 222 166
chair 0.0016 38 221 130 309
chair 0.0016 229 191 251 218
chair 0.0015 185 154 241 208
chair 0.0015 468 102 495 164
chair 0.0015 224 203 241 227
chair 0.0015 41 237 117 269
chair 0.0015 203 108 249 165
chair 0.0014 236 193 254 222
chair 0.0014 416 123 493 234
chair 0.0014 471 144 499 166
chair 0.0014 225 207 236 233
chair 0.0014 414 62 473 152
chair 0.0014 68 216 90 237
chair 0.0013 146 156 170 179
chair 0.0013 493 209 500 262
chair 0.0013 280 156 324 173
chair 0.0013 415 152 453 186
chair 0.0012 132 185 169 212
chair 0.0012 326 114 392 144
chair 0.0012 146 299 184 318
chair 0.0012 211 181 242 202
chair 0.0012 491 183 499 214
chair 0.0012 363 130 439 229
chair 0.0011 488 152 500 215
chair 0.0011 452 58 475 79
chair 0.0011 62 197 126 221
chair 0.0011 141 155 174 209
chair 0.0010 230 232 253 257
chair 0.0010 201 152 227 166
chair 0.0010 406 67 473 110
chair 0.0010 428 158 500 254
chair 0.0010 56 163 281 323
chair 0.0010 248 141 389 196
chair 0.0010 180 133 230 171
chair 0.0010 234 239 324 334
chair 0.0010 487 91 499 125
chair 0.0010 387 110 497 196
chair 0.0010 297 133 320 147
sofa 0.1397 327 66 475 148
sofa 0.0512 361 82 445 168
sofa 0.0152 469 103 500 204
sofa 0.0142 470 125 499 159
sofa 0.0122 472 89 500 147
sofa 0.0100 448 87 500 268
sofa 0.0054 424 145 500 316
sofa 0.0031 422 151 491 193
sofa 0.0030 408 64 472 132
sofa 0.0023 478 133 500 276
sofa 0.0023 44 260 282 372
sofa 0.0021 330 107 394 146
sofa 0.0019 344 55 485 114
sofa 0.0019 352 142 381 152
sofa 0.0017 471 139 499 172
sofa 0.0016 353 103 429 197
sofa 0.0016 337 178 430 263
sofa 0.0016 416 123 493 234
sofa 0.0015 370 51 401 77
sofa 0.0014 280 157 323 173
sofa 0.0014 387 110 497 196
sofa 0.0013 390 76 480 156
sofa 0.0013 320 92 415 148
sofa 0.0012 412 57 471 100
sofa 0.0012 481 87 500 122
sofa 0.0011 474 116 499 139
sofa 0.0011 422 60 435 73
sofa 0.0010 204 106 247 162
sofa 0.0010 425 58 461 72
sofa 0.0010 468 103 495 163
sofa 0.0010 23 193 302 364
sofa 0.0010 484 87 499 106
diningtable 0.2855 262 140 384 219
diningtable 0.2399 229 220 351 306
diningtable 0.2333 55 279 273 372
diningtable 0.0982 227 129 303 263
diningtable 0.0802 23 193 302 364
diningtable 0.0779 203 130 392 238
diningtable 0.0680 244 147 373 175
diningtable 0.0660 336 106 428 225
diningtable 0.0533 473 129 499 149
diningtable 0.0490 21 184 266 288
diningtable 0.0484 38 200 160 346
diningtable 0.0480 32 214 130 287
diningtable 0.0414 41 237 117 269
diningtable 0.0411 142 158 239 314
diningtable 0.0408 471 104 500 165
diningtable 0.0399 196 160 246 193
diningtable 0.0371 142 276 172 309
diningtable 0.0365 338 178 430 263
diningtable 0.0307 111 209 165 236
diningtable 0.0293 185 154 241 208
diningtable 0.0278 432 153 495 185
diningtable 0.0263 470 100 500 251
diningtable 0.0248 139 138 246 247
diningtable 0.0215 280 157 323 173
diningtable 0.0190 462 128 499 210
diningtable 0.0182 190 127 275 230
diningtable 0.0176 316 139 330 154
diningtable 0.0158 327 65 475 148
diningtable 0.0153 322 140 336 154
diningtable 0.0144 122 194 177 219
diningtable 0.0140 283 131 395 179
diningtable 0.0127 208 106 253 162
diningtable 0.0125 198 159 241 173
diningtable 0.0100 471 137 499 163
diningtable 0.0097 73 204 135 232
diningtable 0.0097 448 87 500 268
diningtable 0.0086 214 110 297 171
diningtable 0.0086 294 123 418 212
diningtable 0.0085 36 193 178 267
diningtable 0.0085 435 141 496 209
diningtable 0.0078 73 166 260 250
diningtable 0.0076 49 193 120 216
diningtable 0.0075 289 140 319 152
diningtable 0.0071 261 146 293 159
diningtable 0.0066 290 154 391 247
diningtable 0.0061 294 146 361 181
diningtable 0.0060 169 116 218 167
diningtable 0.0059 74 184 201 244
diningtable 0.0058 352 141 382 152
diningtable 0.0056 235 231 323 287
diningtable 0.0053 285 219 352 255
diningtable 0.0053 333 139 390 164
diningtable 0.0051 267 183 362 267
diningtable 0.0049 295 163 360 217
diningtable 0.0046 117 200 135 220
diningtable 0.0044 59 197 108 227
diningtable 0.0042 209 179 242 201
diningtable 0.0041 104 181 163 208
diningtable 0.0041 56 235 123 257
diningtable 0.0039 68 215 90 237
diningtable 0.0038 271 144 336 175
diningtable 0.0036 474 116 499 139
diningtable 0.0032 328 141 339 154
diningtable 0.0032 410 62 473 101
diningtable 0.0031 196 168 242 186
diningtable 0.0031 201 152 227 166
diningtable 0.0029 40 234 120 320
diningtable 0.0029 67 242 349 354
diningtable 0.0027 222 139 335 311
diningtable 0.0026 365 85 438 171
diningtable 0.0026 281 131 335 158
diningtable 0.0025 206 166 244 214
diningtable 0.0023 202 150 223 161
diningtable 0.0023 311 140 364 169
diningtable 0.0023 416 70 497 292
diningtable 0.0022 323 113 382 146
diningtable 0.0021 273 169 373 231
diningtable 0.0020 135 201 166 214
diningtable 0.0019 4 145 142 315
diningtable 0.0019 260 157 336 190
diningtable 0.0019 425 58 461 72
diningtable 0.0018 301 144 388 199
diningtable 0.0018 280 146 318 157
diningtable 0.0018 216 186 238 201
diningtable 0.0017 265 151 320 169
diningtable 0.0017 339 177 428 207
diningtable 0.0016 44 184 129 230
diningtable 0.0016 124 132 345 314
diningtable 0.0016 370 51 401 77
diningtable 0.0015 473 87 499 134
diningtable 0.0015 195 140 292 200
diningtable 0.0014 348 57 482 109
diningtable 0.0014 180 133 230 171
diningtable 0.0013 422 60 435 73
diningtable 0.0013 93 195 176 287
diningtable 0.0013 8 179 110 272
diningtable 0.0013 86 210 119 234
diningtable 0.0012 139 251 243 311
diningtable 0.0011 249 140 310 169
diningtable 0.0011 33 213 71 241
tvmonitor 0.0345 327 67 475 144
tvmonitor 0.0146 378 50 407 76
tvmonitor 0.0069 345 50 385 76
tvmonitor 0.0061 444 58 460 71
tvmonitor 0.0047 482 0 499 101
tvmonitor 0.0032 422 59 438 73
tvmonitor 0.0027 332 90 376 118
tvmonitor 0.0026 427 57 458 72
tvmonitor 0.0023 327 83 397 140
tvmonitor 0.0020 361 82 445 168
tvmonitor 0.0018 330 107 394 146
tvmonitor 0.0018 353 142 381 151
tvmonitor 0.0018 428 52 454 67
tvmonitor 0.0017 364 48 401 76
tvmonitor 0.0016 375 100 430 179
tvmonitor 0.0015 195 159 240 172
tvmonitor 0.0015 437 3 483 69
tvmonitor 0.0013 473 131 499 159
tvmonitor 0.0013 437 50 450 59
tvmonitor 0.0012 472 89 500 147
