person 0.7971 99 79 185 239
person 0.7832 119 74 252 313
person 0.5819 239 187 338 296
person 0.4699 243 123 489 326
person 0.1524 118 189 371 329
person 0.1110 243 172 427 304
person 0.0927 316 259 359 293
person 0.0735 321 196 390 268
person 0.0726 274 187 389 285
person 0.0560 377 192 399 247
person 0.0393 116 245 280 330
person 0.0307 275 255 379 300
person 0.0247 163 250 370 325
person 0.0242 122 49 505 335
person 0.0203 287 187 342 295
person 0.0177 359 115 503 322
person 0.0152 256 261 301 313
person 0.0122 78 244 500 333
person 0.0118 124 120 171 154
person 0.0106 258 196 324 260
person 0.0093 358 186 409 274
person 0.0091 244 203 292 259
person 0.0088 247 206 282 239
person 0.0080 266 208 306 240
person 0.0074 144 108 328 306
person 0.0073 125 289 220 331
person 0.0062 373 208 394 252
person 0.0054 240 213 318 274
person 0.0053 146 134 162 148
person 0.0052 137 92 189 229
person 0.0048 333 145 442 310
person 0.0047 0 246 76 313
person 0.0045 135 108 183 176
person 0.0045 277 214 299 233
person 0.0041 141 116 168 167
person 0.0037 283 218 299 238
person 0.0035 210 137 366 284
person 0.0032 283 216 298 230
person 0.0031 383 186 401 227
person 0.0027 329 156 408 276
person 0.0027 125 118 187 288
person 0.0027 140 161 195 212
person 0.0026 75 104 158 262
person 0.0024 319 254 359 275
person 0.0024 314 236 370 294
person 0.0024 378 217 393 243
person 0.0024 373 172 402 235
person 0.0024 275 166 300 220
person 0.0024 80 134 147 208
person 0.0021 118 168 171 232
person 0.0020 152 147 182 203
person 0.0020 202 256 284 329
person 0.0019 378 185 421 237
person 0.0018 154 166 177 206
person 0.0017 239 128 258 224
person 0.0016 315 190 394 322
person 0.0016 118 194 244 325
person 0.0015 251 227 332 304
person 0.0015 222 221 383 317
person 0.0015 293 216 327 259
person 0.0015 146 126 170 151
person 0.0014 294 188 336 253
person 0.0014 143 132 163 142
person 0.0014 170 80 254 274
person 0.0013 103 89 184 169
person 0.0012 101 139 170 251
person 0.0012 128 138 225 209
person 0.0012 151 134 163 144
person 0.0012 99 167 120 184
person 0.0012 362 195 396 245
person 0.0010 205 126 259 242
cat 0.0295 0 246 75 315
cat 0.0048 0 264 20 306
cat 0.0014 312 259 358 294
dog 0.1027 0 246 75 315
dog 0.0066 0 259 25 308
dog 0.0027 242 120 488 326
dog 0.0025 99 79 185 244
dog 0.0014 293 181 414 296
dog 0.0010 0 280 18 306
dog 0.0010 118 234 374 330
bottle 0.0242 34 145 49 165
bottle 0.0155 283 216 298 230
bottle 0.0136 256 261 301 313
bottle 0.0121 17 134 50 165
bottle 0.0070 277 214 299 233
bottle 0.0051 313 259 359 293
bottle 0.0037 222 254 352 314
bottle 0.0034 266 208 306 240
bottle 0.0034 98 150 118 169
bottle 0.0034 88 165 116 184
bottle 0.0031 46 120 55 162
bottle 0.0029 87 164 103 180
bottle 0.0028 98 168 121 184
bottle 0.0027 283 218 300 238
bottle 0.0024 237 180 333 272
bottle 0.0024 247 208 280 235
bottle 0.0022 99 160 116 182
bottle 0.0020 89 157 107 176
bottle 0.0019 241 180 253 229
bottle 0.0019 46 120 53 130
bottle 0.0016 153 134 163 144
bottle 0.0015 36 158 50 174
bottle 0.0013 145 133 162 145
bottle 0.0012 104 67 263 310
bottle 0.0011 165 171 177 194
bottle 0.0011 243 200 251 232
bottle 0.0011 145 240 373 326
bottle 0.0010 283 213 296 223
bottle 0.0010 66 163 90 174
chair 0.1874 -3 169 122 296
chair 0.0431 16 130 51 164
chair 0.0160 242 120 488 326
chair 0.0155 321 196 390 268
chair 0.0144 242 174 255 223
chair 0.0127 128 72 254 321
chair 0.0108 92 73 200 322
chair 0.0105 279 179 412 290
chair 0.0099 241 139 257 229
chair 0.0072 2 245 77 314
chair 0.0072 118 231 375 331
chair 0.0069 404 287 500 331
chair 0.0061 316 259 359 293
chair 0.0056 99 168 120 183
chair 0.0052 245 130 258 179
chair 0.0045 118 168 171 232
chair 0.0043 243 173 258 201
chair 0.0041 238 187 337 297
chair 0.0035 135 165 158 235
chair 0.0032 144 108 328 306
chair 0.0030 99 84 183 243
chair 0.0028 140 162 174 216
chair 0.0028 253 263 303 309
chair 0.0028 244 153 259 202
chair 0.0028 125 118 187 288
chair 0.0027 98 151 120 169
chair 0.0026 275 255 379 300
chair 0.0025 117 250 263 333
chair 0.0023 75 104 158 262
chair 0.0022 240 189 259 229
chair 0.0021 247 206 282 239
chair 0.0021 187 185 353 320
chair 0.0021 139 297 212 331
chair 0.0020 32 144 49 165
chair 0.0019 342 201 388 224
chair 0.0018 205 259 280 330
chair 0.0018 155 170 178 205
chair 0.0018 120 183 246 315
chair 0.0018 131 169 205 219
chair 0.0018 222 254 352 314
chair 0.0017 87 86 395 329
chair 0.0017 250 172 260 194
chair 0.0016 250 134 262 176
chair 0.0016 205 126 259 242
chair 0.0016 152 147 182 203
chair 0.0015 16 132 48 147
chair 0.0014 100 152 132 205
chair 0.0014 105 151 168 264
chair 0.0014 43 122 53 165
chair 0.0013 1 156 126 227
chair 0.0012 148 188 263 278
chair 0.0012 9 143 101 188
chair 0.0011 80 134 147 208
chair 0.0011 118 173 132 188
chair 0.0011 88 165 115 184
chair 0.0010 181 151 255 273
chair 0.0010 174 110 278 264
sofa 0.1082 98 211 503 336
sofa 0.1007 321 196 390 268
sofa 0.0904 243 186 352 298
sofa 0.0840 222 254 352 314
sofa 0.0749 314 260 355 292
sofa 0.0735 275 255 379 300
sofa 0.0625 256 261 301 313
sofa 0.0611 118 234 374 330
sofa 0.0540 242 120 488 326
sofa 0.0525 -1 173 122 292
sofa 0.0401 279 179 412 290
sofa 0.0099 128 72 254 321
sofa 0.0067 205 259 280 330
sofa 0.0060 117 250 263 333
sofa 0.0059 407 288 499 331
sofa 0.0057 87 86 395 329
sofa 0.0050 119 185 266 325
sofa 0.0030 144 108 328 306
sofa 0.0029 225 250 499 332
sofa 0.0029 0 246 76 313
sofa 0.0027 110 137 220 319
sofa 0.0024 236 211 317 302
sofa 0.0023 -3 151 135 233
sofa 0.0022 377 196 398 246
sofa 0.0020 99 84 183 243
sofa 0.0019 227 259 288 314
sofa 0.0018 244 203 292 259
sofa 0.0018 247 212 285 245
sofa 0.0016 125 289 220 331
sofa 0.0015 358 186 409 274
sofa 0.0015 287 220 353 300
sofa 0.0013 232 226 286 267
sofa 0.0012 372 207 395 253
sofa 0.0012 305 235 337 291
sofa 0.0011 338 194 392 241
sofa 0.0011 231 260 280 290
sofa 0.0011 94 168 120 185
sofa 0.0011 242 130 259 220
pottedplant 0.0023 250 207 279 232
pottedplant 0.0013 316 259 359 293
pottedplant 0.0010 188 167 488 324
pottedplant 0.0010 241 187 339 296
diningtable 0.4195 0 163 124 294
diningtable 0.0829 1 154 126 232
diningtable 0.0081 98 211 503 336
diningtable 0.0054 65 165 87 180
diningtable 0.0037 20 145 131 204
diningtable 0.0035 253 264 302 309
diningtable 0.0029 30 163 81 178
diningtable 0.0028 78 173 89 183
diningtable 0.0028 275 255 379 300
diningtable 0.0027 9 154 85 188
diningtable 0.0026 0 244 77 311
diningtable 0.0025 313 259 359 293
diningtable 0.0025 87 165 106 183
diningtable 0.0021 15 131 51 164
diningtable 0.0018 75 159 113 182
diningtable 0.0014 92 73 200 322
diningtable 0.0013 32 144 49 165
diningtable 0.0011 58 156 132 267
diningtable 0.0011 248 207 280 237
diningtable 0.0011 89 158 108 175
diningtable 0.0010 222 254 352 314
