person 0.8072 62 285 130 372
person 0.6837 30 315 72 374
person 0.6025 136 151 232 298
person 0.5672 259 270 408 372
person 0.5417 219 12 464 365
person 0.4377 120 304 204 373
person 0.4083 0 214 35 371
person 0.2958 28 293 52 324
person 0.2817 108 314 127 349
person 0.2476 56 305 73 320
person 0.1966 28 297 59 354
person 0.1565 247 268 321 373
person 0.1445 119 313 164 369
person 0.1019 144 302 169 332
person 0.1015 164 221 300 372
person 0.0814 148 195 220 244
person 0.0548 205 260 365 372
person 0.0524 84 4 406 359
person 0.0478 136 304 169 352
person 0.0410 45 301 59 317
person 0.0391 446 274 499 373
person 0.0355 178 203 199 229
person 0.0330 157 185 468 371
person 0.0326 144 341 204 374
person 0.0321 27 310 133 375
person 0.0309 0 219 12 296
person 0.0304 459 313 499 374
person 0.0295 116 318 141 361
person 0.0284 0 295 38 373
person 0.0233 101 308 125 358
person 0.0233 78 284 121 325
person 0.0213 126 149 262 382
person 0.0203 0 207 24 299
person 0.0196 14 295 52 372
person 0.0192 181 321 240 374
person 0.0188 372 183 498 372
person 0.0187 147 306 233 374
person 0.0178 146 301 199 353
person 0.0171 50 313 71 324
person 0.0158 202 333 234 374
person 0.0149 207 32 228 85
person 0.0146 0 210 16 353
person 0.0121 29 304 52 335
person 0.0106 20 276 75 347
person 0.0105 84 332 131 373
person 0.0104 147 300 178 344
person 0.0103 316 157 471 378
person 0.0100 24 261 146 373
person 0.0089 111 312 131 338
person 0.0088 30 292 51 310
person 0.0086 94 295 121 337
person 0.0081 106 306 126 329
person 0.0080 197 286 293 373
person 0.0077 43 294 75 324
person 0.0075 175 195 206 232
person 0.0073 174 204 198 219
person 0.0071 131 264 211 367
person 0.0071 440 222 499 344
person 0.0069 0 204 40 231
person 0.0066 53 302 74 329
person 0.0064 121 331 152 373
person 0.0064 140 306 178 371
person 0.0063 0 205 85 367
person 0.0061 111 320 134 369
person 0.0061 347 55 494 329
person 0.0056 35 312 71 326
person 0.0056 121 317 147 340
person 0.0055 380 153 406 187
person 0.0055 303 288 391 371
person 0.0054 337 266 409 334
person 0.0054 406 244 498 373
person 0.0052 -7 183 165 376
person 0.0051 0 203 14 258
person 0.0049 0 187 39 265
person 0.0048 475 301 499 361
person 0.0048 56 300 73 314
person 0.0045 48 295 84 338
person 0.0044 132 304 167 325
person 0.0043 61 276 120 313
person 0.0042 4 181 50 222
person 0.0041 159 189 228 228
person 0.0041 202 312 264 373
person 0.0037 392 92 475 293
person 0.0036 74 284 113 307
person 0.0035 147 302 173 319
person 0.0034 164 224 229 360
person 0.0034 229 3 357 246
person 0.0034 113 230 235 377
person 0.0033 424 179 445 205
person 0.0031 143 188 215 343
person 0.0030 382 153 398 174
person 0.0029 203 200 233 228
person 0.0029 0 206 16 233
person 0.0028 455 285 499 345
person 0.0027 163 282 218 358
person 0.0025 37 166 60 206
person 0.0024 446 228 498 296
person 0.0024 392 66 420 99
person 0.0024 419 106 435 136
person 0.0024 24 172 59 211
bicycle 0.0013 164 219 273 368
motorbike 0.0013 164 219 273 368
bird 0.0011 157 216 270 367
dog 0.0043 164 219 273 368
dog 0.0012 144 204 380 370
dog 0.0012 139 149 243 361
dog 0.0011 228 8 360 240
horse 0.2258 165 220 274 372
horse 0.0367 144 204 380 370
horse 0.0322 136 152 239 364
horse 0.0239 161 14 418 365
horse 0.0101 136 302 208 373
horse 0.0037 216 4 371 308
horse 0.0035 145 340 205 374
horse 0.0023 163 239 224 362
horse 0.0023 140 300 170 330
horse 0.0019 210 268 318 372
horse 0.0013 174 206 240 339
horse 0.0010 113 230 235 377
sheep 0.0019 157 216 270 367
cow 0.0039 144 204 380 370
cow 0.0026 157 216 270 367
cow 0.0017 218 4 430 364
bottle 0.0077 369 215 391 242
bottle 0.0042 30 135 41 159
bottle 0.0036 218 15 475 371
bottle 0.0019 60 193 67 206
bottle 0.0016 0 227 11 296
bottle 0.0015 334 182 354 204
bottle 0.0013 83 155 93 169
bottle 0.0012 57 190 70 223
bottle 0.0011 92 185 111 223
bottle 0.0011 60 207 71 230
bottle 0.0011 86 184 104 224
bottle 0.0010 38 166 63 212
bottle 0.0010 102 186 112 222
bottle 0.0010 73 133 85 154
bottle 0.0010 57 191 66 209
chair 0.0027 0 227 11 296
chair 0.0018 0 214 35 371
chair 0.0018 453 290 500 373
chair 0.0017 165 218 283 368
sofa 0.0015 0 214 35 371
pottedplant 0.0018 458 225 500 294
pottedplant 0.0011 455 172 500 291
diningtable 0.0040 453 290 500 373
diningtable 0.0023 475 295 499 342
tvmonitor 0.0060 3 174 42 213
tvmonitor 0.0025 5 82 40 124
tvmonitor 0.0020 4 199 45 221
tvmonitor 0.0019 1 133 40 165
tvmonitor 0.0016 9 175 32 205
tvmonitor 0.0013 28 135 41 160
tvmonitor 0.0013 1 174 21 210
tvmonitor 0.0010 1 82 37 162
tvmonitor 0.0010 24 172 59 211
