person 0.0291 239 168 287 199
person 0.0269 294 168 337 203
person 0.0157 159 162 408 204
person 0.0075 433 123 440 136
person 0.0064 202 189 229 199
person 0.0063 161 191 173 202
person 0.0060 200 186 236 201
person 0.0041 308 179 344 203
person 0.0040 70 156 450 215
person 0.0039 261 164 355 206
person 0.0034 219 167 329 202
person 0.0015 155 190 175 205
person 0.0013 219 191 239 200
person 0.0013 292 170 317 197
person 0.0012 173 169 269 204
person 0.0012 199 170 239 202
person 0.0011 159 183 174 202
car 0.8452 45 151 452 358
car 0.0301 159 162 408 204
car 0.0208 105 135 123 147
car 0.0191 70 156 450 215
car 0.0156 238 167 288 200
car 0.0140 123 139 148 150
car 0.0119 0 141 11 149
car 0.0109 105 126 126 142
car 0.0083 289 168 341 204
car 0.0072 105 123 126 134
car 0.0057 261 164 355 206
car 0.0046 0 138 15 149
car 0.0043 112 128 148 148
car 0.0039 120 136 142 147
car 0.0037 105 195 184 216
car 0.0037 122 146 150 156
car 0.0037 108 124 131 139
car 0.0035 219 167 329 202
car 0.0032 119 123 133 132
car 0.0029 111 123 145 140
car 0.0028 122 141 140 149
car 0.0028 101 138 139 149
car 0.0024 133 181 181 210
car 0.0024 13 137 104 158
car 0.0018 142 144 436 194
car 0.0018 124 131 146 145
car 0.0017 0 140 23 153
car 0.0014 152 190 176 205
car 0.0014 10 136 51 153
car 0.0013 109 139 129 148
car 0.0012 121 125 135 138
car 0.0011 79 178 291 217
car 0.0011 372 138 419 150
car 0.0010 134 148 152 156
car 0.0010 280 135 291 144
car 0.0010 101 126 138 149
car 0.0010 17 134 48 145
boat 0.0210 121 136 150 152
boat 0.0208 12 138 101 157
boat 0.0195 105 135 123 147
boat 0.0093 0 141 11 149
boat 0.0089 126 137 148 148
boat 0.0078 122 146 150 156
boat 0.0052 116 139 145 151
boat 0.0051 0 138 22 152
boat 0.0044 10 136 51 153
boat 0.0038 101 138 139 149
boat 0.0028 123 137 140 147
boat 0.0022 122 141 140 149
boat 0.0019 17 134 48 145
boat 0.0017 103 128 146 151
boat 0.0016 30 134 130 156
boat 0.0015 6 133 74 155
boat 0.0015 134 148 152 156
boat 0.0014 417 147 459 158
boat 0.0013 15 127 96 153
boat 0.0012 103 126 128 147
boat 0.0012 135 141 151 153
boat 0.0011 347 134 422 151
boat 0.0011 0 129 18 149
boat 0.0011 347 130 380 146
chair 0.0024 239 174 281 200
