person 0.0141 493 206 500 224
person 0.0129 66 30 377 365
person 0.0122 63 0 197 110
person 0.0056 492 207 499 282
person 0.0028 38 1 492 115
person 0.0023 375 0 499 129
person 0.0022 439 70 499 212
person 0.0017 91 41 214 169
person 0.0016 77 30 350 175
person 0.0013 492 208 499 243
person 0.0011 188 0 281 47
person 0.0010 14 29 202 366
bird 0.0028 74 25 448 361
cat 0.0026 60 28 414 369
dog 0.0044 73 26 446 370
horse 0.0025 73 26 446 370
bottle 0.0012 0 75 79 189
chair 0.0360 0 7 87 131
chair 0.0228 64 1 199 122
chair 0.0153 0 41 78 173
chair 0.0068 0 4 77 78
chair 0.0063 461 283 499 372
chair 0.0039 91 41 214 169
chair 0.0026 380 0 498 128
chair 0.0024 133 41 206 81
chair 0.0022 274 0 397 106
chair 0.0020 27 23 365 175
chair 0.0017 0 32 13 77
chair 0.0015 188 0 281 47
chair 0.0013 13 -5 365 103
chair 0.0013 60 28 414 369
chair 0.0011 8 2 177 147
chair 0.0010 0 84 8 109
chair 0.0010 77 20 276 89
sofa 0.0038 64 1 199 121
sofa 0.0021 38 1 492 115
sofa 0.0013 381 0 499 128
pottedplant 0.1201 65 28 410 368
pottedplant 0.0540 438 71 499 218
pottedplant 0.0120 407 37 498 264
pottedplant 0.0099 342 0 500 128
pottedplant 0.0091 339 2 497 307
pottedplant 0.0037 441 72 500 142
pottedplant 0.0027 274 0 397 106
pottedplant 0.0019 391 116 496 296
pottedplant 0.0015 226 22 488 373
pottedplant 0.0012 272 -5 504 189
pottedplant 0.0011 474 78 499 208
diningtable 0.0357 0 194 32 365
diningtable 0.0212 2 177 102 372
diningtable 0.0102 38 232 110 372
diningtable 0.0096 2 28 160 368
diningtable 0.0044 -10 29 347 364
diningtable 0.0043 0 271 36 372
diningtable 0.0038 461 282 499 372
diningtable 0.0036 23 141 201 371
diningtable 0.0034 0 90 100 298
diningtable 0.0020 1 154 64 311
diningtable 0.0017 0 5 85 117
diningtable 0.0016 0 70 77 180
diningtable 0.0013 382 118 496 369
diningtable 0.0012 -1 231 53 375
diningtable 0.0012 56 93 275 359
tvmonitor 0.0133 63 0 199 123
tvmonitor 0.0121 0 7 90 130
tvmonitor 0.0059 0 71 77 179
tvmonitor 0.0013 0 32 13 77
