person 0.9288 93 142 136 216
person 0.8689 322 95 375 230
person 0.4137 70 100 74 107
person 0.3158 54 104 61 114
person 0.1990 128 99 135 105
person 0.1803 127 99 141 105
person 0.1511 135 99 143 105
person 0.1025 56 104 63 113
person 0.1006 69 101 73 108
person 0.0171 109 158 130 210
person 0.0089 115 170 130 198
person 0.0062 120 182 130 193
person 0.0061 53 104 59 112
person 0.0043 71 102 74 109
person 0.0025 118 156 133 200
person 0.0015 128 101 133 106
person 0.0011 19 194 27 204
car 0.0016 128 99 138 104
car 0.0015 135 99 143 105
motorbike 0.0011 54 104 61 114
aeroplane 0.0022 127 99 142 105
boat 0.0010 70 100 74 107
bird 0.0469 19 194 27 205
bird 0.0137 469 188 476 196
bird 0.0037 127 99 141 105
bird 0.0036 54 104 61 114
bird 0.0036 70 100 74 107
bird 0.0033 9 234 16 241
bird 0.0031 138 220 147 232
bird 0.0029 263 191 268 199
bird 0.0024 226 226 231 231
bird 0.0024 241 170 247 177
bird 0.0022 128 99 135 105
bird 0.0019 135 99 143 105
bird 0.0013 16 193 29 206
dog 0.0054 128 99 138 104
dog 0.0046 54 104 61 114
dog 0.0023 137 99 143 104
dog 0.0021 19 194 26 204
dog 0.0019 70 100 74 107
dog 0.0014 94 142 136 217
dog 0.0011 119 182 129 196
horse 0.0195 127 99 142 105
horse 0.0177 54 104 61 114
horse 0.0093 128 99 135 105
horse 0.0064 135 99 143 105
horse 0.0029 70 100 74 107
sheep 0.2781 54 104 61 114
sheep 0.1792 70 100 74 107
sheep 0.1139 128 99 138 104
sheep 0.0934 137 99 143 104
sheep 0.0598 56 104 63 113
sheep 0.0345 69 101 73 108
sheep 0.0155 128 99 133 104
sheep 0.0124 19 194 27 205
sheep 0.0108 136 100 143 106
sheep 0.0071 53 104 59 112
sheep 0.0052 71 102 74 109
sheep 0.0048 95 142 136 217
sheep 0.0048 241 170 247 177
sheep 0.0025 9 234 16 241
sheep 0.0022 51 103 65 115
sheep 0.0014 59 110 66 115
sheep 0.0014 126 98 143 106
sheep 0.0013 128 101 133 106
sheep 0.0011 298 238 306 254
cow 0.0883 54 104 61 114
cow 0.0441 128 99 138 104
cow 0.0295 135 99 143 105
cow 0.0222 70 100 74 107
cow 0.0081 56 104 63 113
cow 0.0039 69 101 73 108
cow 0.0027 128 99 133 104
cow 0.0015 95 142 136 217
cow 0.0013 51 103 65 115
cow 0.0010 53 104 59 112
bottle 0.0106 298 238 307 254
bottle 0.0016 447 207 453 219
bottle 0.0012 138 220 147 232
bottle 0.0010 241 170 247 177
chair 0.0010 54 104 61 114
