person 0.0101 15 150 47 176
person 0.0099 25 150 43 180
person 0.0072 18 149 69 178
person 0.0047 14 153 30 172
person 0.0047 265 137 274 149
person 0.0047 1 150 32 172
person 0.0046 24 149 55 173
person 0.0036 31 150 45 171
person 0.0031 16 145 53 163
person 0.0028 55 99 261 364
person 0.0026 264 139 272 152
person 0.0025 -1 120 74 163
person 0.0024 26 147 41 160
person 0.0018 76 124 80 132
person 0.0017 107 117 209 198
person 0.0017 26 142 35 154
person 0.0017 186 185 223 231
person 0.0015 42 87 442 379
person 0.0012 88 162 114 176
person 0.0011 12 155 32 184
person 0.0011 12 141 54 156
person 0.0010 264 136 282 151
bicycle 0.4494 67 106 420 363
bicycle 0.1437 246 185 279 251
bicycle 0.1222 199 191 237 243
bicycle 0.0500 204 192 262 246
bicycle 0.0307 160 146 461 313
bicycle 0.0207 56 98 213 365
bicycle 0.0207 262 174 368 273
bicycle 0.0185 330 155 415 258
bicycle 0.0162 230 173 396 313
bicycle 0.0158 286 142 359 253
bicycle 0.0146 269 149 417 285
bicycle 0.0119 280 182 342 259
bicycle 0.0119 192 203 333 321
bicycle 0.0089 227 215 287 309
bicycle 0.0074 255 188 299 293
bicycle 0.0071 249 178 314 251
bicycle 0.0058 9 151 71 183
bicycle 0.0054 277 160 498 335
bicycle 0.0053 111 121 185 191
bicycle 0.0047 293 143 337 191
bicycle 0.0041 1 150 36 185
bicycle 0.0038 263 203 289 278
bicycle 0.0032 88 162 114 176
bicycle 0.0030 269 195 315 260
bicycle 0.0029 2 153 30 174
bicycle 0.0026 167 124 210 153
bicycle 0.0021 14 152 40 178
bicycle 0.0017 80 40 501 278
bicycle 0.0017 139 128 260 164
bicycle 0.0017 83 100 329 217
bicycle 0.0015 183 170 256 251
bicycle 0.0014 263 223 280 287
bicycle 0.0013 277 129 337 182
bicycle 0.0012 311 120 380 160
bicycle 0.0012 22 154 45 183
bicycle 0.0012 23 149 72 173
bicycle 0.0011 240 194 340 287
bicycle 0.0010 132 126 287 220
car 0.4510 87 162 115 176
car 0.0161 28 151 72 180
car 0.0146 1 150 33 172
car 0.0141 407 131 418 148
car 0.0112 87 154 114 173
car 0.0102 44 152 70 166
car 0.0102 0 146 20 158
car 0.0095 53 156 111 178
car 0.0081 81 58 493 304
car 0.0073 245 186 279 249
car 0.0066 281 141 337 196
car 0.0061 0 142 29 161
car 0.0053 13 152 30 172
car 0.0041 16 148 64 175
car 0.0038 33 150 99 175
car 0.0031 23 147 72 163
car 0.0030 12 151 50 183
car 0.0029 38 151 69 161
car 0.0027 271 121 336 149
car 0.0024 86 158 117 187
car 0.0021 139 128 260 164
car 0.0019 0 153 10 171
car 0.0018 99 119 376 191
car 0.0017 66 82 418 237
car 0.0017 183 170 256 251
car 0.0015 0 128 32 163
car 0.0015 99 147 117 172
car 0.0014 23 150 45 173
car 0.0014 269 149 417 285
car 0.0013 103 152 114 168
car 0.0012 87 159 133 179
car 0.0012 65 161 101 178
car 0.0012 132 124 289 228
car 0.0011 0 119 75 163
car 0.0011 54 153 71 164
car 0.0010 84 163 103 177
car 0.0010 9 144 35 168
car 0.0010 2 142 71 186
motorbike 0.0055 67 106 420 363
motorbike 0.0025 334 154 416 258
bus 0.0024 80 40 501 278
bus 0.0024 58 109 450 351
bus 0.0013 281 141 337 196
bus 0.0011 245 186 279 249
train 0.0203 67 106 420 363
train 0.0026 245 186 279 249
train 0.0022 470 147 499 176
train 0.0021 199 191 237 243
train 0.0017 434 108 499 168
train 0.0015 80 40 501 278
train 0.0012 249 178 314 251
train 0.0010 460 115 498 172
boat 0.0076 67 106 420 363
boat 0.0046 5 148 70 182
boat 0.0031 245 186 279 249
boat 0.0027 0 141 32 180
boat 0.0018 0 138 26 158
boat 0.0017 0 120 73 164
boat 0.0016 0 145 25 169
boat 0.0016 0 121 37 155
boat 0.0011 80 40 501 278
boat 0.0010 87 162 115 175
dog 0.0015 112 121 202 197
bottle 0.7764 246 185 279 249
bottle 0.6546 199 194 237 238
bottle 0.2415 42 87 442 379
bottle 0.1717 204 192 262 246
bottle 0.0885 227 217 249 252
bottle 0.0833 195 191 225 221
bottle 0.0482 262 208 282 281
bottle 0.0449 261 191 294 264
bottle 0.0372 262 233 277 275
bottle 0.0370 186 185 223 231
bottle 0.0344 253 180 303 248
bottle 0.0272 207 204 245 249
bottle 0.0269 154 149 401 337
bottle 0.0218 210 207 238 236
bottle 0.0218 227 215 287 309
bottle 0.0209 256 231 277 293
bottle 0.0196 220 206 247 241
bottle 0.0184 183 170 256 251
bottle 0.0166 238 238 274 300
bottle 0.0147 195 191 212 214
bottle 0.0141 194 205 251 265
bottle 0.0125 267 187 299 236
bottle 0.0117 61 116 324 336
bottle 0.0116 227 199 269 247
bottle 0.0093 269 195 315 260
bottle 0.0090 281 182 341 259
bottle 0.0079 228 214 248 236
bottle 0.0077 192 203 333 321
bottle 0.0072 234 193 277 287
bottle 0.0056 225 217 264 289
bottle 0.0052 262 174 368 273
bottle 0.0051 232 224 253 247
bottle 0.0042 235 244 260 289
bottle 0.0041 200 206 271 295
bottle 0.0040 257 186 279 212
bottle 0.0034 225 221 256 264
bottle 0.0033 234 204 258 251
bottle 0.0031 263 225 281 257
bottle 0.0030 112 121 197 197
bottle 0.0030 263 236 282 294
bottle 0.0029 266 208 287 245
bottle 0.0027 272 205 292 260
bottle 0.0027 233 256 266 301
bottle 0.0027 173 193 200 223
bottle 0.0025 248 241 271 289
bottle 0.0024 259 247 276 283
bottle 0.0021 271 171 391 331
bottle 0.0019 361 226 374 253
bottle 0.0017 184 187 214 214
bottle 0.0016 285 142 360 255
bottle 0.0015 295 185 361 247
bottle 0.0014 244 212 264 252
bottle 0.0014 286 212 355 296
bottle 0.0014 343 191 400 259
bottle 0.0014 164 177 198 215
bottle 0.0013 171 195 229 246
bottle 0.0013 193 197 216 232
bottle 0.0013 217 223 242 254
bottle 0.0012 238 249 257 272
bottle 0.0012 344 208 376 276
bottle 0.0012 153 177 183 212
bottle 0.0012 170 130 210 153
bottle 0.0012 273 192 294 228
bottle 0.0012 355 221 381 260
bottle 0.0011 249 196 276 233
bottle 0.0011 263 180 294 215
bottle 0.0010 317 130 418 347
bottle 0.0010 258 226 288 302
chair 0.0268 21 150 69 182
chair 0.0246 408 153 499 279
chair 0.0244 13 151 49 183
chair 0.0230 3 152 33 181
chair 0.0167 14 153 30 172
chair 0.0111 25 150 43 180
chair 0.0106 0 163 31 186
chair 0.0083 0 155 18 173
chair 0.0076 88 162 114 176
chair 0.0068 4 154 27 173
chair 0.0059 0 145 23 170
chair 0.0050 323 152 489 275
chair 0.0049 45 157 72 180
chair 0.0043 67 106 420 363
chair 0.0036 337 155 417 257
chair 0.0034 31 156 47 181
chair 0.0029 196 192 237 239
chair 0.0029 0 156 10 172
chair 0.0028 245 186 279 249
chair 0.0026 24 149 55 173
chair 0.0026 0 142 28 161
chair 0.0026 0 126 71 183
chair 0.0024 0 146 20 158
chair 0.0023 0 141 43 187
chair 0.0023 39 153 98 180
chair 0.0023 0 171 24 186
chair 0.0021 407 152 473 222
chair 0.0015 25 165 69 182
chair 0.0015 406 153 465 175
chair 0.0014 46 167 70 180
chair 0.0014 31 150 45 171
chair 0.0013 36 158 60 180
chair 0.0012 38 151 69 167
chair 0.0011 269 149 417 285
chair 0.0011 13 164 40 185
chair 0.0011 11 145 70 163
chair 0.0010 407 131 418 148
chair 0.0010 47 162 89 180
sofa 0.0016 58 109 450 351
sofa 0.0011 408 153 499 279
pottedplant 0.0022 0 155 18 173
pottedplant 0.0015 109 99 212 189
pottedplant 0.0014 0 156 10 172
diningtable 0.0132 9 151 71 183
diningtable 0.0073 58 109 450 351
diningtable 0.0035 1 150 36 185
diningtable 0.0022 22 150 47 181
diningtable 0.0020 0 155 18 173
diningtable 0.0016 13 152 30 172
diningtable 0.0015 0 146 20 158
diningtable 0.0015 14 152 40 178
diningtable 0.0011 0 126 71 183
