person 0.8981 0 116 37 298
person 0.8542 53 120 99 266
person 0.3943 59 1 327 364
person 0.2400 3 87 34 140
person 0.0542 12 98 35 137
person 0.0452 63 126 103 367
person 0.0419 0 80 37 181
person 0.0262 0 30 57 222
person 0.0203 190 13 315 353
person 0.0168 1 84 21 122
person 0.0147 140 79 242 194
person 0.0131 122 112 258 332
person 0.0101 0 96 14 120
person 0.0082 16 99 37 119
person 0.0072 6 89 32 121
person 0.0069 71 277 92 373
person 0.0069 86 154 101 187
person 0.0066 8 97 34 167
person 0.0058 51 131 63 224
person 0.0057 52 133 89 206
person 0.0057 269 124 306 184
person 0.0055 63 141 98 198
person 0.0051 158 121 224 208
person 0.0049 47 115 71 249
person 0.0048 22 100 38 131
person 0.0047 261 29 315 353
person 0.0045 127 72 221 267
person 0.0042 25 101 38 117
person 0.0041 167 127 241 276
person 0.0041 1 146 37 195
person 0.0036 83 153 283 372
person 0.0036 66 136 142 366
person 0.0035 67 193 94 367
person 0.0035 16 126 41 238
person 0.0034 0 282 34 307
person 0.0033 12 119 114 268
person 0.0032 2 82 23 104
person 0.0032 1 97 22 131
person 0.0031 0 124 25 238
person 0.0026 0 104 23 154
person 0.0024 50 116 78 178
person 0.0023 89 151 102 173
person 0.0023 124 -4 485 367
person 0.0021 5 13 212 345
person 0.0021 21 160 35 189
person 0.0021 89 142 108 175
person 0.0020 17 105 65 275
person 0.0020 16 101 34 112
person 0.0018 19 167 37 179
person 0.0017 62 144 96 175
person 0.0016 137 36 293 310
person 0.0016 1 119 30 174
person 0.0016 192 115 312 175
person 0.0015 280 249 379 374
person 0.0015 0 72 19 100
person 0.0015 50 171 61 190
person 0.0014 11 113 33 139
person 0.0013 188 91 258 321
person 0.0013 70 133 112 261
person 0.0013 0 241 4 262
person 0.0012 51 133 70 183
person 0.0012 0 227 33 307
person 0.0012 1 117 18 139
person 0.0012 84 152 97 171
person 0.0011 -4 5 97 287
person 0.0011 0 237 19 295
person 0.0011 59 176 86 262
person 0.0011 0 137 20 201
person 0.0011 0 186 28 292
person 0.0010 21 169 32 177
person 0.0010 0 118 10 135
person 0.0010 0 89 7 105
person 0.0010 83 197 182 372
person 0.0010 87 133 102 146
person 0.0010 0 30 41 143
bicycle 0.0135 70 283 106 373
car 0.0026 41 232 467 373
car 0.0025 1 86 34 140
car 0.0018 270 131 306 171
car 0.0016 135 6 435 370
car 0.0015 281 249 380 373
car 0.0013 495 259 500 282
car 0.0013 49 122 515 372
car 0.0012 0 -3 82 262
bus 0.0638 0 6 72 279
bus 0.0191 3 91 36 147
bus 0.0121 0 70 39 198
bus 0.0027 0 12 65 159
bus 0.0020 38 119 88 194
train 0.0148 0 6 72 279
train 0.0048 306 163 500 371
train 0.0042 1 86 35 143
train 0.0024 97 4 459 368
train 0.0023 0 70 39 198
train 0.0017 205 8 379 355
boat 0.0087 41 232 467 373
boat 0.0018 0 -3 82 262
bottle 0.0199 271 130 305 171
bottle 0.0010 182 42 262 128
bottle 0.0010 22 169 35 178
chair 0.0035 71 284 93 373
chair 0.0022 71 312 105 375
chair 0.0019 85 316 109 373
diningtable 0.0013 1 133 474 375
tvmonitor 0.0143 0 98 10 116
tvmonitor 0.0129 0 94 17 124
tvmonitor 0.0067 0 85 32 132
tvmonitor 0.0012 0 -3 82 262
