person 0.1944 69 168 79 191
person 0.0483 57 181 63 194
person 0.0387 61 250 69 256
person 0.0251 71 182 77 194
person 0.0233 53 182 59 194
person 0.0218 59 183 67 194
person 0.0211 83 187 91 196
person 0.0129 0 230 4 241
person 0.0111 49 181 56 193
person 0.0104 272 195 282 201
person 0.0094 268 195 277 201
person 0.0091 0 235 4 242
person 0.0079 71 170 79 183
person 0.0077 0 226 24 240
person 0.0076 64 174 77 193
person 0.0076 55 177 64 193
person 0.0071 383 226 408 235
person 0.0062 97 188 108 199
person 0.0057 198 245 208 250
person 0.0052 0 225 6 235
person 0.0049 60 170 69 190
person 0.0048 336 219 349 227
person 0.0046 49 159 105 201
person 0.0045 59 172 64 190
person 0.0044 94 188 101 197
person 0.0044 40 179 49 193
person 0.0043 492 209 499 217
person 0.0041 8 133 164 250
person 0.0040 410 218 420 228
person 0.0038 455 211 465 216
person 0.0038 78 180 89 195
person 0.0037 37 173 46 193
person 0.0035 260 195 274 202
person 0.0034 72 188 82 194
person 0.0032 84 182 92 194
person 0.0029 454 211 459 218
person 0.0028 458 210 468 216
person 0.0027 196 245 205 250
person 0.0026 56 186 62 196
person 0.0025 190 222 200 229
person 0.0023 52 160 58 166
person 0.0023 68 188 78 195
person 0.0021 403 224 417 231
person 0.0021 275 194 284 201
person 0.0021 413 218 423 227
person 0.0019 61 188 68 195
person 0.0019 384 219 408 233
person 0.0017 101 187 112 198
person 0.0016 408 219 417 230
person 0.0016 321 220 335 229
person 0.0016 5 223 29 237
person 0.0015 200 244 222 250
person 0.0015 323 220 346 229
person 0.0014 493 212 499 223
person 0.0013 478 214 492 223
person 0.0013 59 165 98 195
person 0.0013 61 167 68 182
person 0.0012 94 181 103 194
person 0.0012 40 171 48 191
person 0.0012 321 220 329 232
person 0.0011 428 222 439 228
person 0.0011 34 168 40 190
person 0.0010 393 217 411 232
car 0.0095 492 209 499 217
car 0.0082 336 219 349 227
car 0.0023 323 220 346 229
car 0.0017 383 226 407 235
car 0.0016 328 215 378 230
car 0.0016 493 212 499 223
car 0.0011 321 220 335 229
car 0.0010 332 218 360 229
bus 0.0015 18 116 175 249
train 0.0038 18 116 184 248
boat 0.5149 14 120 214 252
boat 0.2770 383 226 409 235
boat 0.1837 216 182 324 246
boat 0.1141 210 115 326 245
boat 0.0942 15 186 212 251
boat 0.0675 0 225 31 242
boat 0.0568 45 218 210 251
boat 0.0349 0 203 30 243
boat 0.0331 0 235 4 242
boat 0.0285 322 217 386 238
boat 0.0270 492 209 499 217
boat 0.0198 200 244 222 250
boat 0.0141 0 229 6 242
boat 0.0140 61 250 68 255
boat 0.0131 385 216 417 236
boat 0.0127 435 172 498 228
boat 0.0126 320 213 376 232
boat 0.0112 0 233 21 242
boat 0.0104 3 132 416 254
boat 0.0098 226 196 304 236
boat 0.0098 339 207 385 231
boat 0.0085 320 217 346 231
boat 0.0084 100 226 212 250
boat 0.0078 386 173 497 236
boat 0.0078 363 208 414 236
boat 0.0076 382 203 498 239
boat 0.0076 198 246 206 250
boat 0.0072 401 223 419 232
boat 0.0071 49 159 105 201
boat 0.0063 321 220 337 230
boat 0.0060 493 212 499 223
boat 0.0059 341 222 386 233
boat 0.0056 329 219 349 228
boat 0.0054 388 220 502 242
boat 0.0053 408 220 418 230
boat 0.0048 491 204 499 221
boat 0.0046 387 227 425 236
boat 0.0046 336 226 392 237
boat 0.0044 377 224 396 235
boat 0.0041 428 223 438 227
boat 0.0040 387 221 437 236
boat 0.0040 332 218 360 229
boat 0.0037 464 211 499 226
boat 0.0037 0 225 22 236
boat 0.0036 69 168 79 191
boat 0.0036 472 215 495 225
boat 0.0035 217 227 322 247
boat 0.0033 0 238 4 244
boat 0.0032 0 190 26 230
boat 0.0032 484 215 499 224
boat 0.0029 460 170 494 222
boat 0.0028 320 227 377 239
boat 0.0028 197 244 210 250
boat 0.0028 337 218 350 227
boat 0.0028 8 147 144 246
boat 0.0027 394 213 438 232
boat 0.0025 396 228 416 234
boat 0.0024 321 220 329 232
boat 0.0024 446 208 496 230
boat 0.0024 3 232 30 243
boat 0.0023 126 222 146 235
boat 0.0022 457 190 499 230
boat 0.0020 494 218 499 230
boat 0.0020 373 190 461 236
boat 0.0020 270 206 380 239
boat 0.0020 413 217 424 228
boat 0.0020 197 238 223 251
boat 0.0019 89 202 265 250
boat 0.0019 106 223 161 244
boat 0.0018 380 217 403 234
boat 0.0016 393 217 411 232
boat 0.0016 0 225 7 235
boat 0.0015 324 231 383 241
boat 0.0015 382 198 421 236
boat 0.0014 59 165 98 195
boat 0.0014 416 219 439 229
boat 0.0014 423 223 439 229
boat 0.0014 362 227 397 237
boat 0.0013 60 179 306 253
boat 0.0013 482 207 500 224
boat 0.0013 6 195 127 252
boat 0.0013 0 193 21 211
boat 0.0013 321 219 333 236
boat 0.0012 356 224 373 230
boat 0.0012 5 223 29 237
boat 0.0012 453 214 491 227
boat 0.0012 0 227 38 252
boat 0.0012 173 147 292 246
boat 0.0012 376 225 386 234
boat 0.0011 0 176 37 243
boat 0.0011 381 231 412 238
boat 0.0011 331 219 375 234
boat 0.0011 345 205 384 221
boat 0.0011 455 209 487 222
boat 0.0010 324 197 391 240
boat 0.0010 431 217 501 236
boat 0.0010 0 199 23 221
bird 0.0014 226 196 304 236
