person 0.9178 214 53 322 232
person 0.7676 128 91 170 207
person 0.7548 0 9 70 239
person 0.2156 0 60 57 139
person 0.0703 0 9 8 44
person 0.0327 129 92 166 138
person 0.0236 48 127 170 207
person 0.0230 -1 39 49 196
person 0.0217 196 138 344 252
person 0.0159 1 79 126 227
person 0.0129 27 70 233 212
person 0.0099 79 100 126 126
person 0.0085 94 89 141 130
person 0.0082 0 62 34 243
person 0.0080 203 142 238 168
person 0.0078 103 92 161 135
person 0.0055 0 104 57 237
person 0.0052 0 81 17 227
person 0.0051 61 75 173 196
person 0.0049 0 72 12 134
person 0.0048 62 81 209 144
person 0.0046 51 84 159 131
person 0.0044 164 154 178 172
person 0.0039 95 99 119 127
person 0.0038 137 134 172 207
person 0.0035 90 70 121 127
person 0.0034 -1 7 23 49
person 0.0031 116 93 137 133
person 0.0029 0 215 3 240
person 0.0028 0 13 9 74
person 0.0027 151 138 189 182
person 0.0022 1 79 69 183
person 0.0021 0 148 117 266
person 0.0021 0 6 7 30
person 0.0019 1 65 44 103
person 0.0018 0 22 8 50
person 0.0017 17 57 158 131
person 0.0016 0 89 11 168
person 0.0015 247 146 291 208
person 0.0014 223 88 293 219
person 0.0014 466 138 500 188
person 0.0014 89 51 388 218
person 0.0013 84 68 148 133
person 0.0012 0 11 37 69
person 0.0011 -4 56 279 160
person 0.0011 47 76 67 97
person 0.0011 108 130 163 207
bicycle 0.8776 195 137 348 253
bicycle 0.4910 1 167 120 267
bicycle 0.0388 2 123 136 222
bicycle 0.0170 0 77 81 249
bicycle 0.0086 45 131 166 210
bicycle 0.0084 2 168 71 246
bicycle 0.0079 259 152 303 236
bicycle 0.0063 199 139 256 181
bicycle 0.0043 215 54 321 231
bicycle 0.0032 195 137 286 213
bicycle 0.0026 122 95 171 207
bicycle 0.0024 0 195 51 250
bicycle 0.0021 163 154 180 172
bicycle 0.0017 203 142 238 168
bicycle 0.0015 240 153 276 207
bicycle 0.0015 -14 65 129 270
bicycle 0.0015 131 135 174 203
bicycle 0.0013 269 163 288 213
bicycle 0.0013 22 183 82 232
bicycle 0.0010 161 142 217 183
bicycle 0.0010 24 176 58 229
car 0.0091 4 50 166 210
car 0.0070 191 131 347 248
car 0.0043 57 93 124 127
car 0.0043 433 138 499 190
car 0.0042 464 136 500 187
car 0.0037 126 87 169 208
car 0.0028 163 154 180 172
car 0.0026 51 84 159 131
car 0.0025 17 57 158 131
car 0.0024 90 91 123 128
car 0.0024 34 126 148 207
car 0.0019 102 90 179 139
car 0.0019 -1 19 90 235
car 0.0019 470 172 499 187
car 0.0018 372 140 418 193
car 0.0017 62 81 209 144
car 0.0016 -4 56 279 160
car 0.0016 419 142 463 189
car 0.0015 388 143 443 191
car 0.0015 395 141 481 190
car 0.0013 475 139 500 168
car 0.0011 83 70 125 127
car 0.0011 47 79 160 185
car 0.0010 131 135 174 203
car 0.0010 3 113 139 250
motorbike 0.0088 199 138 348 252
motorbike 0.0047 1 167 120 267
bus 0.0026 130 87 171 207
bus 0.0021 -4 56 279 160
bus 0.0017 62 81 209 144
bus 0.0015 102 90 179 139
bus 0.0012 3 44 165 152
bus 0.0012 196 139 344 252
bus 0.0011 -1 19 95 235
train 0.0037 -1 19 95 235
train 0.0033 4 48 167 213
train 0.0025 2 45 143 142
train 0.0024 130 87 171 207
train 0.0017 89 51 388 218
train 0.0013 -4 56 279 160
boat 0.0019 89 51 388 218
boat 0.0014 4 48 167 213
boat 0.0010 76 66 283 150
dog 0.0027 199 138 348 252
horse 0.0084 465 136 500 187
horse 0.0064 433 138 499 190
horse 0.0031 373 142 437 193
horse 0.0026 395 141 481 190
cow 0.0030 460 138 499 189
cow 0.0012 468 138 500 170
bottle 0.0264 191 130 348 249
bottle 0.0084 0 73 10 132
bottle 0.0058 254 158 277 198
bottle 0.0039 248 146 290 232
bottle 0.0036 269 158 288 210
bottle 0.0035 259 152 284 214
bottle 0.0028 249 158 269 184
bottle 0.0024 240 153 276 207
bottle 0.0021 0 215 3 240
bottle 0.0013 0 72 45 132
bottle 0.0012 0 101 9 133
bottle 0.0011 270 174 286 201
bottle 0.0010 2 67 71 238
chair 0.0018 40 128 150 207
chair 0.0015 66 102 119 126
chair 0.0014 0 174 119 267
chair 0.0012 46 88 140 142
pottedplant 0.0018 467 0 499 74
diningtable 0.0054 47 129 157 208
diningtable 0.0015 122 95 171 207
