person 0.4406 171 65 467 317
person 0.0087 195 64 368 273
person 0.0033 90 56 429 216
person 0.0021 13 19 440 305
person 0.0015 264 63 488 251
person 0.0013 256 76 404 300
bicycle 0.2557 14 112 468 320
bicycle 0.0082 35 208 484 313
bicycle 0.0049 189 231 433 318
bicycle 0.0046 5 147 274 316
bicycle 0.0022 17 203 197 311
bicycle 0.0012 145 69 395 315
car 0.0107 18 106 493 320
car 0.0035 164 67 426 317
motorbike 0.2754 14 71 466 319
motorbike 0.0100 169 60 371 314
motorbike 0.0034 81 223 474 317
motorbike 0.0017 171 167 494 321
motorbike 0.0011 256 73 489 313
boat 0.0017 18 106 493 320
horse 0.0010 14 112 468 320
bottle 0.0013 236 266 315 316
chair 0.0010 174 94 496 320
diningtable 0.0010 56 51 465 322
