person 0.6773 115 14 402 366
person 0.3260 56 42 271 363
person 0.1461 103 62 202 205
person 0.0272 71 71 221 278
person 0.0224 0 335 15 373
person 0.0179 380 47 501 205
person 0.0144 453 75 499 197
person 0.0112 7 49 208 212
person 0.0099 451 78 499 133
person 0.0082 99 151 186 207
person 0.0077 98 128 211 225
person 0.0063 352 14 392 49
person 0.0054 480 78 499 209
person 0.0039 163 14 266 143
person 0.0038 62 113 183 243
person 0.0036 488 180 499 206
person 0.0034 137 55 298 326
person 0.0027 81 43 342 261
person 0.0021 221 24 503 366
person 0.0020 353 14 401 76
person 0.0020 423 202 481 265
person 0.0019 27 138 143 354
person 0.0019 393 46 499 121
person 0.0017 395 65 500 330
person 0.0017 0 38 116 173
person 0.0014 176 172 202 188
person 0.0013 285 24 486 204
person 0.0012 120 66 201 152
person 0.0012 160 161 218 207
person 0.0011 487 121 499 218
person 0.0011 115 127 153 167
person 0.0011 0 294 14 373
person 0.0011 135 156 199 201
person 0.0011 19 37 174 364
person 0.0011 78 46 116 83
person 0.0011 451 66 498 321
person 0.0010 486 167 500 210
person 0.0010 135 18 491 237
person 0.0010 0 39 53 159
bicycle 0.0024 55 95 266 361
cat 0.0030 489 182 499 207
cat 0.0023 457 78 499 209
cat 0.0018 0 336 14 372
cat 0.0012 412 79 498 207
cat 0.0011 478 79 500 208
dog 0.0056 380 47 501 205
dog 0.0051 457 78 499 209
dog 0.0032 488 180 499 206
dog 0.0018 0 336 14 372
dog 0.0012 84 174 256 356
dog 0.0012 478 79 500 208
sheep 0.0011 424 202 480 265
bottle 0.0058 178 171 202 188
bottle 0.0022 423 202 480 265
bottle 0.0021 41 229 50 250
bottle 0.0016 40 217 52 252
chair 0.4623 55 140 266 364
chair 0.1007 162 14 267 142
chair 0.0699 136 16 405 368
chair 0.0561 1 37 117 186
chair 0.0550 369 39 498 206
chair 0.0341 392 45 459 116
chair 0.0206 2 36 180 260
chair 0.0185 0 336 14 372
chair 0.0150 66 59 230 301
chair 0.0109 0 39 53 159
chair 0.0094 388 43 496 137
chair 0.0087 90 229 266 373
chair 0.0076 115 177 262 333
chair 0.0076 54 166 471 374
chair 0.0068 8 60 108 328
chair 0.0067 46 113 165 328
chair 0.0065 90 64 203 217
chair 0.0065 166 15 253 36
chair 0.0061 0 147 54 251
chair 0.0054 137 20 484 170
chair 0.0040 0 132 43 205
chair 0.0036 221 25 499 368
chair 0.0034 101 174 259 259
chair 0.0034 361 38 498 364
chair 0.0032 38 97 109 239
chair 0.0032 59 134 105 202
chair 0.0031 42 131 175 211
chair 0.0029 20 124 95 266
chair 0.0026 423 203 482 264
chair 0.0026 213 135 421 373
chair 0.0026 135 41 169 66
chair 0.0024 89 306 255 373
chair 0.0022 67 70 85 115
chair 0.0021 71 157 214 286
chair 0.0019 53 57 89 136
chair 0.0019 263 41 496 227
chair 0.0018 55 57 131 157
chair 0.0018 448 71 500 128
chair 0.0016 93 21 316 222
chair 0.0016 0 186 42 250
chair 0.0016 454 74 499 196
chair 0.0015 94 97 340 259
chair 0.0013 137 13 258 88
chair 0.0012 52 155 87 203
chair 0.0011 58 119 130 205
chair 0.0011 353 15 393 47
chair 0.0010 127 8 179 51
chair 0.0010 140 12 255 44
chair 0.0010 108 151 176 294
sofa 0.2544 373 43 499 204
sofa 0.0398 369 45 498 350
sofa 0.0225 137 14 404 368
sofa 0.0217 163 14 266 143
sofa 0.0162 0 336 14 373
sofa 0.0142 264 37 493 208
sofa 0.0126 423 203 482 264
sofa 0.0110 221 24 503 366
sofa 0.0108 137 20 484 170
sofa 0.0082 0 38 116 173
sofa 0.0072 390 45 471 127
sofa 0.0071 65 38 297 339
sofa 0.0037 453 75 499 197
sofa 0.0035 448 71 500 128
sofa 0.0033 2 49 115 285
sofa 0.0029 4 49 214 248
sofa 0.0028 95 55 272 249
sofa 0.0027 0 150 44 253
sofa 0.0026 0 132 43 205
sofa 0.0026 97 63 206 218
sofa 0.0015 377 118 499 209
sofa 0.0015 0 39 51 158
sofa 0.0013 84 174 256 356
sofa 0.0012 409 70 498 270
sofa 0.0011 478 79 500 208
sofa 0.0011 40 98 180 254
pottedplant 0.0037 5 30 112 157
pottedplant 0.0018 35 32 104 84
diningtable 0.0048 95 169 478 375
diningtable 0.0031 55 140 265 365
diningtable 0.0019 86 279 261 373
diningtable 0.0012 30 19 410 357
diningtable 0.0011 0 336 14 372
