person 0.0378 398 7 500 254
person 0.0044 412 156 442 211
person 0.0029 416 154 443 178
person 0.0020 417 149 499 235
person 0.0012 488 142 500 169
person 0.0012 205 -2 489 309
motorbike 0.0010 398 7 500 254
boat 0.0034 206 -2 489 311
bird 0.0020 399 -3 499 254
cat 0.0041 406 5 500 254
cat 0.0015 113 71 181 294
cat 0.0012 208 0 499 313
dog 0.6800 208 0 499 311
dog 0.3023 406 5 500 254
dog 0.0012 344 -7 489 251
horse 0.0961 404 5 500 254
horse 0.0015 206 -2 489 311
sheep 0.0065 403 -3 500 255
sheep 0.0015 206 -2 489 311
cow 0.0572 406 5 500 254
cow 0.0071 208 0 499 313
bottle 0.9075 112 69 180 298
bottle 0.0022 412 156 442 211
sofa 0.0010 206 -2 489 311
pottedplant 0.0010 482 152 500 177
diningtable 0.0029 220 257 409 330
diningtable 0.0027 -11 194 447 324
diningtable 0.0025 112 69 181 298
diningtable 0.0023 2 63 433 324
