person 0.8965 277 111 499 327
person 0.1207 443 38 498 243
person 0.0174 472 225 499 268
person 0.0108 0 143 19 203
person 0.0099 427 217 500 329
person 0.0092 467 49 499 289
person 0.0060 434 196 468 228
person 0.0059 0 140 36 325
person 0.0058 458 219 500 302
person 0.0049 438 198 500 263
person 0.0046 280 215 494 329
person 0.0040 471 187 499 264
person 0.0040 435 148 496 278
person 0.0035 0 146 9 192
person 0.0031 429 196 485 237
person 0.0029 174 165 236 199
person 0.0026 33 97 332 264
person 0.0024 474 227 500 319
person 0.0024 469 222 498 247
person 0.0022 210 89 350 159
person 0.0019 11 151 59 217
person 0.0016 449 4 497 171
person 0.0016 478 206 500 246
person 0.0015 390 136 500 325
person 0.0014 479 105 499 291
person 0.0014 0 135 47 222
person 0.0014 0 143 7 174
person 0.0013 481 175 499 251
person 0.0013 473 80 498 236
person 0.0013 420 184 475 253
person 0.0013 0 138 16 181
person 0.0011 153 150 236 204
person 0.0010 0 142 6 161
person 0.0010 289 324 324 333
person 0.0010 2 42 37 224
car 0.3126 238 157 336 261
car 0.0936 23 129 265 328
car 0.0728 217 107 339 248
car 0.0274 208 89 348 175
car 0.0201 96 109 214 147
car 0.0104 44 111 232 203
car 0.0089 99 113 157 148
car 0.0088 156 149 332 257
car 0.0072 25 71 381 296
car 0.0067 145 112 212 145
car 0.0045 268 222 325 332
car 0.0045 107 145 362 296
car 0.0037 228 153 322 221
car 0.0036 0 143 19 203
car 0.0033 261 203 359 328
car 0.0031 213 162 338 328
car 0.0029 11 151 59 217
car 0.0029 262 114 448 328
car 0.0028 30 125 76 200
car 0.0026 231 207 308 331
car 0.0026 49 202 106 226
car 0.0024 251 190 317 280
car 0.0020 0 142 8 188
car 0.0018 4 123 72 211
car 0.0018 47 146 135 208
car 0.0016 251 214 308 261
car 0.0016 0 58 273 224
car 0.0014 289 324 324 333
car 0.0013 97 115 159 177
car 0.0011 0 58 36 197
car 0.0011 35 126 74 162
car 0.0011 0 135 47 222
car 0.0011 443 38 498 243
car 0.0010 52 117 125 193
car 0.0010 48 111 100 158
motorbike 0.0014 11 151 59 217
motorbike 0.0012 24 142 259 331
bus 0.0659 221 111 341 234
bus 0.0439 236 156 336 257
bus 0.0077 21 126 260 330
bus 0.0050 208 89 348 175
bus 0.0039 25 71 381 296
bus 0.0027 442 38 498 243
bus 0.0025 97 111 217 148
bus 0.0019 32 107 244 211
bus 0.0015 150 148 332 258
bus 0.0013 98 113 156 150
train 0.0040 221 111 341 234
train 0.0027 442 38 498 243
train 0.0021 207 88 347 171
train 0.0013 24 141 259 332
boat 0.0014 221 111 341 234
boat 0.0011 21 127 260 329
bottle 0.0060 289 322 324 333
bottle 0.0030 2 42 37 224
bottle 0.0027 20 119 36 161
bottle 0.0023 72 100 105 149
bottle 0.0017 0 142 22 205
bottle 0.0011 223 5 297 95
bottle 0.0011 0 140 36 325
chair 0.0639 209 90 345 167
chair 0.0283 221 111 341 234
chair 0.0038 0 57 34 199
chair 0.0018 21 126 260 330
chair 0.0017 0 184 35 330
chair 0.0016 432 223 500 330
chair 0.0015 0 143 19 203
chair 0.0015 108 111 213 148
chair 0.0010 447 33 498 233
sofa 0.0139 209 90 345 167
sofa 0.0069 220 112 339 204
sofa 0.0019 21 127 260 329
sofa 0.0012 0 216 35 329
pottedplant 0.0024 37 39 147 135
pottedplant 0.0010 58 71 118 150
pottedplant 0.0010 85 39 155 121
diningtable 0.0056 0 184 35 330
diningtable 0.0012 -1 138 52 327
tvmonitor 0.0027 0 49 33 196
tvmonitor 0.0026 221 111 341 234
tvmonitor 0.0011 208 90 348 172
