person 0.8131 71 8 95 83
person 0.7977 40 0 77 84
person 0.7912 1 0 43 94
person 0.7689 113 0 136 76
person 0.6048 101 5 117 75
person 0.0978 172 1 202 53
person 0.0838 162 0 178 49
person 0.0286 157 0 170 44
person 0.0279 0 0 7 24
person 0.0278 2 1 40 37
person 0.0251 94 11 112 76
person 0.0207 58 5 82 79
person 0.0198 124 9 137 67
person 0.0163 471 10 500 117
person 0.0148 0 0 19 35
person 0.0145 134 0 142 11
person 0.0135 140 0 151 13
person 0.0113 29 15 55 81
person 0.0094 0 3 9 41
person 0.0092 21 9 48 88
person 0.0091 74 16 94 50
person 0.0086 104 1 116 23
person 0.0086 405 16 431 40
person 0.0083 131 0 144 15
person 0.0081 118 2 135 38
person 0.0072 67 1 84 22
person 0.0072 0 8 19 90
person 0.0071 146 0 154 14
person 0.0067 154 0 162 15
person 0.0067 83 1 101 31
person 0.0056 163 27 173 46
person 0.0053 78 5 99 50
person 0.0053 156 0 190 52
person 0.0050 1 6 32 68
person 0.0050 66 0 74 21
person 0.0048 409 53 432 96
person 0.0044 36 39 51 53
person 0.0042 401 13 434 67
person 0.0042 91 11 105 77
person 0.0040 148 -1 163 37
person 0.0040 480 43 500 124
person 0.0039 70 10 86 69
person 0.0039 33 42 50 79
person 0.0037 103 4 116 46
person 0.0035 0 8 16 50
person 0.0034 149 0 159 18
person 0.0034 107 1 131 33
person 0.0033 53 -2 75 69
person 0.0033 479 121 500 193
person 0.0030 175 17 195 51
person 0.0029 4 0 98 88
person 0.0029 105 1 114 14
person 0.0029 457 49 484 106
person 0.0029 434 3 454 57
person 0.0029 398 27 436 95
person 0.0028 379 19 396 39
person 0.0028 189 0 206 51
person 0.0028 75 1 89 21
person 0.0027 161 13 173 45
person 0.0025 136 0 144 9
person 0.0022 66 1 90 30
person 0.0022 450 0 500 110
person 0.0021 402 18 424 55
person 0.0021 435 28 448 57
person 0.0020 74 0 86 13
person 0.0020 478 164 499 193
person 0.0020 35 10 54 48
person 0.0019 97 3 111 33
person 0.0018 389 63 418 93
person 0.0018 379 19 399 50
person 0.0018 109 1 126 20
person 0.0017 386 63 406 91
person 0.0017 109 0 118 12
person 0.0017 481 1 500 33
person 0.0017 198 -2 205 41
person 0.0016 466 0 499 35
person 0.0016 155 17 164 41
person 0.0016 159 0 166 25
person 0.0016 123 0 136 9
person 0.0016 410 30 437 72
person 0.0016 403 20 421 40
person 0.0015 44 20 65 85
person 0.0015 471 27 499 201
person 0.0015 403 5 458 90
person 0.0015 158 0 165 13
person 0.0015 70 17 82 42
person 0.0014 390 70 404 90
person 0.0013 417 21 446 58
person 0.0013 488 35 500 112
person 0.0013 459 64 478 103
person 0.0013 407 45 445 98
person 0.0012 489 1 500 28
person 0.0012 440 59 475 98
person 0.0011 24 0 38 13
person 0.0011 131 0 138 8
person 0.0011 369 49 412 93
person 0.0011 0 0 5 6
person 0.0011 102 26 116 54
person 0.0011 384 73 409 96
person 0.0010 18 0 39 19
bicycle 0.0012 134 0 146 13
car 0.6894 13 41 502 309
car 0.0324 37 37 474 138
car 0.0062 133 40 388 121
car 0.0025 478 119 499 192
car 0.0022 -13 178 505 309
car 0.0018 150 39 372 86
car 0.0016 265 214 375 311
car 0.0013 362 85 498 157
car 0.0012 471 8 499 118
car 0.0011 15 41 386 213
car 0.0011 53 28 428 97
car 0.0010 171 0 202 54
motorbike 0.0024 479 121 500 192
motorbike 0.0015 -2 46 503 307
aeroplane 0.0012 -1 43 510 310
bus 0.0138 13 41 502 309
bottle 0.0010 172 1 202 53
chair 0.0013 467 2 500 116
