person 0.9030 147 196 188 290
person 0.7975 211 155 226 186
person 0.3665 147 146 157 158
person 0.2147 234 159 239 168
person 0.2030 224 144 229 154
person 0.0700 129 140 135 151
person 0.0622 90 145 96 155
person 0.0577 221 143 229 154
person 0.0415 478 162 483 177
person 0.0291 97 140 104 151
person 0.0252 89 142 102 155
person 0.0203 211 142 231 154
person 0.0195 469 159 476 169
person 0.0171 474 160 482 176
person 0.0140 206 143 225 156
person 0.0137 434 153 446 167
person 0.0123 214 155 224 164
person 0.0109 224 157 230 165
person 0.0107 107 141 116 149
person 0.0105 17 143 37 155
person 0.0104 208 149 214 157
person 0.0101 125 140 136 148
person 0.0097 231 192 258 226
person 0.0090 471 158 481 175
person 0.0083 0 141 4 148
person 0.0073 228 152 414 230
person 0.0064 95 139 102 151
person 0.0063 229 191 291 227
person 0.0062 146 150 153 158
person 0.0061 136 132 143 147
person 0.0057 211 168 224 184
person 0.0054 470 160 477 173
person 0.0053 209 152 215 160
person 0.0049 128 144 133 151
person 0.0048 225 144 232 152
person 0.0047 194 221 216 243
person 0.0045 135 141 147 153
person 0.0044 468 140 478 169
person 0.0042 491 154 500 167
person 0.0042 96 144 103 153
person 0.0041 208 157 220 185
person 0.0040 226 150 238 169
person 0.0038 243 142 248 150
person 0.0038 138 146 148 155
person 0.0038 147 140 155 150
person 0.0038 112 141 131 148
person 0.0035 216 157 232 185
person 0.0033 254 158 259 167
person 0.0033 91 139 114 153
person 0.0032 113 138 140 151
person 0.0032 150 144 160 152
person 0.0031 220 156 231 171
person 0.0030 140 135 150 147
person 0.0029 87 140 97 154
person 0.0028 231 159 238 177
person 0.0026 7 140 15 148
person 0.0025 254 157 262 167
person 0.0025 25 151 29 157
person 0.0022 204 140 222 153
person 0.0021 132 130 138 146
person 0.0020 233 156 242 169
person 0.0020 151 153 158 159
person 0.0020 311 178 328 190
person 0.0019 195 143 201 149
person 0.0017 118 194 215 292
person 0.0015 92 140 105 153
person 0.0015 467 159 474 168
person 0.0013 142 143 158 157
person 0.0013 70 116 75 125
person 0.0012 136 131 148 148
person 0.0012 257 156 272 167
person 0.0011 17 95 22 100
person 0.0011 478 170 482 176
person 0.0011 240 196 256 211
person 0.0011 491 129 500 167
person 0.0010 226 146 232 155
person 0.0010 209 181 225 187
person 0.0010 207 147 220 166
person 0.0010 0 139 6 149
bicycle 0.0386 434 153 446 167
bicycle 0.0108 393 151 404 164
bicycle 0.0011 390 152 398 163
bicycle 0.0010 396 148 408 165
bicycle 0.0010 420 152 443 166
car 0.1303 230 153 409 228
car 0.0429 491 155 500 167
car 0.0308 232 192 299 228
car 0.0214 204 140 231 152
car 0.0201 109 140 132 148
car 0.0170 12 142 40 153
car 0.0048 254 153 290 168
car 0.0047 126 140 135 150
car 0.0031 211 149 227 184
car 0.0029 230 191 266 227
car 0.0025 107 141 116 149
car 0.0017 256 155 276 167
car 0.0017 222 143 229 154
car 0.0017 206 143 226 156
car 0.0016 489 141 499 167
car 0.0013 434 153 446 167
car 0.0012 253 156 264 167
car 0.0011 91 140 118 152
motorbike 0.0252 434 153 446 167
motorbike 0.0011 420 152 443 166
aeroplane 0.0019 196 221 217 242
bus 0.0168 231 154 412 229
bus 0.0016 490 154 500 167
train 0.0019 490 154 500 167
train 0.0010 228 152 414 230
bird 0.0036 434 153 446 167
dog 0.0275 434 154 446 167
dog 0.0107 229 193 294 228
dog 0.0047 147 146 157 158
dog 0.0011 469 159 476 169
horse 0.0018 434 153 446 167
sheep 0.0013 434 153 446 167
cow 0.0143 434 154 446 167
chair 0.2295 402 149 418 163
chair 0.2049 395 150 409 164
chair 0.1023 392 148 404 164
chair 0.0217 400 146 416 157
chair 0.0172 431 152 447 167
chair 0.0154 397 145 409 157
chair 0.0119 390 153 398 163
chair 0.0107 417 151 432 164
chair 0.0073 406 147 424 163
chair 0.0070 397 155 407 164
chair 0.0062 128 140 135 150
chair 0.0047 230 192 258 227
chair 0.0046 405 155 413 164
chair 0.0040 409 154 419 164
chair 0.0038 407 144 416 155
chair 0.0033 393 144 404 158
chair 0.0031 107 141 125 148
chair 0.0030 397 140 418 168
chair 0.0023 408 134 416 147
chair 0.0023 124 139 136 149
chair 0.0019 98 140 104 150
chair 0.0019 107 141 114 149
chair 0.0017 111 141 131 149
chair 0.0016 229 192 287 227
chair 0.0015 422 152 442 166
chair 0.0014 129 137 136 149
chair 0.0011 109 139 140 150
chair 0.0011 392 141 407 168
chair 0.0011 12 142 40 153
chair 0.0010 147 146 157 158
sofa 0.0015 228 152 414 230
pottedplant 0.0028 434 153 446 167
diningtable 0.0063 406 150 420 164
diningtable 0.0054 395 150 409 164
diningtable 0.0054 396 149 417 164
diningtable 0.0015 417 151 432 164
diningtable 0.0015 112 141 131 148
