person 0.0049 371 174 399 190
person 0.0027 54 156 137 196
person 0.0027 403 176 422 188
person 0.0026 386 178 403 188
person 0.0025 432 181 454 190
person 0.0023 236 165 243 182
person 0.0015 335 181 346 189
person 0.0015 442 178 455 185
person 0.0013 421 178 433 187
person 0.0013 88 166 133 197
person 0.0012 447 176 463 182
person 0.0011 420 181 434 188
car 0.6621 400 177 421 188
car 0.6006 336 175 376 190
car 0.5632 371 175 403 189
car 0.3974 432 181 454 190
car 0.2400 56 162 134 197
car 0.2193 353 175 392 190
car 0.1928 386 178 403 188
car 0.1735 420 181 434 188
car 0.1572 149 164 204 197
car 0.0885 412 179 430 188
car 0.0699 32 163 61 182
car 0.0647 335 181 346 189
car 0.0496 424 181 446 189
car 0.0403 323 180 346 189
car 0.0399 319 181 336 188
car 0.0385 0 187 20 196
car 0.0308 452 177 467 183
car 0.0305 57 175 87 194
car 0.0284 104 160 204 197
car 0.0276 454 191 467 197
car 0.0275 476 191 496 197
car 0.0268 36 158 80 181
car 0.0260 88 166 133 197
car 0.0238 332 176 359 189
car 0.0236 440 179 457 188
car 0.0233 0 173 15 179
car 0.0214 421 178 433 187
car 0.0170 17 186 42 196
car 0.0143 320 173 347 187
car 0.0137 333 175 350 186
car 0.0133 447 176 463 182
car 0.0132 189 178 204 194
car 0.0115 31 155 101 184
car 0.0108 442 178 455 185
car 0.0106 307 168 357 188
car 0.0106 437 182 464 192
car 0.0104 24 162 52 180
car 0.0100 76 155 168 189
car 0.0097 312 183 333 188
car 0.0095 4 172 38 180
car 0.0094 4 163 37 178
car 0.0092 20 174 37 180
car 0.0085 269 181 293 187
car 0.0079 456 179 468 184
car 0.0077 2 168 31 179
car 0.0071 22 173 42 182
car 0.0068 15 166 40 179
car 0.0068 11 174 45 195
car 0.0068 0 171 36 192
car 0.0066 407 180 422 189
car 0.0066 472 178 485 183
car 0.0063 368 172 400 182
car 0.0061 475 187 500 200
car 0.0061 329 182 344 189
car 0.0059 32 170 55 183
car 0.0059 0 168 7 179
car 0.0059 103 174 133 196
car 0.0053 394 180 415 189
car 0.0052 7 161 34 172
car 0.0050 285 156 369 189
car 0.0045 0 151 5 174
car 0.0044 475 178 496 185
car 0.0043 42 164 106 194
car 0.0042 16 177 40 192
car 0.0036 54 167 81 191
car 0.0034 346 178 383 191
car 0.0034 0 155 11 174
car 0.0033 2 157 43 183
car 0.0031 420 179 451 191
car 0.0030 480 179 500 187
car 0.0029 381 173 402 181
car 0.0028 472 191 489 196
car 0.0027 367 178 390 191
car 0.0026 0 192 13 197
car 0.0025 313 181 324 188
car 0.0024 190 181 216 194
car 0.0023 163 165 200 183
car 0.0023 104 164 135 192
car 0.0023 194 175 209 184
car 0.0022 45 166 68 181
car 0.0022 405 174 426 186
car 0.0022 423 176 445 187
car 0.0021 115 174 136 193
car 0.0020 193 173 205 188
car 0.0020 88 160 119 173
car 0.0019 492 178 499 186
car 0.0019 20 175 46 188
car 0.0018 313 170 335 188
car 0.0018 331 168 381 195
car 0.0018 0 159 18 179
car 0.0018 431 180 463 195
car 0.0017 348 172 382 182
car 0.0017 174 175 207 195
car 0.0016 363 168 406 194
car 0.0016 342 179 367 190
car 0.0016 275 179 293 186
car 0.0016 20 183 53 196
car 0.0016 484 177 499 183
car 0.0015 337 170 379 184
car 0.0015 24 174 59 186
motorbike 0.0011 55 163 134 197
aeroplane 0.0018 431 180 454 190
aeroplane 0.0018 28 160 62 182
aeroplane 0.0017 32 156 83 182
aeroplane 0.0016 334 174 384 191
aeroplane 0.0014 55 162 134 197
aeroplane 0.0013 361 174 401 191
aeroplane 0.0011 72 156 192 192
aeroplane 0.0010 22 74 191 195
bus 0.0072 55 162 134 197
bus 0.0065 432 181 454 190
bus 0.0054 89 157 204 196
bus 0.0052 285 156 369 189
bus 0.0039 76 155 168 189
bus 0.0029 152 164 203 196
bus 0.0027 333 171 375 191
bus 0.0014 367 174 402 190
bus 0.0013 400 177 421 188
bus 0.0010 449 177 468 183
train 0.0027 280 159 357 187
train 0.0020 82 155 184 191
train 0.0016 333 171 375 191
train 0.0015 55 162 134 197
boat 0.0053 32 156 83 182
boat 0.0053 7 72 175 192
boat 0.0032 431 181 454 190
boat 0.0030 28 160 62 182
boat 0.0025 43 154 139 189
boat 0.0023 280 159 357 187
boat 0.0023 477 191 498 198
boat 0.0023 452 177 467 183
boat 0.0022 421 182 433 188
boat 0.0019 455 191 467 197
boat 0.0015 92 36 423 210
boat 0.0013 184 39 254 149
boat 0.0013 333 171 375 191
boat 0.0011 367 174 402 190
boat 0.0011 400 177 421 188
boat 0.0010 320 182 335 188
boat 0.0010 274 182 293 188
chair 0.0016 56 161 135 198
pottedplant 0.0010 0 26 66 179
