person 0.8145 0 169 83 281
person 0.7834 384 64 420 135
person 0.7584 316 64 340 98
person 0.7334 0 57 78 246
person 0.7083 337 75 357 109
person 0.6983 464 59 500 191
person 0.6787 426 74 454 143
person 0.6046 0 67 28 104
person 0.5059 449 80 470 144
person 0.4090 386 61 406 105
person 0.3291 358 78 380 112
person 0.2813 367 82 389 107
person 0.2258 348 76 371 113
person 0.1466 5 67 29 87
person 0.1364 454 76 483 152
person 0.1293 376 82 388 102
person 0.1200 378 75 395 111
person 0.0924 423 82 434 92
person 0.0908 0 161 4 179
person 0.0884 457 79 474 127
person 0.0857 380 68 398 132
person 0.0730 481 89 500 205
person 0.0668 418 81 430 94
person 0.0521 0 74 14 102
person 0.0498 460 80 472 97
person 0.0494 439 75 456 106
person 0.0469 0 67 18 85
person 0.0415 0 253 89 331
person 0.0376 408 65 425 126
person 0.0370 420 79 434 99
person 0.0344 2 56 65 159
person 0.0332 48 50 109 72
person 0.0331 0 72 12 91
person 0.0326 418 79 447 126
person 0.0296 390 61 406 86
person 0.0293 67 62 95 72
person 0.0287 48 78 60 97
person 0.0285 433 87 451 113
person 0.0282 414 80 428 105
person 0.0255 452 80 466 108
person 0.0253 370 84 391 121
person 0.0253 0 67 26 144
person 0.0229 64 59 102 117
person 0.0226 411 73 424 102
person 0.0221 139 236 180 260
person 0.0211 46 63 63 135
person 0.0204 427 81 437 90
person 0.0189 359 75 373 93
person 0.0181 475 97 498 124
person 0.0177 72 75 113 114
person 0.0174 40 55 97 145
person 0.0174 44 69 59 101
person 0.0168 31 63 93 247
person 0.0159 342 73 383 115
person 0.0146 340 75 358 92
person 0.0145 -1 166 43 270
person 0.0139 341 78 363 114
person 0.0132 0 68 10 83
person 0.0131 0 160 9 208
person 0.0125 32 55 67 144
person 0.0122 68 71 148 134
person 0.0118 435 78 449 105
person 0.0108 401 62 421 117
person 0.0108 414 92 431 126
person 0.0101 37 60 62 108
person 0.0100 487 106 499 125
person 0.0098 415 85 435 117
person 0.0097 56 46 105 85
person 0.0097 465 77 475 91
person 0.0095 407 70 422 96
person 0.0095 461 77 474 107
person 0.0092 480 98 499 115
person 0.0091 360 87 384 118
person 0.0091 0 75 21 185
person 0.0089 324 64 339 85
person 0.0089 0 214 12 257
person 0.0089 113 233 177 259
person 0.0089 310 64 353 106
person 0.0081 47 100 64 154
person 0.0079 29 64 39 76
person 0.0077 71 62 101 94
person 0.0075 374 86 412 132
person 0.0074 425 83 439 104
person 0.0073 466 82 500 152
person 0.0073 485 121 500 191
person 0.0071 50 75 59 92
person 0.0071 -5 179 67 343
person 0.0070 40 90 58 140
person 0.0070 52 95 63 129
person 0.0070 430 74 459 119
person 0.0069 327 67 343 89
person 0.0067 82 64 95 71
person 0.0065 374 82 383 91
person 0.0063 453 104 469 142
person 0.0062 228 86 290 131
person 0.0061 107 90 153 135
person 0.0061 50 79 61 105
person 0.0060 0 184 16 264
person 0.0057 442 83 461 118
person 0.0057 331 68 349 99
bicycle 0.0126 363 106 388 122
bicycle 0.0057 370 84 391 121
bicycle 0.0030 359 82 381 118
bicycle 0.0019 361 94 388 121
bicycle 0.0012 366 107 393 130
car 0.3959 16 51 499 317
car 0.0473 417 94 435 112
car 0.0353 426 73 453 143
car 0.0208 414 92 431 126
car 0.0190 419 81 444 121
car 0.0125 384 64 420 135
car 0.0062 420 82 435 99
car 0.0046 423 90 442 113
car 0.0044 0 68 10 83
car 0.0036 24 42 450 170
car 0.0029 414 79 428 105
car 0.0026 488 17 500 41
car 0.0024 463 58 499 187
car 0.0023 426 95 445 119
car 0.0020 51 0 66 8
car 0.0020 485 4 499 16
car 0.0017 474 0 499 16
car 0.0017 362 105 388 121
car 0.0017 425 83 439 104
car 0.0016 9 52 260 255
car 0.0015 317 67 343 102
car 0.0014 67 70 148 136
car 0.0014 225 84 294 132
car 0.0013 419 105 436 125
car 0.0013 46 47 110 72
car 0.0013 67 62 95 72
car 0.0013 490 23 500 35
car 0.0012 342 76 377 113
car 0.0012 176 81 326 132
car 0.0012 359 81 381 118
car 0.0010 368 84 390 121
car 0.0010 490 7 500 18
motorbike 0.0224 359 81 381 118
motorbike 0.0194 368 84 390 121
motorbike 0.0184 362 105 388 121
motorbike 0.0102 8 31 502 296
motorbike 0.0047 384 63 419 136
motorbike 0.0047 342 76 377 113
motorbike 0.0044 362 103 391 132
motorbike 0.0031 359 95 384 126
motorbike 0.0029 0 252 88 332
motorbike 0.0027 374 86 412 132
motorbike 0.0010 417 94 435 112
aeroplane 0.0013 16 51 499 317
bus 0.0030 14 58 493 319
dog 0.0022 466 56 500 193
dog 0.0021 486 106 499 125
dog 0.0013 480 100 499 122
bottle 0.0055 480 99 496 117
bottle 0.0047 490 102 500 122
bottle 0.0042 466 59 500 164
bottle 0.0028 475 97 498 124
bottle 0.0011 0 170 85 271
chair 0.0117 0 253 89 331
chair 0.0055 112 102 151 133
chair 0.0028 0 217 11 257
chair 0.0018 0 161 4 179
chair 0.0018 0 169 83 281
chair 0.0016 364 106 388 122
chair 0.0015 0 68 10 83
chair 0.0013 81 84 189 163
chair 0.0012 0 176 51 309
chair 0.0011 85 90 155 136
sofa 0.0049 0 253 88 331
tvmonitor 0.0688 48 47 108 71
tvmonitor 0.0152 46 49 105 116
tvmonitor 0.0047 67 70 148 136
tvmonitor 0.0033 42 54 133 142
tvmonitor 0.0030 61 54 102 71
tvmonitor 0.0027 0 65 28 103
tvmonitor 0.0022 42 57 106 76
tvmonitor 0.0022 276 37 331 81
tvmonitor 0.0021 0 68 11 83
tvmonitor 0.0017 -5 259 86 326
tvmonitor 0.0015 5 46 112 77
tvmonitor 0.0014 0 67 19 86
tvmonitor 0.0010 40 60 65 100
tvmonitor 0.0010 420 43 459 85
