person 0.0032 95 123 136 241
person 0.0021 237 -9 369 297
person 0.0019 197 187 281 342
person 0.0017 75 170 293 500
person 0.0012 32 368 194 499
person 0.0011 146 263 217 308
bicycle 0.0014 97 252 133 309
car 0.0013 146 262 218 309
bird 0.0031 117 184 147 217
bird 0.0011 151 264 181 285
cat 0.8992 144 177 223 268
cat 0.1305 118 184 147 217
cat 0.0207 134 182 280 275
cat 0.0144 196 185 271 274
cat 0.0094 98 253 133 308
cat 0.0073 117 180 158 239
cat 0.0053 95 123 136 241
cat 0.0048 151 264 181 285
cat 0.0035 100 169 138 237
cat 0.0031 147 261 216 306
cat 0.0028 159 167 303 497
cat 0.0024 107 139 149 233
cat 0.0024 125 151 281 356
cat 0.0018 197 188 281 341
cat 0.0015 130 177 208 236
cat 0.0011 66 176 274 501
dog 0.0073 147 177 223 268
dog 0.0015 123 185 147 217
bottle 0.0107 117 184 147 217
bottle 0.0025 95 123 136 241
bottle 0.0020 101 485 108 500
bottle 0.0015 187 265 205 279
chair 0.4674 190 185 308 459
chair 0.3383 34 368 193 499
chair 0.2227 197 189 273 273
chair 0.2048 34 310 277 502
chair 0.2041 197 187 281 342
chair 0.1105 265 292 306 462
chair 0.0811 75 170 293 500
chair 0.0501 144 176 224 269
chair 0.0353 146 263 217 308
chair 0.0213 237 240 308 479
chair 0.0124 153 187 279 293
chair 0.0108 125 151 281 356
chair 0.0074 151 264 181 285
chair 0.0066 41 418 287 499
chair 0.0062 225 162 352 472
chair 0.0051 179 463 280 499
chair 0.0047 127 272 233 317
chair 0.0043 164 263 298 500
chair 0.0033 361 179 374 288
chair 0.0017 267 305 306 350
chair 0.0017 268 262 304 381
chair 0.0016 124 460 242 499
chair 0.0016 62 235 273 389
chair 0.0015 263 210 376 497
chair 0.0015 97 253 133 309
chair 0.0010 76 66 293 333
sofa 0.0071 132 183 288 297
sofa 0.0061 146 263 217 308
sofa 0.0043 179 179 292 467
sofa 0.0018 75 170 293 500
sofa 0.0014 33 368 274 499
sofa 0.0010 194 193 283 365
sofa 0.0010 147 178 223 268
pottedplant 0.7761 94 124 135 242
pottedplant 0.1542 119 183 147 217
pottedplant 0.1317 98 172 128 240
pottedplant 0.0112 107 139 149 233
pottedplant 0.0100 98 211 125 243
pottedplant 0.0072 97 253 133 307
pottedplant 0.0062 4 5 98 341
pottedplant 0.0060 146 262 218 309
pottedplant 0.0044 105 176 139 230
pottedplant 0.0038 40 36 107 327
pottedplant 0.0031 117 180 158 239
pottedplant 0.0023 147 177 223 268
pottedplant 0.0022 60 117 147 249
pottedplant 0.0020 184 170 310 481
pottedplant 0.0018 115 167 145 203
pottedplant 0.0016 93 148 126 290
pottedplant 0.0015 128 170 276 342
pottedplant 0.0015 99 198 127 234
pottedplant 0.0014 75 156 127 254
pottedplant 0.0014 151 264 181 285
pottedplant 0.0010 71 107 210 264
diningtable 0.3897 65 236 277 496
diningtable 0.0464 146 263 216 308
diningtable 0.0242 264 293 306 461
diningtable 0.0124 179 463 280 499
diningtable 0.0120 127 272 233 317
diningtable 0.0100 225 272 310 481
diningtable 0.0066 62 208 288 375
diningtable 0.0053 132 183 288 297
diningtable 0.0049 184 170 310 481
diningtable 0.0042 197 187 281 342
diningtable 0.0033 146 264 181 292
diningtable 0.0033 144 177 223 268
diningtable 0.0023 129 455 266 499
diningtable 0.0023 265 188 375 495
diningtable 0.0018 32 368 195 499
diningtable 0.0013 41 418 287 499
diningtable 0.0013 119 177 245 345
diningtable 0.0012 187 265 204 278
diningtable 0.0011 174 466 233 499
diningtable 0.0010 97 253 133 309
tvmonitor 0.0010 119 182 147 217
