person 0.8379 23 179 71 285
person 0.7725 0 181 33 286
person 0.7566 270 92 359 285
person 0.7137 21 132 202 496
person 0.5931 65 192 99 269
person 0.5385 23 113 371 503
person 0.1509 0 178 29 233
person 0.0684 328 196 349 247
person 0.0659 76 222 103 266
person 0.0557 356 271 375 307
person 0.0524 0 186 17 232
person 0.0376 68 190 97 237
person 0.0354 167 246 218 324
person 0.0264 252 104 324 276
person 0.0209 3 180 27 212
person 0.0188 82 233 106 262
person 0.0185 0 192 11 226
person 0.0174 0 307 32 417
person 0.0154 262 150 316 260
person 0.0147 329 195 367 263
person 0.0143 269 179 348 298
person 0.0140 201 90 375 500
person 0.0126 274 137 312 231
person 0.0109 0 182 17 211
person 0.0108 274 169 311 213
person 0.0107 43 171 152 341
person 0.0098 246 106 295 235
person 0.0097 266 152 372 349
person 0.0090 24 250 69 287
person 0.0088 339 257 374 285
person 0.0086 311 188 349 236
person 0.0086 318 173 359 264
person 0.0085 262 175 306 236
person 0.0082 320 198 343 246
person 0.0074 181 263 211 305
person 0.0066 77 221 99 246
person 0.0064 77 194 97 224
person 0.0061 331 198 349 227
person 0.0054 83 201 100 255
person 0.0049 0 200 9 237
person 0.0049 261 177 283 230
person 0.0047 0 189 9 209
person 0.0046 62 142 149 275
person 0.0046 0 284 31 324
person 0.0045 10 274 127 507
person 0.0045 152 89 359 316
person 0.0038 342 192 365 253
person 0.0036 5 245 91 446
person 0.0035 331 203 353 273
person 0.0032 18 282 70 452
person 0.0030 328 260 374 498
person 0.0029 334 208 347 254
person 0.0028 1 233 32 292
person 0.0028 331 446 373 499
person 0.0028 60 184 91 246
person 0.0027 310 96 370 295
person 0.0027 367 224 375 263
person 0.0025 27 189 37 209
person 0.0025 6 179 28 193
person 0.0024 179 260 211 344
person 0.0024 67 177 92 218
person 0.0024 353 197 374 265
person 0.0023 70 151 99 245
person 0.0023 25 187 33 207
person 0.0022 90 239 108 263
person 0.0022 8 186 30 218
person 0.0021 24 177 65 237
person 0.0020 232 144 348 316
person 0.0020 324 171 373 415
person 0.0019 20 232 69 313
person 0.0019 -1 281 50 431
person 0.0019 68 402 117 459
person 0.0018 41 280 190 499
person 0.0016 335 248 374 314
person 0.0016 35 345 129 489
person 0.0015 63 224 96 275
person 0.0015 323 154 357 237
person 0.0014 336 212 372 276
person 0.0014 85 194 99 235
person 0.0014 207 95 311 296
person 0.0014 86 217 99 238
person 0.0014 279 90 362 201
person 0.0013 2 179 101 393
person 0.0013 61 217 82 272
person 0.0013 0 254 24 287
person 0.0013 78 236 96 265
person 0.0013 7 186 40 265
person 0.0012 339 152 371 270
person 0.0012 28 181 51 213
person 0.0012 75 207 98 236
person 0.0011 70 191 90 216
person 0.0011 1 199 26 228
person 0.0011 366 196 376 260
person 0.0011 -2 187 6 230
person 0.0011 1 203 56 297
person 0.0011 180 226 213 382
person 0.0010 71 166 95 207
person 0.0010 0 304 83 499
person 0.0010 145 87 274 285
person 0.0010 18 164 124 284
bottle 0.0193 331 200 348 251
bottle 0.0128 335 220 345 257
bottle 0.0041 339 234 354 262
bottle 0.0036 72 414 116 498
bottle 0.0031 336 218 350 263
bottle 0.0030 337 229 349 252
bottle 0.0025 336 230 343 250
bottle 0.0021 326 206 347 272
bottle 0.0021 339 195 371 262
bottle 0.0012 357 271 374 305
bottle 0.0010 178 261 212 306
chair 0.0879 0 287 31 419
chair 0.0554 23 255 67 288
chair 0.0335 0 191 33 291
chair 0.0230 356 271 375 307
chair 0.0203 0 254 25 287
chair 0.0202 0 284 31 324
chair 0.0184 339 257 374 285
chair 0.0101 1 307 52 497
chair 0.0082 65 202 97 276
chair 0.0079 24 201 71 290
chair 0.0066 17 258 47 289
chair 0.0059 20 232 69 313
chair 0.0055 2 284 98 500
chair 0.0055 10 255 33 288
chair 0.0051 18 282 70 452
chair 0.0041 347 258 375 274
chair 0.0039 329 197 349 252
chair 0.0037 1 404 27 426
chair 0.0035 0 256 6 285
chair 0.0034 19 262 32 288
chair 0.0028 0 346 32 472
chair 0.0022 28 236 76 283
chair 0.0021 49 253 79 278
chair 0.0021 178 261 212 306
chair 0.0021 331 205 352 271
chair 0.0020 0 405 54 499
chair 0.0019 2 388 35 433
chair 0.0019 56 233 86 273
chair 0.0019 329 195 367 263
chair 0.0018 336 212 372 276
chair 0.0015 57 253 73 274
chair 0.0015 163 235 194 265
chair 0.0014 334 208 347 254
chair 0.0012 27 261 54 289
chair 0.0011 340 264 358 286
chair 0.0011 335 237 358 272
chair 0.0011 81 233 102 263
chair 0.0011 343 265 353 285
chair 0.0011 365 257 375 270
chair 0.0011 0 282 9 289
chair 0.0010 338 233 354 263
chair 0.0010 36 255 64 280
chair 0.0010 63 250 77 271
sofa 0.0327 0 287 31 419
sofa 0.0018 3 285 101 501
sofa 0.0013 1 307 52 497
diningtable 0.1424 340 257 375 283
diningtable 0.1394 0 285 32 417
diningtable 0.1024 0 284 33 325
diningtable 0.1014 0 405 53 499
diningtable 0.0467 356 271 375 307
diningtable 0.0204 67 403 117 499
diningtable 0.0175 1 404 105 499
diningtable 0.0116 337 255 373 269
diningtable 0.0097 347 258 375 274
diningtable 0.0093 336 243 374 300
diningtable 0.0084 329 195 367 263
diningtable 0.0068 348 262 374 291
diningtable 0.0066 334 236 360 273
diningtable 0.0059 337 252 358 266
diningtable 0.0040 0 285 32 302
diningtable 0.0034 271 210 373 291
diningtable 0.0033 331 205 352 271
diningtable 0.0033 337 255 361 276
diningtable 0.0030 24 256 65 288
diningtable 0.0029 337 239 355 265
diningtable 0.0029 339 257 364 266
diningtable 0.0028 352 258 375 268
diningtable 0.0028 262 106 376 482
diningtable 0.0027 1 307 52 497
diningtable 0.0026 266 152 372 349
diningtable 0.0025 0 237 53 397
diningtable 0.0024 336 212 372 276
diningtable 0.0021 0 191 33 291
diningtable 0.0021 5 245 91 446
diningtable 0.0020 0 255 30 288
diningtable 0.0018 364 257 375 270
diningtable 0.0018 335 219 345 258
diningtable 0.0017 345 266 375 316
diningtable 0.0015 11 284 127 500
diningtable 0.0015 324 171 373 415
diningtable 0.0015 0 281 8 295
diningtable 0.0015 340 236 375 271
diningtable 0.0011 368 256 374 265
diningtable 0.0011 2 282 43 309
diningtable 0.0010 1 404 27 426
diningtable 0.0010 0 402 50 456
diningtable 0.0010 3 81 369 496
diningtable 0.0010 0 282 21 299
diningtable 0.0010 -1 267 48 327
