person 0.9224 161 35 360 328
person 0.5755 125 0 189 27
person 0.4169 99 0 134 19
person 0.3310 360 11 428 56
person 0.2986 185 0 239 34
person 0.2732 43 0 88 13
person 0.2480 233 0 273 35
person 0.1725 257 0 370 49
person 0.0773 139 0 225 29
person 0.0618 73 0 112 15
person 0.0446 98 0 156 24
person 0.0335 21 0 78 12
person 0.0319 65 0 96 15
person 0.0317 203 0 273 39
person 0.0263 467 1 499 65
person 0.0237 123 1 164 24
person 0.0194 42 0 69 11
person 0.0101 85 1 122 18
person 0.0083 154 0 196 29
person 0.0069 7 0 48 8
person 0.0055 257 -3 441 65
person 0.0050 429 0 497 65
person 0.0038 320 0 428 52
person 0.0037 15 0 39 5
person 0.0035 4 0 29 4
person 0.0029 235 0 322 41
person 0.0025 118 0 198 46
person 0.0024 61 -1 128 25
person 0.0023 41 -3 91 25
person 0.0022 475 26 499 67
person 0.0022 379 4 447 59
person 0.0021 73 0 92 12
person 0.0018 80 0 102 13
person 0.0017 21 0 44 7
person 0.0017 91 1 132 28
person 0.0014 358 2 402 52
person 0.0013 0 0 31 10
person 0.0013 380 16 402 50
person 0.0012 143 24 272 324
person 0.0011 317 0 370 52
person 0.0010 37 0 60 8
person 0.0010 171 0 194 27
bicycle 0.7119 107 168 373 331
bicycle 0.0379 164 34 359 329
bicycle 0.0097 208 221 377 332
bicycle 0.0017 212 220 239 277
bicycle 0.0017 189 172 269 304
bicycle 0.0014 211 195 247 302
boat 0.0012 112 153 378 330
bottle 0.0072 214 208 247 290
bottle 0.0031 107 168 372 331
bottle 0.0030 215 231 239 262
bottle 0.0018 189 172 269 304
bottle 0.0012 202 198 257 282
bottle 0.0011 223 251 243 284
bottle 0.0010 219 234 246 280
chair 0.0053 185 0 239 35
