person 0.0285 294 110 330 157
person 0.0135 170 106 209 139
person 0.0132 256 114 320 152
person 0.0117 254 116 291 150
person 0.0028 282 115 313 148
person 0.0027 265 119 303 151
person 0.0021 68 75 394 277
person 0.0019 165 110 190 139
person 0.0017 235 111 280 146
person 0.0012 148 97 269 148
person 0.0011 297 109 321 132
person 0.0011 306 120 331 155
person 0.0010 176 114 226 141
car 0.8343 67 76 394 279
car 0.0010 258 115 313 154
motorbike 0.0061 68 75 394 277
bus 0.0182 67 75 395 275
dog 0.0018 169 107 211 138
