person 0.0293 80 117 114 142
person 0.0055 427 287 464 358
person 0.0036 -2 242 159 370
person 0.0033 70 117 122 169
person 0.0023 464 69 499 152
person 0.0019 67 114 146 186
person 0.0016 98 122 112 140
person 0.0016 251 265 315 306
person 0.0014 431 291 499 371
person 0.0013 413 273 470 351
person 0.0012 479 187 499 209
person 0.0012 193 226 230 249
person 0.0010 169 238 202 252
bicycle 0.0012 402 278 466 353
car 0.0157 405 281 466 354
car 0.0052 422 274 491 352
car 0.0024 431 278 470 339
car 0.0014 214 341 253 365
car 0.0013 407 296 440 333
car 0.0011 408 214 496 379
car 0.0011 197 331 227 346
motorbike 0.0013 419 282 465 355
bird 0.0016 197 226 227 245
cat 0.0743 197 227 230 246
cat 0.0026 167 238 204 252
cat 0.0012 167 223 209 245
cat 0.0011 195 225 240 252
cat 0.0011 251 265 315 306
cat 0.0010 132 184 286 314
dog 0.0198 195 223 228 249
dog 0.0012 251 266 313 310
dog 0.0010 169 238 202 252
bottle 0.0064 280 176 292 191
bottle 0.0051 247 325 270 353
bottle 0.0022 237 160 261 188
bottle 0.0022 416 115 433 139
bottle 0.0022 405 112 431 138
bottle 0.0018 339 110 363 134
bottle 0.0017 332 97 383 135
bottle 0.0013 398 110 416 138
bottle 0.0013 248 326 269 339
bottle 0.0011 228 329 249 345
bottle 0.0010 251 265 315 306
chair 0.4360 276 189 341 274
chair 0.0167 235 189 336 253
chair 0.0108 120 259 196 318
chair 0.0082 402 278 466 353
chair 0.0078 250 267 314 310
chair 0.0050 277 223 335 302
chair 0.0038 0 252 141 372
chair 0.0036 403 280 435 304
chair 0.0031 16 213 295 365
chair 0.0031 404 287 438 331
chair 0.0030 237 182 298 241
chair 0.0029 192 227 230 249
chair 0.0029 238 166 265 190
chair 0.0025 126 277 186 331
chair 0.0024 293 191 341 240
chair 0.0015 143 318 198 342
chair 0.0015 380 194 497 362
chair 0.0014 289 231 317 256
chair 0.0014 421 271 492 355
chair 0.0013 427 287 464 358
chair 0.0012 110 185 277 317
chair 0.0012 248 326 269 354
chair 0.0011 258 210 317 269
chair 0.0011 0 179 287 290
chair 0.0010 169 241 201 252
chair 0.0010 0 150 17 199
chair 0.0010 141 319 174 337
chair 0.0010 286 197 322 264
sofa 0.7006 2 178 288 329
sofa 0.0258 -1 238 158 371
sofa 0.0245 274 190 342 289
sofa 0.0211 4 281 372 376
sofa 0.0111 239 193 305 250
sofa 0.0102 169 238 202 252
sofa 0.0060 120 259 196 318
sofa 0.0057 128 214 255 279
sofa 0.0049 143 318 198 342
sofa 0.0035 1 269 101 372
sofa 0.0032 402 278 466 353
sofa 0.0024 195 223 228 249
sofa 0.0019 197 331 227 346
sofa 0.0019 0 245 124 328
sofa 0.0018 55 253 293 352
sofa 0.0017 0 180 237 259
sofa 0.0015 250 267 314 310
sofa 0.0015 114 207 280 322
sofa 0.0014 132 334 204 369
sofa 0.0013 232 185 332 266
sofa 0.0013 94 305 478 370
sofa 0.0011 143 321 183 336
sofa 0.0011 60 304 260 373
sofa 0.0010 167 223 209 245
pottedplant 0.8132 331 70 388 136
pottedplant 0.3675 463 60 499 149
pottedplant 0.2875 238 165 260 191
pottedplant 0.0308 469 118 499 148
pottedplant 0.0280 382 107 409 137
pottedplant 0.0245 355 106 422 137
pottedplant 0.0225 388 109 402 136
pottedplant 0.0205 376 108 396 136
pottedplant 0.0182 484 117 500 150
pottedplant 0.0169 334 102 372 134
pottedplant 0.0169 384 109 436 138
pottedplant 0.0167 339 110 363 134
pottedplant 0.0130 2 257 154 372
pottedplant 0.0112 334 79 431 143
pottedplant 0.0110 241 154 268 190
pottedplant 0.0094 440 44 498 130
pottedplant 0.0081 416 114 434 139
pottedplant 0.0077 463 100 499 164
pottedplant 0.0073 459 125 491 145
pottedplant 0.0058 351 112 378 133
pottedplant 0.0054 239 163 256 177
pottedplant 0.0054 234 169 291 240
pottedplant 0.0050 234 150 275 196
pottedplant 0.0047 346 107 417 171
pottedplant 0.0046 367 107 389 136
pottedplant 0.0042 354 96 456 145
pottedplant 0.0038 400 110 418 138
pottedplant 0.0035 475 84 500 154
pottedplant 0.0030 2 207 288 371
pottedplant 0.0027 208 159 221 179
pottedplant 0.0027 357 80 408 138
pottedplant 0.0025 442 128 463 143
pottedplant 0.0025 426 115 439 139
pottedplant 0.0022 489 126 499 162
pottedplant 0.0022 417 57 501 151
pottedplant 0.0021 479 123 500 175
pottedplant 0.0018 71 273 162 370
pottedplant 0.0017 336 110 348 133
pottedplant 0.0016 462 127 480 147
pottedplant 0.0015 463 61 494 99
pottedplant 0.0014 405 112 431 138
pottedplant 0.0014 348 98 393 134
pottedplant 0.0014 336 111 484 183
pottedplant 0.0014 341 125 391 188
pottedplant 0.0013 402 278 466 352
pottedplant 0.0012 488 90 500 154
pottedplant 0.0012 250 179 283 195
pottedplant 0.0012 412 87 472 147
pottedplant 0.0012 458 127 474 144
pottedplant 0.0010 184 89 198 111
pottedplant 0.0010 372 85 493 160
pottedplant 0.0010 337 100 381 178
diningtable 0.0531 93 316 328 373
diningtable 0.0343 38 295 391 373
diningtable 0.0273 206 343 255 369
diningtable 0.0134 238 166 265 190
diningtable 0.0133 247 326 271 354
diningtable 0.0110 213 323 274 349
diningtable 0.0095 237 182 298 242
diningtable 0.0094 256 184 280 193
diningtable 0.0088 244 188 335 256
diningtable 0.0086 196 329 228 350
diningtable 0.0077 227 329 250 344
diningtable 0.0075 241 181 293 201
diningtable 0.0063 249 339 276 371
diningtable 0.0054 181 310 377 364
diningtable 0.0049 239 325 301 370
diningtable 0.0043 280 176 292 191
diningtable 0.0039 240 173 261 193
diningtable 0.0038 251 356 281 374
diningtable 0.0034 142 318 200 341
diningtable 0.0030 162 343 210 371
diningtable 0.0030 239 174 295 214
diningtable 0.0024 244 186 289 197
diningtable 0.0021 402 278 466 352
diningtable 0.0021 343 176 498 331
diningtable 0.0018 194 334 267 375
diningtable 0.0013 250 320 313 359
diningtable 0.0013 251 266 313 311
diningtable 0.0013 83 263 383 351
tvmonitor 0.3077 42 22 145 117
tvmonitor 0.2277 79 116 113 143
tvmonitor 0.1711 67 115 134 169
tvmonitor 0.1616 51 113 147 193
tvmonitor 0.1211 0 118 16 192
tvmonitor 0.0749 0 137 11 184
tvmonitor 0.0652 0 150 7 168
tvmonitor 0.0433 0 20 11 116
tvmonitor 0.0145 78 113 116 163
tvmonitor 0.0066 0 150 17 199
tvmonitor 0.0058 440 44 498 130
tvmonitor 0.0053 463 60 499 149
tvmonitor 0.0038 0 152 14 174
tvmonitor 0.0035 81 115 139 146
tvmonitor 0.0030 257 129 279 154
tvmonitor 0.0022 96 118 114 140
tvmonitor 0.0016 336 166 503 319
tvmonitor 0.0016 0 115 35 202
tvmonitor 0.0016 279 176 292 191
tvmonitor 0.0016 174 113 225 181
tvmonitor 0.0015 479 188 499 209
tvmonitor 0.0013 85 124 110 149
tvmonitor 0.0012 0 118 15 157
tvmonitor 0.0012 237 155 265 190
