person 0.8786 48 11 264 326
person 0.0101 0 154 41 187
person 0.0045 1 149 29 180
person 0.0035 1 141 62 186
person 0.0023 63 157 81 188
person 0.0014 201 6 268 333
person 0.0012 27 158 67 188
person 0.0012 54 14 162 309
person 0.0010 44 222 246 324
bicycle 0.1742 45 223 241 327
bicycle 0.0126 56 178 295 303
bicycle 0.0098 104 251 223 331
bicycle 0.0027 36 210 266 277
bicycle 0.0020 139 225 264 328
bicycle 0.0017 168 240 231 325
car 0.0058 4 156 72 188
car 0.0020 0 144 46 185
car 0.0011 30 150 82 189
motorbike 0.0027 42 239 235 329
chair 0.0515 31 157 72 189
chair 0.0273 3 156 60 188
chair 0.0226 21 144 65 187
chair 0.0203 59 158 87 189
chair 0.0104 63 138 93 177
chair 0.0064 32 157 55 184
chair 0.0041 0 148 36 184
chair 0.0039 25 139 62 169
chair 0.0037 219 29 276 65
chair 0.0033 63 157 81 177
chair 0.0032 2 136 62 175
chair 0.0025 226 71 282 101
chair 0.0017 18 164 65 190
chair 0.0016 57 125 101 198
chair 0.0015 222 14 272 32
chair 0.0014 218 3 291 53
chair 0.0012 32 140 60 160
chair 0.0011 218 0 273 29
chair 0.0011 12 157 37 182
chair 0.0010 68 157 93 184
