person 0.0448 438 316 500 374
person 0.0100 230 195 353 344
person 0.0076 397 241 500 378
person 0.0053 247 228 357 315
person 0.0019 0 252 18 330
person 0.0016 267 241 339 300
person 0.0014 444 355 499 374
person 0.0012 21 187 121 351
person 0.0010 345 102 359 136
bicycle 0.0013 41 161 73 191
bird 0.0033 230 195 353 344
bird 0.0018 260 238 344 282
bird 0.0018 206 115 222 134
bird 0.0017 249 232 355 310
bird 0.0015 46 163 72 189
cat 0.0094 205 188 361 352
cat 0.0076 239 232 368 322
cat 0.0025 443 313 499 363
cat 0.0020 267 240 343 313
cat 0.0016 0 252 18 330
cat 0.0013 267 241 338 278
cat 0.0012 241 232 345 286
dog 0.0029 0 252 18 330
dog 0.0024 239 232 368 322
dog 0.0018 205 188 361 352
dog 0.0015 440 316 500 374
bottle 0.1060 186 97 200 132
bottle 0.0199 206 115 222 134
bottle 0.0172 384 97 398 137
bottle 0.0097 213 111 222 133
bottle 0.0073 346 99 361 134
bottle 0.0040 335 100 352 134
bottle 0.0030 192 97 202 132
bottle 0.0028 337 103 346 135
bottle 0.0027 350 105 365 136
bottle 0.0020 439 316 500 375
bottle 0.0012 215 100 269 133
bottle 0.0010 230 112 262 134
chair 0.9271 21 188 122 349
chair 0.1809 438 316 499 374
chair 0.1085 0 248 17 328
chair 0.1070 107 141 166 195
chair 0.0720 140 145 166 196
chair 0.0189 441 354 500 375
chair 0.0109 397 241 500 378
chair 0.0095 107 144 152 236
chair 0.0070 153 147 167 197
chair 0.0047 147 126 185 194
chair 0.0044 0 246 14 272
chair 0.0041 122 141 168 234
chair 0.0027 148 147 166 176
chair 0.0025 104 137 166 162
chair 0.0024 107 144 141 190
chair 0.0021 324 120 338 135
chair 0.0020 0 269 17 296
chair 0.0018 0 220 15 298
chair 0.0018 141 141 166 167
chair 0.0018 396 307 465 373
chair 0.0016 0 256 14 289
chair 0.0015 106 126 169 175
chair 0.0013 138 124 174 172
chair 0.0012 330 104 348 135
chair 0.0012 146 130 167 180
chair 0.0010 458 364 500 375
chair 0.0010 153 122 176 184
sofa 0.2682 439 316 499 374
sofa 0.1387 0 250 17 328
sofa 0.0341 397 241 500 378
sofa 0.0229 21 183 119 346
sofa 0.0152 442 348 499 374
sofa 0.0052 0 249 14 296
sofa 0.0050 396 307 465 373
sofa 0.0031 0 269 17 296
sofa 0.0022 0 246 14 272
sofa 0.0011 0 282 17 306
sofa 0.0011 446 363 500 374
sofa 0.0010 464 252 500 321
pottedplant 0.7838 394 233 499 371
pottedplant 0.7214 219 101 269 134
pottedplant 0.2310 229 111 264 134
pottedplant 0.0621 438 316 500 374
pottedplant 0.0480 206 116 222 134
pottedplant 0.0286 395 292 447 372
pottedplant 0.0260 465 249 500 317
pottedplant 0.0251 234 120 257 134
pottedplant 0.0107 213 111 222 133
pottedplant 0.0070 432 243 499 321
pottedplant 0.0063 395 278 418 309
pottedplant 0.0058 395 305 496 373
pottedplant 0.0042 183 99 260 133
pottedplant 0.0035 187 97 199 132
pottedplant 0.0030 476 250 500 294
pottedplant 0.0026 446 261 500 375
pottedplant 0.0024 411 231 482 316
pottedplant 0.0020 384 271 467 372
pottedplant 0.0018 394 247 444 345
pottedplant 0.0018 0 252 18 330
pottedplant 0.0018 474 272 500 319
pottedplant 0.0018 382 98 399 138
pottedplant 0.0017 41 161 73 191
pottedplant 0.0014 415 302 448 368
pottedplant 0.0012 394 273 435 310
pottedplant 0.0010 400 325 443 373
pottedplant 0.0010 444 314 498 348
pottedplant 0.0010 333 101 364 136
diningtable 0.0374 107 141 166 195
diningtable 0.0057 0 252 18 330
diningtable 0.0055 439 316 499 374
diningtable 0.0051 444 357 499 375
diningtable 0.0034 138 140 169 195
diningtable 0.0026 21 187 122 350
diningtable 0.0026 104 137 166 156
diningtable 0.0016 452 364 499 374
diningtable 0.0015 228 117 261 133
diningtable 0.0014 395 236 499 372
diningtable 0.0013 0 248 15 301
diningtable 0.0012 107 144 152 236
diningtable 0.0011 97 137 175 226
diningtable 0.0011 106 126 169 175
tvmonitor 0.0282 205 188 361 352
tvmonitor 0.0072 226 231 355 323
tvmonitor 0.0018 440 316 500 374
