person 0.0177 254 120 267 133
person 0.0163 328 199 346 234
person 0.0028 436 31 479 124
person 0.0025 346 157 388 241
person 0.0022 208 169 280 239
person 0.0021 363 122 378 134
person 0.0021 0 227 28 263
person 0.0015 0 234 17 259
person 0.0014 195 120 205 133
person 0.0014 0 14 27 142
person 0.0012 362 125 387 157
person 0.0010 0 109 29 159
person 0.0010 110 195 232 312
bicycle 0.0020 328 199 346 234
car 0.0013 346 157 388 241
bird 0.0177 216 107 242 137
bird 0.0129 125 258 139 284
bird 0.0068 226 81 251 87
bird 0.0027 0 242 29 283
bird 0.0025 328 199 346 234
bird 0.0021 86 258 114 296
bird 0.0019 356 149 365 159
bird 0.0019 316 278 343 306
bird 0.0017 89 255 115 280
bird 0.0017 71 276 105 300
bird 0.0016 438 35 480 123
bird 0.0015 65 262 97 298
bird 0.0014 254 119 267 134
bird 0.0014 82 194 103 209
bird 0.0014 120 39 164 51
bird 0.0013 269 60 280 67
bird 0.0013 195 119 205 133
bird 0.0011 0 218 42 249
bird 0.0010 0 258 41 295
cat 0.3468 315 278 343 307
cat 0.0200 328 200 346 234
cat 0.0034 299 258 334 303
cat 0.0026 322 180 423 296
cat 0.0026 309 255 346 308
cat 0.0017 17 5 78 156
cat 0.0011 125 259 140 286
dog 0.4705 315 278 344 307
dog 0.0329 328 200 346 234
dog 0.0091 299 258 334 303
dog 0.0033 307 266 344 311
horse 0.0049 328 199 346 234
horse 0.0036 437 31 479 123
horse 0.0017 315 277 346 307
cow 0.0017 315 278 344 307
cow 0.0013 328 199 346 234
bottle 0.0414 0 109 29 159
bottle 0.0408 56 102 90 157
bottle 0.0167 0 16 25 117
bottle 0.0156 356 149 365 159
bottle 0.0137 30 100 48 157
bottle 0.0084 446 325 461 365
bottle 0.0079 190 202 196 222
bottle 0.0071 0 128 8 156
bottle 0.0054 0 54 27 161
bottle 0.0048 451 325 463 359
bottle 0.0048 367 147 381 159
bottle 0.0036 125 259 140 286
bottle 0.0035 0 60 22 109
bottle 0.0034 328 199 346 234
bottle 0.0032 0 295 14 317
bottle 0.0031 2 131 29 157
bottle 0.0029 446 325 458 345
bottle 0.0026 372 149 382 159
bottle 0.0025 11 293 48 333
bottle 0.0018 0 234 13 260
bottle 0.0016 365 130 388 159
bottle 0.0015 9 4 78 155
bottle 0.0014 369 149 377 159
bottle 0.0013 381 100 391 125
bottle 0.0013 0 335 3 358
bottle 0.0012 0 110 22 134
bottle 0.0011 1 17 22 75
bottle 0.0011 2 190 184 371
bottle 0.0011 377 149 387 159
bottle 0.0010 0 242 29 283
bottle 0.0010 0 287 9 300
bottle 0.0010 286 172 290 178
chair 0.8398 322 182 432 320
chair 0.8090 208 169 280 240
chair 0.4915 110 195 233 312
chair 0.4393 397 345 456 374
chair 0.0501 328 201 346 236
chair 0.0321 315 278 343 307
chair 0.0176 298 252 327 295
chair 0.0165 346 160 388 237
chair 0.0128 0 193 226 315
chair 0.0086 0 156 109 208
chair 0.0071 387 164 419 191
chair 0.0043 447 324 460 363
chair 0.0036 308 198 347 304
chair 0.0032 298 213 335 298
chair 0.0024 392 322 471 377
chair 0.0021 1 282 157 374
chair 0.0021 320 201 343 254
chair 0.0020 299 253 328 263
chair 0.0019 125 258 140 286
chair 0.0014 303 256 338 300
chair 0.0014 12 294 48 332
chair 0.0014 29 345 89 373
chair 0.0012 420 332 464 371
chair 0.0010 212 209 243 260
chair 0.0010 0 103 108 210
chair 0.0010 421 347 445 372
chair 0.0010 300 247 330 271
sofa 0.4466 107 196 232 312
sofa 0.2343 0 193 226 316
sofa 0.1356 209 169 280 240
sofa 0.0903 322 183 432 320
sofa 0.0095 0 156 109 208
sofa 0.0069 396 345 456 374
sofa 0.0058 346 157 388 241
sofa 0.0036 1 224 158 368
sofa 0.0020 0 103 108 210
sofa 0.0018 0 194 115 276
pottedplant 0.6064 382 77 427 123
pottedplant 0.3254 364 129 388 158
pottedplant 0.1329 125 100 210 226
pottedplant 0.0565 380 99 390 132
pottedplant 0.0398 369 81 423 158
pottedplant 0.0230 370 145 385 159
pottedplant 0.0196 216 109 243 140
pottedplant 0.0166 373 98 392 137
pottedplant 0.0102 379 91 400 126
pottedplant 0.0094 365 103 391 157
pottedplant 0.0090 355 146 365 160
pottedplant 0.0086 364 140 373 158
pottedplant 0.0064 328 199 346 234
pottedplant 0.0060 361 114 402 169
pottedplant 0.0042 446 324 459 356
pottedplant 0.0041 376 149 387 160
pottedplant 0.0041 16 3 78 155
pottedplant 0.0035 346 157 388 241
pottedplant 0.0033 370 91 375 100
pottedplant 0.0030 385 95 430 190
pottedplant 0.0028 375 130 396 159
pottedplant 0.0025 188 200 197 220
pottedplant 0.0023 190 198 206 223
pottedplant 0.0023 390 79 420 111
pottedplant 0.0022 377 112 388 134
pottedplant 0.0020 372 148 382 160
pottedplant 0.0020 437 38 478 124
pottedplant 0.0019 2 191 151 369
pottedplant 0.0017 369 117 388 141
pottedplant 0.0016 0 257 31 310
pottedplant 0.0016 373 124 389 152
pottedplant 0.0016 0 295 14 317
pottedplant 0.0014 407 73 430 112
pottedplant 0.0014 362 121 381 136
pottedplant 0.0014 382 163 422 196
pottedplant 0.0014 363 131 377 155
pottedplant 0.0013 376 98 389 122
pottedplant 0.0011 318 276 345 303
pottedplant 0.0011 396 345 456 374
pottedplant 0.0010 369 68 454 141
pottedplant 0.0010 451 325 463 364
diningtable 0.1140 -2 268 158 374
diningtable 0.0696 3 190 185 370
diningtable 0.0028 0 195 115 276
diningtable 0.0020 397 345 456 375
diningtable 0.0018 0 155 110 206
diningtable 0.0017 47 282 93 313
diningtable 0.0011 323 183 431 320
diningtable 0.0010 208 169 280 240
tvmonitor 0.6063 346 159 389 237
tvmonitor 0.0192 322 180 423 296
tvmonitor 0.0064 382 163 422 196
tvmonitor 0.0030 326 158 407 243
tvmonitor 0.0018 328 186 357 239
tvmonitor 0.0017 351 160 414 223
tvmonitor 0.0014 216 108 243 140
tvmonitor 0.0012 347 160 387 201
tvmonitor 0.0011 362 121 381 136
tvmonitor 0.0011 328 201 346 235
tvmonitor 0.0010 363 128 388 158
