person 0.0944 161 122 166 129
person 0.0461 327 149 331 155
person 0.0455 9 127 35 147
person 0.0442 50 128 58 135
person 0.0342 420 184 443 204
person 0.0266 433 180 440 189
person 0.0249 65 205 111 240
person 0.0233 132 117 143 129
person 0.0215 9 128 30 141
person 0.0184 4 129 26 147
person 0.0137 41 130 52 137
person 0.0137 0 133 15 146
person 0.0124 51 129 64 136
person 0.0108 66 131 75 139
person 0.0102 493 208 499 226
person 0.0090 120 117 135 130
person 0.0086 84 128 95 135
person 0.0079 67 130 75 135
person 0.0065 90 130 99 138
person 0.0062 78 129 92 135
person 0.0061 59 131 73 138
person 0.0060 73 130 88 138
person 0.0055 82 129 97 138
person 0.0040 431 182 445 201
person 0.0038 59 130 72 135
person 0.0037 92 132 100 138
person 0.0036 317 149 323 154
person 0.0036 74 130 86 134
person 0.0036 315 149 324 155
person 0.0035 46 135 59 142
person 0.0035 -1 135 28 149
person 0.0034 362 159 367 165
person 0.0031 40 132 53 141
person 0.0030 95 131 102 138
person 0.0029 12 135 31 148
person 0.0021 457 189 467 200
person 0.0020 59 133 71 141
person 0.0019 53 134 67 141
person 0.0018 405 192 420 201
person 0.0018 84 132 96 139
person 0.0018 419 174 438 196
person 0.0017 141 120 147 128
person 0.0017 142 125 149 131
person 0.0017 379 194 416 215
person 0.0015 135 117 142 125
person 0.0015 122 116 144 130
person 0.0015 71 133 84 140
person 0.0014 427 178 442 194
person 0.0013 77 132 91 139
person 0.0013 325 149 333 155
person 0.0011 23 130 40 139
person 0.0010 493 205 500 219
person 0.0010 395 202 415 215
person 0.0010 127 164 134 169
person 0.0010 163 122 171 128
car 0.8616 66 206 110 240
car 0.7037 378 194 415 215
car 0.6858 167 156 183 168
car 0.3057 417 187 449 205
car 0.1456 0 132 15 146
car 0.0844 3 128 35 146
car 0.0786 9 128 34 140
car 0.0721 78 129 92 135
car 0.0680 120 117 138 130
car 0.0634 0 131 11 142
car 0.0578 381 181 428 212
car 0.0530 395 202 415 215
car 0.0518 392 167 438 199
car 0.0351 77 132 91 139
car 0.0344 82 129 97 138
car 0.0339 494 207 500 226
car 0.0337 84 128 95 135
car 0.0240 132 117 143 129
car 0.0209 73 130 88 138
car 0.0203 84 132 96 139
car 0.0199 90 130 99 138
car 0.0183 41 130 52 137
car 0.0159 51 129 64 136
car 0.0156 49 128 59 136
car 0.0146 92 132 100 138
car 0.0144 59 131 73 138
car 0.0143 74 130 86 134
car 0.0132 161 122 166 129
car 0.0121 40 132 53 141
car 0.0115 66 131 75 139
car 0.0112 362 159 367 166
car 0.0108 59 133 71 141
car 0.0107 71 133 84 140
car 0.0106 0 136 11 147
car 0.0101 59 130 72 135
car 0.0097 404 192 422 201
car 0.0094 0 130 8 136
car 0.0092 53 134 67 141
car 0.0091 14 132 49 146
car 0.0081 382 192 418 204
car 0.0080 23 132 56 143
car 0.0079 414 191 437 205
car 0.0068 16 129 47 141
car 0.0059 67 130 75 135
car 0.0058 311 149 321 154
car 0.0056 327 149 331 154
car 0.0054 484 202 499 213
car 0.0052 46 135 59 142
car 0.0049 23 130 40 139
car 0.0048 23 133 42 145
car 0.0047 399 192 429 208
car 0.0046 34 133 47 142
car 0.0041 492 205 500 220
car 0.0040 219 127 225 132
car 0.0038 95 131 102 138
car 0.0037 142 127 149 131
car 0.0032 127 164 135 169
car 0.0029 256 319 269 331
car 0.0027 47 138 59 144
car 0.0027 305 148 319 154
car 0.0026 254 303 266 316
car 0.0025 174 364 195 375
car 0.0024 435 193 449 203
car 0.0024 317 149 323 154
car 0.0023 -1 135 29 149
car 0.0023 430 180 440 190
car 0.0022 9 129 27 137
car 0.0022 472 199 500 214
car 0.0021 41 138 54 145
car 0.0021 298 247 315 264
car 0.0019 132 127 145 132
car 0.0019 315 149 324 155
car 0.0018 36 129 75 143
car 0.0016 429 182 446 202
car 0.0016 54 199 117 248
car 0.0015 379 194 405 207
car 0.0015 408 176 437 199
car 0.0015 52 130 83 142
car 0.0014 74 128 95 141
car 0.0014 54 138 64 144
car 0.0013 0 138 17 152
car 0.0012 97 133 104 138
car 0.0012 457 189 467 200
car 0.0011 143 124 155 129
car 0.0011 -2 125 20 154
car 0.0010 370 165 426 218
motorbike 0.0102 161 122 166 129
motorbike 0.0043 49 128 59 136
motorbike 0.0035 51 129 65 136
motorbike 0.0034 66 205 111 240
motorbike 0.0023 82 129 97 138
motorbike 0.0023 132 117 143 129
motorbike 0.0021 66 131 75 139
motorbike 0.0017 59 131 73 138
motorbike 0.0016 120 117 134 130
motorbike 0.0014 90 130 99 138
motorbike 0.0013 493 208 499 226
motorbike 0.0013 59 133 71 141
motorbike 0.0012 84 128 95 135
motorbike 0.0010 52 134 67 142
motorbike 0.0010 73 130 88 138
aeroplane 0.0131 9 128 34 140
aeroplane 0.0114 120 117 134 130
aeroplane 0.0047 0 130 13 143
aeroplane 0.0030 48 128 59 136
aeroplane 0.0029 51 129 65 136
aeroplane 0.0024 41 130 53 137
aeroplane 0.0024 4 129 38 149
aeroplane 0.0024 40 127 70 140
aeroplane 0.0023 131 117 143 129
aeroplane 0.0021 78 129 92 135
aeroplane 0.0019 76 129 96 140
aeroplane 0.0018 391 169 432 197
aeroplane 0.0015 28 128 63 141
aeroplane 0.0014 162 121 166 128
aeroplane 0.0013 122 116 144 130
aeroplane 0.0013 84 128 95 135
aeroplane 0.0012 0 135 16 148
aeroplane 0.0011 492 205 500 220
aeroplane 0.0011 458 194 499 212
aeroplane 0.0010 59 131 73 138
bus 0.0181 120 117 135 130
bus 0.0106 0 132 15 147
bus 0.0096 9 128 36 142
bus 0.0062 391 168 432 196
bus 0.0035 122 116 144 130
bus 0.0026 494 207 500 226
bus 0.0023 132 117 143 129
bus 0.0022 418 188 448 205
bus 0.0021 167 155 182 168
bus 0.0020 0 128 33 148
bus 0.0015 379 194 415 215
bus 0.0015 66 205 110 239
bus 0.0012 77 129 93 137
bus 0.0012 396 177 441 202
train 0.0023 3 128 37 149
train 0.0023 9 128 34 140
train 0.0021 378 194 415 215
train 0.0015 120 117 135 130
train 0.0014 0 132 15 147
boat 0.0034 0 132 15 147
boat 0.0032 66 205 111 240
boat 0.0027 9 128 34 140
boat 0.0024 119 117 136 130
boat 0.0014 77 129 93 137
boat 0.0012 49 128 59 136
boat 0.0010 51 129 64 136
horse 0.0014 65 206 110 240
cow 0.0026 53 134 67 141
cow 0.0025 59 133 71 141
cow 0.0022 59 131 73 138
cow 0.0020 66 132 75 140
cow 0.0015 66 205 111 240
cow 0.0013 46 135 59 142
cow 0.0012 41 130 52 137
cow 0.0012 161 122 166 128
cow 0.0012 59 130 72 135
cow 0.0011 40 132 53 141
cow 0.0011 132 117 143 129
cow 0.0011 119 117 136 130
cow 0.0011 77 132 91 139
cow 0.0010 47 138 59 144
chair 0.0023 0 133 15 146
chair 0.0022 9 127 36 147
tvmonitor 0.0015 167 156 182 168
