person 0.8094 0 25 354 508
person 0.5053 159 355 199 395
person 0.4730 130 356 159 398
person 0.3132 203 306 231 348
person 0.2689 176 316 206 355
person 0.2371 197 338 240 397
person 0.2367 146 320 171 365
person 0.1891 179 310 230 356
person 0.1716 132 322 157 366
person 0.1520 0 250 223 493
person 0.1112 173 318 210 385
person 0.0851 129 325 162 386
person 0.0695 213 334 240 386
person 0.0433 62 234 288 435
person 0.0376 215 337 238 366
person 0.0371 176 317 196 346
person 0.0354 157 341 225 399
person 0.0327 43 285 346 485
person 0.0319 139 323 162 356
person 0.0295 142 328 166 383
person 0.0281 181 320 217 369
person 0.0280 197 349 225 393
person 0.0252 155 284 227 355
person 0.0240 194 329 209 351
person 0.0173 183 317 204 345
person 0.0148 152 319 170 345
person 0.0113 152 329 173 383
person 0.0104 135 254 243 367
person 0.0092 166 316 191 351
person 0.0077 15 403 358 499
person 0.0072 197 346 220 372
person 0.0071 199 367 242 411
person 0.0065 152 344 166 381
person 0.0064 203 304 243 363
person 0.0064 160 21 325 501
person 0.0063 157 318 180 357
person 0.0062 178 377 198 395
person 0.0060 1 38 127 481
person 0.0060 196 351 217 384
person 0.0055 152 351 182 392
person 0.0052 205 307 225 332
person 0.0048 131 354 189 398
person 0.0044 201 319 267 415
person 0.0041 133 355 156 379
person 0.0040 127 322 149 358
person 0.0040 153 315 184 375
person 0.0038 203 337 233 367
person 0.0038 189 335 216 370
person 0.0038 163 350 250 423
person 0.0035 211 334 256 398
person 0.0033 157 362 176 394
person 0.0033 169 370 198 395
person 0.0031 199 458 334 499
person 0.0030 196 359 212 391
person 0.0030 224 336 254 375
person 0.0029 159 356 190 382
person 0.0028 220 342 241 375
person 0.0028 179 331 208 358
person 0.0027 197 157 241 265
person 0.0027 196 349 216 365
person 0.0026 0 252 98 488
person 0.0025 199 327 217 351
person 0.0024 156 332 201 389
person 0.0022 171 318 186 345
person 0.0021 217 361 238 396
person 0.0021 172 277 300 480
person 0.0020 139 323 155 341
person 0.0020 239 338 256 372
person 0.0020 208 365 232 390
person 0.0019 189 312 214 347
person 0.0018 196 336 214 355
person 0.0018 130 319 336 446
person 0.0018 192 345 214 362
person 0.0017 199 364 223 401
person 0.0016 203 372 225 393
person 0.0015 143 335 163 367
person 0.0015 203 347 228 375
person 0.0014 208 323 234 353
person 0.0014 224 366 239 390
person 0.0014 168 370 222 402
person 0.0012 147 356 173 396
person 0.0012 24 455 359 500
person 0.0012 209 311 235 341
person 0.0011 236 25 362 498
person 0.0011 1 14 344 268
person 0.0010 20 207 300 367
person 0.0010 188 65 290 408
person 0.0010 -1 376 225 500
cat 0.0031 198 339 242 402
cat 0.0026 161 353 197 397
dog 0.0064 198 339 242 402
dog 0.0055 161 353 197 397
dog 0.0010 162 319 210 353
bottle 0.0029 0 57 320 489
bottle 0.0023 75 231 281 353
bottle 0.0016 118 251 233 353
bottle 0.0011 206 168 241 270
bottle 0.0010 197 338 240 396
chair 0.0038 305 303 375 500
chair 0.0030 3 460 77 499
chair 0.0030 0 287 29 327
chair 0.0014 0 471 46 499
chair 0.0014 198 457 334 499
chair 0.0014 313 288 375 413
chair 0.0013 249 282 381 502
chair 0.0010 37 152 313 447
sofa 0.0106 304 302 374 497
sofa 0.0045 0 465 70 499
sofa 0.0022 249 282 381 502
sofa 0.0020 0 303 350 502
sofa 0.0014 4 401 357 499
sofa 0.0013 261 378 378 499
sofa 0.0011 37 152 313 447
diningtable 0.0025 0 305 350 501
diningtable 0.0017 0 471 46 499
diningtable 0.0016 6 19 356 510
diningtable 0.0014 227 272 382 512
diningtable 0.0012 303 379 374 497
tvmonitor 0.0102 0 287 30 327
tvmonitor 0.0010 197 337 240 397
tvmonitor 0.0010 14 283 342 491
