person 0.0045 113 24 122 44
person 0.0028 90 102 248 207
person 0.0019 5 130 55 202
car 0.0065 12 27 472 228
car 0.0016 6 129 54 203
car 0.0012 153 2 291 105
car 0.0011 242 48 458 220
train 0.0012 32 39 482 225
train 0.0010 242 48 458 220
boat 0.0041 12 27 472 228
bird 0.0025 66 153 103 186
bird 0.0022 80 138 114 164
cat 0.0023 65 161 100 185
cat 0.0011 80 139 114 162
dog 0.0011 95 103 244 206
sheep 0.0011 66 153 103 186
bottle 0.0029 113 24 122 44
bottle 0.0014 8 128 53 205
bottle 0.0010 97 27 105 43
chair 0.0391 242 48 458 220
chair 0.0130 39 43 193 177
chair 0.0068 7 128 52 205
chair 0.0055 67 53 253 212
chair 0.0031 12 27 472 228
chair 0.0017 65 161 102 186
sofa 0.0032 12 27 472 228
sofa 0.0018 6 129 54 203
sofa 0.0011 3 83 480 347
sofa 0.0010 88 102 249 205
diningtable 0.0064 23 79 463 310
diningtable 0.0025 56 40 492 226
diningtable 0.0024 5 193 486 369
diningtable 0.0011 96 100 247 209
tvmonitor 0.4158 243 45 460 223
tvmonitor 0.2997 6 130 55 203
tvmonitor 0.0057 66 156 101 190
tvmonitor 0.0031 8 130 104 202
tvmonitor 0.0012 56 40 492 226
