person 0.0185 104 49 114 63
person 0.0159 104 49 125 64
person 0.0107 252 44 267 54
person 0.0075 288 97 352 135
person 0.0071 70 60 129 83
person 0.0071 271 39 282 50
person 0.0047 104 54 113 75
person 0.0040 220 42 238 53
person 0.0038 288 42 307 50
person 0.0038 267 39 277 49
person 0.0038 308 101 360 141
person 0.0034 233 40 243 52
person 0.0032 94 50 120 65
person 0.0031 276 37 285 49
person 0.0029 283 95 333 126
person 0.0027 76 54 136 77
person 0.0026 121 41 139 51
person 0.0022 174 39 197 57
person 0.0020 221 32 239 51
person 0.0019 325 97 353 135
person 0.0018 110 43 134 59
person 0.0018 101 64 119 83
person 0.0015 303 43 311 50
person 0.0015 265 37 289 52
person 0.0012 96 56 117 75
person 0.0012 105 46 116 57
person 0.0012 145 105 179 144
person 0.0012 332 102 367 138
person 0.0012 121 44 133 54
person 0.0011 119 29 125 44
person 0.0011 169 76 213 113
person 0.0011 42 56 52 75
person 0.0010 102 44 176 65
person 0.0010 98 71 126 83
bicycle 0.0053 72 69 129 84
bicycle 0.0016 252 44 267 54
bicycle 0.0014 67 60 120 82
bicycle 0.0013 100 71 126 84
bicycle 0.0011 103 50 127 71
car 0.6644 43 56 472 378
car 0.5405 109 43 180 65
car 0.3329 173 39 196 57
car 0.3274 218 45 236 54
car 0.2976 252 44 267 54
car 0.0713 66 61 124 83
car 0.0661 103 48 128 63
car 0.0498 219 34 238 52
car 0.0464 252 39 269 51
car 0.0444 122 42 138 52
car 0.0411 69 59 111 71
car 0.0354 112 42 151 58
car 0.0352 130 39 199 59
car 0.0265 221 30 237 42
car 0.0214 143 63 379 137
car 0.0193 104 48 116 62
car 0.0192 288 41 304 50
car 0.0168 76 60 103 68
car 0.0143 236 42 257 54
car 0.0143 117 44 139 54
car 0.0127 224 39 263 54
car 0.0121 108 43 134 59
car 0.0115 99 71 126 83
car 0.0105 69 70 113 83
car 0.0097 0 56 15 69
car 0.0094 0 55 6 71
car 0.0089 266 41 276 50
car 0.0088 214 49 240 59
car 0.0082 224 29 234 36
car 0.0080 119 42 132 51
car 0.0075 172 37 227 58
car 0.0070 128 43 175 57
car 0.0062 313 36 324 42
car 0.0059 233 40 243 52
car 0.0056 381 25 391 31
car 0.0055 83 58 109 66
car 0.0052 39 55 51 66
car 0.0051 265 37 292 52
car 0.0050 76 54 136 77
car 0.0047 290 23 405 51
car 0.0045 89 58 103 65
car 0.0044 98 45 137 67
car 0.0042 270 38 282 50
car 0.0041 101 46 169 73
car 0.0040 189 40 224 56
car 0.0040 218 32 233 41
car 0.0039 94 50 120 65
car 0.0038 201 43 213 55
car 0.0038 326 22 393 32
car 0.0038 263 89 341 128
car 0.0037 103 52 127 72
car 0.0035 120 42 162 54
car 0.0034 334 25 346 30
car 0.0033 275 41 315 53
car 0.0032 99 45 120 62
car 0.0031 34 57 50 68
car 0.0029 42 56 478 211
car 0.0029 72 61 101 81
car 0.0028 330 23 360 30
car 0.0028 37 59 110 81
car 0.0027 314 36 343 44
car 0.0026 42 57 52 71
car 0.0026 153 40 189 58
car 0.0026 238 38 253 49
car 0.0025 458 38 470 45
car 0.0024 312 23 396 37
car 0.0024 100 64 119 82
car 0.0024 207 40 223 54
car 0.0024 280 45 312 52
car 0.0024 240 40 322 55
car 0.0021 108 49 149 63
car 0.0020 101 50 113 64
car 0.0020 370 43 385 54
car 0.0020 124 46 142 60
car 0.0020 213 29 254 55
car 0.0019 0 68 15 81
car 0.0019 146 43 180 60
car 0.0018 235 46 249 54
car 0.0018 242 39 267 49
car 0.0017 276 38 288 50
car 0.0017 343 23 361 30
car 0.0017 287 32 378 49
car 0.0017 22 55 51 68
car 0.0017 5 60 15 68
car 0.0016 127 40 178 49
car 0.0016 0 64 7 78
car 0.0016 101 54 116 76
car 0.0015 117 47 164 62
car 0.0015 326 38 343 47
car 0.0015 202 43 227 57
car 0.0014 319 37 358 46
car 0.0014 179 39 206 57
car 0.0014 169 37 193 52
car 0.0014 263 47 319 55
car 0.0013 284 37 307 52
car 0.0013 326 40 370 55
car 0.0013 130 43 146 52
car 0.0012 211 34 226 50
car 0.0012 177 50 195 58
car 0.0012 118 51 135 62
motorbike 0.0063 252 44 267 54
motorbike 0.0039 71 69 133 84
motorbike 0.0038 42 52 469 385
motorbike 0.0015 99 71 126 83
motorbike 0.0012 103 50 127 71
aeroplane 0.0016 290 23 403 45
bus 0.0068 44 54 475 387
bus 0.0033 111 43 179 64
bus 0.0022 219 34 237 52
bus 0.0015 221 30 237 43
bus 0.0014 290 23 403 45
bus 0.0012 173 39 196 57
train 0.0022 292 25 399 51
train 0.0017 42 52 469 385
boat 0.0019 293 23 404 52
dog 0.0108 281 95 332 124
dog 0.0055 263 89 341 128
dog 0.0050 252 44 267 54
dog 0.0026 175 70 395 135
dog 0.0020 147 101 175 141
horse 0.0016 252 44 267 54
cow 0.0016 252 44 267 54
