bird 0.7193 226 85 322 309
bird 0.0888 129 149 265 308
bird 0.0471 205 155 265 285
bird 0.0452 0 276 8 301
bird 0.0355 176 130 291 294
bird 0.0297 150 95 318 326
bird 0.0072 328 0 430 35
bird 0.0053 0 276 9 332
bird 0.0041 219 159 261 234
bird 0.0032 25 124 297 320
bird 0.0026 0 275 23 303
bird 0.0024 203 88 293 251
bird 0.0020 327 1 447 111
bird 0.0017 299 350 342 374
bird 0.0014 244 95 356 354
bird 0.0012 418 0 500 113
bird 0.0012 238 104 319 234
bird 0.0012 0 265 39 304
bird 0.0010 0 261 10 298
