person 0.0695 435 197 500 301
person 0.0131 50 190 74 227
person 0.0124 489 281 499 319
person 0.0119 157 175 174 205
person 0.0111 22 179 44 231
person 0.0099 437 225 500 367
person 0.0068 369 200 500 358
person 0.0060 395 164 500 299
person 0.0047 442 163 500 259
person 0.0046 52 180 69 218
person 0.0043 464 270 500 316
person 0.0043 487 281 500 363
person 0.0042 54 180 65 200
person 0.0035 456 229 500 329
person 0.0035 431 320 501 372
person 0.0034 467 120 500 215
person 0.0033 0 257 8 269
person 0.0030 212 199 227 219
person 0.0027 0 268 88 374
person 0.0022 465 164 500 242
person 0.0021 0 259 47 333
person 0.0020 103 241 162 306
person 0.0019 483 226 499 313
person 0.0017 446 87 499 223
person 0.0016 482 185 499 230
person 0.0015 457 277 499 363
person 0.0015 487 218 499 259
person 0.0013 440 196 498 244
person 0.0013 54 247 100 321
person 0.0013 450 210 496 283
person 0.0013 0 256 16 272
person 0.0012 -2 205 130 266
person 0.0012 0 252 13 267
person 0.0012 492 222 499 241
person 0.0012 209 200 239 238
person 0.0011 199 208 236 270
person 0.0011 245 207 259 230
person 0.0011 155 200 186 250
person 0.0011 0 259 8 276
person 0.0011 480 323 500 374
person 0.0010 180 205 204 251
person 0.0010 322 119 499 331
person 0.0010 0 244 10 265
car 0.0012 228 222 496 356
bird 0.0030 50 194 74 226
bird 0.0014 22 185 44 230
cat 0.0017 50 193 75 226
cat 0.0014 489 282 499 318
dog 0.0014 489 281 499 319
horse 0.0020 50 193 75 226
bottle 0.0067 80 182 99 226
bottle 0.0062 245 207 259 230
bottle 0.0026 78 246 96 275
bottle 0.0019 61 240 99 298
bottle 0.0019 0 256 8 267
bottle 0.0014 79 197 92 225
bottle 0.0013 489 281 499 319
bottle 0.0012 157 175 174 204
bottle 0.0011 154 201 185 257
bottle 0.0011 23 181 43 232
bottle 0.0011 50 193 75 226
chair 0.9106 135 285 242 373
chair 0.8542 -1 268 91 374
chair 0.7843 103 242 173 373
chair 0.7409 198 208 235 269
chair 0.6025 180 205 204 252
chair 0.5781 347 284 466 373
chair 0.4875 237 224 278 265
chair 0.4440 138 204 183 260
chair 0.3679 155 199 187 252
chair 0.2925 55 252 100 323
chair 0.2821 437 320 499 373
chair 0.2295 135 207 162 255
chair 0.1733 103 241 162 306
chair 0.1396 35 231 111 322
chair 0.1167 9 264 101 324
chair 0.1013 480 323 499 374
chair 0.0922 0 262 60 333
chair 0.0851 489 324 499 373
chair 0.0806 9 260 64 304
chair 0.0769 349 283 402 373
chair 0.0695 26 271 55 333
chair 0.0693 210 200 238 238
chair 0.0516 24 265 65 292
chair 0.0469 0 256 8 267
chair 0.0459 183 207 223 263
chair 0.0455 212 199 229 225
chair 0.0431 354 226 499 373
chair 0.0422 435 209 500 370
chair 0.0386 245 208 259 230
chair 0.0366 230 211 261 259
chair 0.0359 0 253 48 292
chair 0.0359 243 225 305 271
chair 0.0350 277 205 296 235
chair 0.0349 235 235 374 357
chair 0.0340 180 205 199 232
chair 0.0336 164 202 197 245
chair 0.0335 250 226 277 252
chair 0.0318 231 221 495 358
chair 0.0298 20 268 77 342
chair 0.0254 27 266 64 279
chair 0.0253 23 255 58 269
chair 0.0250 137 208 159 238
chair 0.0243 242 212 279 247
chair 0.0237 272 202 315 247
chair 0.0225 0 250 33 270
chair 0.0223 107 297 182 370
chair 0.0222 0 252 13 267
chair 0.0219 0 262 31 343
chair 0.0216 27 296 53 330
chair 0.0212 345 281 376 374
chair 0.0210 2 222 135 273
chair 0.0197 0 257 27 275
chair 0.0191 1 217 142 319
chair 0.0191 61 240 99 298
chair 0.0186 26 260 64 275
chair 0.0179 0 244 8 264
chair 0.0176 81 246 96 275
chair 0.0173 489 281 499 319
chair 0.0172 0 257 15 272
chair 0.0166 98 228 152 284
chair 0.0163 10 319 88 374
chair 0.0159 271 223 306 268
chair 0.0154 197 207 226 250
chair 0.0149 282 282 391 370
chair 0.0149 238 231 262 267
chair 0.0145 37 249 55 264
chair 0.0117 268 204 299 263
chair 0.0115 0 242 17 265
chair 0.0114 101 207 124 223
chair 0.0114 238 213 264 241
chair 0.0112 0 303 9 365
chair 0.0112 123 209 166 295
chair 0.0107 2 251 57 270
chair 0.0106 438 199 500 295
chair 0.0105 13 257 90 285
chair 0.0104 487 286 500 372
chair 0.0101 358 290 480 341
chair 0.0100 0 274 13 361
chair 0.0099 456 229 500 329
chair 0.0098 241 288 366 355
chair 0.0098 217 208 249 239
chair 0.0098 236 224 256 242
chair 0.0092 287 199 320 235
chair 0.0092 0 259 29 292
chair 0.0089 78 182 102 224
chair 0.0083 249 229 288 262
chair 0.0083 208 210 258 270
chair 0.0078 254 215 284 242
chair 0.0071 242 217 259 238
chair 0.0070 452 299 499 364
chair 0.0070 17 268 55 299
chair 0.0070 54 245 104 277
chair 0.0069 410 281 497 377
chair 0.0068 465 271 500 316
chair 0.0066 0 259 7 276
chair 0.0062 263 208 294 245
chair 0.0061 -7 243 116 295
chair 0.0060 246 221 366 284
chair 0.0059 3 260 38 281
chair 0.0058 240 225 263 245
sofa 0.5886 232 218 492 352
sofa 0.0846 233 232 371 357
sofa 0.0194 347 284 466 373
sofa 0.0173 435 210 500 371
sofa 0.0155 135 285 242 373
sofa 0.0154 355 237 498 375
sofa 0.0140 103 241 162 306
sofa 0.0140 0 266 88 375
sofa 0.0111 101 242 172 373
sofa 0.0093 436 319 499 373
sofa 0.0085 244 92 497 359
sofa 0.0067 273 228 459 305
sofa 0.0063 241 288 366 355
sofa 0.0059 198 208 236 270
sofa 0.0058 315 205 500 299
sofa 0.0053 246 221 366 284
sofa 0.0050 243 225 305 271
sofa 0.0049 154 201 185 257
sofa 0.0049 282 282 391 370
sofa 0.0046 349 283 402 373
sofa 0.0045 54 247 100 321
sofa 0.0039 438 199 500 295
sofa 0.0035 237 225 276 266
sofa 0.0033 489 281 499 319
sofa 0.0031 225 213 401 308
sofa 0.0028 227 242 303 310
sofa 0.0028 5 226 137 311
sofa 0.0027 180 205 204 252
sofa 0.0025 135 206 179 259
sofa 0.0023 363 288 496 340
sofa 0.0022 239 262 288 293
sofa 0.0020 206 232 325 340
sofa 0.0020 0 260 48 330
sofa 0.0019 456 229 500 329
sofa 0.0015 271 228 307 272
sofa 0.0015 471 277 501 329
sofa 0.0014 0 257 9 269
sofa 0.0014 0 257 27 275
sofa 0.0014 0 253 48 292
sofa 0.0013 9 260 64 304
sofa 0.0013 26 271 55 333
sofa 0.0012 484 324 499 373
sofa 0.0011 282 200 321 236
sofa 0.0010 98 228 152 284
sofa 0.0010 272 209 415 257
sofa 0.0010 0 223 141 266
pottedplant 0.3167 267 61 498 243
pottedplant 0.0311 287 199 320 235
pottedplant 0.0248 23 181 43 232
pottedplant 0.0185 155 200 186 250
pottedplant 0.0129 80 182 97 225
pottedplant 0.0128 272 202 315 247
pottedplant 0.0117 368 80 499 248
pottedplant 0.0111 214 41 479 348
pottedplant 0.0098 50 194 76 228
pottedplant 0.0088 42 2 118 231
pottedplant 0.0058 248 68 395 234
pottedplant 0.0051 0 266 88 375
pottedplant 0.0048 103 241 162 306
pottedplant 0.0048 278 203 301 233
pottedplant 0.0046 54 247 100 321
pottedplant 0.0044 209 200 239 238
pottedplant 0.0043 283 106 323 159
pottedplant 0.0039 271 59 415 179
pottedplant 0.0038 266 131 426 261
pottedplant 0.0037 435 194 500 286
pottedplant 0.0036 278 167 323 232
pottedplant 0.0035 9 260 64 304
pottedplant 0.0035 232 217 491 353
pottedplant 0.0035 287 182 339 237
pottedplant 0.0035 0 256 9 268
pottedplant 0.0034 5 226 137 311
pottedplant 0.0031 0 247 20 269
pottedplant 0.0031 21 184 31 223
pottedplant 0.0029 272 175 492 288
pottedplant 0.0029 439 107 500 239
pottedplant 0.0028 273 84 351 177
pottedplant 0.0028 0 253 48 292
pottedplant 0.0028 52 180 69 216
pottedplant 0.0027 395 164 500 299
pottedplant 0.0027 82 155 101 216
pottedplant 0.0025 324 137 500 322
pottedplant 0.0024 273 121 316 231
pottedplant 0.0023 243 225 305 271
pottedplant 0.0023 30 192 43 224
pottedplant 0.0022 0 244 10 265
pottedplant 0.0021 260 93 328 256
pottedplant 0.0020 42 178 89 235
pottedplant 0.0020 212 199 229 225
pottedplant 0.0019 467 120 500 215
pottedplant 0.0019 101 242 172 373
pottedplant 0.0019 0 260 50 331
pottedplant 0.0019 157 175 174 203
pottedplant 0.0019 274 217 459 302
pottedplant 0.0019 32 182 42 215
pottedplant 0.0019 442 163 500 259
pottedplant 0.0018 245 207 259 230
pottedplant 0.0018 0 241 29 272
pottedplant 0.0017 273 173 308 207
pottedplant 0.0017 277 154 364 237
pottedplant 0.0017 196 207 236 268
pottedplant 0.0016 54 180 66 202
pottedplant 0.0016 348 283 453 374
pottedplant 0.0016 0 256 23 275
pottedplant 0.0016 135 205 184 260
pottedplant 0.0015 74 123 113 224
pottedplant 0.0015 272 209 415 257
pottedplant 0.0015 69 160 105 224
pottedplant 0.0014 242 202 274 239
pottedplant 0.0013 18 173 36 223
pottedplant 0.0013 13 177 66 238
pottedplant 0.0013 441 185 499 235
pottedplant 0.0013 323 208 436 248
pottedplant 0.0013 -4 212 140 271
pottedplant 0.0012 428 201 491 242
pottedplant 0.0012 58 245 100 283
pottedplant 0.0011 195 52 385 293
pottedplant 0.0011 294 205 330 237
pottedplant 0.0011 488 220 500 242
pottedplant 0.0011 453 217 500 321
pottedplant 0.0011 135 208 158 247
pottedplant 0.0011 184 143 443 313
pottedplant 0.0010 465 164 500 242
pottedplant 0.0010 281 190 376 246
pottedplant 0.0010 237 224 278 265
pottedplant 0.0010 489 281 499 319
pottedplant 0.0010 73 184 88 224
pottedplant 0.0010 234 217 259 241
diningtable 0.2324 0 222 135 275
diningtable 0.1215 24 265 64 292
diningtable 0.1156 35 231 111 322
diningtable 0.1061 9 264 101 324
diningtable 0.0939 237 225 276 266
diningtable 0.0887 55 246 100 323
diningtable 0.0727 27 266 65 279
diningtable 0.0698 20 265 65 328
diningtable 0.0615 199 210 248 269
diningtable 0.0588 3 254 63 281
diningtable 0.0561 1 217 142 319
diningtable 0.0504 5 261 63 297
diningtable 0.0458 13 257 90 285
diningtable 0.0452 0 264 89 373
diningtable 0.0410 26 260 64 275
diningtable 0.0345 11 256 61 271
diningtable 0.0309 -7 243 116 295
diningtable 0.0303 437 320 499 374
diningtable 0.0289 208 207 243 247
diningtable 0.0257 24 221 139 250
diningtable 0.0229 0 257 29 274
diningtable 0.0208 230 211 261 259
diningtable 0.0185 242 212 279 247
diningtable 0.0151 54 189 110 236
diningtable 0.0145 234 217 259 241
diningtable 0.0139 105 242 186 370
diningtable 0.0133 243 206 260 231
diningtable 0.0123 15 196 134 264
diningtable 0.0114 0 260 48 330
diningtable 0.0114 217 214 248 242
diningtable 0.0112 8 253 33 272
diningtable 0.0107 0 247 34 273
diningtable 0.0106 3 260 38 281
diningtable 0.0090 131 285 239 374
diningtable 0.0083 1 256 16 272
diningtable 0.0081 0 257 9 269
diningtable 0.0080 13 251 39 268
diningtable 0.0078 54 220 127 232
diningtable 0.0069 348 283 450 374
diningtable 0.0067 0 228 60 263
diningtable 0.0064 211 201 240 230
diningtable 0.0063 45 245 102 275
diningtable 0.0061 47 221 133 240
diningtable 0.0060 30 257 84 310
diningtable 0.0059 4 244 77 276
diningtable 0.0059 13 262 43 292
diningtable 0.0051 243 286 369 359
diningtable 0.0051 80 190 98 226
diningtable 0.0050 32 251 88 274
diningtable 0.0049 26 255 55 269
diningtable 0.0049 102 243 160 308
diningtable 0.0047 37 249 55 264
diningtable 0.0044 243 225 305 271
diningtable 0.0044 69 244 99 272
diningtable 0.0040 6 220 55 239
diningtable 0.0039 37 267 76 287
diningtable 0.0039 118 302 183 354
diningtable 0.0039 254 215 284 242
diningtable 0.0039 255 225 280 254
diningtable 0.0038 231 213 253 231
diningtable 0.0038 30 269 53 296
diningtable 0.0038 1 259 29 293
diningtable 0.0037 15 250 52 264
diningtable 0.0037 107 272 232 343
diningtable 0.0036 36 264 67 316
diningtable 0.0035 204 203 317 298
diningtable 0.0033 138 204 183 260
diningtable 0.0031 98 228 152 284
diningtable 0.0031 276 273 481 372
diningtable 0.0029 40 248 55 258
diningtable 0.0028 0 252 13 267
diningtable 0.0026 240 225 263 245
diningtable 0.0026 480 323 499 374
diningtable 0.0025 249 229 288 262
diningtable 0.0025 1 219 83 243
diningtable 0.0023 180 205 208 255
diningtable 0.0023 38 251 65 268
diningtable 0.0023 33 247 99 293
diningtable 0.0023 39 269 62 295
diningtable 0.0023 247 217 273 241
diningtable 0.0022 489 324 499 373
diningtable 0.0022 436 270 501 368
diningtable 0.0022 16 283 83 335
diningtable 0.0022 49 246 83 270
diningtable 0.0021 251 220 500 361
diningtable 0.0021 452 299 499 365
diningtable 0.0020 3 263 41 304
diningtable 0.0020 440 319 498 345
diningtable 0.0020 37 225 102 263
diningtable 0.0020 -2 227 63 239
diningtable 0.0020 159 202 190 253
diningtable 0.0019 0 247 20 269
diningtable 0.0019 10 263 30 277
diningtable 0.0019 0 239 33 262
diningtable 0.0018 19 182 45 232
diningtable 0.0018 216 222 239 245
diningtable 0.0017 99 206 123 223
diningtable 0.0016 487 286 500 372
diningtable 0.0016 277 205 297 236
diningtable 0.0016 0 259 8 276
tvmonitor 0.0026 155 200 186 250
