person 0.8097 388 255 499 316
person 0.1025 212 0 343 211
person 0.0134 267 6 340 197
person 0.0068 6 74 177 311
person 0.0042 427 168 472 203
person 0.0031 98 7 357 232
person 0.0027 234 -1 387 155
person 0.0027 171 171 414 336
person 0.0025 390 256 421 290
person 0.0022 376 254 457 300
person 0.0022 218 0 354 98
person 0.0014 268 240 514 331
person 0.0011 91 200 128 217
person 0.0011 425 266 498 310
person 0.0010 354 252 466 320
bird 0.0067 427 168 470 203
bird 0.0039 166 171 414 334
bird 0.0011 389 256 498 316
cat 0.0587 427 168 471 203
cat 0.0455 170 170 415 333
cat 0.0108 -2 17 313 236
cat 0.0046 391 257 499 315
cat 0.0035 270 236 409 331
cat 0.0028 2 74 162 311
cat 0.0014 91 195 133 218
cat 0.0011 437 166 488 194
dog 0.8279 171 171 414 336
dog 0.6987 -2 16 313 236
dog 0.2580 427 168 472 203
dog 0.0221 2 62 166 312
dog 0.0105 388 255 499 316
dog 0.0050 262 235 410 331
dog 0.0049 -3 76 362 322
dog 0.0014 91 195 133 218
horse 0.0038 2 62 166 312
horse 0.0014 166 172 414 333
horse 0.0014 0 61 317 323
horse 0.0010 427 168 470 203
sheep 0.0024 166 171 414 334
sheep 0.0015 427 168 471 203
cow 0.0030 0 44 284 314
cow 0.0013 166 171 414 334
bottle 0.0015 426 167 471 202
bottle 0.0015 448 151 461 166
chair 0.0119 212 0 343 211
chair 0.0040 102 8 354 231
chair 0.0021 -3 16 406 282
chair 0.0018 427 168 472 203
chair 0.0016 389 256 498 316
chair 0.0013 479 145 499 156
sofa 0.0032 155 170 504 333
sofa 0.0015 219 0 342 210
sofa 0.0014 389 256 498 316
sofa 0.0014 266 2 397 127
sofa 0.0014 261 233 410 331
sofa 0.0012 4 -4 391 230
pottedplant 0.0026 90 200 130 217
pottedplant 0.0017 5 69 231 310
pottedplant 0.0016 426 168 472 203
pottedplant 0.0010 63 166 157 237
tvmonitor 0.7828 319 2 398 127
tvmonitor 0.0177 224 0 391 124
tvmonitor 0.0031 219 0 342 210
tvmonitor 0.0018 479 155 500 182
tvmonitor 0.0015 272 0 357 64
tvmonitor 0.0015 477 166 500 194
tvmonitor 0.0015 315 93 394 127
tvmonitor 0.0014 218 1 350 72
