person 0.0604 103 245 169 290
person 0.0109 126 248 139 257
person 0.0087 124 249 135 258
person 0.0064 210 263 218 269
person 0.0063 133 248 145 257
person 0.0063 134 250 147 261
person 0.0061 126 250 150 263
person 0.0051 87 249 114 281
person 0.0046 113 248 155 264
person 0.0044 384 241 424 270
person 0.0041 129 249 141 260
person 0.0040 140 250 149 262
person 0.0015 387 244 393 253
person 0.0012 495 236 499 244
person 0.0012 224 262 232 268
person 0.0011 117 246 146 259
person 0.0010 54 217 60 224
car 0.9120 383 241 423 270
car 0.8770 185 255 206 269
car 0.8723 105 244 168 290
car 0.8451 86 249 114 280
car 0.0669 210 263 218 269
car 0.0259 224 262 232 268
car 0.0169 207 261 219 269
car 0.0129 50 252 63 262
car 0.0086 212 263 232 268
car 0.0080 36 253 71 266
car 0.0062 159 256 169 271
car 0.0055 177 256 191 270
car 0.0051 158 258 168 278
car 0.0047 77 249 160 283
car 0.0045 171 259 186 270
car 0.0039 34 157 495 336
car 0.0037 54 218 60 224
car 0.0030 52 252 61 259
car 0.0029 495 236 499 244
car 0.0025 22 256 34 264
car 0.0022 37 254 58 265
car 0.0022 163 256 177 271
car 0.0020 1 253 35 266
car 0.0020 183 249 207 276
car 0.0020 27 256 39 265
car 0.0020 0 255 6 264
car 0.0018 0 253 81 284
car 0.0018 193 257 219 268
car 0.0017 376 233 428 280
car 0.0017 0 254 15 264
car 0.0016 13 253 47 266
car 0.0015 26 251 86 277
car 0.0015 153 256 167 285
car 0.0015 85 251 102 279
car 0.0012 42 227 47 233
car 0.0012 67 245 128 290
car 0.0012 32 256 40 264
car 0.0011 165 261 178 273
car 0.0010 46 253 85 266
car 0.0010 177 242 212 299
bus 0.0013 384 241 424 270
bus 0.0013 103 245 168 290
bus 0.0011 86 248 114 281
boat 0.0018 384 241 424 270
