person 0.8645 443 42 499 372
person 0.8614 192 81 421 375
person 0.0625 200 87 334 264
person 0.0310 65 0 186 107
person 0.0136 0 274 10 371
person 0.0106 0 354 4 369
person 0.0065 0 271 22 371
person 0.0063 0 274 9 324
person 0.0059 147 221 165 246
person 0.0036 211 35 230 65
person 0.0033 30 153 438 362
person 0.0020 81 188 111 252
person 0.0019 463 265 499 372
person 0.0015 287 247 423 373
person 0.0013 0 354 8 367
person 0.0013 0 298 34 365
person 0.0011 0 1 72 126
person 0.0010 397 36 495 377
person 0.0010 0 317 118 360
person 0.0010 0 353 4 362
car 0.0017 147 221 165 246
boat 0.0010 137 330 222 374
bottle 0.8571 82 188 111 252
bottle 0.7558 121 174 140 248
bottle 0.0221 147 221 165 246
bottle 0.0101 79 211 183 264
bottle 0.0097 116 220 144 249
bottle 0.0083 42 182 194 267
bottle 0.0068 138 215 174 248
bottle 0.0061 98 219 160 250
bottle 0.0057 124 172 136 211
bottle 0.0049 10 194 72 264
bottle 0.0039 100 174 156 250
bottle 0.0038 124 201 140 225
bottle 0.0036 1 112 162 279
bottle 0.0026 107 227 137 249
bottle 0.0015 189 319 235 344
bottle 0.0014 123 215 140 244
bottle 0.0013 83 203 110 234
bottle 0.0013 84 187 110 221
bottle 0.0012 123 186 139 218
bottle 0.0011 67 219 95 255
bottle 0.0011 137 329 222 374
chair 0.0128 0 276 8 313
chair 0.0055 0 354 5 370
chair 0.0037 312 311 374 370
chair 0.0035 486 268 499 313
chair 0.0028 0 274 10 371
chair 0.0026 252 339 375 375
chair 0.0019 463 265 500 372
chair 0.0018 484 262 500 347
chair 0.0017 214 88 393 370
chair 0.0016 0 0 72 125
chair 0.0013 0 317 119 361
chair 0.0012 474 262 500 321
chair 0.0012 81 188 111 251
chair 0.0011 119 176 140 251
chair 0.0010 0 352 34 370
sofa 0.0020 -12 229 391 367
sofa 0.0018 197 83 412 374
pottedplant 0.5631 0 105 114 263
pottedplant 0.0175 9 193 73 265
pottedplant 0.0159 81 188 110 252
pottedplant 0.0126 67 0 187 107
pottedplant 0.0096 4 146 77 273
pottedplant 0.0015 0 118 59 240
pottedplant 0.0014 -1 119 226 281
pottedplant 0.0012 137 330 222 374
pottedplant 0.0012 28 170 81 245
pottedplant 0.0010 111 173 146 246
pottedplant 0.0010 127 135 158 167
diningtable 0.2260 -12 229 391 367
diningtable 0.1067 145 256 299 310
diningtable 0.0685 122 256 238 302
diningtable 0.0253 140 259 205 297
diningtable 0.0133 44 290 324 380
diningtable 0.0091 185 257 261 310
diningtable 0.0090 2 95 423 374
diningtable 0.0062 42 182 194 267
diningtable 0.0061 -1 119 226 281
diningtable 0.0056 -4 187 317 334
diningtable 0.0033 81 188 111 251
diningtable 0.0030 71 214 189 267
diningtable 0.0025 1 105 113 262
diningtable 0.0021 52 229 313 306
diningtable 0.0018 247 338 372 374
diningtable 0.0015 111 173 146 246
diningtable 0.0014 98 219 160 250
diningtable 0.0013 188 320 236 344
diningtable 0.0011 144 217 175 255
diningtable 0.0010 163 319 236 360
tvmonitor 0.0017 67 1 188 107
