person 0.1900 371 147 392 184
person 0.0100 172 184 307 276
person 0.0095 93 175 104 197
person 0.0048 367 149 392 208
person 0.0045 174 200 190 228
person 0.0021 338 100 434 279
person 0.0018 331 123 499 357
person 0.0017 61 174 140 296
person 0.0011 370 153 383 186
person 0.0010 353 143 457 194
person 0.0010 361 145 414 220
bicycle 0.0019 145 140 318 275
bicycle 0.0017 60 173 139 297
car 0.8747 333 126 498 355
car 0.0013 341 54 502 271
car 0.0012 332 176 499 282
motorbike 0.8789 171 180 305 275
motorbike 0.8515 61 173 140 297
motorbike 0.0112 302 223 328 244
motorbike 0.0044 331 123 499 357
motorbike 0.0039 188 200 222 229
motorbike 0.0022 179 178 260 236
motorbike 0.0021 303 222 325 235
motorbike 0.0020 171 167 206 226
motorbike 0.0018 232 192 262 211
motorbike 0.0018 174 201 191 227
motorbike 0.0014 173 193 241 274
motorbike 0.0013 149 139 293 261
motorbike 0.0012 209 196 278 257
motorbike 0.0011 302 226 335 252
motorbike 0.0010 177 187 222 240
aeroplane 0.0010 331 123 499 357
bus 0.0054 330 126 499 348
train 0.0017 330 126 499 348
bottle 0.0080 217 169 226 189
bottle 0.0044 208 170 219 192
bottle 0.0044 185 103 196 116
bottle 0.0042 179 103 190 115
bottle 0.0020 190 105 201 116
bottle 0.0019 169 103 181 115
bottle 0.0015 215 169 229 201
bottle 0.0011 208 167 217 183
bottle 0.0010 208 172 221 203
sofa 0.0012 333 128 498 354
pottedplant 0.0039 143 212 170 232
pottedplant 0.0037 302 223 328 240
