person 0.0084 226 14 500 373
person 0.0041 489 124 500 218
person 0.0031 493 151 499 178
person 0.0028 492 149 499 196
person 0.0016 483 145 499 221
person 0.0010 480 171 500 261
car 0.0066 482 150 499 265
car 0.0062 485 149 499 218
car 0.0025 484 191 499 218
car 0.0019 477 201 499 264
car 0.0017 488 115 500 192
car 0.0015 479 113 500 224
car 0.0014 0 141 44 164
bus 0.0016 0 106 60 143
bus 0.0015 484 150 499 218
bus 0.0013 488 115 500 192
train 0.0015 0 78 58 143
train 0.0014 484 150 499 218
train 0.0013 225 14 499 372
boat 0.0011 0 78 58 143
bird 0.0156 259 18 499 361
dog 0.0086 174 16 501 367
horse 0.0384 170 11 503 371
sheep 0.0029 174 16 501 367
cow 0.0467 174 16 501 367
cow 0.0016 186 193 273 323
bottle 0.0057 253 17 499 372
chair 0.0013 488 115 500 192
pottedplant 0.2315 1 142 129 367
pottedplant 0.0527 0 146 91 303
pottedplant 0.0467 0 244 104 367
pottedplant 0.0168 8 131 171 291
pottedplant 0.0157 0 168 45 276
pottedplant 0.0108 0 215 17 277
pottedplant 0.0082 0 327 91 373
pottedplant 0.0064 0 142 80 231
pottedplant 0.0041 0 140 43 178
pottedplant 0.0033 65 172 164 289
pottedplant 0.0032 0 263 5 281
pottedplant 0.0032 2 131 122 248
pottedplant 0.0029 0 171 18 269
pottedplant 0.0024 0 105 59 143
pottedplant 0.0021 58 131 161 227
pottedplant 0.0021 0 127 52 163
pottedplant 0.0016 0 197 68 308
pottedplant 0.0015 97 156 161 258
pottedplant 0.0015 0 212 12 260
pottedplant 0.0014 38 153 95 261
pottedplant 0.0014 0 249 10 280
pottedplant 0.0014 72 127 160 183
pottedplant 0.0013 0 140 47 216
pottedplant 0.0013 0 204 28 268
pottedplant 0.0012 102 137 161 195
pottedplant 0.0012 55 171 109 289
pottedplant 0.0010 158 144 173 163
pottedplant 0.0010 170 149 197 163
