person 0.0024 88 268 252 372
person 0.0011 265 248 297 285
car 0.0024 81 229 99 239
chair 0.8947 257 259 344 423
chair 0.8939 42 257 130 415
chair 0.7727 170 243 207 268
chair 0.7162 138 271 256 471
chair 0.6435 84 246 111 283
chair 0.6077 265 248 297 285
chair 0.4650 59 249 108 312
chair 0.4100 276 252 323 313
chair 0.1209 75 245 117 298
chair 0.0964 290 251 322 295
chair 0.0570 86 245 138 282
chair 0.0532 250 249 317 366
chair 0.0390 60 249 83 297
chair 0.0368 88 272 269 311
chair 0.0299 98 270 263 396
chair 0.0268 251 248 298 299
chair 0.0236 272 257 333 342
chair 0.0195 278 250 312 292
chair 0.0177 170 243 206 256
chair 0.0160 52 249 133 331
chair 0.0127 233 247 298 322
chair 0.0120 137 272 249 299
chair 0.0117 226 246 292 283
chair 0.0103 72 266 118 310
chair 0.0090 263 256 305 322
chair 0.0081 300 252 323 285
chair 0.0076 60 249 77 278
chair 0.0075 136 272 279 339
chair 0.0072 170 261 208 274
chair 0.0056 228 229 295 381
chair 0.0055 131 264 141 269
chair 0.0055 45 255 63 307
chair 0.0053 164 271 219 299
chair 0.0053 187 256 328 406
chair 0.0052 129 244 261 305
chair 0.0050 41 256 109 353
chair 0.0047 66 246 103 285
chair 0.0045 88 250 208 285
chair 0.0045 106 260 144 275
chair 0.0043 53 251 75 292
chair 0.0042 81 252 103 286
chair 0.0041 271 245 296 268
chair 0.0040 49 249 89 312
chair 0.0039 64 268 109 334
chair 0.0037 109 265 154 393
chair 0.0035 73 250 160 364
chair 0.0032 97 245 114 279
chair 0.0031 124 264 147 270
chair 0.0031 61 250 76 266
chair 0.0027 172 240 205 251
chair 0.0025 295 266 318 297
chair 0.0024 283 249 302 285
chair 0.0023 236 267 244 272
chair 0.0023 85 247 108 265
chair 0.0022 154 266 276 292
chair 0.0021 168 269 211 288
chair 0.0021 104 265 128 287
chair 0.0021 97 249 154 277
chair 0.0020 103 262 212 302
chair 0.0020 233 261 276 282
chair 0.0019 199 246 307 347
chair 0.0019 84 282 108 294
chair 0.0019 144 257 299 287
chair 0.0019 204 264 263 278
chair 0.0018 172 269 280 392
chair 0.0018 234 256 288 292
chair 0.0018 108 272 124 280
chair 0.0017 101 257 180 278
chair 0.0017 124 263 169 270
chair 0.0017 270 239 297 252
chair 0.0016 262 247 281 278
chair 0.0015 114 263 140 272
chair 0.0015 83 256 173 301
chair 0.0014 154 195 232 284
chair 0.0014 46 257 71 324
chair 0.0013 236 268 247 273
chair 0.0013 93 254 119 283
chair 0.0013 101 248 126 280
chair 0.0012 119 242 227 271
chair 0.0012 252 244 339 318
chair 0.0012 88 256 125 312
chair 0.0012 223 264 283 424
chair 0.0012 129 265 176 279
chair 0.0012 82 266 200 319
chair 0.0012 107 254 134 279
chair 0.0011 246 270 273 284
chair 0.0011 234 266 254 275
chair 0.0011 254 249 277 280
chair 0.0011 171 221 206 249
chair 0.0011 74 272 100 296
chair 0.0010 128 263 140 271
chair 0.0010 304 252 322 270
chair 0.0010 86 261 110 288
chair 0.0010 195 267 247 279
chair 0.0010 171 191 205 261
sofa 0.0026 257 260 345 423
sofa 0.0022 170 242 208 268
sofa 0.0021 138 274 275 464
sofa 0.0015 40 253 128 413
sofa 0.0010 263 247 296 286
pottedplant 0.0016 148 45 237 292
pottedplant 0.0010 167 45 214 193
diningtable 0.4213 135 271 276 465
diningtable 0.1831 99 269 280 372
diningtable 0.0490 98 269 276 315
diningtable 0.0420 170 242 208 268
diningtable 0.0156 265 248 297 285
diningtable 0.0142 42 258 131 416
diningtable 0.0096 257 259 345 423
diningtable 0.0090 276 252 323 313
diningtable 0.0084 84 247 113 284
diningtable 0.0076 61 255 114 313
diningtable 0.0076 249 245 317 369
diningtable 0.0075 98 261 228 450
diningtable 0.0061 149 271 262 297
diningtable 0.0050 158 257 335 406
diningtable 0.0045 82 266 200 319
diningtable 0.0042 103 262 212 302
diningtable 0.0041 70 247 134 333
diningtable 0.0040 78 245 117 305
diningtable 0.0038 109 264 153 397
diningtable 0.0037 88 250 208 285
diningtable 0.0036 63 247 168 363
diningtable 0.0036 143 265 269 288
diningtable 0.0035 260 256 309 321
diningtable 0.0025 103 267 218 349
diningtable 0.0024 167 256 283 358
diningtable 0.0023 85 247 137 297
diningtable 0.0022 170 243 206 256
diningtable 0.0022 200 264 280 429
diningtable 0.0020 270 239 297 252
diningtable 0.0020 60 248 103 295
diningtable 0.0019 102 267 159 340
diningtable 0.0018 257 245 298 303
diningtable 0.0017 290 251 322 295
diningtable 0.0015 94 249 153 281
diningtable 0.0015 101 257 180 278
diningtable 0.0014 228 229 295 381
diningtable 0.0013 104 265 128 287
diningtable 0.0013 83 256 173 301
diningtable 0.0013 248 248 296 334
diningtable 0.0013 132 251 278 298
diningtable 0.0011 88 267 139 312
diningtable 0.0011 182 262 277 281
diningtable 0.0010 129 273 176 381
diningtable 0.0010 226 246 292 283
