person 0.0837 2 70 109 344
person 0.0058 -4 65 204 380
person 0.0030 0 212 176 352
person 0.0019 7 3 440 390
person 0.0016 23 3 487 124
cat 0.7208 103 82 412 322
cat 0.0301 1 -10 444 404
cat 0.0053 2 64 191 358
cat 0.0038 39 69 305 342
cat 0.0012 235 111 422 309
dog 0.0080 1 67 177 351
dog 0.0076 103 82 412 322
bottle 0.0431 338 258 395 327
chair 0.0163 2 70 109 344
chair 0.0107 92 59 448 352
chair 0.0017 3 42 218 351
sofa 0.0729 -4 -8 443 348
sofa 0.0451 2 70 109 344
sofa 0.0338 97 78 400 328
sofa 0.0178 23 3 487 124
sofa 0.0039 0 227 483 391
sofa 0.0035 3 42 218 351
sofa 0.0031 63 4 494 229
sofa 0.0023 0 212 176 352
diningtable 0.0027 92 59 448 352
