person 0.8014 31 27 220 463
person 0.6264 126 161 375 486
person 0.4298 119 220 263 415
person 0.3004 0 334 30 494
person 0.0852 54 207 275 463
person 0.0537 327 191 373 256
person 0.0330 129 344 168 366
person 0.0289 350 173 375 214
person 0.0160 347 175 376 250
person 0.0141 24 264 356 503
person 0.0074 220 163 377 415
person 0.0068 159 186 262 344
person 0.0055 26 401 372 498
person 0.0050 174 222 255 302
person 0.0050 333 443 374 500
person 0.0043 317 353 375 504
person 0.0034 357 443 374 500
person 0.0024 359 209 374 257
person 0.0022 1 242 58 470
person 0.0016 3 342 56 493
person 0.0015 180 174 257 291
person 0.0013 225 167 373 270
person 0.0011 124 346 171 392
person 0.0011 111 345 180 409
person 0.0011 61 322 229 452
person 0.0010 225 213 313 396
person 0.0010 170 167 339 304
dog 0.0021 0 330 30 496
bottle 0.0010 28 201 40 229
chair 0.7620 314 352 374 500
chair 0.0662 20 423 349 499
chair 0.0567 0 334 30 497
chair 0.0338 332 441 374 500
chair 0.0291 27 259 365 500
chair 0.0242 316 352 374 393
chair 0.0172 67 409 129 447
chair 0.0169 262 344 378 500
chair 0.0121 356 441 374 499
chair 0.0101 124 346 171 392
chair 0.0100 67 369 232 452
chair 0.0086 111 345 180 409
chair 0.0082 127 345 169 368
chair 0.0081 38 347 262 477
chair 0.0081 120 219 276 464
chair 0.0078 151 165 374 491
chair 0.0073 360 208 374 256
chair 0.0073 350 173 375 212
chair 0.0066 114 347 149 408
chair 0.0044 125 371 369 499
chair 0.0039 327 193 374 258
chair 0.0039 351 176 375 255
chair 0.0031 31 393 225 489
chair 0.0029 56 385 154 455
chair 0.0027 293 361 355 498
chair 0.0022 53 280 244 447
chair 0.0020 54 402 206 448
chair 0.0018 233 240 378 492
chair 0.0017 368 235 375 257
chair 0.0016 313 405 350 496
chair 0.0015 249 270 285 314
chair 0.0014 365 220 375 258
chair 0.0014 332 474 360 500
chair 0.0012 41 340 173 452
chair 0.0011 112 346 134 390
chair 0.0010 3 342 56 493
chair 0.0010 319 355 376 431
chair 0.0010 0 235 62 443
sofa 0.0872 0 333 30 497
sofa 0.0839 20 423 349 499
sofa 0.0207 27 259 365 500
sofa 0.0102 118 218 266 435
sofa 0.0070 152 162 375 482
sofa 0.0063 123 343 168 371
sofa 0.0046 38 347 262 477
sofa 0.0040 67 369 232 452
sofa 0.0034 1 242 58 470
sofa 0.0022 315 349 374 502
sofa 0.0019 125 371 369 499
sofa 0.0017 111 345 180 409
sofa 0.0017 124 346 171 392
sofa 0.0016 21 33 315 485
sofa 0.0015 -8 200 268 471
sofa 0.0014 327 192 374 256
sofa 0.0013 351 176 375 255
sofa 0.0013 349 173 375 213
sofa 0.0012 53 280 244 447
sofa 0.0010 4 339 56 492
pottedplant 0.3362 130 12 206 118
pottedplant 0.0744 139 17 228 199
pottedplant 0.0650 1 223 59 413
pottedplant 0.0395 349 174 375 213
pottedplant 0.0361 193 102 240 189
pottedplant 0.0281 170 75 241 192
pottedplant 0.0211 152 48 209 130
pottedplant 0.0105 130 12 189 75
pottedplant 0.0101 158 52 227 158
pottedplant 0.0091 93 68 110 94
pottedplant 0.0079 347 175 376 250
pottedplant 0.0064 186 90 225 150
pottedplant 0.0059 149 22 194 104
pottedplant 0.0059 327 192 374 256
pottedplant 0.0039 28 200 39 229
pottedplant 0.0037 3 216 58 326
pottedplant 0.0029 195 106 224 139
pottedplant 0.0029 170 60 208 120
pottedplant 0.0028 191 76 232 168
pottedplant 0.0027 208 132 236 195
pottedplant 0.0022 94 0 187 104
pottedplant 0.0017 0 267 25 440
pottedplant 0.0017 89 84 105 95
pottedplant 0.0014 85 76 108 96
pottedplant 0.0013 181 94 213 139
pottedplant 0.0013 0 323 31 494
pottedplant 0.0012 9 279 65 455
pottedplant 0.0011 215 163 237 199
pottedplant 0.0010 213 112 237 171
pottedplant 0.0010 85 83 100 96
pottedplant 0.0010 -2 189 85 443
pottedplant 0.0010 0 329 19 372
diningtable 0.0073 19 423 363 499
diningtable 0.0059 315 349 374 502
diningtable 0.0031 0 330 30 496
diningtable 0.0014 27 314 368 498
tvmonitor 0.0017 102 14 193 111
