person 0.6861 363 157 499 372
person 0.6218 1 70 454 369
person 0.0227 71 26 107 77
person 0.0201 161 123 403 333
person 0.0100 401 158 497 263
person 0.0065 210 93 500 367
person 0.0051 1 54 233 375
person 0.0042 230 172 341 256
person 0.0040 0 225 17 360
person 0.0033 449 162 496 254
person 0.0031 19 261 48 345
person 0.0029 4 259 50 372
person 0.0027 153 130 306 209
person 0.0025 338 237 484 371
person 0.0024 0 224 10 293
person 0.0020 0 266 13 371
person 0.0019 203 144 275 190
person 0.0017 0 330 14 373
person 0.0016 260 88 410 181
person 0.0015 288 106 419 358
person 0.0013 202 100 415 210
person 0.0013 62 22 98 62
person 0.0012 310 101 329 118
person 0.0011 52 256 68 293
person 0.0010 346 331 498 372
person 0.0010 67 24 132 82
person 0.0010 406 214 500 370
bottle 0.7233 52 256 68 294
bottle 0.6030 19 261 48 346
bottle 0.3345 203 99 405 190
bottle 0.1042 203 150 270 190
bottle 0.0951 217 122 345 185
bottle 0.0422 6 254 45 360
bottle 0.0422 0 225 17 360
bottle 0.0334 37 260 53 299
bottle 0.0273 0 332 16 374
bottle 0.0259 23 256 57 324
bottle 0.0257 0 207 113 325
bottle 0.0255 0 224 10 293
bottle 0.0252 44 258 57 296
bottle 0.0202 26 261 47 311
bottle 0.0192 0 229 7 266
bottle 0.0086 319 240 327 249
bottle 0.0082 34 262 52 329
bottle 0.0081 56 255 67 284
bottle 0.0066 7 233 86 351
bottle 0.0058 0 343 11 374
bottle 0.0056 1 351 16 374
bottle 0.0055 0 223 4 246
bottle 0.0055 0 329 10 367
bottle 0.0049 49 264 66 304
bottle 0.0048 0 288 11 370
bottle 0.0048 214 142 308 188
bottle 0.0047 41 278 52 300
bottle 0.0045 0 236 17 306
bottle 0.0035 28 39 478 381
bottle 0.0034 0 357 6 374
bottle 0.0034 29 261 44 287
bottle 0.0034 0 239 7 302
bottle 0.0031 265 112 326 182
bottle 0.0031 46 255 86 286
bottle 0.0027 12 157 21 181
bottle 0.0024 0 287 29 373
bottle 0.0020 247 127 315 178
bottle 0.0020 47 257 71 315
bottle 0.0019 230 172 341 256
bottle 0.0019 153 130 306 209
bottle 0.0018 57 256 75 285
bottle 0.0016 53 21 74 46
bottle 0.0016 30 262 42 276
bottle 0.0015 161 123 403 333
bottle 0.0014 68 265 102 283
bottle 0.0013 18 228 97 279
bottle 0.0012 0 244 10 273
bottle 0.0012 45 277 59 306
bottle 0.0011 260 147 307 181
bottle 0.0011 283 110 311 125
bottle 0.0010 0 220 10 252
bottle 0.0010 29 0 52 26
bottle 0.0010 56 256 64 271
chair 0.0063 348 331 494 370
chair 0.0036 0 221 17 352
chair 0.0023 483 249 500 291
chair 0.0014 0 228 14 304
chair 0.0013 0 329 11 367
chair 0.0013 492 253 500 288
chair 0.0012 52 256 68 293
chair 0.0011 473 362 499 375
chair 0.0010 19 261 48 345
sofa 0.0264 346 331 498 372
sofa 0.0042 348 289 498 370
sofa 0.0018 483 249 500 291
sofa 0.0015 400 333 417 345
sofa 0.0013 441 283 498 365
sofa 0.0010 344 154 501 374
pottedplant 0.0162 26 0 54 27
pottedplant 0.0084 24 0 64 41
pottedplant 0.0036 53 21 74 46
pottedplant 0.0012 62 22 98 62
diningtable 0.0055 346 331 498 372
diningtable 0.0016 0 210 113 319
diningtable 0.0014 0 233 16 369
diningtable 0.0014 28 39 478 381
diningtable 0.0013 400 333 417 345
tvmonitor 0.3028 448 161 496 254
tvmonitor 0.0612 403 158 497 256
tvmonitor 0.0306 3 209 112 285
tvmonitor 0.0093 231 178 356 256
tvmonitor 0.0044 393 157 498 367
tvmonitor 0.0034 24 260 48 334
tvmonitor 0.0030 92 29 476 391
tvmonitor 0.0020 442 175 479 252
tvmonitor 0.0014 -2 216 92 344
tvmonitor 0.0011 52 256 68 293
