person 0.8557 210 149 264 273
person 0.8201 57 173 121 324
person 0.7612 264 148 318 282
person 0.5968 317 161 373 327
person 0.1415 287 167 327 280
person 0.1294 239 164 269 213
person 0.0715 318 209 355 328
person 0.0297 54 190 105 259
person 0.0256 249 151 293 270
person 0.0218 271 152 370 291
person 0.0198 233 157 269 250
person 0.0170 205 138 300 280
person 0.0147 313 155 377 232
person 0.0140 99 260 138 327
person 0.0092 291 177 358 328
person 0.0051 74 159 105 203
person 0.0047 72 180 130 285
person 0.0042 284 267 321 329
person 0.0042 213 167 254 231
person 0.0037 487 200 497 223
person 0.0034 66 161 105 227
person 0.0034 476 116 499 140
person 0.0028 344 168 376 331
person 0.0023 244 159 259 177
person 0.0023 36 165 48 180
person 0.0021 80 181 117 256
person 0.0019 281 172 314 206
person 0.0016 265 157 303 228
person 0.0015 79 119 88 134
person 0.0015 242 162 262 183
person 0.0015 253 160 262 178
person 0.0014 253 157 270 199
person 0.0013 492 117 499 136
person 0.0012 297 153 334 196
person 0.0011 328 223 372 329
person 0.0010 294 151 347 212
person 0.0010 58 193 91 310
person 0.0010 304 150 333 179
bicycle 0.0014 102 262 136 327
bicycle 0.0014 284 273 321 329
car 0.0018 317 164 378 229
bird 0.0011 284 273 321 329
bird 0.0010 100 261 137 327
cat 0.0135 285 273 320 330
cat 0.0044 306 159 375 329
cat 0.0039 99 260 138 326
cat 0.0015 318 209 355 328
dog 0.8717 100 261 137 327
dog 0.8536 285 273 320 330
dog 0.3402 307 159 374 329
dog 0.1039 311 161 377 237
dog 0.0547 318 209 355 328
dog 0.0267 309 255 361 325
dog 0.0258 57 177 122 326
dog 0.0222 283 266 350 328
dog 0.0203 64 259 137 328
dog 0.0175 266 156 320 281
dog 0.0077 290 164 338 291
dog 0.0075 268 262 320 319
dog 0.0058 277 232 361 336
dog 0.0039 322 185 371 233
dog 0.0035 327 265 357 324
dog 0.0028 327 205 373 330
dog 0.0026 301 170 358 219
dog 0.0022 68 279 118 326
dog 0.0021 268 269 313 284
dog 0.0017 100 238 148 315
dog 0.0016 322 209 358 247
dog 0.0011 60 303 109 330
dog 0.0011 74 159 105 203
dog 0.0010 268 269 292 282
horse 0.0052 285 273 320 330
horse 0.0037 292 155 376 284
horse 0.0025 290 165 330 276
horse 0.0019 317 207 364 330
horse 0.0015 266 156 320 281
horse 0.0013 98 261 138 328
sheep 0.0241 306 159 375 329
sheep 0.0092 100 261 137 327
sheep 0.0089 284 273 320 330
sheep 0.0011 311 161 377 237
sheep 0.0010 266 155 320 282
cow 0.0043 306 159 375 329
cow 0.0016 285 273 320 330
cow 0.0013 100 259 137 326
