person 0.5799 374 3 498 372
person 0.4937 82 0 321 132
person 0.2484 334 15 458 363
person 0.0405 257 7 432 366
person 0.0394 349 9 402 238
person 0.0194 313 35 405 343
person 0.0190 312 1 370 64
person 0.0117 376 0 407 21
person 0.0104 127 11 485 357
person 0.0067 94 0 228 67
person 0.0066 129 0 181 25
person 0.0064 31 0 257 92
person 0.0050 -1 0 167 73
person 0.0049 36 4 376 241
person 0.0048 0 6 61 73
person 0.0041 317 0 399 82
person 0.0036 350 10 406 121
person 0.0035 3 1 269 183
person 0.0022 348 35 390 181
person 0.0022 436 23 499 365
person 0.0021 356 98 396 221
person 0.0021 403 0 425 16
person 0.0021 347 88 491 304
person 0.0019 124 1 288 95
person 0.0019 72 0 141 32
person 0.0019 387 0 405 15
person 0.0017 124 0 252 31
person 0.0016 347 93 365 124
person 0.0015 71 0 194 38
person 0.0015 285 10 417 242
person 0.0014 121 0 189 58
person 0.0013 173 20 396 289
person 0.0012 18 54 362 366
person 0.0012 331 101 410 291
person 0.0012 336 6 435 209
person 0.0011 352 1 408 61
person 0.0010 344 76 371 159
person 0.0010 350 107 432 371
bicycle 0.0028 0 3 64 73
car 0.0058 0 3 65 72
car 0.0051 0 2 125 75
motorbike 0.5122 18 54 362 366
motorbike 0.0401 82 0 321 132
motorbike 0.0343 0 3 66 72
motorbike 0.0296 0 1 128 73
motorbike 0.0157 -2 1 213 181
motorbike 0.0101 129 9 483 365
motorbike 0.0089 0 2 130 144
motorbike 0.0086 295 2 455 371
motorbike 0.0061 25 6 343 246
motorbike 0.0038 0 0 221 86
motorbike 0.0025 274 27 391 334
motorbike 0.0019 173 20 396 289
motorbike 0.0018 318 58 410 377
motorbike 0.0015 8 0 154 35
motorbike 0.0014 35 0 182 64
motorbike 0.0010 10 216 404 369
boat 0.0013 0 3 63 72
horse 0.0011 346 6 497 369
diningtable 0.0020 13 26 450 378
