person 0.0073 34 209 45 240
person 0.0051 0 279 35 371
person 0.0050 -10 230 129 305
person 0.0049 -1 216 40 259
person 0.0047 20 228 84 345
person 0.0043 228 169 361 274
person 0.0042 491 134 499 177
person 0.0029 493 134 499 160
person 0.0026 89 85 103 100
person 0.0026 476 228 500 267
person 0.0018 0 214 17 241
person 0.0017 262 173 332 269
person 0.0015 0 211 14 229
person 0.0011 127 90 141 100
person 0.0010 0 219 42 305
person 0.0010 72 216 153 356
bird 0.0047 159 137 172 180
bird 0.0037 89 86 103 100
bird 0.0035 127 90 141 100
bird 0.0027 128 134 140 149
bird 0.0011 162 134 168 143
cat 0.0024 0 219 39 262
cat 0.0010 157 136 172 180
dog 0.0018 0 219 40 261
dog 0.0010 476 232 500 267
bottle 0.5414 35 210 45 240
bottle 0.0362 344 155 356 180
bottle 0.0321 343 156 353 173
bottle 0.0196 351 168 361 188
bottle 0.0158 281 141 293 179
bottle 0.0117 79 230 85 246
bottle 0.0107 351 160 360 183
bottle 0.0067 283 163 294 180
bottle 0.0046 345 143 360 176
bottle 0.0039 282 169 291 180
bottle 0.0036 323 152 356 177
bottle 0.0034 157 136 172 180
bottle 0.0031 81 234 91 253
bottle 0.0028 332 156 347 173
bottle 0.0028 319 141 348 179
bottle 0.0025 335 141 355 180
bottle 0.0024 0 209 5 225
bottle 0.0021 320 161 350 178
bottle 0.0021 321 173 352 187
bottle 0.0017 0 219 40 263
bottle 0.0017 348 164 365 189
bottle 0.0016 352 173 368 189
bottle 0.0012 28 220 76 250
bottle 0.0012 475 229 499 266
bottle 0.0010 285 141 358 182
bottle 0.0010 342 173 354 186
chair 0.9112 331 215 482 371
chair 0.8846 75 207 153 353
chair 0.8084 241 186 286 288
chair 0.7897 281 191 327 294
chair 0.7296 21 234 81 359
chair 0.6145 0 279 34 371
chair 0.1401 0 220 39 262
chair 0.1037 35 210 46 241
chair 0.0988 237 185 334 293
chair 0.0861 4 221 116 354
chair 0.0510 27 355 155 373
chair 0.0489 223 161 379 287
chair 0.0394 245 186 264 214
chair 0.0360 0 219 42 305
chair 0.0220 -10 230 129 305
chair 0.0188 242 184 282 236
chair 0.0182 11 339 157 373
chair 0.0157 0 211 14 229
chair 0.0148 477 176 500 266
chair 0.0145 223 170 370 213
chair 0.0143 1 269 88 370
chair 0.0126 -3 227 94 264
chair 0.0124 475 225 500 267
chair 0.0120 0 214 17 241
chair 0.0092 105 198 157 293
chair 0.0092 287 141 331 181
chair 0.0088 245 189 282 214
chair 0.0075 1 229 64 331
chair 0.0072 0 209 5 225
chair 0.0071 79 178 188 290
chair 0.0067 489 176 500 234
chair 0.0063 -7 267 162 380
chair 0.0062 -12 216 122 255
chair 0.0060 13 232 82 297
chair 0.0047 0 247 24 286
chair 0.0039 0 223 28 284
chair 0.0038 0 218 31 240
chair 0.0037 45 231 66 239
chair 0.0037 0 259 17 271
chair 0.0032 0 206 3 221
chair 0.0031 233 168 257 176
chair 0.0030 13 237 82 268
chair 0.0029 486 183 499 260
chair 0.0027 321 174 350 186
chair 0.0026 10 226 36 252
chair 0.0026 281 188 323 248
chair 0.0025 0 215 26 232
chair 0.0024 321 140 346 175
chair 0.0024 238 180 275 209
chair 0.0023 237 186 264 269
chair 0.0023 343 156 353 173
chair 0.0022 73 233 122 300
chair 0.0022 281 141 294 175
chair 0.0021 80 247 124 285
chair 0.0021 0 254 17 267
chair 0.0020 88 207 147 280
chair 0.0020 67 218 129 322
chair 0.0019 229 166 281 189
chair 0.0019 277 142 300 179
chair 0.0019 0 222 20 258
chair 0.0019 80 239 96 253
chair 0.0019 79 230 85 246
chair 0.0018 34 217 69 240
chair 0.0016 344 155 356 180
chair 0.0016 231 175 297 206
chair 0.0016 28 220 76 250
chair 0.0016 5 223 58 256
chair 0.0016 45 231 81 240
chair 0.0015 0 241 19 265
chair 0.0015 491 195 499 243
chair 0.0014 29 224 43 243
chair 0.0014 86 243 117 254
chair 0.0014 295 143 319 180
chair 0.0014 50 230 108 351
chair 0.0013 5 216 47 243
chair 0.0013 303 143 359 181
chair 0.0013 0 256 23 274
chair 0.0012 272 185 326 224
chair 0.0012 26 228 133 281
chair 0.0012 81 234 91 253
chair 0.0012 -1 283 55 350
chair 0.0012 0 262 19 288
chair 0.0012 244 165 292 185
chair 0.0011 50 240 110 260
chair 0.0011 0 255 25 330
chair 0.0011 232 166 279 178
chair 0.0011 73 242 97 257
chair 0.0011 20 230 87 246
chair 0.0010 69 234 87 306
chair 0.0010 38 234 99 273
chair 0.0010 28 252 74 320
chair 0.0010 42 226 94 250
chair 0.0010 336 149 356 180
chair 0.0010 0 203 33 237
chair 0.0010 28 236 65 277
sofa 0.1503 0 280 35 371
sofa 0.0685 0 219 39 262
sofa 0.0387 333 209 483 375
sofa 0.0227 -12 230 130 305
sofa 0.0086 0 219 42 305
sofa 0.0078 8 231 122 277
sofa 0.0073 473 176 499 266
sofa 0.0070 21 234 81 359
sofa 0.0059 475 225 500 267
sofa 0.0058 489 176 500 234
sofa 0.0047 0 214 17 241
sofa 0.0044 1 269 88 370
sofa 0.0041 0 211 14 229
sofa 0.0025 26 355 156 373
sofa 0.0020 486 183 499 260
sofa 0.0020 11 339 157 373
sofa 0.0015 75 210 152 350
sofa 0.0011 -2 298 152 372
sofa 0.0010 4 221 116 354
sofa 0.0010 224 166 368 209
pottedplant 0.0070 157 136 172 180
pottedplant 0.0017 -1 220 39 262
pottedplant 0.0013 0 209 5 225
pottedplant 0.0013 0 216 13 228
pottedplant 0.0011 475 225 500 267
pottedplant 0.0010 472 187 499 267
diningtable 0.3517 0 225 122 274
diningtable 0.2424 4 221 116 354
diningtable 0.2178 21 234 82 360
diningtable 0.1992 234 175 354 282
diningtable 0.1774 225 168 370 227
diningtable 0.1726 281 190 325 293
diningtable 0.1388 238 183 297 284
diningtable 0.1377 -12 230 130 305
diningtable 0.1021 287 141 349 180
diningtable 0.0936 0 219 40 263
diningtable 0.0477 66 209 151 356
diningtable 0.0332 16 355 157 374
diningtable 0.0281 0 281 35 369
diningtable 0.0229 -12 216 122 255
diningtable 0.0213 3 228 81 264
diningtable 0.0201 211 167 366 201
diningtable 0.0182 0 219 42 305
diningtable 0.0163 34 210 46 241
diningtable 0.0128 79 178 188 290
diningtable 0.0100 83 244 96 254
diningtable 0.0093 22 231 89 278
diningtable 0.0091 20 230 87 246
diningtable 0.0077 79 241 102 256
diningtable 0.0072 -7 267 162 380
diningtable 0.0063 50 240 110 260
diningtable 0.0060 259 174 376 192
diningtable 0.0058 11 339 157 373
diningtable 0.0049 77 246 120 284
diningtable 0.0047 54 227 105 342
diningtable 0.0044 1 229 64 331
diningtable 0.0044 59 229 127 281
diningtable 0.0042 14 239 70 267
diningtable 0.0042 0 217 15 229
diningtable 0.0041 318 176 348 188
diningtable 0.0034 81 234 91 253
diningtable 0.0032 75 214 138 310
diningtable 0.0030 5 223 58 256
diningtable 0.0030 332 215 484 373
diningtable 0.0029 38 232 98 255
diningtable 0.0029 78 229 87 249
diningtable 0.0027 62 230 93 306
diningtable 0.0025 74 233 94 254
diningtable 0.0024 0 212 19 230
diningtable 0.0024 70 230 110 262
diningtable 0.0024 280 179 328 237
diningtable 0.0022 105 198 157 293
diningtable 0.0021 242 184 282 236
diningtable 0.0017 0 218 32 241
diningtable 0.0017 0 208 7 225
diningtable 0.0016 25 235 68 257
diningtable 0.0016 280 141 294 179
diningtable 0.0016 45 231 66 239
diningtable 0.0015 473 176 499 266
diningtable 0.0015 28 220 76 250
diningtable 0.0014 5 216 47 243
diningtable 0.0014 81 243 120 259
diningtable 0.0013 45 231 74 242
diningtable 0.0013 0 227 27 282
diningtable 0.0012 278 169 382 207
diningtable 0.0012 0 254 17 267
diningtable 0.0011 27 224 45 244
diningtable 0.0011 274 178 334 206
diningtable 0.0010 243 204 325 292
diningtable 0.0010 231 175 297 206
diningtable 0.0010 71 248 111 265
diningtable 0.0010 4 233 54 282
tvmonitor 0.0194 314 112 343 141
tvmonitor 0.0186 320 141 347 176
tvmonitor 0.0072 287 141 349 180
tvmonitor 0.0058 281 141 294 175
tvmonitor 0.0024 475 229 499 266
tvmonitor 0.0022 343 155 352 172
tvmonitor 0.0022 489 176 500 234
tvmonitor 0.0020 493 118 499 141
tvmonitor 0.0016 473 176 499 266
tvmonitor 0.0015 492 134 499 161
