person 0.6216 95 142 250 356
person 0.0290 54 146 65 167
person 0.0215 32 117 47 152
person 0.0112 110 147 198 326
person 0.0090 100 179 110 213
person 0.0055 98 182 115 222
person 0.0049 133 138 199 274
person 0.0036 84 251 232 499
person 0.0036 53 144 65 181
person 0.0036 148 148 228 317
person 0.0030 33 133 57 171
person 0.0023 115 191 126 204
person 0.0023 2 186 28 227
person 0.0022 28 131 46 180
person 0.0022 39 130 54 164
person 0.0021 26 120 57 165
person 0.0020 101 183 125 212
person 0.0017 96 188 129 226
person 0.0016 28 149 40 182
person 0.0014 1 193 31 246
person 0.0013 98 171 116 208
person 0.0012 27 143 56 183
person 0.0012 51 135 66 166
person 0.0011 4 186 27 207
person 0.0010 2 166 25 202
bicycle 0.0011 0 203 32 248
motorbike 0.0018 0 202 32 248
motorbike 0.0011 98 182 119 222
motorbike 0.0011 96 180 111 211
bird 0.0511 33 118 46 144
bird 0.0117 54 146 64 166
bird 0.0054 30 117 47 159
bird 0.0015 98 132 120 164
bird 0.0010 26 120 57 165
bird 0.0010 36 124 52 158
dog 0.0089 84 251 232 499
horse 0.6669 87 249 245 501
horse 0.0327 108 199 247 418
horse 0.0072 122 238 255 348
horse 0.0024 157 248 249 387
horse 0.0017 94 142 208 349
horse 0.0015 211 296 244 385
horse 0.0011 201 255 250 377
sheep 0.0011 84 251 232 499
cow 0.0088 84 251 232 499
bottle 0.0015 116 191 126 204
bottle 0.0011 100 183 110 210
chair 0.0013 102 189 128 224
chair 0.0012 309 208 337 239
pottedplant 0.7075 275 196 302 239
pottedplant 0.0534 333 188 374 255
pottedplant 0.0480 303 233 340 261
pottedplant 0.0366 277 215 300 238
pottedplant 0.0348 247 161 281 226
pottedplant 0.0223 270 196 291 238
pottedplant 0.0105 287 199 304 237
pottedplant 0.0094 364 184 375 201
pottedplant 0.0088 259 243 291 262
pottedplant 0.0073 306 208 337 241
pottedplant 0.0066 260 237 339 264
pottedplant 0.0062 358 198 375 252
pottedplant 0.0054 209 208 234 221
pottedplant 0.0052 1 193 53 254
pottedplant 0.0045 312 195 355 245
pottedplant 0.0043 338 186 373 207
pottedplant 0.0037 269 198 283 232
pottedplant 0.0032 286 221 302 238
pottedplant 0.0028 290 216 307 238
pottedplant 0.0027 326 232 346 259
pottedplant 0.0026 276 226 306 255
pottedplant 0.0025 67 183 92 214
pottedplant 0.0022 293 237 329 264
pottedplant 0.0022 364 213 375 252
pottedplant 0.0021 301 209 351 260
pottedplant 0.0019 365 170 375 202
pottedplant 0.0015 0 202 32 248
pottedplant 0.0013 288 203 330 240
pottedplant 0.0011 362 182 375 218
pottedplant 0.0010 7 177 71 239
pottedplant 0.0010 301 236 321 261
