person 0.3666 250 256 280 279
person 0.0213 215 256 235 277
person 0.0177 258 255 290 280
person 0.0116 199 244 297 295
person 0.0108 260 255 282 273
person 0.0100 222 256 252 277
person 0.0096 263 259 282 279
person 0.0044 213 254 263 280
person 0.0039 132 194 329 376
person 0.0026 243 260 264 275
person 0.0018 228 252 248 273
person 0.0018 231 258 261 277
person 0.0017 264 249 298 284
person 0.0010 211 207 317 297
car 0.9133 121 240 322 368
car 0.0031 199 244 297 295
car 0.0027 431 245 440 255
car 0.0024 250 256 280 280
car 0.0013 213 254 263 280
boat 0.0012 431 244 440 254
