person 0.4421 252 125 259 133
person 0.2787 248 126 259 138
person 0.1738 344 99 349 104
person 0.1591 240 125 265 144
person 0.0678 259 129 274 145
person 0.0576 241 115 270 129
person 0.0414 245 117 263 127
person 0.0288 242 124 256 135
person 0.0287 238 121 276 148
person 0.0132 259 116 271 122
person 0.0130 286 118 293 124
person 0.0118 247 130 273 146
person 0.0101 238 129 245 138
person 0.0100 344 101 349 105
person 0.0097 340 98 349 102
person 0.0074 240 126 246 136
person 0.0071 264 117 270 123
person 0.0058 258 124 272 132
person 0.0047 308 96 314 100
person 0.0041 243 116 270 123
person 0.0036 241 117 253 128
person 0.0036 210 98 220 103
person 0.0028 256 120 275 147
person 0.0023 149 102 156 107
person 0.0022 254 97 263 102
person 0.0021 307 96 322 100
person 0.0021 154 101 163 106
person 0.0017 233 130 244 139
person 0.0016 234 132 248 144
person 0.0015 264 125 273 133
person 0.0015 265 116 271 121
person 0.0014 206 97 219 103
person 0.0011 494 92 499 96
person 0.0011 60 98 68 109
person 0.0011 240 117 246 127
person 0.0010 324 96 343 100
person 0.0010 312 96 329 100
person 0.0010 63 104 79 110
person 0.0010 79 109 86 114
boat 0.1829 238 126 272 146
boat 0.0735 260 130 275 146
boat 0.0730 344 99 349 104
boat 0.0640 246 125 259 139
boat 0.0453 248 125 264 141
boat 0.0434 239 115 272 134
boat 0.0424 250 125 259 132
boat 0.0368 241 115 271 123
boat 0.0357 307 96 322 100
boat 0.0281 59 97 71 110
boat 0.0274 308 96 314 100
boat 0.0267 210 98 220 103
boat 0.0262 60 102 73 109
boat 0.0245 61 98 67 105
boat 0.0245 312 96 329 100
boat 0.0222 59 99 67 107
boat 0.0218 63 104 79 110
boat 0.0152 79 109 86 114
boat 0.0150 239 127 261 143
boat 0.0114 312 95 340 100
boat 0.0112 316 96 334 99
boat 0.0108 56 98 79 111
boat 0.0106 283 97 297 101
boat 0.0104 494 92 499 96
boat 0.0101 70 105 85 111
boat 0.0097 297 96 308 100
boat 0.0095 340 98 349 102
boat 0.0094 287 97 306 101
boat 0.0093 254 97 263 102
boat 0.0092 206 97 219 103
boat 0.0091 186 97 221 105
boat 0.0082 84 104 92 109
boat 0.0073 238 135 278 151
boat 0.0065 53 102 69 109
boat 0.0060 86 103 96 108
boat 0.0054 245 117 263 127
boat 0.0053 320 96 347 102
boat 0.0049 92 102 113 108
boat 0.0048 324 96 343 100
boat 0.0046 78 106 89 113
boat 0.0045 250 97 260 102
boat 0.0044 87 103 105 109
boat 0.0043 154 101 163 106
boat 0.0039 280 97 292 101
boat 0.0037 485 92 499 96
boat 0.0033 171 101 185 106
boat 0.0029 149 102 156 107
boat 0.0027 234 108 277 155
boat 0.0027 141 102 151 107
boat 0.0027 165 102 176 106
boat 0.0026 256 120 275 147
boat 0.0025 344 97 351 102
boat 0.0024 175 100 186 105
boat 0.0023 238 128 246 138
boat 0.0023 274 97 282 101
boat 0.0023 63 107 80 113
boat 0.0022 492 91 500 97
boat 0.0022 185 99 210 105
boat 0.0021 194 98 215 104
boat 0.0021 476 91 495 95
boat 0.0019 0 108 6 114
boat 0.0019 258 98 267 102
boat 0.0018 160 102 169 106
boat 0.0018 254 123 274 134
boat 0.0018 50 103 62 108
boat 0.0016 344 101 349 105
boat 0.0016 211 101 220 106
boat 0.0016 218 100 231 104
boat 0.0016 249 129 281 150
boat 0.0014 229 137 268 149
boat 0.0013 239 98 255 103
boat 0.0012 83 99 112 111
boat 0.0012 256 116 271 124
boat 0.0012 241 108 271 124
boat 0.0012 80 103 91 110
boat 0.0011 283 118 294 124
boat 0.0011 115 103 128 108
boat 0.0011 76 108 85 114
boat 0.0010 134 103 147 107
boat 0.0010 156 101 171 107
boat 0.0010 173 99 183 104
boat 0.0010 267 97 278 101
bird 0.0063 344 99 349 104
bird 0.0012 254 97 263 102
bird 0.0011 252 125 259 133
bird 0.0010 307 96 314 100
chair 0.0014 260 131 274 145
