person 0.8969 324 239 412 414
person 0.8802 122 128 272 433
person 0.8335 15 236 131 409
person 0.7362 191 335 383 496
person 0.6731 239 260 362 408
person 0.5171 14 408 115 496
person 0.2739 58 243 117 336
person 0.1491 108 415 134 497
person 0.0226 59 415 147 497
person 0.0207 15 425 79 492
person 0.0191 67 273 112 331
person 0.0140 13 336 138 499
person 0.0138 273 249 414 471
person 0.0101 130 243 387 482
person 0.0087 60 415 104 487
person 0.0081 14 316 40 358
person 0.0064 16 318 138 414
person 0.0061 183 271 328 454
person 0.0056 95 312 138 408
person 0.0043 14 330 43 371
person 0.0042 24 407 226 499
person 0.0037 66 270 92 312
person 0.0033 15 392 72 418
person 0.0033 232 329 274 381
person 0.0029 239 260 330 348
person 0.0029 13 296 51 423
person 0.0029 13 300 93 435
person 0.0028 18 393 137 460
person 0.0026 14 359 47 413
person 0.0025 187 389 208 436
person 0.0025 61 263 81 304
person 0.0024 226 283 293 406
person 0.0024 90 375 122 406
person 0.0023 12 359 91 413
person 0.0022 241 307 272 357
person 0.0021 13 355 52 382
person 0.0021 13 385 47 420
person 0.0019 376 260 421 335
person 0.0019 145 167 255 330
person 0.0018 186 431 384 496
person 0.0017 67 268 141 395
person 0.0017 248 309 270 336
person 0.0014 69 262 109 309
person 0.0014 194 145 284 444
person 0.0014 300 260 354 402
person 0.0014 21 239 105 324
person 0.0014 341 179 422 387
person 0.0013 56 243 84 304
person 0.0013 216 323 354 418
person 0.0012 397 324 423 406
person 0.0011 15 348 42 365
person 0.0010 22 494 81 500
person 0.0010 403 361 423 420
person 0.0010 75 457 113 488
person 0.0010 125 216 151 271
person 0.0010 14 359 122 389
bottle 0.0161 188 389 209 439
bottle 0.0069 126 218 145 265
bottle 0.0037 108 415 135 497
bottle 0.0029 150 462 182 496
bottle 0.0020 138 432 167 474
bottle 0.0019 157 419 186 464
bottle 0.0017 404 368 423 422
bottle 0.0017 65 269 117 334
bottle 0.0016 14 359 47 413
bottle 0.0016 13 359 80 412
bottle 0.0014 14 314 40 353
bottle 0.0012 375 407 405 462
bottle 0.0011 127 216 142 247
bottle 0.0011 152 432 183 497
chair 0.6791 94 312 139 408
chair 0.2754 400 324 423 417
chair 0.2125 65 268 117 334
chair 0.1664 404 362 422 420
chair 0.1344 188 432 389 496
chair 0.1241 16 237 129 412
chair 0.1055 50 255 119 356
chair 0.0983 405 325 422 363
chair 0.0924 93 371 121 405
chair 0.0894 113 311 139 357
chair 0.0587 385 358 423 419
chair 0.0359 16 326 138 410
chair 0.0302 191 337 388 496
chair 0.0293 224 258 363 408
chair 0.0265 96 361 133 409
chair 0.0245 247 309 269 336
chair 0.0210 77 278 139 417
chair 0.0188 375 407 405 462
chair 0.0155 38 369 119 408
chair 0.0125 14 318 41 356
chair 0.0120 15 405 123 495
chair 0.0114 45 393 75 410
chair 0.0110 64 288 108 326
chair 0.0103 116 371 130 407
chair 0.0096 238 332 272 362
chair 0.0092 113 309 164 428
chair 0.0087 115 336 135 418
chair 0.0084 241 307 272 357
chair 0.0076 232 329 274 381
chair 0.0076 15 345 43 366
chair 0.0072 13 360 119 398
chair 0.0068 392 386 421 423
chair 0.0064 43 386 86 409
chair 0.0064 183 271 328 454
chair 0.0057 322 269 337 296
chair 0.0056 327 267 419 435
chair 0.0049 18 362 130 459
chair 0.0046 188 431 245 492
chair 0.0046 411 346 423 412
chair 0.0043 255 303 271 334
chair 0.0041 188 392 212 440
chair 0.0038 226 283 293 406
chair 0.0038 15 359 47 379
chair 0.0035 379 406 408 423
chair 0.0031 130 243 387 482
chair 0.0030 412 353 423 390
chair 0.0030 13 300 93 435
chair 0.0030 244 322 271 349
chair 0.0028 137 431 163 471
chair 0.0028 14 359 47 413
chair 0.0027 262 308 274 337
chair 0.0025 275 243 418 471
chair 0.0023 244 335 272 348
chair 0.0023 396 354 424 453
chair 0.0022 190 432 242 447
chair 0.0022 13 385 47 420
chair 0.0021 266 241 274 269
chair 0.0020 14 338 49 375
chair 0.0020 108 415 134 497
chair 0.0020 405 346 421 369
chair 0.0020 15 392 72 418
chair 0.0019 189 331 297 434
chair 0.0019 401 289 421 391
chair 0.0019 379 321 418 402
chair 0.0018 80 308 137 358
chair 0.0018 413 358 423 375
chair 0.0017 394 319 422 366
chair 0.0017 62 352 175 466
chair 0.0017 340 323 425 462
chair 0.0016 220 331 274 407
chair 0.0016 77 293 104 320
chair 0.0016 117 428 320 497
chair 0.0015 323 338 360 402
chair 0.0015 13 316 51 394
chair 0.0013 84 298 106 326
chair 0.0013 24 376 129 424
chair 0.0013 407 354 421 376
chair 0.0013 249 288 271 336
chair 0.0013 69 262 109 309
chair 0.0012 407 368 422 403
chair 0.0012 80 289 118 337
chair 0.0012 103 320 349 465
chair 0.0011 408 360 422 382
chair 0.0011 305 265 338 296
chair 0.0011 14 425 80 496
chair 0.0011 410 334 422 387
chair 0.0010 242 273 317 369
chair 0.0010 15 306 38 332
chair 0.0010 390 401 410 410
sofa 0.0046 186 431 384 496
sofa 0.0029 16 237 129 412
sofa 0.0027 192 335 383 496
sofa 0.0024 16 326 138 410
sofa 0.0024 90 312 138 406
sofa 0.0017 400 324 423 417
sofa 0.0015 14 405 126 495
pottedplant 0.6153 311 73 421 337
pottedplant 0.0360 374 265 421 327
pottedplant 0.0163 338 163 421 335
pottedplant 0.0075 366 221 421 337
pottedplant 0.0061 373 249 423 382
pottedplant 0.0047 323 239 413 416
pottedplant 0.0029 318 68 422 209
pottedplant 0.0029 405 325 422 359
pottedplant 0.0018 374 138 423 347
pottedplant 0.0015 401 289 421 391
pottedplant 0.0011 372 66 421 153
diningtable 0.1529 375 411 403 490
diningtable 0.1326 108 415 135 497
diningtable 0.1119 404 325 422 363
diningtable 0.1045 37 409 222 499
diningtable 0.0654 403 325 422 416
diningtable 0.0495 127 426 190 492
diningtable 0.0479 377 417 421 496
diningtable 0.0440 136 431 169 479
diningtable 0.0311 201 381 428 492
diningtable 0.0226 157 419 185 466
diningtable 0.0178 339 410 424 497
diningtable 0.0168 79 425 168 500
diningtable 0.0168 18 401 139 491
diningtable 0.0150 55 427 394 498
diningtable 0.0129 151 460 182 497
diningtable 0.0111 186 388 211 442
diningtable 0.0082 32 369 437 499
diningtable 0.0078 213 284 411 492
diningtable 0.0068 72 457 190 497
diningtable 0.0065 14 308 138 444
diningtable 0.0064 18 356 122 408
diningtable 0.0058 14 318 41 357
diningtable 0.0054 405 363 423 419
diningtable 0.0044 338 354 415 488
diningtable 0.0044 44 393 73 410
diningtable 0.0038 412 353 423 390
diningtable 0.0033 113 383 310 490
diningtable 0.0031 373 406 406 444
diningtable 0.0030 13 364 52 418
diningtable 0.0029 387 336 421 422
diningtable 0.0029 90 375 122 406
diningtable 0.0029 359 415 376 431
diningtable 0.0027 357 418 398 489
diningtable 0.0027 14 363 52 380
diningtable 0.0026 41 371 110 409
diningtable 0.0026 16 363 96 393
diningtable 0.0025 18 362 130 459
diningtable 0.0023 396 354 424 453
diningtable 0.0023 42 386 86 409
diningtable 0.0023 352 409 386 449
diningtable 0.0022 205 330 370 463
diningtable 0.0020 413 358 423 375
diningtable 0.0020 21 444 185 499
diningtable 0.0020 386 405 410 426
diningtable 0.0020 407 354 421 376
diningtable 0.0019 24 378 265 478
diningtable 0.0019 382 494 421 500
diningtable 0.0018 323 393 400 469
diningtable 0.0018 408 360 422 382
diningtable 0.0017 230 259 366 445
diningtable 0.0017 59 466 141 495
diningtable 0.0017 96 371 133 419
diningtable 0.0016 15 237 131 409
diningtable 0.0016 332 280 428 458
diningtable 0.0016 309 308 405 483
diningtable 0.0015 168 434 274 499
diningtable 0.0015 62 352 175 466
diningtable 0.0015 154 391 231 486
diningtable 0.0015 15 345 43 366
diningtable 0.0014 14 349 48 387
diningtable 0.0013 375 407 395 423
diningtable 0.0013 386 332 427 491
diningtable 0.0013 382 452 421 498
diningtable 0.0013 205 434 434 500
diningtable 0.0013 372 444 405 496
diningtable 0.0012 405 346 421 369
diningtable 0.0012 48 437 139 495
diningtable 0.0012 90 312 138 406
diningtable 0.0012 103 320 349 465
diningtable 0.0012 401 289 421 391
diningtable 0.0011 132 421 246 494
diningtable 0.0011 54 233 385 495
diningtable 0.0011 411 346 423 412
diningtable 0.0010 117 473 156 497
diningtable 0.0010 400 416 421 438
