person 0.0048 340 156 356 190
person 0.0043 349 180 356 190
person 0.0031 366 159 375 184
person 0.0028 22 170 29 180
person 0.0027 378 174 387 185
person 0.0024 0 173 6 181
person 0.0023 24 160 29 174
person 0.0019 438 152 444 162
person 0.0019 367 156 385 185
person 0.0016 323 169 331 186
person 0.0016 59 170 66 179
person 0.0015 339 177 345 189
person 0.0014 19 171 26 180
person 0.0012 320 165 336 187
person 0.0012 341 177 353 190
person 0.0011 352 143 407 200
person 0.0011 339 149 353 180
person 0.0010 0 164 4 181
car 0.0060 438 152 444 162
car 0.0052 0 174 7 180
car 0.0047 439 171 447 181
car 0.0011 396 126 409 140
bus 0.0011 33 96 451 292
train 0.8382 35 99 452 293
train 0.1473 324 118 441 268
train 0.0058 459 143 499 169
train 0.0032 0 173 8 181
train 0.0020 439 175 499 208
train 0.0012 441 171 493 186
train 0.0012 339 154 359 191
train 0.0011 352 143 407 200
train 0.0011 312 111 382 131
train 0.0010 0 164 5 181
pottedplant 0.0015 490 170 499 184
