person 0.7980 481 70 500 168
person 0.6192 385 72 401 102
person 0.5553 415 74 432 105
person 0.4407 410 75 420 102
person 0.4341 400 74 411 102
person 0.2677 403 72 412 95
person 0.2484 433 79 445 107
person 0.2387 376 74 389 99
person 0.2240 347 71 360 85
person 0.2103 367 69 377 87
person 0.1992 370 75 386 97
person 0.1873 393 73 415 103
person 0.1720 368 76 378 94
person 0.0915 403 72 411 85
person 0.0866 374 71 385 92
person 0.0856 366 70 381 95
person 0.0780 397 71 409 81
person 0.0715 394 71 404 81
person 0.0649 378 72 388 86
person 0.0560 413 74 425 92
person 0.0544 360 71 372 90
person 0.0521 371 70 383 85
person 0.0477 368 68 377 79
person 0.0464 411 74 420 85
person 0.0379 386 71 396 81
person 0.0335 418 73 427 83
person 0.0303 409 72 420 88
person 0.0281 490 89 499 142
person 0.0219 347 69 358 80
person 0.0212 360 78 373 92
person 0.0186 420 71 433 81
person 0.0179 399 70 414 88
person 0.0173 395 73 432 105
person 0.0160 380 70 387 78
person 0.0160 436 76 445 101
person 0.0137 428 70 440 83
person 0.0107 429 73 443 88
person 0.0101 351 75 367 92
person 0.0093 483 118 499 168
person 0.0087 404 70 411 79
person 0.0086 398 70 404 79
person 0.0083 371 69 380 76
person 0.0080 393 70 400 78
person 0.0069 430 89 443 106
person 0.0069 433 70 446 84
person 0.0067 438 73 445 89
person 0.0062 134 75 162 104
person 0.0055 360 69 370 77
person 0.0053 420 83 431 108
person 0.0050 419 71 435 87
person 0.0041 337 68 348 79
person 0.0041 425 69 433 78
person 0.0036 344 64 365 92
person 0.0035 351 68 366 77
person 0.0034 130 77 179 109
person 0.0032 351 40 368 57
person 0.0030 342 67 352 78
person 0.0028 355 73 388 97
person 0.0028 494 71 499 83
person 0.0027 427 67 442 76
person 0.0027 411 92 422 102
person 0.0025 482 72 499 121
person 0.0021 492 104 499 126
person 0.0018 392 90 403 102
person 0.0018 439 70 446 83
person 0.0016 456 100 479 137
person 0.0015 419 70 426 78
person 0.0014 438 88 445 109
person 0.0014 491 142 499 168
person 0.0014 360 82 375 98
person 0.0010 414 91 429 105
person 0.0010 347 75 372 98
person 0.0010 466 73 505 171
car 0.7742 19 42 492 278
car 0.0054 1 6 33 150
car 0.0029 27 29 486 159
car 0.0023 417 75 434 107
car 0.0014 399 41 443 63
car 0.0011 55 13 224 56
car 0.0010 432 79 445 107
car 0.0010 430 89 443 106
motorbike 0.0015 433 84 445 107
motorbike 0.0012 20 43 492 280
aeroplane 0.0013 19 42 492 278
bus 0.0167 1 5 33 152
bus 0.0064 20 43 492 280
train 0.0011 1 5 33 152
dog 0.0012 134 77 173 109
chair 0.0013 433 84 445 107
tvmonitor 0.3910 399 36 440 64
tvmonitor 0.0052 399 36 424 59
tvmonitor 0.0045 351 40 368 56
tvmonitor 0.0044 1 6 32 152
tvmonitor 0.0031 417 38 438 62
tvmonitor 0.0030 407 37 433 58
tvmonitor 0.0028 312 35 450 78
tvmonitor 0.0022 395 73 432 105
tvmonitor 0.0017 275 0 451 35
tvmonitor 0.0017 323 54 339 70
tvmonitor 0.0016 422 38 437 54
tvmonitor 0.0016 393 44 431 62
