person 0.0034 36 2 236 321
train 0.0010 0 154 35 188
boat 0.0124 390 239 499 319
boat 0.0036 422 179 499 223
boat 0.0024 0 153 36 186
boat 0.0010 459 180 500 225
bird 0.0025 338 211 357 223
bird 0.0011 460 214 493 228
dog 0.0092 34 5 247 318
dog 0.0023 335 101 439 313
horse 0.1765 34 5 247 318
horse 0.0061 335 101 439 313
horse 0.0035 0 156 24 185
horse 0.0010 135 -11 250 326
sheep 0.0170 34 5 247 318
sheep 0.0034 325 101 438 313
sheep 0.0016 340 212 357 223
sheep 0.0013 0 156 24 185
sheep 0.0013 254 185 266 192
cow 0.9372 326 104 438 310
cow 0.6312 36 2 236 321
cow 0.0377 0 157 33 185
cow 0.0226 0 156 18 184
cow 0.0123 3 144 41 189
cow 0.0086 338 211 357 223
cow 0.0070 0 156 9 176
cow 0.0068 4 164 40 190
cow 0.0054 6 167 30 185
cow 0.0053 327 104 381 304
cow 0.0037 0 162 9 186
cow 0.0032 27 140 41 188
cow 0.0019 0 138 71 299
cow 0.0019 0 166 22 190
cow 0.0014 418 180 496 219
cow 0.0013 0 233 70 289
cow 0.0010 0 149 46 221
cow 0.0010 337 198 358 221
cow 0.0010 353 164 433 321
