person 0.8657 272 16 498 326
person 0.5945 2 55 295 333
person 0.1070 11 14 501 333
person 0.0133 4 202 279 332
person 0.0127 463 270 499 314
person 0.0072 159 4 409 318
person 0.0031 8 193 488 354
person 0.0018 460 119 499 314
person 0.0017 473 117 499 195
person 0.0014 -1 259 271 354
person 0.0013 490 120 500 162
person 0.0011 259 20 379 338
car 0.0021 11 14 501 333
train 0.0013 11 14 501 333
boat 0.0011 22 204 491 351
cat 0.0013 463 270 499 314
dog 0.0021 1 54 284 334
dog 0.0013 463 270 499 314
chair 0.0028 463 270 499 314
chair 0.0018 2 158 151 341
chair 0.0017 469 115 500 211
chair 0.0014 1 160 86 299
chair 0.0013 2 55 262 332
chair 0.0013 0 310 119 353
chair 0.0011 460 119 499 314
chair 0.0010 136 193 221 269
chair 0.0010 11 14 501 333
sofa 0.0021 2 55 262 332
sofa 0.0021 0 161 110 311
sofa 0.0017 19 31 492 342
sofa 0.0016 0 162 54 304
pottedplant 0.0572 239 14 354 127
pottedplant 0.0118 240 23 304 89
pottedplant 0.0062 159 4 409 318
pottedplant 0.0041 240 16 361 232
pottedplant 0.0019 242 3 331 80
pottedplant 0.0017 11 14 501 333
pottedplant 0.0016 234 11 430 172
pottedplant 0.0014 270 46 356 133
diningtable 0.0933 30 316 498 370
diningtable 0.0060 0 309 113 351
diningtable 0.0056 462 269 499 313
diningtable 0.0042 383 309 501 330
diningtable 0.0038 78 313 164 349
diningtable 0.0035 24 237 494 361
diningtable 0.0034 375 316 499 356
diningtable 0.0026 9 321 316 367
diningtable 0.0023 362 300 498 341
diningtable 0.0020 1 306 173 360
diningtable 0.0020 165 292 492 365
diningtable 0.0016 -18 285 289 368
diningtable 0.0012 271 318 500 365
