person 0.7716 161 180 417 486
person 0.4737 159 208 293 491
person 0.1131 88 39 199 161
person 0.0049 261 288 297 312
person 0.0031 217 334 256 398
person 0.0024 47 93 422 445
person 0.0023 402 0 440 5
person 0.0019 198 339 255 419
person 0.0017 109 85 230 158
person 0.0013 182 442 474 499
person 0.0012 79 48 286 217
person 0.0011 -2 302 4 382
person 0.0011 123 174 296 395
person 0.0011 352 0 365 3
person 0.0010 185 307 268 472
person 0.0010 432 0 446 4
person 0.0010 128 96 211 146
bird 0.0011 436 353 460 394
bottle 0.0467 39 376 73 415
bottle 0.0157 435 353 459 394
bottle 0.0059 271 133 293 188
bottle 0.0024 245 129 285 188
bottle 0.0020 210 119 243 185
bottle 0.0019 49 274 92 335
bottle 0.0012 196 353 230 409
bottle 0.0010 213 123 272 189
bottle 0.0010 -2 303 5 385
chair 0.0069 186 444 476 500
chair 0.0043 413 336 469 484
chair 0.0038 435 353 460 393
chair 0.0035 184 380 477 499
chair 0.0031 403 333 436 387
chair 0.0028 446 474 489 499
chair 0.0023 417 460 488 499
chair 0.0020 402 0 440 5
chair 0.0015 357 0 407 4
chair 0.0015 156 402 197 476
chair 0.0014 387 372 486 499
chair 0.0013 198 447 267 495
chair 0.0013 358 456 487 500
chair 0.0011 151 256 425 503
sofa 0.0120 186 444 476 500
sofa 0.0028 184 380 477 499
sofa 0.0017 352 450 476 499
sofa 0.0017 171 184 426 498
sofa 0.0011 159 208 293 491
pottedplant 0.0234 376 456 487 499
pottedplant 0.0155 90 41 199 164
pottedplant 0.0118 435 353 460 393
pottedplant 0.0060 443 470 489 499
pottedplant 0.0041 211 120 300 195
pottedplant 0.0024 256 125 297 192
pottedplant 0.0020 406 332 440 396
pottedplant 0.0016 96 66 267 196
pottedplant 0.0016 273 129 294 186
pottedplant 0.0015 410 373 480 499
pottedplant 0.0013 368 416 487 499
pottedplant 0.0012 201 119 258 185
pottedplant 0.0012 72 48 311 267
pottedplant 0.0010 40 377 72 416
pottedplant 0.0010 131 95 300 227
pottedplant 0.0010 417 459 460 498
diningtable 0.0029 172 451 447 500
tvmonitor 0.0072 51 96 425 443
tvmonitor 0.0033 122 179 285 348
tvmonitor 0.0028 -2 303 5 385
tvmonitor 0.0025 -2 237 6 322
tvmonitor 0.0017 -2 0 8 102
tvmonitor 0.0016 166 175 419 487
tvmonitor 0.0013 -2 384 3 450
tvmonitor 0.0012 156 199 297 452
tvmonitor 0.0011 -1 162 6 249
