person 0.8739 109 166 206 495
person 0.0222 181 228 206 333
person 0.0144 184 224 206 274
person 0.0098 118 273 179 332
person 0.0067 116 180 213 362
person 0.0049 176 183 206 476
person 0.0037 185 224 204 248
person 0.0037 171 197 203 343
person 0.0020 127 243 205 329
person 0.0015 182 217 204 417
car 0.0027 0 282 60 378
bottle 0.0086 185 224 204 248
bottle 0.0075 184 224 206 273
bottle 0.0020 183 226 198 240
bottle 0.0019 180 217 207 334
bottle 0.0019 183 225 198 256
bottle 0.0013 182 226 192 238
bottle 0.0011 191 224 207 255
