person 0.0033 210 21 244 72
person 0.0018 152 73 191 139
person 0.0017 343 0 373 52
person 0.0012 185 72 268 123
person 0.0012 138 201 233 269
person 0.0012 12 115 368 506
motorbike 0.0031 87 280 140 387
bird 0.0017 153 73 191 139
bird 0.0016 110 152 141 222
bird 0.0015 87 282 140 393
cat 0.0015 153 73 191 139
dog 0.0015 153 73 191 139
bottle 0.5212 154 73 191 140
bottle 0.0290 161 135 205 177
bottle 0.0251 145 78 166 119
bottle 0.0180 171 141 197 182
bottle 0.0146 147 77 223 135
bottle 0.0069 151 123 220 155
bottle 0.0065 44 0 56 24
bottle 0.0054 146 74 197 177
bottle 0.0045 110 155 140 222
bottle 0.0044 212 0 222 20
bottle 0.0041 71 0 81 22
bottle 0.0030 228 0 245 20
bottle 0.0028 221 0 234 19
bottle 0.0025 220 148 242 176
bottle 0.0023 97 106 131 135
bottle 0.0022 129 105 149 148
bottle 0.0021 153 177 229 207
bottle 0.0019 149 0 160 20
bottle 0.0019 233 119 254 151
bottle 0.0018 236 0 247 19
bottle 0.0017 47 62 305 177
bottle 0.0017 224 171 266 209
bottle 0.0015 222 120 244 152
bottle 0.0015 140 201 233 266
bottle 0.0015 175 0 186 19
bottle 0.0015 213 183 248 208
bottle 0.0015 58 0 70 22
bottle 0.0014 52 0 66 22
bottle 0.0014 160 0 173 21
bottle 0.0013 271 184 309 258
bottle 0.0013 86 275 139 390
bottle 0.0012 252 131 276 194
bottle 0.0011 270 247 322 353
bottle 0.0011 165 0 179 21
bottle 0.0011 212 120 244 169
bottle 0.0010 229 0 243 10
bottle 0.0010 226 97 246 146
bottle 0.0010 142 80 167 144
chair 0.8804 335 113 374 218
chair 0.8020 0 165 33 265
chair 0.7990 184 71 270 122
chair 0.7684 26 108 69 190
chair 0.0836 152 73 191 139
chair 0.0334 145 78 166 119
chair 0.0284 226 97 246 146
chair 0.0233 144 74 230 131
chair 0.0131 211 90 261 128
chair 0.0119 147 72 190 100
chair 0.0089 227 97 250 126
chair 0.0088 241 122 316 154
chair 0.0081 189 116 232 133
chair 0.0070 95 107 131 135
chair 0.0066 298 205 361 228
chair 0.0060 250 129 276 189
chair 0.0045 46 112 92 155
chair 0.0044 186 9 275 122
chair 0.0044 65 117 92 148
chair 0.0042 3 186 93 254
chair 0.0040 158 72 187 88
chair 0.0034 139 50 292 139
chair 0.0034 0 164 31 205
chair 0.0032 338 110 373 165
chair 0.0031 12 107 94 194
chair 0.0027 2 164 42 224
chair 0.0025 172 98 253 141
chair 0.0023 26 108 100 162
chair 0.0022 222 117 269 158
chair 0.0020 4 213 55 261
chair 0.0019 210 4 248 73
chair 0.0017 24 222 112 248
chair 0.0016 139 202 231 267
chair 0.0016 47 1 85 51
chair 0.0016 158 130 219 167
chair 0.0015 55 110 103 143
chair 0.0015 68 131 96 156
chair 0.0014 212 120 244 169
chair 0.0014 84 110 135 168
chair 0.0013 45 103 116 149
chair 0.0012 209 103 280 161
chair 0.0012 245 124 299 189
chair 0.0012 262 131 318 158
chair 0.0011 -9 175 68 289
chair 0.0010 233 91 272 123
chair 0.0010 222 99 235 120
chair 0.0010 185 109 245 128
sofa 0.0015 184 71 267 123
sofa 0.0010 335 114 375 215
pottedplant 0.0294 343 0 372 52
pottedplant 0.0084 171 139 198 181
pottedplant 0.0072 343 0 366 14
pottedplant 0.0052 146 72 192 131
pottedplant 0.0022 95 105 131 136
pottedplant 0.0022 342 0 369 28
pottedplant 0.0012 153 132 216 158
pottedplant 0.0011 147 112 225 163
pottedplant 0.0011 150 70 191 96
diningtable 0.7795 8 123 364 503
diningtable 0.1174 140 200 233 267
diningtable 0.0671 129 269 203 325
diningtable 0.0619 130 168 245 292
diningtable 0.0584 -18 62 380 327
diningtable 0.0276 77 120 315 260
diningtable 0.0159 163 136 207 180
diningtable 0.0107 153 73 191 140
diningtable 0.0082 16 56 341 208
diningtable 0.0080 96 172 268 331
diningtable 0.0068 183 72 263 121
diningtable 0.0060 144 74 230 131
diningtable 0.0049 148 123 228 177
diningtable 0.0047 147 179 236 209
diningtable 0.0037 169 364 194 456
diningtable 0.0034 110 70 282 155
diningtable 0.0028 94 305 273 486
diningtable 0.0025 103 168 327 418
diningtable 0.0025 110 154 142 225
diningtable 0.0018 7 346 370 500
diningtable 0.0017 73 269 305 349
diningtable 0.0016 145 79 164 122
diningtable 0.0014 0 166 33 264
diningtable 0.0013 86 278 140 391
diningtable 0.0013 226 97 246 146
diningtable 0.0013 95 105 131 136
diningtable 0.0013 189 115 235 132
diningtable 0.0013 184 148 287 213
diningtable 0.0012 80 478 320 499
diningtable 0.0011 270 184 309 256
diningtable 0.0011 128 105 149 150
diningtable 0.0010 115 225 263 285
diningtable 0.0010 243 123 317 154
diningtable 0.0010 251 130 278 198
