person 0.0257 420 283 500 331
person 0.0051 491 215 499 289
person 0.0044 321 102 468 263
person 0.0036 478 1 500 26
person 0.0035 481 15 499 93
person 0.0033 -2 32 487 317
person 0.0029 227 88 480 317
person 0.0016 278 167 460 303
person 0.0012 419 230 500 331
car 0.0032 5 37 481 323
motorbike 0.0021 5 37 481 323
cat 0.0613 5 36 446 321
cat 0.0381 0 80 122 137
cat 0.0041 331 94 471 295
cat 0.0021 3 60 281 155
cat 0.0015 0 101 95 136
cat 0.0010 -1 72 281 244
dog 0.5466 5 37 481 323
dog 0.0201 321 102 468 265
dog 0.0131 227 88 480 317
dog 0.0085 0 80 122 137
dog 0.0026 0 31 409 209
dog 0.0012 2 63 284 174
dog 0.0011 425 284 498 330
dog 0.0010 278 167 460 303
bottle 0.1405 482 26 499 94
bottle 0.0025 474 4 499 98
bottle 0.0024 479 1 499 29
bottle 0.0010 461 110 500 142
chair 0.0289 420 283 500 331
chair 0.0181 13 35 496 323
chair 0.0131 491 215 499 289
chair 0.0058 280 198 456 305
chair 0.0032 232 90 482 316
chair 0.0031 423 206 500 331
chair 0.0017 440 111 501 333
chair 0.0015 491 251 500 292
chair 0.0015 321 102 468 263
chair 0.0013 482 23 499 95
chair 0.0012 479 1 499 29
chair 0.0011 0 -5 485 183
sofa 0.0390 13 35 496 323
sofa 0.0111 417 284 501 330
sofa 0.0087 0 -5 489 114
sofa 0.0027 491 215 499 289
sofa 0.0019 278 167 460 303
sofa 0.0011 227 88 480 317
sofa 0.0010 321 102 468 263
pottedplant 0.0014 417 284 501 330
diningtable 0.0057 457 112 500 301
diningtable 0.0019 417 284 501 330
diningtable 0.0018 13 35 496 323
diningtable 0.0014 479 1 499 26
diningtable 0.0011 482 25 499 94
