person 0.8341 1 37 263 483
person 0.8220 249 102 360 415
person 0.0031 347 375 374 425
person 0.0019 43 465 60 499
person 0.0019 251 104 279 381
person 0.0018 131 303 173 439
person 0.0014 184 85 347 437
person 0.0013 0 352 134 499
person 0.0012 0 27 86 501
person 0.0012 85 444 224 500
person 0.0011 13 301 177 490
motorbike 0.0032 294 392 331 464
bird 0.0026 295 390 330 462
bottle 0.8543 131 303 172 446
bottle 0.0471 44 465 62 500
bottle 0.0121 131 300 169 383
bottle 0.0113 201 365 261 444
bottle 0.0069 23 288 342 481
bottle 0.0057 44 454 85 500
bottle 0.0047 211 335 267 370
bottle 0.0046 193 298 247 349
bottle 0.0040 133 392 171 446
bottle 0.0033 129 338 169 406
bottle 0.0032 192 295 223 342
bottle 0.0030 192 294 208 335
bottle 0.0027 147 353 305 472
bottle 0.0024 30 462 72 500
bottle 0.0024 207 339 267 418
bottle 0.0020 80 336 195 492
bottle 0.0019 86 442 227 500
bottle 0.0017 352 77 371 102
bottle 0.0017 19 448 97 500
bottle 0.0016 294 391 331 464
bottle 0.0014 48 479 62 500
bottle 0.0014 59 449 97 496
bottle 0.0013 69 299 228 446
bottle 0.0010 105 292 175 464
bottle 0.0010 140 354 175 438
bottle 0.0010 121 287 281 380
chair 0.0703 1 350 101 500
chair 0.0575 345 375 374 424
chair 0.0288 1 350 52 481
chair 0.0181 322 371 374 426
chair 0.0132 44 465 62 500
chair 0.0129 299 379 365 423
chair 0.0117 1 349 32 452
chair 0.0095 32 435 107 500
chair 0.0079 295 391 331 464
chair 0.0057 60 439 223 500
chair 0.0053 348 372 374 397
chair 0.0051 306 335 374 391
chair 0.0047 30 462 72 500
chair 0.0045 43 453 86 500
chair 0.0043 20 422 170 501
chair 0.0034 -1 319 151 479
chair 0.0028 349 370 374 476
chair 0.0026 0 439 66 500
chair 0.0017 288 334 377 424
chair 0.0013 47 447 141 500
chair 0.0010 305 370 373 398
sofa 0.0043 347 375 375 423
sofa 0.0017 322 371 374 426
pottedplant 0.0072 283 0 304 21
pottedplant 0.0017 283 0 367 19
pottedplant 0.0011 353 76 372 102
diningtable 0.3228 58 412 380 498
diningtable 0.2519 34 331 379 495
diningtable 0.0709 147 353 305 472
diningtable 0.0620 131 308 173 449
diningtable 0.0241 202 364 261 439
diningtable 0.0159 86 442 227 500
diningtable 0.0151 305 335 375 390
diningtable 0.0133 178 439 239 465
diningtable 0.0084 294 391 331 464
diningtable 0.0071 347 374 375 425
diningtable 0.0048 210 417 374 496
diningtable 0.0040 322 371 374 426
diningtable 0.0030 0 348 135 499
diningtable 0.0029 316 446 375 482
diningtable 0.0028 299 379 365 423
diningtable 0.0027 210 336 267 371
diningtable 0.0021 274 432 312 463
diningtable 0.0021 72 293 287 449
diningtable 0.0019 341 443 375 474
diningtable 0.0018 288 334 377 424
diningtable 0.0016 14 376 230 499
diningtable 0.0011 296 282 375 406
diningtable 0.0010 121 287 281 380
diningtable 0.0010 80 336 195 492
diningtable 0.0010 139 439 365 500
diningtable 0.0010 231 332 370 405
tvmonitor 0.0403 0 125 23 156
tvmonitor 0.0279 0 117 43 162
tvmonitor 0.0086 286 0 367 18
tvmonitor 0.0045 320 131 374 186
tvmonitor 0.0017 2 82 36 110
