person 0.0148 0 27 43 157
person 0.0085 284 0 370 41
person 0.0070 0 -1 415 319
person 0.0062 29 -1 143 120
person 0.0032 71 281 191 332
person 0.0029 -9 5 125 163
person 0.0021 108 7 366 250
bicycle 0.0011 0 24 43 159
car 0.0108 0 -1 390 319
car 0.0037 284 0 370 42
car 0.0022 118 128 146 170
car 0.0020 0 25 44 157
car 0.0020 325 0 370 35
car 0.0013 -13 -1 131 154
car 0.0011 334 0 369 16
motorbike 0.0195 7 15 416 321
motorbike 0.0055 0 21 44 157
motorbike 0.0019 71 281 191 332
motorbike 0.0015 284 0 370 41
motorbike 0.0014 -9 5 125 163
motorbike 0.0013 31 -2 142 131
aeroplane 0.0056 7 15 416 321
bus 0.0057 7 15 416 321
train 0.0221 7 15 416 321
cat 0.0030 0 24 43 159
cat 0.0018 0 -1 415 319
dog 0.0022 0 24 43 159
bottle 0.0034 0 27 43 157
bottle 0.0015 32 -1 136 104
bottle 0.0011 284 0 370 42
chair 0.0351 75 281 188 332
chair 0.0022 4 16 419 321
chair 0.0018 0 26 43 158
chair 0.0013 0 264 193 332
sofa 0.0012 0 -1 415 319
diningtable 0.0162 0 -1 415 319
tvmonitor 0.0206 7 15 416 321
tvmonitor 0.0018 108 7 366 250
