person 0.0016 156 260 181 278
person 0.0012 142 256 161 270
person 0.0011 0 266 82 328
person 0.0011 140 261 176 283
person 0.0011 232 275 289 321
person 0.0010 182 276 233 371
person 0.0010 253 258 268 276
car 0.0033 379 255 387 260
bird 0.0041 232 275 289 321
bird 0.0018 182 276 233 370
bird 0.0010 -1 269 83 327
dog 0.0132 232 275 289 321
dog 0.0031 -1 269 83 327
dog 0.0018 133 261 159 286
dog 0.0016 182 276 233 371
dog 0.0014 361 264 369 274
dog 0.0013 13 255 46 274
dog 0.0012 105 254 117 266
horse 0.0102 232 275 289 321
horse 0.0048 361 264 369 274
horse 0.0019 252 260 269 277
horse 0.0016 217 257 227 267
horse 0.0016 204 256 215 267
horse 0.0015 133 261 159 286
horse 0.0014 299 261 310 271
horse 0.0014 322 261 348 274
horse 0.0014 182 276 233 370
horse 0.0011 2 253 46 272
horse 0.0010 105 254 117 266
horse 0.0010 266 264 290 279
horse 0.0010 157 261 181 281
sheep 0.8858 182 276 233 371
sheep 0.8851 0 267 83 331
sheep 0.8673 232 274 290 321
sheep 0.5765 134 262 161 286
sheep 0.5577 8 255 47 273
sheep 0.5391 57 256 78 269
sheep 0.5229 204 256 214 267
sheep 0.4850 253 259 269 277
sheep 0.4298 105 254 117 267
sheep 0.4228 156 260 182 281
sheep 0.4092 266 264 290 279
sheep 0.3761 217 257 227 267
sheep 0.3577 252 260 286 278
sheep 0.3362 300 261 310 271
sheep 0.3176 322 261 348 274
sheep 0.2961 361 264 369 274
sheep 0.2569 310 261 322 271
sheep 0.2236 142 254 159 264
sheep 0.2213 3 253 29 269
sheep 0.1973 134 253 143 263
sheep 0.1548 139 261 177 283
sheep 0.1046 141 256 162 270
sheep 0.0869 300 260 318 272
sheep 0.0808 134 258 159 272
sheep 0.0798 203 256 225 267
sheep 0.0701 133 261 149 283
sheep 0.0690 253 258 266 269
sheep 0.0458 336 262 351 272
sheep 0.0429 164 262 183 275
sheep 0.0306 292 261 312 276
sheep 0.0258 145 259 173 275
sheep 0.0235 133 253 159 267
sheep 0.0222 4 251 48 264
sheep 0.0203 55 260 79 273
sheep 0.0129 48 268 82 287
sheep 0.0085 0 258 10 269
sheep 0.0077 241 244 282 303
sheep 0.0075 49 256 78 281
sheep 0.0073 133 258 143 269
sheep 0.0071 331 260 350 269
sheep 0.0070 379 255 388 260
sheep 0.0065 156 259 173 269
sheep 0.0063 248 255 293 294
sheep 0.0063 252 265 277 279
sheep 0.0056 161 260 182 269
sheep 0.0055 172 260 182 268
sheep 0.0049 321 260 334 269
sheep 0.0048 25 254 47 270
sheep 0.0047 313 260 325 269
sheep 0.0040 44 267 77 278
sheep 0.0040 68 257 78 267
sheep 0.0038 3 259 63 302
sheep 0.0036 252 258 263 265
sheep 0.0036 136 271 156 286
sheep 0.0034 324 266 344 277
sheep 0.0032 383 256 391 260
sheep 0.0030 298 260 306 270
sheep 0.0028 41 267 81 325
sheep 0.0027 204 254 214 262
sheep 0.0027 18 253 47 262
sheep 0.0025 61 270 81 285
sheep 0.0025 117 259 132 267
sheep 0.0025 34 256 89 307
sheep 0.0024 324 260 345 268
sheep 0.0024 141 251 165 279
sheep 0.0023 0 271 45 332
sheep 0.0023 7 252 34 262
sheep 0.0022 0 258 45 285
sheep 0.0022 0 265 17 272
sheep 0.0021 8 265 83 286
sheep 0.0020 312 258 349 277
sheep 0.0019 111 256 132 267
sheep 0.0018 330 268 350 276
sheep 0.0018 232 268 264 286
sheep 0.0017 102 252 110 258
sheep 0.0016 141 272 162 285
sheep 0.0015 239 259 277 278
sheep 0.0015 177 273 291 366
sheep 0.0015 147 272 171 286
sheep 0.0013 156 272 175 285
sheep 0.0013 0 265 6 274
sheep 0.0013 55 247 79 275
sheep 0.0013 0 263 33 274
sheep 0.0012 1 253 19 260
sheep 0.0012 0 276 16 332
sheep 0.0012 232 272 246 286
sheep 0.0012 266 259 289 274
sheep 0.0012 26 257 80 274
sheep 0.0011 310 263 326 275
sheep 0.0011 21 259 50 276
sheep 0.0011 273 267 291 283
sheep 0.0011 340 260 350 267
sheep 0.0010 17 266 74 277
sheep 0.0010 103 245 118 271
cow 0.2612 232 275 289 321
cow 0.1061 361 264 369 274
cow 0.0876 323 261 350 274
cow 0.0590 267 264 290 279
cow 0.0480 -1 269 83 327
cow 0.0376 300 261 310 271
cow 0.0371 310 261 322 271
cow 0.0369 182 276 233 370
cow 0.0292 133 261 159 286
cow 0.0275 204 256 215 267
cow 0.0273 156 261 181 281
cow 0.0252 253 258 268 276
cow 0.0229 252 260 286 278
cow 0.0228 217 257 227 267
cow 0.0173 57 256 78 268
cow 0.0172 12 254 47 274
cow 0.0164 300 260 318 272
cow 0.0154 336 262 351 272
cow 0.0137 105 254 117 266
cow 0.0079 253 258 266 269
cow 0.0071 138 263 176 285
cow 0.0071 134 253 143 263
cow 0.0052 203 256 225 267
cow 0.0051 3 254 29 269
cow 0.0049 377 255 387 260
cow 0.0049 142 254 159 264
cow 0.0049 292 261 312 276
cow 0.0028 141 256 161 271
cow 0.0021 164 261 182 275
cow 0.0018 383 256 391 260
cow 0.0014 492 258 499 263
cow 0.0014 253 266 267 278
cow 0.0012 485 258 498 263
cow 0.0012 321 260 334 269
cow 0.0012 331 260 350 269
cow 0.0011 48 268 82 287
cow 0.0011 324 266 344 277
cow 0.0010 312 259 326 270
chair 0.0011 232 275 289 321
