person 0.8179 234 2 454 329
person 0.0178 284 153 319 230
person 0.0135 257 44 339 308
person 0.0048 285 160 321 199
person 0.0019 491 139 499 170
person 0.0018 5 5 466 332
person 0.0017 287 67 387 286
bicycle 0.5113 371 37 499 314
bicycle 0.0345 259 8 497 319
bicycle 0.0079 340 3 482 244
bicycle 0.0040 465 65 499 308
bicycle 0.0039 491 139 499 170
bicycle 0.0039 430 53 501 301
bicycle 0.0021 478 87 499 282
bicycle 0.0019 368 1 493 153
bicycle 0.0019 284 157 307 233
bicycle 0.0013 486 136 499 201
bicycle 0.0012 354 43 439 208
bicycle 0.0011 465 217 500 306
bicycle 0.0010 458 99 500 208
bicycle 0.0010 376 28 405 53
bicycle 0.0010 223 7 502 165
motorbike 0.0086 381 52 499 320
bird 0.0201 200 191 271 223
bird 0.0028 200 187 244 217
cat 0.0116 200 191 271 223
cat 0.0012 282 159 308 230
dog 0.0028 199 193 274 223
dog 0.0013 284 157 307 233
horse 0.0016 284 157 307 233
bottle 0.4696 283 159 308 231
bottle 0.0358 492 139 500 166
bottle 0.0127 490 140 500 175
bottle 0.0045 219 7 423 328
bottle 0.0035 205 195 273 224
bottle 0.0032 277 122 349 235
bottle 0.0031 379 31 404 54
bottle 0.0029 494 146 500 174
bottle 0.0026 282 194 303 230
bottle 0.0016 396 56 500 315
bottle 0.0015 291 160 318 229
bottle 0.0012 490 131 500 161
chair 0.0044 237 4 462 330
chair 0.0018 282 158 311 231
chair 0.0014 383 54 499 328
chair 0.0012 331 174 386 219
pottedplant 0.0031 284 157 307 233
pottedplant 0.0013 0 25 19 61
diningtable 0.0021 6 185 352 329
