person 0.8056 210 40 344 219
person 0.2385 328 61 365 137
person 0.0992 329 58 382 188
person 0.0282 253 44 426 254
person 0.0269 329 43 404 149
person 0.0239 206 34 463 319
person 0.0237 327 67 349 134
person 0.0127 221 195 259 230
person 0.0089 340 70 374 138
person 0.0078 311 62 353 137
person 0.0071 333 85 357 135
person 0.0065 177 1 202 32
person 0.0041 355 78 406 141
person 0.0038 352 76 379 146
person 0.0038 216 81 350 307
person 0.0033 195 60 207 96
person 0.0029 330 65 353 97
person 0.0029 340 116 382 157
person 0.0028 315 43 362 220
person 0.0025 129 29 367 329
person 0.0022 299 206 338 239
person 0.0021 323 209 354 235
person 0.0021 196 127 237 164
person 0.0020 343 149 385 197
person 0.0019 310 49 329 122
person 0.0018 337 132 375 155
person 0.0015 211 42 276 206
person 0.0014 337 115 380 202
person 0.0012 356 137 432 168
person 0.0012 287 35 334 126
person 0.0012 17 30 254 267
person 0.0011 27 110 85 225
person 0.0011 323 69 354 166
person 0.0010 330 72 340 92
person 0.0010 346 80 410 190
car 0.0022 379 166 499 266
car 0.0010 483 71 498 93
train 0.0015 379 166 499 266
boat 0.0649 0 105 57 276
boat 0.0192 0 188 55 273
boat 0.0029 375 169 499 249
bird 0.0022 447 51 460 58
bird 0.0014 482 71 497 94
bottle 0.3724 195 61 207 95
bottle 0.1114 182 66 207 96
bottle 0.0554 177 76 196 96
bottle 0.0409 199 64 220 95
bottle 0.0330 164 79 182 97
bottle 0.0244 107 93 126 135
bottle 0.0181 174 49 196 93
bottle 0.0127 168 78 191 97
bottle 0.0127 110 114 124 132
bottle 0.0092 121 28 138 50
bottle 0.0076 184 64 226 97
bottle 0.0066 171 61 213 97
bottle 0.0063 171 103 190 138
bottle 0.0058 140 95 169 128
bottle 0.0056 142 108 161 120
bottle 0.0054 170 120 189 136
bottle 0.0052 99 88 122 137
bottle 0.0052 112 90 141 131
bottle 0.0049 150 84 185 138
bottle 0.0049 193 75 205 94
bottle 0.0040 112 99 132 140
bottle 0.0040 205 77 220 93
bottle 0.0039 137 81 171 115
bottle 0.0039 175 2 202 32
bottle 0.0039 109 24 137 55
bottle 0.0033 52 31 177 186
bottle 0.0033 189 49 208 93
bottle 0.0032 0 6 86 270
bottle 0.0032 169 71 205 104
bottle 0.0032 71 58 95 94
bottle 0.0030 124 81 160 101
bottle 0.0030 156 78 178 98
bottle 0.0028 5 0 112 173
bottle 0.0026 177 100 201 148
bottle 0.0024 102 85 133 113
bottle 0.0023 139 93 177 147
bottle 0.0023 93 95 106 128
bottle 0.0022 139 80 168 98
bottle 0.0020 185 95 208 149
bottle 0.0019 155 72 193 102
bottle 0.0019 64 30 104 118
bottle 0.0018 2 -16 224 234
bottle 0.0017 212 65 241 92
bottle 0.0017 51 16 116 147
bottle 0.0017 158 79 182 121
bottle 0.0016 21 75 72 142
bottle 0.0015 0 117 59 276
bottle 0.0015 87 48 186 150
bottle 0.0015 121 104 137 135
bottle 0.0015 97 96 109 136
bottle 0.0014 162 66 185 95
bottle 0.0014 165 46 197 78
bottle 0.0013 162 115 186 137
bottle 0.0012 200 80 218 97
bottle 0.0011 101 17 117 56
bottle 0.0011 80 56 139 150
bottle 0.0011 69 40 96 88
bottle 0.0011 108 109 125 143
bottle 0.0010 217 70 236 90
chair 0.0652 381 171 499 248
chair 0.0189 380 164 498 213
chair 0.0068 365 155 497 186
chair 0.0066 0 105 57 276
chair 0.0027 361 141 497 174
chair 0.0026 380 190 499 286
chair 0.0015 420 147 499 171
chair 0.0012 396 185 495 226
sofa 0.0099 379 169 499 262
sofa 0.0031 0 117 59 276
sofa 0.0012 389 152 499 190
sofa 0.0011 360 140 498 170
pottedplant 0.0120 404 66 432 92
pottedplant 0.0101 0 117 59 276
pottedplant 0.0015 395 59 434 109
pottedplant 0.0011 434 27 499 126
pottedplant 0.0010 400 58 447 137
pottedplant 0.0010 358 36 462 138
diningtable 0.0403 358 139 497 166
diningtable 0.0110 380 163 499 219
diningtable 0.0049 347 154 495 186
diningtable 0.0042 414 146 499 170
diningtable 0.0023 373 142 448 161
diningtable 0.0016 356 137 432 168
diningtable 0.0012 347 121 507 165
diningtable 0.0011 0 117 59 276
diningtable 0.0011 387 135 417 145
tvmonitor 0.0068 327 62 370 140
tvmonitor 0.0040 318 38 408 146
tvmonitor 0.0016 379 169 499 262
