person 0.0570 475 263 499 297
person 0.0514 150 222 158 232
person 0.0366 153 225 160 239
person 0.0308 142 219 152 228
person 0.0301 324 185 331 198
person 0.0300 137 219 149 228
person 0.0299 148 226 160 243
person 0.0243 372 251 459 295
person 0.0209 318 192 411 217
person 0.0196 473 268 488 291
person 0.0185 331 201 389 214
person 0.0150 151 313 155 324
person 0.0135 412 266 420 287
person 0.0114 96 223 107 240
person 0.0112 138 228 160 246
person 0.0107 353 202 366 213
person 0.0106 152 220 160 230
person 0.0083 162 224 171 236
person 0.0074 153 202 158 216
person 0.0071 167 225 174 237
person 0.0071 117 224 162 251
person 0.0070 104 280 111 292
person 0.0069 163 222 178 237
person 0.0069 392 242 449 264
person 0.0068 324 223 331 235
person 0.0066 154 215 171 237
person 0.0060 413 265 424 281
person 0.0057 307 213 404 247
person 0.0056 405 265 425 288
person 0.0052 321 184 334 201
person 0.0051 338 202 370 214
person 0.0051 415 244 426 261
person 0.0049 338 206 355 214
person 0.0047 472 244 499 265
person 0.0046 4 196 27 209
person 0.0046 415 267 427 290
person 0.0046 222 292 235 316
person 0.0045 249 236 256 245
person 0.0041 154 201 159 208
person 0.0037 154 206 190 236
person 0.0037 129 204 151 223
person 0.0036 202 218 300 247
person 0.0036 97 224 115 243
person 0.0036 134 210 164 234
person 0.0034 395 197 460 217
person 0.0031 346 198 371 212
person 0.0030 436 198 460 216
person 0.0028 323 186 329 194
person 0.0027 165 221 186 237
person 0.0027 474 269 484 282
person 0.0027 121 228 135 248
person 0.0027 76 194 97 208
person 0.0026 149 315 153 324
person 0.0026 445 201 463 215
person 0.0024 335 208 348 214
person 0.0024 127 218 144 227
person 0.0024 208 286 235 317
person 0.0023 473 269 479 287
person 0.0023 100 223 111 238
person 0.0022 321 222 328 236
person 0.0021 125 228 145 249
person 0.0021 141 176 154 181
person 0.0020 140 280 147 287
person 0.0019 236 234 269 246
person 0.0019 409 244 433 258
person 0.0019 394 208 412 215
person 0.0019 91 297 106 307
person 0.0019 152 200 158 210
person 0.0019 384 279 392 288
person 0.0018 99 198 115 205
person 0.0017 357 199 372 210
person 0.0016 92 296 100 304
person 0.0016 107 198 115 204
person 0.0016 407 263 418 281
person 0.0016 411 260 420 276
person 0.0016 429 198 451 215
person 0.0016 49 196 75 209
person 0.0016 147 206 158 220
person 0.0015 416 242 439 263
person 0.0015 325 222 336 232
person 0.0015 135 201 163 220
person 0.0015 11 193 38 210
person 0.0014 123 219 138 226
person 0.0014 40 197 65 209
person 0.0014 471 273 480 292
person 0.0013 108 225 124 243
person 0.0013 1 196 17 209
person 0.0013 319 196 362 213
person 0.0013 86 197 110 207
person 0.0013 248 234 254 244
person 0.0012 396 199 421 216
person 0.0012 418 241 456 263
person 0.0012 313 185 386 211
person 0.0012 334 186 346 198
person 0.0012 322 188 343 202
person 0.0012 222 233 288 246
person 0.0012 312 205 395 217
person 0.0012 41 194 87 209
person 0.0011 172 177 178 190
person 0.0011 130 227 152 246
car 0.2332 4 194 39 210
car 0.1272 39 197 80 210
car 0.0649 278 358 397 375
car 0.0615 72 194 96 208
car 0.0531 395 197 459 217
car 0.0441 317 184 408 213
car 0.0407 478 263 500 301
car 0.0341 37 196 60 209
car 0.0270 13 191 75 209
car 0.0226 49 199 72 209
car 0.0218 48 193 93 209
car 0.0210 39 200 53 209
car 0.0196 377 188 410 199
car 0.0161 315 215 411 244
car 0.0153 94 223 164 250
car 0.0149 75 199 93 208
car 0.0147 2 196 18 209
car 0.0130 81 196 114 207
car 0.0105 35 190 69 208
car 0.0095 92 198 114 205
car 0.0092 3 192 24 208
car 0.0091 5 198 26 210
car 0.0090 382 263 461 294
car 0.0083 319 201 390 215
car 0.0064 20 192 42 210
car 0.0061 30 201 55 210
car 0.0060 449 202 462 214
car 0.0058 53 191 77 209
car 0.0058 186 216 311 248
car 0.0054 0 197 9 207
car 0.0050 132 218 149 228
car 0.0045 38 191 57 205
car 0.0045 129 204 154 222
car 0.0043 34 290 56 304
car 0.0043 471 244 499 266
car 0.0042 437 199 463 215
car 0.0041 141 229 160 252
car 0.0040 394 199 428 216
car 0.0040 415 241 456 263
car 0.0038 15 186 77 200
car 0.0036 102 198 115 204
car 0.0032 127 218 144 227
car 0.0032 107 217 158 233
car 0.0029 344 311 364 323
car 0.0028 9 199 55 211
car 0.0027 139 268 187 287
car 0.0023 358 363 397 374
car 0.0023 294 371 391 401
car 0.0022 326 204 371 215
car 0.0018 92 296 115 305
car 0.0016 1 184 61 211
car 0.0016 139 218 146 228
car 0.0015 1 189 16 199
car 0.0015 147 226 159 244
car 0.0015 139 281 147 288
car 0.0015 122 206 156 231
car 0.0015 28 186 89 209
car 0.0014 123 219 138 226
car 0.0014 374 243 454 292
car 0.0013 151 221 157 230
car 0.0012 394 202 416 216
car 0.0012 371 189 419 208
car 0.0011 85 299 121 311
car 0.0011 317 185 341 202
car 0.0010 323 186 331 197
car 0.0010 24 200 42 209
aeroplane 0.7542 131 106 434 214
aeroplane 0.0193 320 182 408 213
aeroplane 0.0181 7 186 73 209
aeroplane 0.0160 121 151 418 227
aeroplane 0.0133 2 192 41 211
aeroplane 0.0132 232 109 411 184
aeroplane 0.0058 128 163 297 219
aeroplane 0.0047 393 197 457 217
aeroplane 0.0029 43 189 95 209
aeroplane 0.0027 290 154 317 163
aeroplane 0.0026 45 196 81 209
aeroplane 0.0025 10 183 73 198
aeroplane 0.0024 376 186 411 199
aeroplane 0.0024 267 108 487 198
aeroplane 0.0016 311 214 416 244
aeroplane 0.0015 318 107 445 185
aeroplane 0.0014 474 260 499 300
aeroplane 0.0014 295 154 313 160
aeroplane 0.0014 40 46 434 214
aeroplane 0.0013 187 216 309 248
aeroplane 0.0013 60 186 100 207
aeroplane 0.0011 94 223 164 250
aeroplane 0.0010 471 244 499 265
bus 0.8008 312 214 416 245
bus 0.7235 187 216 309 248
bus 0.2680 314 184 412 214
bus 0.1531 395 196 459 217
bus 0.0586 155 211 436 245
bus 0.0327 478 261 499 301
bus 0.0188 377 242 458 294
bus 0.0133 17 189 78 207
bus 0.0110 97 224 161 251
bus 0.0087 414 240 456 263
bus 0.0078 38 194 77 209
bus 0.0072 278 358 397 375
bus 0.0063 386 263 466 296
bus 0.0063 318 191 381 215
bus 0.0054 5 193 40 210
bus 0.0052 472 244 499 265
bus 0.0046 377 188 410 199
bus 0.0030 71 194 96 208
bus 0.0030 121 151 418 227
bus 0.0030 330 201 395 214
bus 0.0029 282 203 429 247
bus 0.0029 32 190 62 206
bus 0.0029 15 186 77 200
bus 0.0021 132 193 311 253
bus 0.0020 135 266 192 290
bus 0.0020 391 199 433 217
bus 0.0017 312 205 395 217
bus 0.0016 136 229 160 251
bus 0.0014 317 228 412 243
bus 0.0012 222 233 288 246
bus 0.0012 146 167 450 257
bus 0.0012 47 190 95 209
bus 0.0011 432 197 462 216
bus 0.0011 129 204 153 224
bus 0.0010 326 204 371 215
train 0.0088 187 216 309 248
train 0.0058 310 214 417 245
train 0.0023 155 211 436 245
train 0.0018 318 192 411 217
train 0.0011 393 197 457 217
train 0.0010 113 159 387 230
train 0.0010 7 189 62 208
boat 0.0112 216 49 256 88
boat 0.0030 212 48 265 125
boat 0.0024 5 193 40 210
boat 0.0020 278 358 397 375
boat 0.0017 322 190 415 216
boat 0.0010 136 107 434 215
boat 0.0010 316 212 412 247
