person 0.9173 55 28 268 372
person 0.9026 247 31 440 369
person 0.0778 471 186 500 257
person 0.0391 443 187 500 258
person 0.0344 478 188 499 228
person 0.0174 422 182 497 221
person 0.0106 292 184 324 277
person 0.0095 193 199 228 250
person 0.0074 472 171 486 198
person 0.0063 480 169 498 212
person 0.0042 457 186 500 232
person 0.0040 488 189 500 252
person 0.0032 69 19 450 359
person 0.0030 141 68 324 365
person 0.0027 481 206 500 258
person 0.0024 463 170 499 199
person 0.0017 202 30 364 357
person 0.0015 296 183 319 236
person 0.0014 486 191 499 225
person 0.0014 458 172 471 199
person 0.0013 448 177 458 201
person 0.0012 474 225 500 257
person 0.0011 196 215 225 261
bottle 0.8226 295 184 321 274
bottle 0.2730 471 169 484 197
bottle 0.2063 458 170 469 199
bottle 0.1900 475 170 490 195
bottle 0.1838 448 171 458 200
bottle 0.1698 197 201 226 244
bottle 0.1325 484 171 496 192
bottle 0.1097 443 172 456 203
bottle 0.0979 430 177 445 206
bottle 0.0668 449 177 466 200
bottle 0.0569 296 183 319 236
bottle 0.0339 454 170 465 194
bottle 0.0295 470 168 479 196
bottle 0.0240 490 171 499 192
bottle 0.0197 448 168 454 192
bottle 0.0194 481 170 498 200
bottle 0.0167 473 170 497 221
bottle 0.0130 418 185 431 207
bottle 0.0125 465 170 480 203
bottle 0.0118 249 35 443 373
bottle 0.0074 463 170 499 199
bottle 0.0067 439 173 493 207
bottle 0.0066 436 182 451 207
bottle 0.0063 426 182 461 208
bottle 0.0063 432 177 440 187
bottle 0.0043 421 184 439 206
bottle 0.0039 437 223 454 257
bottle 0.0036 434 189 447 206
bottle 0.0031 447 179 460 204
bottle 0.0031 186 127 387 328
bottle 0.0030 455 185 474 204
bottle 0.0027 203 197 226 230
bottle 0.0027 448 168 457 184
bottle 0.0025 486 169 495 184
bottle 0.0019 296 206 320 233
bottle 0.0018 478 170 489 183
bottle 0.0017 473 169 483 184
bottle 0.0017 194 228 224 276
bottle 0.0017 471 178 488 208
bottle 0.0016 488 166 500 211
bottle 0.0015 478 188 499 228
bottle 0.0015 454 170 464 182
bottle 0.0015 197 227 224 248
bottle 0.0014 459 169 469 183
bottle 0.0011 285 164 324 252
bottle 0.0011 293 221 317 278
bottle 0.0010 447 180 472 207
bottle 0.0010 468 180 500 250
bottle 0.0010 447 167 462 190
bottle 0.0010 419 182 484 217
chair 0.0273 1 248 69 340
chair 0.0171 467 188 500 257
chair 0.0168 34 255 60 282
chair 0.0116 437 226 455 259
chair 0.0085 430 198 498 260
chair 0.0068 477 188 499 228
chair 0.0060 38 242 64 284
chair 0.0035 0 251 60 304
chair 0.0034 21 236 64 293
chair 0.0033 252 323 267 372
chair 0.0031 482 223 500 256
chair 0.0027 484 302 500 322
chair 0.0021 1 324 78 374
chair 0.0018 0 277 76 373
chair 0.0017 488 189 500 252
chair 0.0016 417 216 478 265
chair 0.0016 422 182 497 221
chair 0.0015 38 199 70 296
chair 0.0014 294 184 321 275
chair 0.0013 472 171 486 195
chair 0.0013 390 256 498 316
chair 0.0010 458 172 471 199
sofa 0.0022 467 188 500 257
sofa 0.0019 390 256 499 313
sofa 0.0011 0 252 69 343
pottedplant 0.0061 437 226 454 259
diningtable 0.0976 390 256 498 316
diningtable 0.0637 422 182 497 221
diningtable 0.0610 0 252 71 343
diningtable 0.0531 443 187 500 258
diningtable 0.0251 423 187 469 210
diningtable 0.0171 419 195 483 218
diningtable 0.0155 389 252 499 370
diningtable 0.0146 452 198 479 206
diningtable 0.0130 468 180 500 250
diningtable 0.0112 418 185 485 250
diningtable 0.0110 445 174 465 204
diningtable 0.0099 0 251 60 304
diningtable 0.0084 439 173 493 207
diningtable 0.0051 458 172 471 199
diningtable 0.0046 484 302 500 322
diningtable 0.0044 444 198 487 211
diningtable 0.0043 428 178 446 207
diningtable 0.0043 417 216 478 265
diningtable 0.0043 475 186 500 229
diningtable 0.0040 419 179 453 209
diningtable 0.0040 399 200 494 283
diningtable 0.0035 433 189 447 207
diningtable 0.0034 436 223 456 257
diningtable 0.0032 454 185 474 205
diningtable 0.0028 421 184 442 206
diningtable 0.0025 29 249 63 285
diningtable 0.0024 0 325 77 373
diningtable 0.0022 391 316 499 373
diningtable 0.0022 259 247 504 366
diningtable 0.0021 448 177 458 201
diningtable 0.0014 426 195 504 230
diningtable 0.0013 472 171 486 195
diningtable 0.0013 451 193 493 220
diningtable 0.0011 30 253 79 356
diningtable 0.0010 456 179 489 212
