person 0.0133 22 14 399 400
car 0.0020 370 289 399 354
aeroplane 0.1244 42 113 331 381
aeroplane 0.0362 -1 253 383 393
aeroplane 0.0130 61 17 391 329
aeroplane 0.0083 -1 22 225 395
aeroplane 0.0048 1 280 87 332
aeroplane 0.0029 77 244 303 370
aeroplane 0.0017 -13 333 398 399
aeroplane 0.0011 1 292 77 400
bird 0.0011 4 24 297 393
chair 0.0119 6 20 379 394
chair 0.0034 61 29 266 312
chair 0.0010 -1 25 153 389
chair 0.0010 54 130 313 386
sofa 0.0031 22 14 399 400
diningtable 0.0208 60 42 393 409
diningtable 0.0113 60 248 389 398
diningtable 0.0026 21 333 391 399
tvmonitor 0.0050 0 28 156 311
tvmonitor 0.0022 59 21 395 394
tvmonitor 0.0013 373 293 399 354
