person 0.7939 143 58 240 295
person 0.0116 184 83 262 316
person 0.0046 51 56 269 320
person 0.0039 185 104 215 124
person 0.0030 154 63 202 117
person 0.0027 154 66 231 187
person 0.0025 199 107 212 136
person 0.0018 163 76 198 109
person 0.0016 178 82 219 149
person 0.0016 111 87 265 436
person 0.0015 181 95 217 132
person 0.0011 157 44 299 278
car 0.0018 292 193 366 257
car 0.0015 273 54 309 75
car 0.0012 36 153 58 161
car 0.0011 15 155 37 162
car 0.0011 356 211 369 253
dog 0.0047 140 71 264 328
horse 0.7268 117 87 265 466
horse 0.0762 155 76 265 323
horse 0.0127 199 82 261 296
horse 0.0091 3 61 280 395
horse 0.0089 288 156 363 258
horse 0.0030 289 193 335 256
horse 0.0028 112 251 223 462
horse 0.0013 290 155 357 210
cow 0.0024 140 71 264 328
bottle 0.0011 200 109 211 132
