person 0.0840 84 231 100 244
person 0.0783 101 232 107 243
person 0.0257 494 208 499 214
person 0.0144 475 199 485 214
person 0.0121 58 237 64 247
person 0.0102 84 231 92 242
person 0.0068 44 229 55 238
person 0.0065 329 196 373 215
person 0.0058 473 199 486 224
person 0.0055 8 233 13 242
person 0.0055 349 226 354 232
person 0.0049 91 230 108 243
person 0.0047 483 203 500 214
person 0.0043 58 237 66 255
person 0.0027 48 230 55 239
person 0.0027 83 235 97 245
person 0.0023 470 197 489 217
person 0.0023 41 222 54 239
person 0.0021 203 177 208 184
person 0.0020 477 199 496 216
person 0.0018 333 201 360 214
person 0.0015 491 197 500 214
person 0.0011 384 178 403 192
person 0.0010 344 195 370 210
person 0.0010 415 196 488 231
car 0.0347 416 196 488 231
car 0.0300 333 201 360 214
car 0.0058 8 207 21 213
car 0.0057 391 165 413 181
car 0.0054 494 207 499 213
car 0.0053 475 199 485 214
car 0.0050 83 231 100 244
car 0.0044 276 207 296 215
car 0.0042 330 196 372 215
car 0.0039 467 197 490 217
car 0.0033 320 206 336 213
car 0.0023 43 229 55 238
car 0.0023 318 202 345 213
car 0.0022 387 164 415 191
car 0.0021 483 203 500 214
car 0.0017 475 200 496 216
car 0.0016 101 232 107 243
car 0.0011 473 198 486 224
car 0.0010 27 223 57 239
car 0.0010 384 178 403 192
motorbike 0.0011 415 197 489 232
aeroplane 0.6472 21 73 446 238
aeroplane 0.1650 331 200 370 215
aeroplane 0.0872 0 187 55 205
aeroplane 0.0173 414 196 488 230
aeroplane 0.0122 7 207 22 214
aeroplane 0.0109 391 165 412 178
aeroplane 0.0102 0 191 37 200
aeroplane 0.0101 0 191 14 197
aeroplane 0.0099 83 231 100 244
aeroplane 0.0097 336 194 377 212
aeroplane 0.0078 467 197 490 217
aeroplane 0.0075 1 202 41 214
aeroplane 0.0057 474 199 485 214
aeroplane 0.0056 388 164 415 191
aeroplane 0.0051 318 202 345 213
aeroplane 0.0041 373 165 421 204
aeroplane 0.0039 -3 188 59 224
aeroplane 0.0031 475 200 496 216
aeroplane 0.0030 384 176 406 192
aeroplane 0.0029 320 203 338 211
aeroplane 0.0027 462 191 496 223
aeroplane 0.0026 328 189 431 214
aeroplane 0.0024 23 209 60 238
aeroplane 0.0022 0 193 26 210
aeroplane 0.0020 0 181 48 198
aeroplane 0.0020 88 231 108 242
aeroplane 0.0020 465 193 489 208
aeroplane 0.0019 101 232 107 242
aeroplane 0.0017 9 154 402 243
aeroplane 0.0014 321 206 336 213
aeroplane 0.0014 8 205 28 213
aeroplane 0.0013 337 162 435 213
aeroplane 0.0012 491 207 500 214
aeroplane 0.0011 483 202 500 214
aeroplane 0.0010 0 193 19 204
bus 0.0113 331 200 370 215
bus 0.0084 414 196 488 230
bus 0.0024 84 231 100 244
bus 0.0023 391 165 413 181
train 0.0017 329 200 371 215
train 0.0014 413 195 490 231
boat 0.0078 391 165 413 181
boat 0.0024 332 199 366 214
boat 0.0022 415 196 488 231
diningtable 0.0010 14 69 472 240
