person 0.6964 0 12 253 348
person 0.0192 9 151 239 371
person 0.0052 23 233 203 373
person 0.0049 280 236 420 314
person 0.0028 2 166 124 298
person 0.0019 484 296 500 373
person 0.0015 0 20 124 337
person 0.0014 15 183 143 354
person 0.0013 32 12 228 207
person 0.0012 51 35 121 101
person 0.0012 483 217 500 250
person 0.0011 0 159 33 283
cat 0.0080 276 234 420 315
cat 0.0067 9 151 239 371
cat 0.0044 2 155 160 307
cat 0.0014 0 193 124 346
cat 0.0014 0 12 253 348
cat 0.0014 18 217 138 278
dog 0.6156 13 152 255 360
dog 0.0234 0 193 124 346
dog 0.0142 3 159 168 306
dog 0.0134 22 234 203 373
dog 0.0082 0 13 217 345
dog 0.0054 50 162 229 297
dog 0.0050 21 225 132 279
dog 0.0037 275 235 422 314
dog 0.0021 176 203 263 303
dog 0.0020 20 216 163 319
dog 0.0013 214 204 266 285
dog 0.0011 72 283 123 328
cow 0.0040 280 236 420 314
bottle 0.0423 394 158 405 180
bottle 0.0407 389 175 406 212
bottle 0.0306 184 61 207 123
bottle 0.0204 177 19 216 173
bottle 0.0196 486 301 500 378
bottle 0.0130 191 68 204 113
bottle 0.0120 391 157 408 202
bottle 0.0082 183 70 193 100
bottle 0.0078 271 84 284 113
bottle 0.0074 180 70 197 110
bottle 0.0069 276 114 304 132
bottle 0.0069 361 174 371 187
bottle 0.0062 490 316 500 375
bottle 0.0054 167 5 234 188
bottle 0.0053 339 185 407 210
bottle 0.0046 397 112 422 143
bottle 0.0046 492 342 499 374
bottle 0.0044 260 113 276 130
bottle 0.0041 69 0 84 42
bottle 0.0041 67 1 77 43
bottle 0.0038 286 99 298 112
bottle 0.0035 78 0 91 41
bottle 0.0035 385 164 417 216
bottle 0.0033 270 114 283 131
bottle 0.0032 246 146 281 180
bottle 0.0031 178 55 201 132
bottle 0.0029 306 99 342 121
bottle 0.0027 474 294 499 372
bottle 0.0027 303 112 326 130
bottle 0.0026 84 2 96 40
bottle 0.0025 308 110 335 129
bottle 0.0025 293 94 319 117
bottle 0.0025 192 69 203 92
bottle 0.0023 312 105 349 131
bottle 0.0023 359 168 373 188
bottle 0.0022 328 169 442 218
bottle 0.0021 260 115 268 129
bottle 0.0020 220 143 256 178
bottle 0.0020 152 0 166 11
bottle 0.0017 170 0 185 20
bottle 0.0016 323 113 349 131
bottle 0.0015 297 129 334 147
bottle 0.0015 318 112 339 130
bottle 0.0014 478 295 499 339
bottle 0.0014 483 217 500 250
bottle 0.0013 298 120 306 131
bottle 0.0013 295 100 309 116
bottle 0.0013 408 266 477 312
bottle 0.0012 306 152 498 251
bottle 0.0012 306 121 328 131
bottle 0.0012 282 97 301 114
bottle 0.0011 269 93 281 124
bottle 0.0011 352 161 375 188
bottle 0.0010 399 319 491 374
bottle 0.0010 205 308 419 371
bottle 0.0010 350 168 412 208
bottle 0.0010 478 256 500 290
bottle 0.0010 485 335 499 375
chair 0.0308 -1 2 256 363
chair 0.0217 0 174 131 341
chair 0.0201 17 153 253 307
chair 0.0156 23 233 203 373
chair 0.0061 0 14 125 343
chair 0.0045 0 170 96 288
chair 0.0032 0 272 47 371
chair 0.0028 0 234 25 278
chair 0.0020 10 241 125 367
chair 0.0016 0 138 5 164
chair 0.0014 478 294 499 372
chair 0.0012 0 171 34 285
chair 0.0012 0 152 65 338
chair 0.0010 35 177 58 203
chair 0.0010 483 217 500 250
sofa 0.0269 22 234 203 373
sofa 0.0195 0 272 47 371
sofa 0.0177 0 174 131 341
sofa 0.0141 9 152 239 372
sofa 0.0064 1 228 103 372
sofa 0.0031 0 171 93 289
sofa 0.0028 0 235 29 280
sofa 0.0027 0 13 217 345
sofa 0.0016 0 198 49 343
sofa 0.0012 0 171 34 285
pottedplant 0.0042 111 0 151 32
pottedplant 0.0010 110 7 135 33
diningtable 0.0064 209 285 474 370
diningtable 0.0028 0 272 48 370
diningtable 0.0019 272 312 505 363
diningtable 0.0017 0 234 25 278
diningtable 0.0012 400 318 490 374
diningtable 0.0012 0 185 81 364
diningtable 0.0010 480 295 499 374
diningtable 0.0010 371 312 451 346
tvmonitor 0.0028 478 295 499 372
tvmonitor 0.0011 286 139 396 193
tvmonitor 0.0010 280 236 420 314
