person 0.8108 187 339 208 374
person 0.6553 144 335 165 375
person 0.6153 156 335 178 375
person 0.5804 335 341 354 374
person 0.4985 150 236 167 291
person 0.1601 29 345 36 358
person 0.0972 346 344 370 375
person 0.0654 328 346 339 374
person 0.0545 245 214 258 254
person 0.0378 332 340 344 372
person 0.0363 339 341 363 373
person 0.0342 327 357 338 375
person 0.0334 -2 353 86 374
person 0.0304 152 241 165 263
person 0.0262 29 346 42 359
person 0.0208 24 345 40 363
person 0.0160 355 344 373 367
person 0.0115 160 349 177 375
person 0.0105 256 240 264 257
person 0.0083 244 212 270 257
person 0.0054 332 336 372 377
person 0.0053 156 237 166 256
person 0.0052 161 338 179 364
person 0.0050 334 341 346 361
person 0.0042 32 341 44 357
person 0.0039 145 352 160 375
person 0.0037 353 345 368 357
person 0.0032 119 360 133 376
person 0.0031 96 207 109 223
person 0.0031 481 134 499 298
person 0.0029 168 347 178 372
person 0.0025 186 354 199 375
person 0.0024 219 228 236 240
person 0.0023 153 334 166 350
person 0.0023 357 342 385 375
person 0.0022 482 357 499 374
person 0.0022 157 364 173 375
person 0.0022 362 350 378 374
person 0.0021 333 341 341 359
person 0.0021 26 343 54 361
person 0.0021 32 356 48 369
person 0.0020 2 364 20 374
person 0.0019 243 247 250 257
person 0.0019 2 356 31 374
person 0.0019 187 358 206 380
person 0.0019 153 243 166 276
person 0.0018 463 131 500 323
person 0.0017 37 349 50 359
person 0.0017 344 343 362 359
person 0.0016 431 347 500 374
person 0.0016 97 364 105 375
person 0.0014 151 356 167 375
person 0.0014 160 237 166 248
person 0.0013 199 344 207 373
person 0.0013 319 342 350 375
person 0.0013 145 358 156 374
person 0.0012 3 355 14 370
person 0.0012 193 351 208 374
person 0.0012 338 362 352 374
person 0.0012 96 358 106 375
person 0.0012 246 238 261 257
person 0.0011 192 340 208 363
person 0.0011 153 253 168 288
person 0.0010 256 214 280 241
person 0.0010 172 332 223 376
person 0.0010 25 353 35 364
person 0.0010 240 216 255 240
bicycle 0.0047 469 247 499 286
bicycle 0.0022 151 237 167 291
bicycle 0.0018 145 338 164 374
bicycle 0.0018 119 365 133 375
bicycle 0.0014 328 356 338 375
bicycle 0.0014 145 354 158 374
bicycle 0.0012 464 228 499 296
car 0.7334 1 356 96 374
car 0.7269 430 348 500 374
car 0.0448 482 357 499 374
car 0.0335 3 360 20 374
car 0.0138 345 345 493 374
car 0.0073 16 345 47 364
car 0.0053 1 356 31 374
car 0.0040 471 341 486 348
car 0.0034 1 322 106 374
car 0.0033 68 364 97 375
car 0.0029 485 349 500 357
car 0.0028 409 347 476 373
car 0.0026 350 343 382 374
car 0.0025 424 330 497 379
car 0.0025 472 343 493 349
car 0.0025 431 348 466 372
car 0.0023 458 342 487 351
car 0.0023 28 349 41 360
car 0.0020 426 343 491 356
car 0.0020 470 351 500 373
car 0.0020 15 346 135 373
car 0.0020 29 350 36 359
car 0.0019 484 344 499 350
car 0.0018 420 342 486 367
car 0.0017 466 343 483 349
car 0.0017 119 366 133 375
car 0.0017 3 355 14 371
car 0.0016 462 399 499 437
car 0.0015 491 344 499 351
car 0.0015 0 347 35 372
car 0.0014 34 365 60 373
car 0.0013 0 358 11 374
car 0.0013 467 343 499 356
car 0.0013 29 361 53 371
car 0.0013 40 358 95 373
car 0.0012 453 345 498 361
car 0.0010 0 292 80 378
motorbike 0.0010 430 348 499 374
bus 0.0035 480 135 500 300
bus 0.0018 481 139 499 217
bus 0.0011 0 354 97 374
bus 0.0011 450 135 500 311
train 0.0010 0 243 24 282
bird 0.0043 219 228 236 240
horse 0.0014 241 212 274 257
pottedplant 0.0111 7 209 156 356
tvmonitor 0.0014 481 139 500 216
