person 0.0573 28 103 491 288
person 0.0554 250 141 290 178
person 0.0062 211 138 277 180
person 0.0059 280 137 336 176
person 0.0057 182 137 243 182
person 0.0054 251 141 274 174
person 0.0048 212 115 312 137
person 0.0045 236 135 276 172
person 0.0043 291 139 318 173
person 0.0033 267 136 313 171
person 0.0023 254 151 280 178
person 0.0022 210 121 341 153
person 0.0021 450 245 460 261
person 0.0017 204 139 235 174
person 0.0016 300 134 353 175
person 0.0015 121 134 172 175
person 0.0013 232 137 260 175
person 0.0012 264 136 291 169
person 0.0012 179 128 223 175
person 0.0011 48 96 487 171
person 0.0010 108 151 133 175
person 0.0010 109 162 136 176
car 0.5478 33 108 496 293
car 0.0022 254 146 286 185
motorbike 0.0034 25 102 485 295
aeroplane 0.0039 25 102 485 295
bus 0.0312 25 102 485 295
train 0.0012 25 102 485 295
boat 0.0049 25 102 485 295
diningtable 0.0010 25 102 485 295
