person 0.8686 0 117 92 368
person 0.7242 174 1 444 327
person 0.0080 14 113 147 349
person 0.0048 58 275 163 366
person 0.0031 258 168 300 195
person 0.0029 74 1 211 144
person 0.0023 49 165 143 308
person 0.0021 463 351 492 372
person 0.0021 194 0 243 124
person 0.0021 63 199 132 257
person 0.0015 1 241 162 369
person 0.0014 231 168 288 199
person 0.0014 426 60 499 152
person 0.0013 0 365 5 372
person 0.0010 418 0 499 70
person 0.0010 75 0 223 50
bicycle 0.0067 170 225 284 362
car 0.0048 414 336 450 361
bird 0.0187 463 351 492 372
bottle 0.0240 71 204 130 255
bottle 0.0153 159 191 176 227
bottle 0.0130 150 170 174 200
bottle 0.0079 100 207 125 252
bottle 0.0079 164 200 178 229
bottle 0.0053 214 236 232 301
bottle 0.0052 106 233 128 279
bottle 0.0049 49 165 143 308
bottle 0.0046 165 181 184 229
bottle 0.0044 157 192 172 216
bottle 0.0037 0 123 140 368
bottle 0.0035 132 205 161 230
bottle 0.0031 105 226 127 256
bottle 0.0028 209 233 246 304
bottle 0.0028 461 351 497 372
bottle 0.0026 390 326 415 345
bottle 0.0026 137 197 168 229
bottle 0.0025 143 206 160 227
bottle 0.0025 91 217 126 263
bottle 0.0023 92 273 117 292
bottle 0.0023 75 220 120 258
bottle 0.0023 70 196 145 282
bottle 0.0022 258 168 300 195
bottle 0.0021 170 218 290 348
bottle 0.0020 88 200 117 247
bottle 0.0020 97 231 124 259
bottle 0.0020 150 168 179 221
bottle 0.0018 100 247 136 281
bottle 0.0018 323 332 412 370
bottle 0.0017 185 228 258 329
bottle 0.0016 95 230 112 251
bottle 0.0014 81 232 99 252
bottle 0.0014 99 208 119 237
bottle 0.0013 93 204 135 242
bottle 0.0013 450 318 501 351
bottle 0.0012 46 205 115 251
bottle 0.0011 130 213 154 231
bottle 0.0010 81 234 113 256
chair 0.8476 73 1 209 144
chair 0.3998 6 0 99 121
chair 0.1706 418 0 499 70
chair 0.0943 185 0 243 139
chair 0.0886 164 -3 440 342
chair 0.0774 420 1 499 150
chair 0.0768 171 232 279 366
chair 0.0490 207 0 244 111
chair 0.0216 265 170 292 192
chair 0.0186 136 0 252 147
chair 0.0094 254 165 312 196
chair 0.0085 7 0 54 111
chair 0.0072 26 0 94 74
chair 0.0060 189 311 259 368
chair 0.0060 76 0 209 58
chair 0.0059 193 231 325 339
chair 0.0039 65 3 153 130
chair 0.0038 170 159 416 344
chair 0.0036 455 5 499 69
chair 0.0033 0 275 160 368
chair 0.0032 413 0 447 63
chair 0.0031 468 52 499 67
chair 0.0026 0 115 108 372
chair 0.0022 328 0 501 159
chair 0.0021 2 0 31 102
chair 0.0020 269 274 347 323
chair 0.0016 89 0 214 31
chair 0.0016 206 255 276 353
chair 0.0016 429 72 499 154
chair 0.0015 161 5 232 119
chair 0.0015 218 0 245 81
chair 0.0015 488 10 500 58
chair 0.0013 60 197 133 260
chair 0.0012 476 10 500 67
chair 0.0012 173 187 297 329
chair 0.0011 92 0 235 91
chair 0.0011 153 136 329 314
chair 0.0010 242 258 341 327
chair 0.0010 227 234 291 330
chair 0.0010 42 0 89 48
chair 0.0010 238 1 467 200
chair 0.0010 110 0 198 20
chair 0.0010 435 1 501 40
sofa 0.1735 426 60 499 152
sofa 0.0253 188 1 450 332
sofa 0.0067 419 0 499 70
sofa 0.0044 21 274 167 366
sofa 0.0041 170 230 288 361
sofa 0.0030 399 -2 500 155
sofa 0.0027 324 24 499 158
sofa 0.0015 -2 115 134 372
sofa 0.0015 254 11 502 231
sofa 0.0012 73 1 209 143
sofa 0.0010 468 52 499 67
pottedplant 0.0022 67 278 161 367
pottedplant 0.0014 63 200 132 257
diningtable 0.0504 419 0 499 70
diningtable 0.0335 74 1 210 144
diningtable 0.0213 426 61 499 152
diningtable 0.0076 186 0 243 140
diningtable 0.0041 170 230 288 361
diningtable 0.0037 7 0 94 117
diningtable 0.0036 0 122 140 369
diningtable 0.0027 136 4 249 141
diningtable 0.0021 207 0 244 111
diningtable 0.0016 63 199 132 257
diningtable 0.0015 75 0 223 50
diningtable 0.0014 45 181 172 350
diningtable 0.0010 28 157 236 382
