person 0.8418 183 30 496 370
person 0.0593 166 259 288 370
person 0.0385 460 201 500 308
person 0.0370 0 178 10 211
person 0.0066 0 178 17 273
person 0.0065 448 76 500 322
person 0.0046 377 58 489 351
person 0.0038 425 185 498 323
person 0.0036 462 115 499 257
person 0.0034 0 250 7 282
person 0.0029 0 184 17 220
person 0.0028 0 177 6 195
person 0.0021 0 213 16 287
person 0.0019 473 159 499 202
person 0.0017 0 197 10 215
person 0.0016 88 353 185 374
person 0.0015 0 175 5 188
person 0.0011 454 129 499 203
person 0.0011 423 49 499 202
person 0.0010 480 178 500 202
person 0.0010 51 260 342 370
car 0.7706 126 160 232 252
car 0.7503 1 181 141 271
car 0.2202 423 50 499 202
car 0.0815 0 187 18 279
car 0.0413 0 177 10 212
car 0.0388 459 106 499 202
car 0.0166 35 22 498 368
car 0.0134 11 159 245 268
car 0.0113 466 147 499 203
car 0.0107 335 44 501 207
car 0.0070 428 47 500 103
car 0.0056 459 91 499 300
car 0.0054 88 352 185 374
car 0.0041 172 162 242 249
car 0.0033 0 184 17 221
car 0.0025 0 250 7 282
car 0.0022 454 44 499 176
car 0.0022 197 171 235 245
car 0.0020 393 44 496 313
car 0.0020 0 197 10 215
car 0.0019 476 133 500 186
car 0.0019 484 58 500 90
car 0.0019 0 184 12 248
car 0.0019 472 62 499 197
car 0.0018 463 121 499 173
car 0.0015 0 218 17 249
car 0.0014 460 201 500 308
car 0.0013 0 177 6 195
car 0.0012 5 182 133 215
car 0.0011 479 178 500 201
car 0.0011 0 240 13 281
motorbike 0.0012 0 210 15 283
bus 0.0082 423 50 499 202
bus 0.0067 0 187 18 279
bus 0.0015 87 26 508 370
bus 0.0013 1 181 138 272
bus 0.0010 126 160 232 253
train 0.0013 423 50 499 202
train 0.0012 0 187 18 279
boat 0.0013 0 197 17 282
dog 0.0013 0 178 10 211
dog 0.0011 0 210 15 283
horse 0.0016 460 201 500 308
horse 0.0014 165 32 493 369
sheep 0.0012 0 177 10 212
cow 0.0010 0 210 15 283
bottle 0.0031 87 352 184 373
chair 0.0208 460 200 499 309
chair 0.0119 416 54 498 203
chair 0.0047 88 352 185 374
sofa 0.0170 460 200 499 309
sofa 0.0012 416 54 498 203
diningtable 0.0161 83 350 183 371
diningtable 0.0039 0 326 186 371
diningtable 0.0031 460 200 499 309
diningtable 0.0014 0 286 203 372
tvmonitor 0.0029 416 54 498 203
