person 0.0635 234 222 256 248
person 0.0386 310 109 316 119
person 0.0283 231 220 270 258
person 0.0263 359 315 373 383
person 0.0214 214 217 259 262
person 0.0169 352 261 374 386
person 0.0152 298 248 319 273
person 0.0150 138 221 169 259
person 0.0127 247 219 279 257
person 0.0126 88 143 300 394
person 0.0082 118 223 163 260
person 0.0068 202 216 245 258
person 0.0049 308 108 315 117
person 0.0042 297 243 320 294
person 0.0041 298 93 304 114
person 0.0036 354 159 364 170
person 0.0035 106 250 125 269
person 0.0035 359 316 371 349
person 0.0033 307 108 316 122
person 0.0029 106 230 147 268
person 0.0025 229 226 260 269
person 0.0024 331 261 374 378
person 0.0022 355 308 371 360
person 0.0021 298 94 308 116
person 0.0021 131 226 152 255
person 0.0020 162 222 205 268
person 0.0020 183 217 229 266
person 0.0020 257 216 286 251
person 0.0018 142 233 165 257
person 0.0015 180 228 209 265
person 0.0013 146 224 195 279
person 0.0012 144 213 166 248
person 0.0011 353 348 372 383
bicycle 0.0044 284 344 304 371
bicycle 0.0017 286 340 330 371
car 0.3346 331 260 374 377
car 0.0100 326 268 354 301
car 0.0069 352 261 374 386
car 0.0044 334 263 373 305
car 0.0020 356 323 374 383
car 0.0014 352 355 371 381
car 0.0014 341 260 375 334
car 0.0013 342 314 374 384
car 0.0012 328 281 350 306
aeroplane 0.0014 354 158 364 170
bus 0.7786 89 144 300 402
bus 0.1140 332 258 375 383
bus 0.0016 326 268 354 301
train 0.0145 89 144 300 402
train 0.0031 333 258 374 383
boat 0.0961 332 120 374 139
boat 0.0065 332 100 375 137
boat 0.0032 354 159 364 169
boat 0.0020 216 123 340 140
boat 0.0019 74 3 379 68
boat 0.0015 74 2 378 36
boat 0.0014 307 122 359 139
bird 0.4522 354 159 364 170
bird 0.0064 310 109 315 119
bird 0.0046 345 158 363 171
bird 0.0040 361 161 373 171
bird 0.0016 295 185 309 199
bird 0.0011 297 191 311 200
bird 0.0010 350 163 363 170
chair 0.0012 330 260 375 377
pottedplant 0.0014 0 379 34 454
