person 0.0022 0 218 11 330
person 0.0015 0 219 10 253
bicycle 0.0319 2 305 76 346
bicycle 0.0022 7 304 158 345
bicycle 0.0020 31 306 70 344
bicycle 0.0013 16 -2 467 340
bicycle 0.0013 1 313 49 345
car 0.0152 0 216 10 250
car 0.0051 16 -2 467 340
car 0.0034 0 216 11 322
car 0.0023 0 212 9 230
car 0.0016 0 210 13 239
motorbike 0.0251 6 304 75 345
motorbike 0.0024 7 304 158 345
aeroplane 0.0170 16 -2 467 340
aeroplane 0.0029 -2 -2 167 340
aeroplane 0.0012 0 216 11 322
bus 0.0163 16 -2 467 340
bus 0.0040 -2 -2 167 340
bus 0.0025 0 216 11 322
bus 0.0014 0 214 10 257
train 0.1958 16 -2 467 340
train 0.0586 1 0 187 342
train 0.0186 0 5 80 338
train 0.0127 0 214 10 257
train 0.0096 0 216 10 298
train 0.0013 0 214 18 323
boat 0.0025 -2 -2 167 340
boat 0.0017 0 216 9 255
boat 0.0016 0 216 11 322
chair 0.0023 4 302 76 343
