person 0.0075 449 106 481 209
person 0.0013 223 153 238 199
bicycle 0.0018 449 107 481 210
car 0.0013 413 232 429 245
car 0.0012 392 223 414 238
bird 0.0525 449 107 480 210
bird 0.0020 56 115 98 148
cat 0.0200 449 107 480 210
dog 0.0028 449 106 481 209
horse 0.0010 449 106 481 209
bottle 0.7150 223 154 238 199
bottle 0.4676 449 107 481 210
bottle 0.0194 392 199 406 220
bottle 0.0098 221 182 232 200
bottle 0.0094 222 178 236 207
bottle 0.0047 449 186 476 212
bottle 0.0029 201 170 236 206
bottle 0.0029 220 161 267 195
bottle 0.0023 217 202 262 225
bottle 0.0019 225 182 237 201
bottle 0.0019 390 222 411 238
bottle 0.0016 287 156 305 199
bottle 0.0013 224 154 238 179
bottle 0.0011 459 196 497 220
bottle 0.0010 209 172 227 185
bottle 0.0010 0 332 33 370
bottle 0.0010 228 152 241 192
chair 0.0306 494 342 500 374
chair 0.0115 488 342 500 374
chair 0.0031 493 323 500 375
chair 0.0023 482 260 500 372
chair 0.0019 449 106 481 209
chair 0.0017 495 360 500 374
chair 0.0016 487 317 499 376
chair 0.0012 0 337 36 372
chair 0.0011 477 343 499 373
sofa 0.0013 0 337 36 372
pottedplant 0.0075 449 107 481 210
pottedplant 0.0018 58 116 97 148
diningtable 0.0026 0 331 39 374
diningtable 0.0014 0 319 27 346
tvmonitor 0.8859 277 76 405 167
tvmonitor 0.8618 32 142 141 237
tvmonitor 0.0047 211 -1 295 34
tvmonitor 0.0032 227 0 276 13
tvmonitor 0.0012 449 110 479 217
