person 0.3129 188 126 204 150
person 0.2104 208 123 225 147
person 0.0703 198 123 220 150
person 0.0525 175 125 219 149
person 0.0514 192 128 214 151
person 0.0489 170 126 196 148
person 0.0422 387 20 402 42
person 0.0415 146 128 157 142
person 0.0407 264 119 282 139
person 0.0327 13 90 437 224
person 0.0255 187 125 202 141
person 0.0192 237 121 258 142
person 0.0189 328 190 340 205
person 0.0082 215 136 225 146
person 0.0068 195 116 256 151
person 0.0046 244 126 258 141
person 0.0043 210 133 223 149
person 0.0037 213 124 234 147
person 0.0033 355 174 368 196
person 0.0033 202 139 214 151
person 0.0030 152 125 197 153
person 0.0024 216 149 226 173
person 0.0023 162 125 185 145
person 0.0020 272 123 288 138
person 0.0019 372 161 382 177
person 0.0018 88 110 305 173
person 0.0017 243 123 268 141
person 0.0017 145 127 162 145
person 0.0016 319 235 338 253
person 0.0013 380 156 388 167
person 0.0012 363 164 379 187
person 0.0012 427 177 437 187
person 0.0011 32 12 455 268
person 0.0011 189 139 205 152
person 0.0010 218 137 230 147
person 0.0010 46 116 109 204
person 0.0010 329 236 342 252
person 0.0010 433 179 440 187
aeroplane 0.6130 45 10 472 255
aeroplane 0.0738 13 90 437 224
aeroplane 0.0100 32 126 481 318
aeroplane 0.0086 191 124 222 151
aeroplane 0.0050 195 116 256 151
aeroplane 0.0028 178 123 208 152
aeroplane 0.0014 41 112 158 159
bird 0.0019 387 20 402 42
