person 0.2881 95 151 114 169
person 0.1402 82 148 97 168
person 0.0764 33 111 151 222
person 0.0551 80 145 107 170
person 0.0522 75 182 85 193
person 0.0514 77 147 114 185
person 0.0387 103 150 118 169
person 0.0342 62 119 129 190
person 0.0204 86 141 124 170
person 0.0158 85 145 101 165
person 0.0147 91 152 107 170
person 0.0136 320 246 332 262
person 0.0124 65 151 77 168
person 0.0099 61 139 115 173
person 0.0091 50 153 67 167
person 0.0084 58 153 72 167
person 0.0079 69 148 80 168
person 0.0055 46 152 62 168
person 0.0055 59 147 77 167
person 0.0019 55 143 71 149
person 0.0017 66 103 73 113
person 0.0015 105 144 118 164
person 0.0012 57 144 73 155
person 0.0012 67 142 85 167
person 0.0011 397 216 499 315
person 0.0010 317 247 345 264
person 0.0010 124 158 129 170
car 0.0231 397 217 499 310
car 0.0010 402 216 499 261
bus 0.0048 30 102 153 235
train 0.8607 34 113 149 231
train 0.0367 62 119 129 190
train 0.0218 80 145 107 170
train 0.0140 94 151 114 169
train 0.0103 77 147 114 185
train 0.0068 30 24 143 246
train 0.0048 86 141 124 170
train 0.0039 61 139 115 173
train 0.0012 54 150 78 167
boat 0.0018 398 216 499 312
bird 0.0039 8 4 15 11
dog 0.0018 397 217 499 309
horse 0.0038 397 219 498 316
sheep 0.0185 397 217 499 309
sheep 0.0026 405 218 498 255
cow 0.0030 397 217 499 309
chair 0.0015 397 219 498 316
sofa 0.0030 398 216 499 309
diningtable 0.0031 399 215 499 309
