person 0.8083 209 75 252 199
person 0.7796 72 113 132 202
person 0.5044 368 156 383 197
person 0.2816 285 102 317 149
person 0.2088 351 161 402 214
person 0.1596 282 102 318 195
person 0.1223 81 114 115 160
person 0.0413 287 103 311 135
person 0.0180 212 78 251 146
person 0.0144 199 75 297 194
person 0.0128 270 115 325 238
person 0.0087 273 138 369 248
person 0.0072 355 148 387 199
person 0.0066 204 119 235 206
person 0.0065 358 159 376 189
person 0.0063 247 104 314 163
person 0.0058 70 122 105 200
person 0.0048 179 95 278 219
person 0.0047 212 91 233 144
person 0.0047 365 157 382 177
person 0.0046 361 156 398 193
person 0.0041 347 157 382 208
person 0.0039 298 115 318 147
person 0.0026 88 118 123 182
person 0.0025 148 118 314 274
person 0.0025 204 147 222 196
person 0.0022 275 130 316 211
person 0.0018 83 127 107 155
person 0.0016 231 95 336 186
person 0.0014 274 113 361 211
person 0.0013 192 79 238 215
person 0.0013 294 124 370 162
person 0.0012 368 173 383 202
person 0.0012 308 122 319 138
bicycle 0.0129 344 161 412 216
car 0.0010 273 139 370 248
car 0.0010 344 161 412 216
motorbike 0.0015 344 161 412 216
boat 0.0039 266 92 277 96
dog 0.0018 344 161 412 216
horse 0.9062 148 120 313 273
horse 0.8274 273 139 370 248
horse 0.7283 73 135 130 236
horse 0.7272 343 168 412 216
horse 0.1000 340 163 376 215
horse 0.0481 276 106 318 210
horse 0.0408 266 114 332 241
horse 0.0396 315 146 373 229
horse 0.0317 276 156 312 213
horse 0.0235 365 158 384 205
horse 0.0211 368 177 412 214
horse 0.0175 207 73 252 199
horse 0.0132 321 150 409 236
horse 0.0096 296 126 370 201
horse 0.0080 115 161 132 201
horse 0.0075 355 148 387 199
horse 0.0062 247 104 316 192
horse 0.0061 90 149 131 218
horse 0.0052 179 95 278 219
horse 0.0049 269 137 310 230
horse 0.0042 70 125 112 206
horse 0.0040 327 160 368 205
horse 0.0035 280 167 305 203
horse 0.0035 199 101 303 173
horse 0.0032 220 111 316 240
horse 0.0031 366 158 407 208
horse 0.0029 238 157 333 251
horse 0.0029 148 146 224 267
horse 0.0028 235 110 307 161
horse 0.0027 285 103 316 159
horse 0.0026 189 126 255 267
horse 0.0025 273 107 354 184
horse 0.0025 323 174 371 221
horse 0.0024 402 162 410 177
horse 0.0022 389 180 412 212
horse 0.0019 341 170 367 197
horse 0.0018 358 157 377 191
horse 0.0017 348 180 383 215
horse 0.0017 274 160 292 182
horse 0.0017 299 130 368 161
horse 0.0016 365 157 382 183
horse 0.0015 285 120 318 178
horse 0.0015 243 123 288 151
horse 0.0015 368 173 383 202
horse 0.0014 377 179 403 211
horse 0.0013 272 146 359 207
horse 0.0012 201 129 238 215
horse 0.0012 191 179 290 260
horse 0.0012 491 156 499 213
horse 0.0012 347 153 373 188
horse 0.0011 492 188 499 210
horse 0.0011 224 212 242 237
horse 0.0011 340 189 405 217
horse 0.0010 210 195 270 248
horse 0.0010 223 204 264 238
horse 0.0010 361 156 398 193
cow 0.0023 343 166 412 215
cow 0.0016 73 134 130 236
cow 0.0013 147 118 314 274
cow 0.0011 274 138 370 248
