person 0.8334 79 109 154 277
person 0.7059 298 127 428 291
person 0.6745 125 117 175 276
person 0.6496 377 143 462 225
person 0.3519 369 162 388 185
person 0.2434 379 139 464 299
person 0.1308 341 143 371 200
person 0.1032 366 152 435 211
person 0.0600 335 130 454 241
person 0.0588 354 155 388 207
person 0.0503 315 143 403 216
person 0.0480 107 139 126 223
person 0.0410 347 150 406 271
person 0.0391 304 194 388 300
person 0.0325 295 126 340 227
person 0.0322 362 167 379 193
person 0.0317 291 187 321 263
person 0.0308 362 175 370 193
person 0.0292 327 134 376 208
person 0.0244 354 154 371 206
person 0.0198 355 166 383 236
person 0.0191 358 162 372 194
person 0.0152 295 130 375 265
person 0.0150 359 167 369 189
person 0.0137 340 141 362 185
person 0.0133 433 164 447 175
person 0.0126 387 161 404 178
person 0.0116 421 144 439 174
person 0.0114 350 153 382 186
person 0.0111 425 168 461 206
person 0.0105 361 179 381 199
person 0.0103 426 162 460 189
person 0.0084 359 180 390 210
person 0.0082 376 164 390 190
person 0.0081 425 165 440 182
person 0.0077 424 186 463 224
person 0.0075 428 155 448 177
person 0.0073 397 146 434 217
person 0.0072 372 162 386 176
person 0.0069 351 164 433 234
person 0.0067 105 143 144 228
person 0.0065 108 156 124 190
person 0.0064 424 149 434 175
person 0.0063 412 155 431 209
person 0.0063 378 162 396 184
person 0.0062 396 204 463 302
person 0.0055 314 162 396 273
person 0.0054 105 157 129 204
person 0.0054 394 164 450 213
person 0.0054 413 145 459 187
person 0.0054 294 126 324 182
person 0.0052 378 167 446 253
person 0.0051 292 131 324 266
person 0.0050 345 153 368 186
person 0.0046 418 170 439 192
person 0.0045 428 170 454 194
person 0.0040 433 169 458 183
person 0.0036 424 171 433 190
person 0.0036 426 173 438 189
person 0.0034 416 169 428 209
person 0.0033 425 163 434 176
person 0.0033 439 168 462 189
person 0.0031 355 159 371 181
person 0.0027 389 156 410 180
person 0.0027 385 148 431 182
person 0.0026 425 198 463 259
person 0.0026 295 143 333 191
person 0.0024 297 138 308 172
person 0.0024 343 144 359 164
person 0.0022 81 135 138 243
person 0.0021 414 143 435 165
person 0.0021 295 130 310 160
person 0.0018 376 187 405 232
person 0.0017 298 139 313 163
person 0.0017 379 183 408 214
person 0.0015 357 175 369 198
person 0.0015 91 146 130 200
person 0.0015 124 118 165 208
person 0.0015 294 134 305 167
person 0.0014 369 171 410 265
person 0.0014 410 176 442 202
person 0.0013 334 144 364 215
person 0.0013 382 155 405 184
person 0.0013 427 164 443 174
person 0.0013 424 155 440 173
person 0.0012 286 122 375 187
person 0.0012 299 153 322 173
person 0.0011 92 157 160 256
person 0.0011 159 164 176 243
person 0.0011 294 132 310 184
person 0.0011 160 162 172 220
person 0.0010 112 159 131 191
person 0.0010 409 149 440 176
person 0.0010 304 156 333 171
person 0.0010 437 175 456 198
person 0.0010 420 178 432 200
train 0.0017 78 108 159 278
bottle 0.0076 363 175 369 193
bottle 0.0055 378 144 464 226
bottle 0.0043 425 173 433 188
bottle 0.0039 433 191 447 202
bottle 0.0039 362 172 378 190
bottle 0.0038 441 189 451 201
bottle 0.0035 427 178 439 197
bottle 0.0034 441 176 454 197
bottle 0.0025 370 162 389 186
bottle 0.0021 433 177 449 198
bottle 0.0019 359 158 385 203
bottle 0.0018 426 172 461 201
bottle 0.0017 457 195 462 205
bottle 0.0017 420 180 433 197
bottle 0.0017 429 189 442 201
bottle 0.0016 418 170 439 192
bottle 0.0016 425 165 434 182
bottle 0.0015 388 205 398 215
bottle 0.0014 444 190 458 201
bottle 0.0014 426 194 463 211
bottle 0.0014 384 202 396 215
bottle 0.0013 423 185 463 218
bottle 0.0011 420 186 434 202
bottle 0.0011 377 165 390 189
bottle 0.0010 458 181 463 192
bottle 0.0010 410 176 442 202
bottle 0.0010 415 181 429 197
bottle 0.0010 416 169 428 209
bottle 0.0010 432 172 451 191
chair 0.8116 308 203 388 299
chair 0.5098 291 188 320 262
chair 0.1348 299 133 415 297
chair 0.0715 361 184 381 203
chair 0.0245 429 209 461 265
chair 0.0225 359 158 385 203
chair 0.0210 355 166 383 236
chair 0.0208 400 212 463 303
chair 0.0207 380 145 464 300
chair 0.0190 370 162 389 186
chair 0.0174 359 180 390 210
chair 0.0147 364 182 384 194
chair 0.0142 292 128 321 268
chair 0.0132 424 193 463 243
chair 0.0130 293 173 379 278
chair 0.0101 327 154 424 241
chair 0.0086 362 167 379 193
chair 0.0080 382 239 436 298
chair 0.0068 347 150 406 271
chair 0.0066 362 176 372 195
chair 0.0062 423 185 463 218
chair 0.0057 383 254 420 296
chair 0.0055 294 226 321 263
chair 0.0050 319 140 398 217
chair 0.0047 367 192 384 206
chair 0.0047 377 143 462 224
chair 0.0045 291 212 310 263
chair 0.0043 310 197 383 255
chair 0.0042 433 172 462 193
chair 0.0041 314 154 462 267
chair 0.0041 366 152 435 211
chair 0.0038 347 150 373 206
chair 0.0038 360 195 382 214
chair 0.0037 366 226 421 297
chair 0.0035 374 184 392 209
chair 0.0035 377 165 390 189
chair 0.0034 392 204 413 216
chair 0.0033 292 188 317 229
chair 0.0032 296 129 345 237
chair 0.0031 383 204 460 230
chair 0.0027 426 199 462 212
chair 0.0027 426 162 460 189
chair 0.0023 427 190 455 206
chair 0.0023 293 159 313 237
chair 0.0022 434 164 450 176
chair 0.0022 420 205 454 230
chair 0.0022 378 167 446 253
chair 0.0021 377 198 391 214
chair 0.0021 403 203 465 262
chair 0.0020 379 183 408 214
chair 0.0020 457 195 462 205
chair 0.0020 356 171 370 202
chair 0.0019 390 207 402 216
chair 0.0019 401 252 437 296
chair 0.0018 425 168 461 206
chair 0.0018 430 176 453 200
chair 0.0017 330 215 430 301
chair 0.0017 115 200 129 240
chair 0.0017 371 175 394 201
chair 0.0016 441 172 462 184
chair 0.0016 375 180 390 195
chair 0.0016 366 198 388 215
chair 0.0015 430 190 450 202
chair 0.0015 344 176 380 210
chair 0.0015 443 177 460 195
chair 0.0014 453 176 462 191
chair 0.0013 442 197 462 207
chair 0.0013 434 163 445 173
chair 0.0013 293 183 299 202
chair 0.0012 433 169 458 183
chair 0.0011 313 216 361 296
chair 0.0011 388 205 398 215
chair 0.0010 376 187 405 232
chair 0.0010 387 161 403 177
chair 0.0010 293 174 309 217
sofa 0.0029 378 145 463 226
sofa 0.0010 310 204 386 298
pottedplant 0.0279 370 14 426 88
pottedplant 0.0035 388 39 426 84
pottedplant 0.0022 483 87 500 263
pottedplant 0.0014 336 7 433 99
diningtable 0.1208 380 145 464 300
diningtable 0.1070 425 199 463 212
diningtable 0.0979 424 191 463 222
diningtable 0.0551 377 143 462 224
diningtable 0.0391 426 190 456 207
diningtable 0.0332 385 186 468 227
diningtable 0.0327 408 205 463 300
diningtable 0.0323 423 190 463 252
diningtable 0.0276 430 190 450 202
diningtable 0.0207 370 162 389 186
diningtable 0.0157 397 186 456 211
diningtable 0.0142 364 181 384 195
diningtable 0.0127 428 181 463 213
diningtable 0.0127 430 209 461 263
diningtable 0.0108 417 186 437 202
diningtable 0.0100 437 188 453 201
diningtable 0.0097 436 201 462 210
diningtable 0.0086 426 172 461 201
diningtable 0.0086 424 203 460 233
diningtable 0.0084 434 196 459 208
diningtable 0.0068 393 203 461 230
diningtable 0.0040 377 165 390 189
diningtable 0.0037 371 175 394 201
diningtable 0.0035 397 203 434 224
diningtable 0.0035 310 203 386 298
diningtable 0.0034 356 156 386 205
diningtable 0.0033 362 185 384 201
diningtable 0.0030 362 167 379 193
diningtable 0.0030 388 197 466 253
diningtable 0.0028 296 132 462 304
diningtable 0.0027 359 180 390 210
diningtable 0.0027 400 197 430 218
diningtable 0.0026 327 154 424 241
diningtable 0.0025 443 190 458 202
diningtable 0.0023 455 192 463 204
diningtable 0.0023 296 160 418 275
diningtable 0.0020 375 180 390 195
diningtable 0.0019 406 182 440 205
diningtable 0.0017 452 198 463 208
diningtable 0.0014 374 184 392 209
diningtable 0.0014 434 204 463 215
diningtable 0.0013 361 176 372 196
diningtable 0.0013 429 189 442 201
diningtable 0.0013 443 177 460 195
diningtable 0.0011 426 192 444 205
diningtable 0.0011 437 175 456 198
diningtable 0.0010 426 205 448 229
diningtable 0.0010 420 188 433 208
tvmonitor 0.0133 0 131 44 207
tvmonitor 0.0010 292 6 425 140
