person 0.7302 3 210 311 369
person 0.7177 369 0 433 147
person 0.0345 378 -3 502 141
person 0.0130 308 -1 432 145
person 0.0077 40 89 334 357
person 0.0046 -3 130 519 374
person 0.0043 70 115 311 243
person 0.0037 248 194 308 242
person 0.0036 4 301 75 361
person 0.0032 39 301 74 353
person 0.0020 154 189 318 248
person 0.0011 151 30 175 57
person 0.0010 53 81 82 110
bicycle 0.0013 18 92 405 357
bicycle 0.0010 67 139 368 301
car 0.0021 12 60 461 340
car 0.0011 248 193 309 243
boat 0.0010 -5 85 471 365
bird 0.8522 386 251 431 308
bird 0.8180 74 112 309 231
bird 0.6521 39 300 74 354
bird 0.4496 151 30 175 56
bird 0.0960 53 81 82 110
bird 0.0452 4 301 75 362
bird 0.0228 33 68 310 316
bird 0.0086 133 28 172 57
bird 0.0080 12 79 78 116
bird 0.0055 134 153 303 235
bird 0.0043 37 -9 251 109
bird 0.0037 22 42 91 116
bird 0.0031 50 107 282 178
bird 0.0029 152 184 297 250
bird 0.0027 128 169 240 225
bird 0.0027 92 11 219 82
bird 0.0024 0 100 14 126
bird 0.0023 0 0 83 119
bird 0.0023 157 180 211 217
bird 0.0022 0 101 9 117
bird 0.0019 5 0 170 123
bird 0.0016 162 122 309 211
bird 0.0013 0 287 50 348
bird 0.0013 34 82 74 110
bird 0.0012 142 28 169 48
bird 0.0011 41 73 119 120
bird 0.0011 0 87 60 127
bird 0.0010 1 329 49 369
cat 0.0021 53 81 82 110
cat 0.0015 38 300 74 354
cat 0.0013 150 30 176 57
dog 0.0016 38 300 74 354
sheep 0.0010 38 300 74 354
cow 0.0012 38 300 74 354
bottle 0.0049 165 193 300 245
bottle 0.0034 38 300 74 353
bottle 0.0031 386 252 433 307
bottle 0.0025 71 115 311 241
bottle 0.0021 135 173 337 262
bottle 0.0018 248 194 308 243
bottle 0.0016 67 139 368 301
bottle 0.0012 -5 85 471 365
chair 0.0261 0 1 81 106
chair 0.0060 0 0 208 112
chair 0.0036 53 81 82 110
chair 0.0030 0 1 51 64
chair 0.0011 144 31 176 57
sofa 0.0028 -22 110 494 386
diningtable 0.0409 -3 130 519 374
diningtable 0.0027 248 193 308 242
diningtable 0.0018 135 173 337 262
diningtable 0.0010 47 65 349 314
