person 0.0042 357 4 500 364
person 0.0023 138 -4 482 386
person 0.0023 172 126 341 283
person 0.0012 28 317 38 337
person 0.0012 215 115 380 387
car 0.0014 8 -7 414 367
train 0.0013 8 -7 414 367
boat 0.0054 28 317 37 336
boat 0.0020 14 316 38 337
boat 0.0012 8 -7 414 367
bird 0.0063 28 316 37 336
bird 0.0015 172 128 340 281
cat 0.0625 249 209 411 367
cat 0.0329 169 126 339 285
cat 0.0044 165 121 407 345
cat 0.0012 138 -4 482 386
dog 0.8689 172 126 341 283
dog 0.6841 250 213 405 371
dog 0.0371 163 123 408 342
dog 0.0022 138 -4 482 386
dog 0.0022 35 44 402 355
dog 0.0014 392 297 496 371
horse 0.0012 250 213 405 371
horse 0.0011 172 126 341 283
sheep 0.0024 172 126 341 283
sheep 0.0022 250 213 405 371
cow 0.0012 172 126 341 283
bottle 0.0174 170 237 187 260
chair 0.0203 348 1 426 83
chair 0.0045 138 -4 482 386
chair 0.0026 354 -5 498 363
chair 0.0013 27 43 404 353
chair 0.0011 171 114 365 296
sofa 0.0043 138 -4 482 386
sofa 0.0017 27 43 404 353
sofa 0.0015 354 -5 499 363
sofa 0.0011 172 126 341 283
pottedplant 0.0011 468 321 499 372
diningtable 0.0018 8 -7 414 367
tvmonitor 0.0014 138 -4 482 386
