person 0.1532 0 136 106 345
person 0.0021 0 125 49 171
person 0.0012 322 1 384 68
person 0.0010 0 126 63 214
bicycle 0.5647 62 35 471 315
bicycle 0.0060 315 24 406 143
bicycle 0.0055 0 142 106 344
bicycle 0.0025 63 41 312 267
bicycle 0.0011 160 46 410 212
car 0.0321 -2 139 106 341
motorbike 0.0052 0 142 106 344
motorbike 0.0026 324 26 407 141
motorbike 0.0017 60 29 491 323
bus 0.0011 -2 139 106 341
boat 0.0028 0 136 106 345
bird 0.0010 0 143 106 343
cat 0.0027 0 125 102 343
cat 0.0018 0 126 48 169
dog 0.0114 0 135 106 345
horse 0.0022 0 136 106 345
bottle 0.0056 0 142 106 344
bottle 0.0015 236 184 272 220
chair 0.0118 0 135 106 345
chair 0.0083 36 37 447 310
sofa 0.0063 -2 139 106 341
diningtable 0.0050 -2 139 106 341
tvmonitor 0.0073 321 0 384 70
