person 0.0038 0 174 38 373
person 0.0017 433 0 478 81
car 0.3021 20 0 501 325
car 0.0038 13 6 491 156
car 0.0028 434 0 479 81
motorbike 0.0101 19 7 498 365
aeroplane 0.0048 19 7 498 365
bus 0.0798 20 0 501 325
train 0.0039 4 57 486 366
train 0.0021 0 173 39 371
boat 0.0015 19 7 498 365
cat 0.0015 480 180 500 224
bottle 0.0059 435 -1 478 77
bottle 0.0049 481 181 499 225
chair 0.0049 0 174 38 373
chair 0.0014 433 0 478 81
diningtable 0.0013 0 174 38 373
tvmonitor 0.0021 434 0 479 81
tvmonitor 0.0017 0 169 35 350
