person 0.0124 10 48 289 492
person 0.0086 5 270 325 501
person 0.0040 8 424 326 499
person 0.0027 10 469 331 499
person 0.0025 2 -2 156 481
person 0.0022 202 480 314 500
cat 0.1058 3 156 266 499
cat 0.0022 1 316 316 503
cat 0.0015 10 469 331 499
cat 0.0014 11 45 288 396
cat 0.0014 2 -2 156 481
cat 0.0012 202 480 314 500
dog 0.3630 8 73 294 498
dog 0.0097 2 -2 156 481
dog 0.0080 1 5 272 336
dog 0.0041 4 277 263 499
dog 0.0019 -2 61 95 508
sheep 0.0024 10 48 289 492
chair 0.0175 8 73 294 498
sofa 0.1010 8 73 294 498
sofa 0.0059 2 -2 156 481
sofa 0.0040 4 1 323 184
sofa 0.0031 -3 -1 338 347
sofa 0.0015 7 315 327 502
