person 0.0264 397 281 499 330
person 0.0030 65 34 447 328
person 0.0026 2 177 150 327
car 0.0011 399 284 496 329
boat 0.0055 399 284 496 329
bird 0.0013 14 39 470 326
cat 0.4195 111 33 499 331
cat 0.0070 399 284 496 329
cat 0.0068 5 45 345 325
cat 0.0020 25 6 475 209
dog 0.0270 92 35 497 327
dog 0.0039 399 284 496 329
bottle 0.0010 399 284 496 329
chair 0.0052 399 283 498 330
chair 0.0022 35 37 449 325
sofa 0.0285 399 284 496 329
sofa 0.0084 35 37 449 325
pottedplant 0.0035 4 174 160 324
diningtable 0.0098 397 281 499 330
diningtable 0.0030 14 39 470 326
tvmonitor 0.0018 399 284 496 329
