person 0.0057 489 111 499 123
person 0.0030 478 106 499 124
person 0.0028 491 106 499 120
person 0.0020 404 98 421 106
person 0.0014 493 94 499 105
person 0.0012 474 110 486 124
person 0.0011 105 116 150 134
car 0.9473 98 133 382 280
car 0.8545 105 115 150 134
car 0.3636 156 115 175 137
car 0.2961 483 109 500 124
car 0.2342 473 108 498 125
car 0.2075 353 103 401 126
car 0.2072 152 117 162 129
car 0.1663 489 112 499 125
car 0.1273 150 115 166 131
car 0.1194 445 108 492 125
car 0.0962 289 111 318 129
car 0.0947 408 106 455 124
car 0.0942 433 108 459 125
car 0.0935 474 110 486 124
car 0.0762 375 103 456 127
car 0.0661 404 98 417 106
car 0.0660 440 108 470 125
car 0.0544 347 107 381 126
car 0.0462 275 106 320 130
car 0.0434 445 113 457 125
car 0.0433 164 112 177 134
car 0.0418 443 98 458 113
car 0.0416 369 100 408 121
car 0.0412 404 100 439 120
car 0.0375 372 104 397 125
car 0.0371 406 97 423 105
car 0.0346 128 115 160 131
car 0.0325 407 97 436 107
car 0.0323 410 105 435 118
car 0.0315 91 118 111 128
car 0.0272 491 106 499 120
car 0.0248 142 114 160 130
car 0.0231 107 118 131 133
car 0.0215 356 111 386 125
car 0.0214 342 108 366 125
car 0.0214 304 104 380 127
car 0.0185 386 98 432 116
car 0.0170 377 102 398 118
car 0.0162 165 112 175 126
car 0.0145 475 100 498 113
car 0.0137 471 107 488 120
car 0.0135 426 97 460 127
car 0.0128 371 101 397 112
car 0.0115 153 113 162 125
car 0.0112 160 113 188 137
car 0.0089 405 101 427 113
car 0.0087 407 107 430 121
car 0.0079 429 103 453 122
car 0.0078 484 117 499 127
car 0.0076 313 106 339 127
car 0.0076 440 100 480 123
car 0.0071 325 106 363 126
car 0.0067 351 106 367 120
car 0.0066 161 108 227 136
car 0.0065 306 104 329 127
car 0.0063 347 112 360 125
car 0.0057 93 117 120 131
car 0.0054 477 97 500 126
car 0.0050 269 103 296 129
car 0.0049 282 116 313 130
car 0.0048 346 113 371 126
car 0.0047 99 119 113 129
car 0.0046 493 94 499 105
car 0.0045 458 108 482 124
car 0.0043 58 113 94 129
car 0.0042 426 99 455 113
car 0.0036 293 110 335 129
car 0.0036 314 105 327 126
car 0.0032 490 95 499 103
car 0.0032 155 107 161 118
car 0.0032 104 120 115 132
car 0.0030 280 112 301 130
car 0.0029 162 120 175 139
car 0.0027 38 118 53 129
car 0.0026 361 107 428 129
car 0.0026 396 107 438 128
car 0.0025 419 115 471 136
car 0.0024 106 124 125 133
car 0.0023 412 96 445 110
car 0.0020 384 104 403 125
car 0.0015 76 115 104 130
car 0.0015 273 108 288 129
car 0.0015 434 117 470 129
car 0.0015 381 100 406 111
car 0.0014 148 108 164 124
car 0.0014 289 102 316 125
car 0.0014 447 101 469 122
car 0.0014 166 110 174 118
car 0.0014 432 88 498 130
car 0.0014 427 114 455 134
car 0.0013 7 118 25 131
car 0.0013 360 90 457 132
car 0.0013 387 101 402 109
car 0.0013 158 107 176 122
car 0.0012 356 100 390 114
car 0.0012 0 80 9 94
car 0.0012 307 111 324 128
car 0.0011 222 105 318 131
car 0.0011 361 96 399 112
car 0.0011 476 117 494 128
bus 0.0021 478 109 500 125
bus 0.0012 489 111 499 124
bus 0.0010 457 104 499 125
bus 0.0010 474 101 500 122
