person 0.9087 219 170 276 367
person 0.8474 162 181 230 373
person 0.7881 0 126 19 277
person 0.7690 25 122 76 271
person 0.5479 149 162 190 367
person 0.2658 189 66 224 121
person 0.2461 237 55 280 114
person 0.1729 31 153 77 219
person 0.1159 207 58 276 121
person 0.0761 195 57 237 115
person 0.0748 160 165 201 294
person 0.0544 211 184 253 362
person 0.0524 163 213 194 292
person 0.0470 376 74 407 109
person 0.0354 244 62 302 120
person 0.0289 236 55 266 100
person 0.0241 154 0 503 273
person 0.0222 148 235 177 367
person 0.0204 211 203 236 332
person 0.0174 287 71 325 120
person 0.0120 142 108 157 131
person 0.0119 339 70 377 131
person 0.0107 249 39 305 107
person 0.0097 194 220 233 282
person 0.0093 327 91 364 149
person 0.0083 198 69 222 101
person 0.0083 315 72 365 134
person 0.0080 320 78 378 166
person 0.0077 263 50 324 118
person 0.0070 213 243 233 280
person 0.0070 201 52 258 103
person 0.0069 343 57 377 110
person 0.0068 162 163 198 226
person 0.0061 269 122 295 147
person 0.0057 239 45 278 91
person 0.0057 283 84 315 121
person 0.0057 163 207 222 307
person 0.0054 145 284 175 359
person 0.0052 347 63 370 98
person 0.0048 484 59 499 98
person 0.0045 177 170 303 369
person 0.0045 47 136 81 254
person 0.0043 136 167 169 363
person 0.0042 335 124 356 157
person 0.0041 291 56 403 201
person 0.0040 219 193 262 267
person 0.0038 43 162 77 201
person 0.0036 345 90 371 124
person 0.0034 0 190 17 217
person 0.0034 248 82 282 120
person 0.0034 167 38 424 223
person 0.0032 199 53 229 98
person 0.0032 176 63 254 133
person 0.0030 165 167 189 197
person 0.0029 324 86 356 121
person 0.0028 0 187 17 274
person 0.0027 163 173 184 206
person 0.0026 331 60 363 114
person 0.0026 490 69 499 98
person 0.0025 159 152 217 243
person 0.0024 168 50 220 166
person 0.0024 222 57 263 110
person 0.0024 25 159 57 210
person 0.0023 214 251 233 335
person 0.0022 335 116 366 151
person 0.0022 236 51 259 84
person 0.0021 343 97 371 143
person 0.0020 20 148 44 217
person 0.0018 195 48 315 142
person 0.0018 308 47 374 118
person 0.0018 251 32 292 88
person 0.0017 0 135 18 196
person 0.0017 211 216 244 274
person 0.0017 370 80 401 120
person 0.0017 138 104 158 142
person 0.0016 464 0 499 16
person 0.0016 149 319 174 366
person 0.0016 310 98 360 160
person 0.0016 175 72 210 120
person 0.0015 386 68 412 105
person 0.0015 213 270 229 317
person 0.0014 69 51 413 354
person 0.0014 493 80 499 98
person 0.0013 183 77 227 143
person 0.0013 173 163 207 239
person 0.0013 134 28 244 201
person 0.0013 177 193 235 277
person 0.0013 146 248 216 362
person 0.0013 152 213 182 321
person 0.0013 161 108 188 134
person 0.0012 170 163 205 200
person 0.0012 321 120 356 165
person 0.0012 119 102 161 133
person 0.0011 160 175 191 254
person 0.0011 247 79 297 145
person 0.0011 26 162 58 266
person 0.0011 0 194 9 207
person 0.0010 216 228 260 301
person 0.0010 349 81 406 138
person 0.0010 109 66 126 106
bus 0.7749 129 0 502 284
bus 0.0033 167 38 424 223
bus 0.0032 243 62 304 121
bus 0.0024 194 220 233 282
bus 0.0024 61 -16 363 255
bus 0.0023 185 72 227 133
bus 0.0023 219 170 277 369
bus 0.0020 276 51 339 125
bus 0.0020 65 87 516 344
bus 0.0018 116 161 294 362
bus 0.0017 291 56 403 201
bus 0.0010 149 17 473 152
train 0.0024 116 161 294 362
train 0.0017 219 170 277 369
train 0.0017 181 213 233 289
boat 0.1108 51 62 114 79
boat 0.0887 22 54 116 79
boat 0.0311 23 66 66 78
boat 0.0257 49 45 128 78
boat 0.0221 24 67 111 78
boat 0.0128 22 59 61 76
boat 0.0095 30 48 99 72
boat 0.0088 57 67 103 79
boat 0.0071 0 65 42 74
boat 0.0045 25 67 48 76
boat 0.0043 34 54 71 77
boat 0.0036 28 61 52 74
boat 0.0036 26 71 55 78
boat 0.0032 12 49 79 78
boat 0.0029 0 66 22 72
boat 0.0026 46 50 71 69
boat 0.0026 31 26 130 76
boat 0.0025 59 69 85 77
boat 0.0022 4 62 50 72
boat 0.0019 30 68 57 77
boat 0.0016 2 55 58 74
boat 0.0015 59 54 107 77
boat 0.0015 51 52 69 62
boat 0.0014 30 58 137 90
boat 0.0013 43 56 63 75
boat 0.0011 106 66 126 103
bottle 0.0041 209 219 233 277
bottle 0.0041 0 193 6 206
bottle 0.0026 0 190 16 215
bottle 0.0025 215 241 234 275
bottle 0.0017 0 125 20 278
bottle 0.0013 245 210 259 240
bottle 0.0011 26 118 78 273
bottle 0.0010 167 225 188 268
chair 0.0029 108 67 126 106
chair 0.0020 167 113 189 135
chair 0.0014 486 61 499 98
chair 0.0013 26 118 78 273
chair 0.0012 55 53 133 82
chair 0.0012 123 13 229 250
chair 0.0010 107 58 143 111
tvmonitor 0.0010 26 118 78 273
