person 0.7033 111 38 261 222
person 0.6855 91 73 491 356
person 0.4341 330 58 493 181
person 0.0092 98 43 429 226
person 0.0072 176 39 256 196
person 0.0049 186 44 254 114
person 0.0049 305 58 499 337
person 0.0033 129 79 341 247
person 0.0020 330 59 462 129
person 0.0015 225 88 236 104
person 0.0013 201 69 252 124
person 0.0011 148 41 302 180
person 0.0011 486 136 499 148
person 0.0010 198 82 248 106
bicycle 0.0014 100 197 148 222
dog 0.0037 330 58 493 181
dog 0.0013 94 74 494 354
bottle 0.0025 224 85 238 103
bottle 0.0023 198 82 248 106
chair 0.0478 307 75 349 114
chair 0.0090 465 139 499 213
chair 0.0083 331 56 494 181
chair 0.0068 244 71 270 86
chair 0.0065 181 82 203 110
chair 0.0058 114 38 264 219
chair 0.0040 306 76 370 130
chair 0.0036 98 65 398 360
chair 0.0033 460 119 499 156
chair 0.0033 197 185 292 232
chair 0.0032 251 72 269 81
chair 0.0027 310 86 345 129
chair 0.0025 133 98 338 225
chair 0.0023 128 51 495 198
chair 0.0020 180 80 258 208
chair 0.0019 233 71 255 92
chair 0.0017 311 99 336 123
chair 0.0016 184 79 233 110
chair 0.0013 288 62 455 155
chair 0.0013 173 79 211 120
chair 0.0013 201 69 252 124
chair 0.0012 191 49 254 109
chair 0.0011 449 107 500 212
chair 0.0010 186 108 251 177
sofa 0.0543 101 72 504 354
sofa 0.0266 331 56 494 181
sofa 0.0232 464 135 499 214
sofa 0.0059 460 119 499 156
sofa 0.0058 85 56 491 210
sofa 0.0055 306 74 350 122
sofa 0.0047 117 35 284 204
sofa 0.0038 305 58 499 337
sofa 0.0016 449 107 501 211
sofa 0.0013 129 79 341 247
sofa 0.0010 339 64 487 125
diningtable 0.0035 464 137 499 214
diningtable 0.0020 460 119 499 156
