person 0.2638 471 16 478 33
person 0.1027 11 24 18 42
person 0.0591 454 37 497 55
person 0.0509 150 44 157 51
person 0.0226 91 43 104 54
person 0.0215 2 20 14 34
person 0.0209 95 42 110 54
person 0.0194 187 40 203 54
person 0.0159 115 42 131 53
person 0.0152 181 41 198 54
person 0.0139 466 22 487 45
person 0.0129 103 41 114 53
person 0.0127 0 21 6 34
person 0.0125 13 17 22 35
person 0.0122 86 43 99 52
person 0.0108 468 38 486 52
person 0.0106 180 44 192 54
person 0.0103 109 42 120 53
person 0.0102 474 37 498 54
person 0.0084 0 1 5 27
person 0.0070 135 32 297 105
person 0.0069 5 23 20 41
person 0.0069 145 43 157 51
person 0.0063 88 43 115 55
person 0.0063 468 15 482 35
person 0.0062 371 29 377 40
person 0.0054 482 41 499 55
person 0.0047 190 40 210 51
person 0.0046 0 1 12 33
person 0.0042 443 36 480 54
person 0.0041 419 29 477 50
person 0.0039 371 27 383 40
person 0.0038 93 43 138 54
person 0.0037 198 39 221 58
person 0.0034 6 2 18 33
person 0.0034 82 43 92 51
person 0.0032 182 38 226 55
person 0.0031 115 41 147 52
person 0.0030 140 28 287 70
person 0.0028 490 39 500 53
person 0.0026 177 44 186 54
person 0.0026 314 65 367 98
person 0.0025 447 35 491 49
person 0.0023 463 22 476 33
person 0.0022 55 38 153 85
person 0.0021 159 24 165 35
person 0.0020 319 63 352 89
person 0.0020 6 0 14 18
person 0.0018 444 35 499 93
person 0.0018 416 36 439 50
person 0.0015 471 37 484 48
person 0.0015 14 27 21 43
person 0.0015 436 29 490 37
person 0.0015 14 14 27 37
person 0.0014 69 43 120 59
person 0.0013 297 67 370 114
person 0.0013 147 41 159 54
person 0.0013 435 30 456 52
person 0.0013 172 40 185 53
person 0.0013 458 21 500 51
person 0.0012 123 41 139 51
person 0.0012 0 5 8 36
person 0.0012 454 30 474 35
person 0.0011 160 13 168 28
person 0.0011 210 52 222 61
person 0.0011 205 43 222 58
person 0.0010 202 41 226 54
person 0.0010 415 34 453 51
bicycle 0.0029 8 24 18 39
bicycle 0.0011 0 24 6 34
car 0.9272 56 39 154 85
car 0.9131 136 32 297 103
car 0.8311 115 47 499 324
car 0.7850 444 35 500 95
car 0.6013 418 29 477 50
car 0.2580 415 36 449 51
car 0.2094 444 36 497 55
car 0.0634 417 39 435 50
car 0.0271 431 29 481 40
car 0.0197 435 30 456 52
car 0.0175 435 32 491 49
car 0.0110 416 30 488 86
car 0.0078 430 41 451 52
car 0.0073 461 22 497 46
car 0.0069 441 31 467 52
car 0.0064 447 37 472 54
car 0.0062 423 40 468 54
car 0.0059 417 22 477 43
car 0.0051 0 21 6 34
car 0.0048 475 37 500 55
car 0.0042 8 24 18 39
car 0.0041 412 27 454 56
car 0.0039 88 43 115 55
car 0.0039 110 41 140 54
car 0.0037 140 28 287 70
car 0.0035 2 20 15 34
car 0.0032 76 42 140 56
car 0.0031 422 22 499 66
car 0.0026 417 40 424 50
car 0.0025 90 43 106 54
car 0.0023 114 43 128 53
car 0.0021 479 36 500 45
car 0.0019 371 27 383 40
car 0.0019 457 59 499 111
car 0.0017 371 32 379 40
car 0.0016 468 38 486 52
car 0.0016 86 43 100 53
car 0.0016 144 42 157 51
car 0.0015 482 30 499 36
car 0.0015 494 27 499 36
car 0.0014 434 31 460 41
car 0.0014 454 30 474 35
car 0.0014 470 16 478 33
car 0.0012 149 44 158 52
car 0.0011 0 8 5 33
car 0.0010 447 30 472 37
car 0.0010 177 38 244 60
car 0.0010 49 182 491 325
car 0.0010 182 38 226 55
motorbike 0.0114 110 47 495 324
motorbike 0.0022 419 27 475 53
motorbike 0.0017 416 36 448 51
