person 0.0046 -1 11 335 499
person 0.0041 31 323 287 499
person 0.0020 86 325 178 410
car 0.0010 25 311 324 496
bird 0.0146 41 320 225 493
bird 0.0028 -1 11 335 499
bird 0.0014 46 319 116 383
bird 0.0011 54 321 217 416
cat 0.0547 -1 11 335 499
cat 0.0318 27 315 326 498
cat 0.0016 59 322 217 412
cat 0.0011 165 328 229 389
dog 0.5592 -2 12 333 498
dog 0.0352 25 311 324 496
dog 0.0035 59 322 217 412
dog 0.0014 47 271 265 422
dog 0.0013 41 316 203 486
horse 0.0033 0 11 332 501
horse 0.0012 26 315 327 498
sheep 0.0544 26 315 327 498
sheep 0.0062 -1 11 335 499
sheep 0.0021 29 330 191 502
sheep 0.0018 59 323 216 410
cow 0.0224 0 11 332 501
cow 0.0147 27 315 326 498
bottle 0.0209 59 323 216 409
bottle 0.0064 47 271 265 422
bottle 0.0061 163 327 229 391
bottle 0.0061 45 319 111 384
bottle 0.0057 10 133 327 509
bottle 0.0037 40 321 226 491
bottle 0.0012 91 325 168 413
bottle 0.0011 43 318 179 378
bottle 0.0010 134 329 216 379
chair 0.0026 -2 12 333 498
sofa 0.0278 -2 12 333 498
pottedplant 0.0054 6 0 111 90
pottedplant 0.0015 0 0 55 104
diningtable 0.0012 31 323 287 499
