person 0.3976 40 130 69 179
person 0.2436 21 144 99 200
person 0.0769 27 127 74 190
person 0.0095 40 130 66 155
person 0.0075 0 310 8 354
person 0.0049 40 130 92 184
person 0.0020 40 137 61 168
person 0.0015 47 129 75 165
person 0.0014 283 161 290 175
person 0.0012 287 173 294 190
person 0.0011 26 131 60 174
person 0.0010 45 147 65 169
bicycle 0.4794 21 143 99 201
bicycle 0.0418 37 129 69 182
bicycle 0.0044 31 126 92 179
bicycle 0.0017 40 140 84 193
bicycle 0.0012 0 301 8 353
car 0.0037 17 147 94 195
motorbike 0.5086 20 145 99 200
motorbike 0.0804 37 129 69 182
motorbike 0.0033 16 152 71 191
motorbike 0.0016 40 130 92 184
boat 0.0022 21 149 97 202
bird 0.0017 39 129 67 174
dog 0.0152 37 129 68 182
dog 0.0032 28 134 89 199
dog 0.0013 40 130 66 155
horse 0.0064 37 129 68 182
horse 0.0028 21 149 97 202
horse 0.0012 25 128 88 190
cow 0.0012 37 129 68 182
bottle 0.0352 155 291 164 300
chair 0.0054 0 312 8 353
chair 0.0013 21 149 97 202
diningtable 0.0011 0 309 9 353
