person 0.0115 297 307 469 498
person 0.0014 134 231 257 349
bicycle 0.0019 7 416 169 499
bicycle 0.0011 125 129 456 493
car 0.0018 19 122 469 494
car 0.0013 295 306 467 498
boat 0.0012 19 122 469 494
bird 0.7865 134 232 255 348
bird 0.0497 295 303 467 499
bird 0.0112 14 122 451 496
bird 0.0027 83 210 254 394
bird 0.0016 360 300 389 321
bird 0.0012 71 151 381 371
bird 0.0010 87 246 458 471
cat 0.0219 295 306 467 498
cat 0.0019 131 233 257 349
cat 0.0010 4 217 441 489
dog 0.2321 295 306 467 498
dog 0.0031 131 233 257 349
horse 0.0064 295 307 467 498
sheep 0.0112 295 307 467 498
cow 0.0167 297 307 469 498
chair 0.0176 1 212 443 496
chair 0.0037 183 113 461 474
chair 0.0036 130 233 256 347
chair 0.0028 256 145 445 329
chair 0.0025 295 306 467 498
chair 0.0018 34 41 467 392
chair 0.0014 35 113 296 429
chair 0.0011 65 267 381 459
sofa 0.0019 295 306 467 498
pottedplant 0.1853 1 421 167 499
pottedplant 0.0752 231 411 309 499
pottedplant 0.0686 329 0 471 106
pottedplant 0.0461 256 144 445 330
pottedplant 0.0148 318 5 478 321
pottedplant 0.0134 264 142 428 235
pottedplant 0.0082 262 89 434 267
pottedplant 0.0063 114 365 399 501
pottedplant 0.0051 175 491 206 499
pottedplant 0.0039 59 446 181 499
pottedplant 0.0035 127 103 457 483
pottedplant 0.0033 212 392 360 500
pottedplant 0.0031 150 420 305 500
pottedplant 0.0017 98 463 304 500
pottedplant 0.0016 0 425 50 499
pottedplant 0.0016 58 446 341 498
pottedplant 0.0016 162 486 206 499
pottedplant 0.0012 118 461 219 500
diningtable 0.0167 -10 325 457 500
diningtable 0.0077 31 65 470 429
diningtable 0.0017 37 122 293 408
diningtable 0.0011 114 365 399 501
