person 0.4575 307 206 315 232
person 0.2948 312 215 320 233
person 0.2565 314 212 322 232
person 0.1981 324 205 332 230
person 0.1303 308 215 315 233
person 0.1217 316 200 323 218
person 0.1120 203 187 214 209
person 0.1084 314 200 323 229
person 0.0787 298 208 304 223
person 0.0741 299 211 306 226
person 0.0715 325 202 332 219
person 0.0589 297 208 302 221
person 0.0398 305 201 315 220
person 0.0382 166 210 222 266
person 0.0373 279 215 287 237
person 0.0307 298 202 305 219
person 0.0284 298 211 303 226
person 0.0260 324 214 331 232
person 0.0257 283 214 287 227
person 0.0257 305 202 323 233
person 0.0239 187 206 194 212
person 0.0217 281 213 287 231
person 0.0197 179 194 184 202
person 0.0183 276 216 284 238
person 0.0167 189 217 200 229
person 0.0158 86 188 105 217
person 0.0151 282 207 288 227
person 0.0150 298 214 305 237
person 0.0144 207 212 221 224
person 0.0143 178 196 187 209
person 0.0136 176 209 190 220
person 0.0132 175 205 190 212
person 0.0117 191 207 201 212
person 0.0117 311 198 322 211
person 0.0113 208 211 237 226
person 0.0110 480 133 499 215
person 0.0110 251 144 265 163
person 0.0109 145 219 156 237
person 0.0107 480 170 499 222
person 0.0104 186 207 195 217
person 0.0104 304 198 312 207
person 0.0102 197 212 225 243
person 0.0101 170 207 184 217
person 0.0099 180 215 199 228
person 0.0098 213 152 227 163
person 0.0097 344 221 351 242
person 0.0095 186 201 192 212
person 0.0088 191 209 201 218
person 0.0086 204 134 288 240
person 0.0082 173 214 194 226
person 0.0081 202 212 216 225
person 0.0079 290 207 305 228
person 0.0076 193 194 201 211
person 0.0073 275 200 288 235
person 0.0073 203 210 240 249
person 0.0064 277 224 285 240
person 0.0063 174 200 186 211
person 0.0063 201 212 232 233
person 0.0061 170 205 185 212
person 0.0061 318 202 334 231
person 0.0058 195 192 212 211
person 0.0055 334 218 343 242
person 0.0054 351 220 360 235
person 0.0054 0 131 143 339
person 0.0051 206 191 217 210
person 0.0051 169 206 193 219
person 0.0050 195 213 214 229
person 0.0050 279 216 295 236
person 0.0048 157 202 179 212
person 0.0046 282 201 288 220
person 0.0043 229 172 240 183
person 0.0043 328 196 333 208
person 0.0042 174 213 208 229
person 0.0042 478 127 499 283
person 0.0042 328 215 336 235
person 0.0042 248 151 261 163
person 0.0041 144 225 154 239
person 0.0041 219 158 249 198
person 0.0040 141 208 180 274
person 0.0040 186 217 204 234
person 0.0039 216 167 247 188
person 0.0039 336 224 345 245
person 0.0038 184 192 190 204
person 0.0037 195 206 208 211
person 0.0036 30 191 50 227
person 0.0035 211 147 235 163
person 0.0035 343 221 355 247
person 0.0034 246 174 260 185
person 0.0034 196 211 209 221
person 0.0033 152 220 161 236
person 0.0032 202 188 208 197
person 0.0032 145 222 159 243
person 0.0031 142 200 153 209
person 0.0031 333 214 341 229
person 0.0029 480 184 499 207
person 0.0028 271 216 281 237
person 0.0028 217 202 227 210
person 0.0027 178 196 201 212
person 0.0027 148 219 164 238
person 0.0027 333 207 342 225
bicycle 0.0101 312 215 319 233
bicycle 0.0071 315 216 322 232
bicycle 0.0025 277 224 285 240
bicycle 0.0022 163 210 223 268
bicycle 0.0021 278 215 287 237
bicycle 0.0021 308 209 318 233
bicycle 0.0019 308 215 315 233
bicycle 0.0019 324 214 331 232
bicycle 0.0016 278 227 288 246
bicycle 0.0015 298 208 304 223
bicycle 0.0013 283 214 287 227
bicycle 0.0010 282 207 288 227
bicycle 0.0010 324 205 332 229
car 0.8467 165 211 221 268
car 0.8282 137 211 185 282
car 0.8076 201 211 240 250
car 0.5383 152 202 177 213
car 0.1708 480 134 500 203
car 0.1412 142 202 153 210
car 0.0718 169 205 186 212
car 0.0598 191 211 229 257
car 0.0555 478 127 499 283
car 0.0493 162 202 179 212
car 0.0400 304 198 312 207
car 0.0363 175 205 190 212
car 0.0320 174 200 186 211
car 0.0253 232 213 272 244
car 0.0211 305 201 315 221
car 0.0201 142 206 153 216
car 0.0188 298 202 305 219
car 0.0180 208 211 238 227
car 0.0153 171 207 184 218
car 0.0151 201 212 232 234
car 0.0147 138 213 163 281
car 0.0135 195 206 208 211
car 0.0131 281 212 288 231
car 0.0130 297 204 303 218
car 0.0127 324 205 332 230
car 0.0119 206 211 223 226
car 0.0109 479 183 499 230
car 0.0105 178 196 187 209
car 0.0104 187 206 194 212
car 0.0096 216 211 239 238
car 0.0093 0 128 142 343
car 0.0089 142 204 150 211
car 0.0086 481 132 500 166
car 0.0083 243 200 282 238
car 0.0081 298 208 304 223
car 0.0081 283 207 287 222
car 0.0079 155 203 184 218
car 0.0076 191 207 201 212
car 0.0075 157 213 190 276
car 0.0075 175 209 191 220
car 0.0075 208 210 266 247
car 0.0074 276 213 284 233
car 0.0073 200 212 221 230
car 0.0071 203 137 268 244
car 0.0068 325 202 332 219
car 0.0065 279 205 288 230
car 0.0063 283 203 288 216
car 0.0060 481 159 499 183
car 0.0060 203 187 214 209
car 0.0054 160 200 189 214
car 0.0054 202 212 216 226
car 0.0052 144 214 157 236
car 0.0051 310 198 322 211
car 0.0049 143 197 151 207
car 0.0048 205 218 225 254
car 0.0047 201 213 219 244
car 0.0040 280 199 288 221
car 0.0040 272 198 286 233
car 0.0039 195 191 213 211
car 0.0038 304 194 310 205
car 0.0038 314 200 323 229
car 0.0035 480 115 500 146
car 0.0035 279 215 287 237
car 0.0035 479 85 500 140
car 0.0035 482 132 499 149
car 0.0034 144 225 155 240
car 0.0032 303 203 319 228
car 0.0032 481 127 499 140
car 0.0032 142 218 157 266
car 0.0031 490 129 500 141
car 0.0031 143 209 157 220
car 0.0030 202 207 213 211
car 0.0029 465 133 500 233
car 0.0029 307 206 316 232
car 0.0028 145 222 160 244
car 0.0025 480 184 499 207
car 0.0024 174 213 208 229
car 0.0024 186 201 192 212
car 0.0023 260 190 282 236
car 0.0022 190 209 202 219
car 0.0022 479 120 499 136
car 0.0021 144 198 169 211
car 0.0021 316 200 323 218
car 0.0021 144 230 159 253
car 0.0020 179 194 184 202
car 0.0020 224 212 249 245
car 0.0019 196 210 210 222
car 0.0018 222 209 240 226
car 0.0017 492 130 500 148
car 0.0017 299 211 306 226
car 0.0017 298 211 303 226
car 0.0016 189 216 200 229
car 0.0016 215 219 238 253
car 0.0016 290 199 305 221
car 0.0016 158 205 251 274
car 0.0016 143 217 175 254
car 0.0015 193 194 202 210
car 0.0014 489 136 499 169
car 0.0014 183 216 208 236
car 0.0014 329 191 333 200
motorbike 0.0010 163 210 223 268
motorbike 0.0010 312 215 319 233
bus 0.9057 0 130 143 341
bus 0.8762 204 135 281 241
bus 0.0309 479 137 499 234
bus 0.0199 252 189 283 234
bus 0.0165 280 174 288 196
bus 0.0124 474 130 499 298
bus 0.0109 303 198 313 207
bus 0.0092 265 190 289 231
bus 0.0089 234 196 276 242
bus 0.0079 280 199 288 221
bus 0.0065 275 200 288 235
bus 0.0049 204 186 215 210
bus 0.0049 314 200 323 229
bus 0.0039 243 140 287 240
bus 0.0039 297 204 302 218
bus 0.0038 152 202 174 213
bus 0.0038 299 202 305 219
bus 0.0038 327 13 500 347
bus 0.0036 305 203 315 227
bus 0.0036 324 205 332 230
bus 0.0036 203 210 241 251
bus 0.0033 195 191 213 211
bus 0.0030 281 206 288 229
bus 0.0028 210 145 264 210
bus 0.0028 272 195 287 222
bus 0.0028 479 81 499 137
bus 0.0027 325 202 332 220
bus 0.0025 269 143 285 184
bus 0.0025 294 181 306 201
bus 0.0024 309 198 327 231
bus 0.0024 194 206 208 212
bus 0.0023 261 192 280 225
bus 0.0023 282 203 289 217
bus 0.0023 308 185 322 207
bus 0.0023 479 182 499 231
bus 0.0022 298 183 311 203
bus 0.0021 290 199 305 221
bus 0.0019 304 194 310 206
bus 0.0019 310 198 322 211
bus 0.0018 275 173 290 198
bus 0.0018 282 195 288 214
bus 0.0016 275 167 289 216
bus 0.0015 269 208 279 234
bus 0.0014 218 208 271 239
bus 0.0014 316 199 323 214
bus 0.0013 136 212 185 282
bus 0.0011 36 174 127 236
bus 0.0011 311 185 320 201
bus 0.0011 317 187 323 204
bus 0.0010 480 135 499 189
bus 0.0010 478 177 499 274
bus 0.0010 163 210 223 268
train 0.0087 480 134 499 230
train 0.0059 328 30 501 367
train 0.0041 476 126 499 303
train 0.0035 204 135 281 241
train 0.0034 479 84 500 137
train 0.0027 0 128 142 343
train 0.0013 331 122 498 270
chair 0.0019 477 133 499 293
chair 0.0010 480 133 499 215
tvmonitor 0.0010 480 133 499 215
