person 0.6193 93 50 307 482
person 0.0063 28 205 318 467
person 0.0032 276 188 296 248
person 0.0030 31 51 165 476
person 0.0023 196 57 321 469
person 0.0016 97 227 254 400
person 0.0014 237 136 320 433
person 0.0013 0 428 49 464
cat 0.0092 0 428 48 465
dog 0.0029 0 427 46 465
bottle 0.0051 0 428 48 465
bottle 0.0015 0 471 8 480
chair 0.0556 274 259 333 433
chair 0.0333 0 325 25 430
chair 0.0047 25 202 323 471
chair 0.0045 242 228 320 400
chair 0.0022 165 219 323 451
chair 0.0017 291 413 332 476
chair 0.0013 233 122 321 442
chair 0.0013 0 327 80 433
chair 0.0010 97 227 254 400
sofa 0.0029 27 375 330 499
sofa 0.0010 21 241 327 490
diningtable 0.0058 274 259 333 434
diningtable 0.0048 36 378 331 498
diningtable 0.0035 46 46 313 492
