person 0.7412 349 44 386 90
person 0.7256 290 45 341 86
person 0.5018 334 47 355 87
person 0.4096 0 188 13 260
person 0.2065 344 48 365 87
person 0.1540 8 58 17 72
person 0.1493 0 54 8 70
person 0.0899 379 42 402 79
person 0.0857 3 56 15 73
person 0.0765 328 46 348 86
person 0.0461 346 47 365 69
person 0.0459 368 43 399 88
person 0.0386 269 110 332 152
person 0.0328 332 43 349 67
person 0.0316 492 93 500 156
person 0.0244 326 134 354 162
person 0.0189 359 45 383 81
person 0.0146 376 89 488 137
person 0.0140 492 45 500 73
person 0.0139 315 124 357 161
person 0.0138 348 58 369 89
person 0.0134 257 114 311 153
person 0.0120 379 45 421 90
person 0.0118 0 189 17 312
person 0.0111 0 68 58 130
person 0.0093 439 36 448 46
person 0.0092 312 47 336 83
person 0.0090 294 110 323 154
person 0.0090 386 44 413 76
person 0.0088 366 45 496 109
person 0.0081 -1 52 114 214
person 0.0074 302 120 336 156
person 0.0069 385 46 500 163
person 0.0067 494 43 499 65
person 0.0067 0 94 14 124
person 0.0056 416 91 461 127
person 0.0050 429 88 502 155
person 0.0044 273 80 283 87
person 0.0043 424 114 441 139
person 0.0042 361 61 390 89
person 0.0042 419 93 447 113
person 0.0042 492 93 500 121
person 0.0040 488 49 500 78
person 0.0040 383 55 399 89
person 0.0039 257 126 286 155
person 0.0039 332 137 359 153
person 0.0038 0 215 7 264
person 0.0038 178 5 375 88
person 0.0037 0 269 16 297
person 0.0035 110 77 440 168
person 0.0032 0 62 14 126
person 0.0032 428 98 441 117
person 0.0032 77 67 470 227
person 0.0031 426 95 439 110
person 0.0031 298 123 321 149
person 0.0030 411 49 501 94
person 0.0029 0 56 15 93
person 0.0028 339 62 353 88
person 0.0027 431 93 446 125
person 0.0027 347 45 367 61
person 0.0025 350 42 380 67
person 0.0025 381 70 391 90
person 0.0025 422 99 448 129
person 0.0024 490 37 500 65
person 0.0024 366 43 387 70
person 0.0024 366 71 386 89
person 0.0024 5 57 28 76
person 0.0024 391 105 475 142
person 0.0024 398 49 412 72
person 0.0023 438 37 501 69
person 0.0023 0 100 27 127
person 0.0022 310 123 332 148
person 0.0022 0 137 16 260
person 0.0021 0 44 13 70
person 0.0021 1 52 17 78
person 0.0021 306 135 345 163
person 0.0021 0 240 7 265
person 0.0021 395 47 419 82
person 0.0021 417 21 500 64
person 0.0020 490 47 500 150
person 0.0019 429 36 444 46
person 0.0019 412 30 485 54
person 0.0018 305 50 352 93
person 0.0018 330 147 351 163
person 0.0018 0 62 45 249
person 0.0017 395 89 472 108
person 0.0017 314 35 472 117
person 0.0016 431 96 443 114
person 0.0016 315 133 336 151
person 0.0016 391 89 453 126
person 0.0016 485 93 499 158
person 0.0015 376 50 391 86
person 0.0014 469 90 501 156
person 0.0014 0 34 10 66
person 0.0014 1 236 13 267
person 0.0013 351 57 382 100
person 0.0012 351 40 369 48
person 0.0012 321 135 347 153
person 0.0011 276 54 351 130
person 0.0011 321 46 335 64
bicycle 0.0028 371 358 496 373
bicycle 0.0017 0 188 13 261
bicycle 0.0015 373 341 497 373
bicycle 0.0014 492 93 500 156
car 0.6889 4 66 495 352
car 0.6571 380 46 499 157
car 0.4348 0 67 122 217
car 0.2786 381 45 499 100
car 0.0710 0 54 8 70
car 0.0460 492 93 500 156
car 0.0357 5 -8 493 179
car 0.0333 409 90 498 163
car 0.0325 5 57 16 72
car 0.0243 417 35 500 78
car 0.0170 492 93 499 121
car 0.0164 -4 59 204 241
car 0.0150 0 188 13 261
car 0.0148 382 49 452 92
car 0.0139 349 43 388 90
car 0.0128 464 95 500 160
car 0.0122 370 87 496 138
car 0.0103 379 41 412 78
car 0.0102 414 18 499 66
car 0.0091 360 67 488 124
car 0.0090 490 47 500 150
car 0.0089 450 49 499 156
car 0.0075 0 66 59 129
car 0.0075 488 48 500 78
car 0.0062 492 45 500 73
car 0.0059 485 93 499 158
car 0.0050 132 2 371 143
car 0.0048 6 92 136 288
car 0.0046 354 84 465 112
car 0.0044 460 38 499 75
car 0.0044 376 67 444 90
car 0.0038 379 42 400 70
car 0.0037 -1 62 105 138
car 0.0037 9 59 17 73
car 0.0037 387 90 458 107
car 0.0034 367 41 404 87
car 0.0033 258 109 329 155
car 0.0031 412 33 492 50
car 0.0028 429 87 492 133
car 0.0026 8 144 331 355
car 0.0025 285 45 337 87
car 0.0025 2 3 291 156
car 0.0024 448 38 500 108
car 0.0023 493 55 500 82
car 0.0023 77 67 470 227
car 0.0023 429 89 503 218
car 0.0022 110 77 440 168
car 0.0022 484 35 499 158
car 0.0022 346 74 497 198
car 0.0021 0 56 15 93
car 0.0021 6 142 146 241
car 0.0021 390 46 425 84
car 0.0020 377 54 407 90
car 0.0020 415 92 443 110
car 0.0017 383 55 399 89
car 0.0016 128 11 260 147
car 0.0016 15 78 115 166
car 0.0016 54 119 80 135
car 0.0016 444 34 499 61
car 0.0015 398 76 482 119
car 0.0014 396 45 415 77
car 0.0013 251 114 302 154
car 0.0013 494 43 499 65
car 0.0013 441 14 500 54
car 0.0012 413 94 453 132
car 0.0012 41 68 104 118
car 0.0011 493 106 499 137
car 0.0011 490 37 500 65
car 0.0011 0 55 39 95
car 0.0011 361 61 390 89
car 0.0010 491 55 500 96
car 0.0010 411 88 465 121
car 0.0010 468 29 500 128
motorbike 0.0119 0 188 13 261
motorbike 0.0088 2 89 123 245
motorbike 0.0036 5 78 496 357
motorbike 0.0020 492 93 500 156
motorbike 0.0019 0 189 17 312
motorbike 0.0017 8 144 331 355
motorbike 0.0016 0 240 7 265
motorbike 0.0013 1 236 13 267
motorbike 0.0010 385 45 499 157
aeroplane 0.0027 21 0 472 161
bus 0.0617 5 -8 493 179
bus 0.0082 9 76 494 350
bus 0.0046 108 1 369 156
bus 0.0037 0 68 122 247
bus 0.0036 492 96 499 158
bus 0.0033 1 3 292 156
bus 0.0030 385 49 499 160
bus 0.0025 423 17 500 64
bus 0.0021 128 11 260 147
bus 0.0020 283 42 338 89
bus 0.0015 403 48 499 98
bus 0.0014 417 35 500 78
train 0.0062 5 -8 493 179
boat 0.0097 21 0 472 161
boat 0.0019 130 0 373 134
boat 0.0010 0 269 17 297
dog 0.0010 0 188 13 258
horse 0.0029 0 188 14 258
cow 0.0012 0 188 14 258
chair 0.0010 0 60 129 218
