person 0.0044 0 487 37 499
person 0.0032 0 489 20 499
person 0.0027 215 53 254 138
person 0.0024 310 327 332 344
person 0.0011 313 329 333 364
bicycle 0.0010 86 19 248 271
bird 0.0056 215 60 253 137
bottle 0.0046 138 297 208 382
bottle 0.0034 119 360 164 401
bottle 0.0020 41 387 103 435
bottle 0.0012 43 367 128 410
bottle 0.0011 125 226 173 362
chair 0.0028 312 332 333 363
pottedplant 0.1260 78 10 245 409
pottedplant 0.0484 46 367 127 411
pottedplant 0.0109 125 217 201 371
pottedplant 0.0051 215 59 253 137
pottedplant 0.0049 119 165 221 401
pottedplant 0.0049 135 277 208 379
pottedplant 0.0039 39 379 113 428
pottedplant 0.0031 123 226 159 362
pottedplant 0.0025 91 118 241 303
pottedplant 0.0024 120 361 163 400
pottedplant 0.0023 135 251 184 363
pottedplant 0.0012 0 487 37 499
pottedplant 0.0012 104 4 264 266
diningtable 0.4233 1 378 335 500
diningtable 0.0500 138 303 208 379
diningtable 0.0359 112 296 239 396
diningtable 0.0354 118 360 168 404
diningtable 0.0216 53 331 293 430
diningtable 0.0173 10 247 318 477
diningtable 0.0077 0 405 216 499
diningtable 0.0036 82 11 248 411
diningtable 0.0033 62 370 126 412
diningtable 0.0031 41 389 103 437
diningtable 0.0031 8 355 184 474
diningtable 0.0025 206 381 234 409
diningtable 0.0024 130 238 210 395
diningtable 0.0021 0 487 37 499
diningtable 0.0020 104 388 240 436
diningtable 0.0020 147 240 332 423
diningtable 0.0017 4 436 319 500
diningtable 0.0013 5 379 112 483
diningtable 0.0012 159 380 214 393
diningtable 0.0010 169 370 244 409
tvmonitor 0.0027 149 238 329 422
tvmonitor 0.0025 128 204 213 384
