person 0.0071 13 243 135 372
person 0.0044 490 304 499 342
person 0.0021 6 247 21 296
person 0.0018 464 311 499 374
person 0.0016 489 207 499 238
person 0.0010 0 244 22 370
person 0.0010 487 305 500 362
bird 0.0010 102 107 134 157
cat 0.0019 490 304 499 342
dog 0.0017 12 244 137 371
bottle 0.2780 430 295 443 320
bottle 0.0868 465 208 478 235
bottle 0.0764 415 285 429 313
bottle 0.0611 489 207 499 238
bottle 0.0593 483 206 497 239
bottle 0.0350 465 206 495 237
bottle 0.0341 490 305 500 342
bottle 0.0339 478 208 492 239
bottle 0.0066 431 289 444 313
bottle 0.0046 488 305 500 362
bottle 0.0045 494 303 499 333
bottle 0.0032 437 298 454 319
bottle 0.0031 469 209 485 239
bottle 0.0029 373 252 448 305
bottle 0.0027 492 215 500 242
bottle 0.0020 432 297 462 326
bottle 0.0017 485 204 497 227
bottle 0.0013 471 302 500 372
bottle 0.0011 458 207 474 234
bottle 0.0010 496 301 500 323
bottle 0.0010 370 218 494 366
chair 0.6127 12 244 136 372
chair 0.0425 214 200 249 250
chair 0.0420 8 247 23 299
chair 0.0406 1 246 28 371
chair 0.0237 133 245 404 371
chair 0.0186 54 247 215 370
chair 0.0181 24 243 99 312
chair 0.0132 136 198 254 263
chair 0.0122 30 243 91 284
chair 0.0092 6 257 48 371
chair 0.0069 365 196 453 232
chair 0.0068 10 245 33 298
chair 0.0057 358 196 490 312
chair 0.0051 79 254 155 362
chair 0.0049 464 311 499 374
chair 0.0040 389 314 499 373
chair 0.0040 121 293 195 370
chair 0.0039 64 246 149 319
chair 0.0038 0 287 19 371
chair 0.0036 8 288 33 370
chair 0.0033 84 253 133 334
chair 0.0032 490 304 499 342
chair 0.0032 8 245 21 275
chair 0.0032 365 243 455 300
chair 0.0029 466 353 499 375
chair 0.0028 27 240 133 280
chair 0.0028 1 232 18 289
chair 0.0027 28 244 87 264
chair 0.0024 130 243 253 315
chair 0.0024 109 265 137 294
chair 0.0024 66 302 349 372
chair 0.0023 239 245 327 294
chair 0.0021 9 248 31 271
chair 0.0021 10 241 89 347
chair 0.0018 133 307 283 372
chair 0.0018 15 262 35 303
chair 0.0017 481 307 499 371
chair 0.0016 13 308 139 371
chair 0.0016 2 240 39 316
chair 0.0014 23 237 237 314
chair 0.0014 2 255 21 309
chair 0.0013 354 198 459 266
chair 0.0012 0 308 13 372
chair 0.0012 189 235 337 287
chair 0.0011 232 245 349 319
chair 0.0010 104 255 189 366
chair 0.0010 56 224 329 337
chair 0.0010 138 248 307 342
sofa 0.6913 133 245 405 371
sofa 0.0926 12 244 136 372
sofa 0.0835 357 197 502 321
sofa 0.0429 361 231 467 313
sofa 0.0161 390 316 500 373
sofa 0.0145 17 248 318 371
sofa 0.0122 368 197 454 232
sofa 0.0122 464 311 499 374
sofa 0.0107 354 194 462 273
sofa 0.0082 127 246 315 322
sofa 0.0067 61 253 217 371
sofa 0.0058 466 353 499 375
sofa 0.0056 368 247 446 300
sofa 0.0036 57 307 435 373
sofa 0.0031 130 198 255 286
sofa 0.0030 239 245 329 317
sofa 0.0029 490 304 499 342
sofa 0.0028 481 307 499 371
sofa 0.0023 214 200 250 253
sofa 0.0020 24 243 99 312
sofa 0.0019 0 244 22 370
sofa 0.0018 184 236 490 338
sofa 0.0015 213 244 373 341
sofa 0.0014 273 333 394 374
sofa 0.0013 42 227 292 329
sofa 0.0012 50 244 159 328
sofa 0.0012 453 239 499 318
sofa 0.0011 116 270 194 370
sofa 0.0011 6 248 21 295
sofa 0.0011 351 270 384 288
sofa 0.0010 130 257 281 371
pottedplant 0.0719 216 200 249 250
pottedplant 0.0038 483 206 499 240
pottedplant 0.0020 471 302 500 372
pottedplant 0.0018 118 196 280 281
pottedplant 0.0016 490 304 499 342
pottedplant 0.0014 104 109 134 157
pottedplant 0.0012 477 208 492 239
diningtable 0.0041 358 207 501 326
diningtable 0.0035 415 285 429 312
diningtable 0.0029 430 295 443 323
diningtable 0.0028 12 247 420 374
diningtable 0.0023 387 307 494 372
diningtable 0.0020 13 243 191 372
diningtable 0.0018 0 244 22 370
diningtable 0.0017 365 243 450 300
diningtable 0.0012 267 242 507 356
diningtable 0.0011 64 246 149 319
diningtable 0.0011 6 248 21 295
diningtable 0.0010 57 307 435 373
diningtable 0.0010 24 235 200 281
diningtable 0.0010 4 234 264 328
tvmonitor 0.0310 45 96 92 219
tvmonitor 0.0169 44 147 85 219
tvmonitor 0.0100 104 108 135 159
tvmonitor 0.0043 41 93 143 223
