person 0.0023 13 129 69 228
person 0.0016 325 141 342 176
person 0.0014 423 178 428 192
person 0.0012 45 134 117 226
person 0.0010 0 117 33 371
cat 0.0017 13 134 70 236
cat 0.0014 23 261 144 362
cat 0.0011 18 177 66 217
cat 0.0010 296 157 330 182
dog 0.0029 13 134 70 236
dog 0.0026 22 253 147 357
dog 0.0011 25 281 107 353
bottle 0.0147 388 175 395 190
bottle 0.0050 423 178 428 192
bottle 0.0028 320 130 332 144
bottle 0.0027 269 185 276 199
bottle 0.0023 325 142 342 176
bottle 0.0014 161 139 181 170
bottle 0.0013 112 159 146 171
bottle 0.0012 127 144 163 172
bottle 0.0011 123 160 133 169
bottle 0.0011 208 290 273 321
bottle 0.0010 316 258 321 267
chair 0.6436 46 135 118 226
chair 0.2241 13 129 69 225
chair 0.1486 128 144 162 169
chair 0.0317 92 230 149 267
chair 0.0211 48 135 158 262
chair 0.0190 92 182 150 266
chair 0.0115 127 142 179 175
chair 0.0111 13 128 45 188
chair 0.0103 16 197 100 268
chair 0.0095 94 155 178 266
chair 0.0073 175 304 339 370
chair 0.0070 161 139 181 171
chair 0.0069 113 156 152 171
chair 0.0068 13 139 105 287
chair 0.0060 16 175 68 222
chair 0.0058 22 252 146 358
chair 0.0044 113 144 172 221
chair 0.0026 24 280 109 353
chair 0.0024 30 226 97 265
chair 0.0023 175 173 221 206
chair 0.0018 19 159 77 245
chair 0.0018 66 221 95 233
chair 0.0017 25 295 57 348
chair 0.0017 127 145 160 156
chair 0.0016 174 181 206 208
chair 0.0016 206 292 273 326
chair 0.0015 176 150 249 205
chair 0.0013 97 147 169 183
chair 0.0012 18 215 38 233
chair 0.0011 126 157 149 169
sofa 0.1441 46 135 118 226
sofa 0.0844 13 129 69 225
sofa 0.0226 22 253 147 358
sofa 0.0060 174 307 341 373
sofa 0.0051 128 144 163 169
sofa 0.0043 48 135 158 262
sofa 0.0030 24 280 109 353
sofa 0.0023 16 197 100 268
sofa 0.0022 16 175 68 222
sofa 0.0022 95 155 178 266
sofa 0.0021 12 135 82 286
sofa 0.0019 13 128 44 187
pottedplant 0.0019 20 222 97 263
diningtable 0.0892 175 304 339 370
diningtable 0.0117 206 292 273 326
diningtable 0.0070 207 313 271 329
diningtable 0.0041 182 295 297 349
diningtable 0.0025 128 144 163 168
diningtable 0.0019 25 255 155 358
diningtable 0.0011 95 155 178 266
diningtable 0.0010 113 156 152 171
tvmonitor 0.0206 175 149 255 205
tvmonitor 0.0078 365 188 419 245
tvmonitor 0.0032 371 139 462 237
tvmonitor 0.0029 340 147 365 167
tvmonitor 0.0026 175 173 221 206
tvmonitor 0.0023 14 127 43 184
tvmonitor 0.0022 187 219 279 275
tvmonitor 0.0019 286 126 319 142
tvmonitor 0.0017 325 141 342 176
tvmonitor 0.0017 292 157 328 181
tvmonitor 0.0016 266 149 294 181
tvmonitor 0.0012 276 154 291 176
tvmonitor 0.0011 178 181 204 208
tvmonitor 0.0010 187 230 241 278
tvmonitor 0.0010 0 107 21 332
tvmonitor 0.0010 14 129 69 228
