person 0.0012 129 272 193 325
person 0.0011 0 237 19 292
person 0.0011 210 282 286 339
bottle 0.0082 0 76 5 107
bottle 0.0022 202 87 225 104
bottle 0.0017 55 220 61 234
bottle 0.0014 248 247 280 275
bottle 0.0011 97 223 132 257
chair 0.8497 322 294 392 370
chair 0.8171 210 278 282 339
chair 0.7800 17 236 58 302
chair 0.7748 217 241 260 273
chair 0.7499 128 270 190 324
chair 0.7347 359 252 410 289
chair 0.6743 151 234 191 265
chair 0.6626 55 219 87 236
chair 0.6482 97 222 133 258
chair 0.6277 0 348 55 374
chair 0.6249 276 247 323 280
chair 0.6132 60 260 114 310
chair 0.5705 0 237 20 293
chair 0.5543 0 320 30 349
chair 0.4015 395 255 436 346
chair 0.3601 317 201 350 213
chair 0.3504 125 223 161 259
chair 0.2471 251 247 281 275
chair 0.2443 359 252 430 356
chair 0.2270 0 320 55 355
chair 0.1950 50 222 93 249
chair 0.1872 184 242 221 269
chair 0.1338 173 280 217 330
chair 0.1108 265 208 362 277
chair 0.1058 347 357 390 374
chair 0.1053 39 231 92 257
chair 0.0951 50 225 104 262
chair 0.0942 59 240 101 263
chair 0.0842 307 248 360 283
chair 0.0747 93 266 139 314
chair 0.0739 267 244 365 283
chair 0.0633 -13 299 391 371
chair 0.0587 55 241 101 304
chair 0.0566 16 253 312 341
chair 0.0562 3 305 81 369
chair 0.0560 79 222 101 239
chair 0.0539 252 205 381 246
chair 0.0495 47 241 88 265
chair 0.0487 100 222 129 239
chair 0.0478 74 220 90 237
chair 0.0455 0 238 16 269
chair 0.0450 66 254 152 276
chair 0.0430 214 273 412 349
chair 0.0406 27 227 98 297
chair 0.0373 146 246 340 329
chair 0.0360 330 272 425 370
chair 0.0356 221 243 413 303
chair 0.0345 252 282 330 347
chair 0.0334 7 236 31 296
chair 0.0313 0 238 14 256
chair 0.0309 16 237 53 275
chair 0.0306 75 225 105 258
chair 0.0293 79 224 91 238
chair 0.0271 0 244 11 294
chair 0.0269 331 344 391 374
chair 0.0261 50 248 142 291
chair 0.0254 0 265 8 290
chair 0.0247 60 245 84 262
chair 0.0243 69 231 242 284
chair 0.0240 60 347 112 374
chair 0.0232 77 239 102 258
chair 0.0218 159 235 223 267
chair 0.0215 141 260 224 286
chair 0.0203 355 248 437 271
chair 0.0199 338 248 429 284
chair 0.0196 127 222 159 239
chair 0.0196 48 252 222 290
chair 0.0189 206 247 222 269
chair 0.0184 382 289 423 371
chair 0.0183 281 299 326 347
chair 0.0178 4 291 161 370
chair 0.0159 84 230 171 268
chair 0.0155 15 328 63 355
chair 0.0154 68 253 152 307
chair 0.0146 30 241 78 267
chair 0.0144 144 192 196 264
chair 0.0142 42 319 131 372
chair 0.0141 210 232 286 276
chair 0.0138 0 237 14 247
chair 0.0136 289 201 367 214
chair 0.0134 216 270 320 319
chair 0.0133 16 236 45 260
chair 0.0132 0 266 13 292
chair 0.0125 55 234 120 269
chair 0.0125 54 220 62 235
chair 0.0124 116 224 135 257
chair 0.0122 244 273 338 306
chair 0.0120 1 237 48 293
chair 0.0109 251 248 307 277
chair 0.0107 260 201 373 228
chair 0.0100 20 339 116 375
chair 0.0096 331 258 363 285
chair 0.0090 121 221 152 233
chair 0.0087 237 239 283 274
chair 0.0081 102 258 238 306
chair 0.0077 258 298 309 345
chair 0.0075 36 239 59 267
chair 0.0075 317 195 349 208
chair 0.0074 147 327 364 372
chair 0.0073 24 248 152 357
sofa 0.0133 0 348 55 373
sofa 0.0040 0 236 20 290
sofa 0.0034 247 207 383 254
sofa 0.0030 -13 299 391 371
sofa 0.0027 0 321 30 349
sofa 0.0024 258 270 433 345
sofa 0.0024 54 219 90 240
sofa 0.0020 97 222 133 257
sofa 0.0020 273 246 328 280
sofa 0.0019 323 294 392 372
sofa 0.0016 216 241 262 274
sofa 0.0015 0 320 54 355
sofa 0.0015 359 253 410 289
sofa 0.0012 210 278 283 341
sofa 0.0011 129 270 190 325
sofa 0.0011 17 236 58 301
sofa 0.0010 150 235 193 265
sofa 0.0010 359 248 434 345
diningtable 0.5796 6 306 377 371
diningtable 0.1915 96 223 136 258
diningtable 0.1873 207 270 419 344
diningtable 0.1848 6 253 365 327
diningtable 0.1814 65 254 153 278
diningtable 0.1752 32 232 87 253
diningtable 0.1529 210 276 284 343
diningtable 0.1484 216 241 260 273
diningtable 0.1483 50 222 93 249
diningtable 0.1210 48 252 222 290
diningtable 0.1185 61 256 143 313
diningtable 0.1179 127 268 193 325
diningtable 0.1153 255 206 378 255
diningtable 0.1114 17 236 58 301
diningtable 0.1062 54 219 90 240
diningtable 0.1047 273 246 328 280
diningtable 0.0791 321 292 392 371
diningtable 0.0775 52 234 103 262
diningtable 0.0749 251 246 277 275
diningtable 0.0679 307 248 360 283
diningtable 0.0677 182 244 226 273
diningtable 0.0620 268 244 364 283
diningtable 0.0552 27 227 98 297
diningtable 0.0545 150 235 193 265
diningtable 0.0496 358 251 411 288
diningtable 0.0486 173 270 220 329
diningtable 0.0394 125 223 161 259
diningtable 0.0346 0 348 55 373
diningtable 0.0314 330 272 425 370
diningtable 0.0300 50 248 142 291
diningtable 0.0284 27 233 89 270
diningtable 0.0283 147 327 364 372
diningtable 0.0258 0 237 19 292
diningtable 0.0227 363 249 432 364
diningtable 0.0225 221 243 413 303
diningtable 0.0220 355 248 437 271
diningtable 0.0208 2 225 88 252
diningtable 0.0204 317 201 350 213
diningtable 0.0199 0 292 119 373
diningtable 0.0186 252 240 462 285
diningtable 0.0186 0 320 39 348
diningtable 0.0178 79 222 101 239
diningtable 0.0170 154 261 226 287
diningtable 0.0166 84 230 171 268
diningtable 0.0161 74 225 106 258
diningtable 0.0154 159 235 222 268
diningtable 0.0139 0 238 14 256
diningtable 0.0138 145 261 287 326
diningtable 0.0136 252 282 330 347
diningtable 0.0132 217 269 319 317
diningtable 0.0131 260 201 373 228
diningtable 0.0114 134 239 445 333
diningtable 0.0111 71 239 101 258
diningtable 0.0110 252 201 365 216
diningtable 0.0107 104 257 236 303
diningtable 0.0106 69 231 242 284
diningtable 0.0089 0 237 14 247
diningtable 0.0086 9 222 168 306
diningtable 0.0086 333 352 391 375
diningtable 0.0085 244 273 338 306
diningtable 0.0084 395 255 436 346
diningtable 0.0082 47 241 88 265
diningtable 0.0079 338 248 429 284
diningtable 0.0079 101 266 135 313
diningtable 0.0077 273 277 436 321
diningtable 0.0072 23 254 200 336
diningtable 0.0070 165 202 422 282
diningtable 0.0069 0 238 16 269
diningtable 0.0066 18 236 48 264
diningtable 0.0063 42 263 111 312
diningtable 0.0057 96 254 155 309
diningtable 0.0055 22 216 107 269
diningtable 0.0053 2 313 69 359
diningtable 0.0053 210 232 286 276
diningtable 0.0053 344 284 421 320
diningtable 0.0050 23 222 297 304
diningtable 0.0048 56 242 101 304
diningtable 0.0042 135 229 297 277
diningtable 0.0040 42 319 131 372
diningtable 0.0040 230 222 367 277
diningtable 0.0040 90 252 155 266
diningtable 0.0038 306 197 357 215
diningtable 0.0036 173 236 264 268
diningtable 0.0035 334 256 362 285
diningtable 0.0034 167 260 235 303
diningtable 0.0032 270 282 397 353
diningtable 0.0031 37 233 77 247
diningtable 0.0030 99 246 153 262
diningtable 0.0030 85 219 132 237
diningtable 0.0029 283 302 332 355
diningtable 0.0029 321 204 381 215
diningtable 0.0028 2 237 22 260
diningtable 0.0027 363 246 442 260
diningtable 0.0027 312 245 358 262
diningtable 0.0026 121 221 152 233
diningtable 0.0023 254 203 318 214
diningtable 0.0022 279 241 364 263
diningtable 0.0021 249 249 359 307
diningtable 0.0020 73 220 91 237
diningtable 0.0020 1 237 48 293
tvmonitor 0.8978 144 97 196 140
tvmonitor 0.0239 202 87 226 105
tvmonitor 0.0013 148 233 192 263
