person 0.0121 444 42 500 367
person 0.0104 3 17 450 374
person 0.0066 226 0 262 12
person 0.0038 257 0 355 11
person 0.0036 0 1 46 61
person 0.0028 234 0 302 11
person 0.0018 214 0 249 13
person 0.0018 292 0 379 12
person 0.0015 267 0 303 9
person 0.0013 248 0 281 10
person 0.0012 92 62 260 277
person 0.0010 430 5 500 257
bicycle 0.0026 443 9 499 370
car 0.0018 442 9 499 362
car 0.0015 108 6 492 379
motorbike 0.0025 442 9 499 362
cat 0.8055 143 186 420 366
cat 0.3255 85 61 257 277
cat 0.1759 7 22 462 370
cat 0.0115 3 32 255 325
cat 0.0059 109 91 422 315
cat 0.0012 58 130 100 191
dog 0.0062 7 22 462 370
dog 0.0051 143 186 420 366
dog 0.0023 12 54 259 303
bottle 0.0078 459 52 499 359
bottle 0.0057 52 0 82 65
chair 0.0660 447 138 500 367
chair 0.0272 7 22 462 370
chair 0.0243 0 155 21 304
chair 0.0196 430 5 500 257
chair 0.0070 3 38 255 317
chair 0.0059 139 13 450 233
chair 0.0044 415 69 500 368
chair 0.0032 463 219 500 368
chair 0.0027 92 62 260 277
chair 0.0027 453 118 498 227
chair 0.0023 465 1 500 97
chair 0.0020 55 130 97 191
chair 0.0019 482 247 499 368
chair 0.0019 475 153 500 375
chair 0.0019 0 98 75 307
chair 0.0017 130 140 422 370
chair 0.0017 0 99 118 156
chair 0.0015 0 141 47 304
chair 0.0013 493 344 500 372
chair 0.0012 91 8 447 136
chair 0.0011 460 164 499 238
chair 0.0011 140 0 226 65
chair 0.0010 325 16 502 372
sofa 0.1077 4 22 464 371
sofa 0.0190 139 13 450 233
sofa 0.0060 0 155 21 304
sofa 0.0045 91 8 447 136
sofa 0.0044 442 116 500 375
sofa 0.0032 73 40 291 346
sofa 0.0015 130 140 422 370
sofa 0.0015 432 8 500 303
pottedplant 0.0013 459 52 499 359
diningtable 0.0030 0 103 49 126
diningtable 0.0023 3 17 450 374
diningtable 0.0022 0 69 103 276
diningtable 0.0021 0 102 86 161
diningtable 0.0021 2 98 118 205
diningtable 0.0018 0 156 21 303
diningtable 0.0018 449 140 499 366
diningtable 0.0015 0 94 116 144
diningtable 0.0013 25 137 69 183
diningtable 0.0012 14 115 84 187
diningtable 0.0010 59 130 95 191
diningtable 0.0010 46 78 111 110
tvmonitor 0.1164 0 0 54 62
tvmonitor 0.0042 468 1 500 95
tvmonitor 0.0032 485 0 499 43
