person 0.0077 159 255 496 331
person 0.0020 97 124 214 168
person 0.0018 -16 46 496 259
person 0.0018 2 232 485 329
cat 0.8331 222 10 472 182
cat 0.0280 146 252 493 331
cat 0.0139 97 123 214 168
cat 0.0120 7 156 493 326
cat 0.0059 262 97 450 169
cat 0.0045 346 0 489 174
cat 0.0039 -6 52 491 292
cat 0.0023 263 131 326 184
cat 0.0021 314 115 379 167
cat 0.0017 182 155 214 167
dog 0.0223 222 10 472 182
dog 0.0193 146 252 493 331
dog 0.0156 97 123 214 168
dog 0.0096 7 156 493 326
dog 0.0076 -16 46 496 259
dog 0.0010 263 131 326 184
bottle 0.0011 262 129 342 185
chair 0.1066 443 2 500 157
chair 0.0205 328 119 384 163
chair 0.0202 348 122 372 159
chair 0.0189 375 0 499 163
chair 0.0186 222 5 472 182
chair 0.0132 354 115 415 165
chair 0.0109 438 66 485 150
chair 0.0093 262 97 450 169
chair 0.0084 375 125 398 162
chair 0.0065 450 69 500 161
chair 0.0055 98 123 213 166
chair 0.0042 3 0 479 197
chair 0.0037 366 83 462 171
chair 0.0036 356 123 383 161
chair 0.0031 432 70 465 150
chair 0.0030 458 1 500 71
chair 0.0030 307 115 367 162
chair 0.0028 414 27 477 164
chair 0.0027 475 30 500 163
chair 0.0027 107 0 347 167
chair 0.0020 451 78 480 145
chair 0.0019 362 124 375 158
chair 0.0018 2 145 495 322
chair 0.0011 480 80 500 158
chair 0.0011 367 124 389 162
chair 0.0010 366 1 498 62
sofa 0.0246 2 145 495 322
sofa 0.0179 96 124 214 167
sofa 0.0136 -16 46 496 259
sofa 0.0066 13 239 490 328
sofa 0.0026 443 11 499 157
sofa 0.0020 16 1 411 187
sofa 0.0015 140 5 296 163
pottedplant 0.3073 344 4 405 45
pottedplant 0.0059 346 2 467 49
pottedplant 0.0022 2 19 96 54
pottedplant 0.0016 371 12 395 45
pottedplant 0.0011 359 8 386 43
diningtable 0.0013 446 2 500 156
tvmonitor 0.0036 0 22 96 55
tvmonitor 0.0017 109 15 145 126
tvmonitor 0.0014 3 92 46 125
