person 0.0186 87 151 108 161
person 0.0127 475 155 499 178
person 0.0109 91 151 116 162
person 0.0098 423 152 447 168
person 0.0094 323 152 351 165
person 0.0079 421 154 437 168
person 0.0067 425 156 444 176
person 0.0066 78 158 117 170
person 0.0064 99 153 117 163
person 0.0062 361 153 372 162
person 0.0050 265 159 269 162
person 0.0045 472 153 492 172
person 0.0035 55 151 70 161
person 0.0031 285 152 306 162
person 0.0031 74 150 111 163
person 0.0029 492 152 499 163
person 0.0024 286 125 302 158
person 0.0019 200 161 204 164
person 0.0018 199 160 203 163
person 0.0017 154 152 165 160
person 0.0017 485 154 499 170
person 0.0015 475 167 499 192
person 0.0014 42 149 68 162
person 0.0014 85 149 100 158
person 0.0013 52 152 76 167
person 0.0012 351 154 369 162
person 0.0012 42 151 84 170
person 0.0011 61 150 82 162
person 0.0010 104 151 118 160
person 0.0010 487 180 499 192
person 0.0010 40 162 84 190
car 0.0013 413 152 421 157
bus 0.0013 475 155 499 178
train 0.0017 475 166 499 192
train 0.0013 481 178 499 192
boat 0.5672 33 161 86 202
boat 0.5416 322 153 350 166
boat 0.5384 286 126 302 158
boat 0.4182 78 158 117 170
boat 0.3820 475 156 499 177
boat 0.3647 322 113 348 165
boat 0.3620 285 152 306 160
boat 0.2814 422 152 447 169
boat 0.2572 139 128 155 158
boat 0.1758 47 87 114 163
boat 0.1708 359 153 372 160
boat 0.1669 48 150 117 171
boat 0.1643 307 151 324 159
boat 0.1378 35 148 76 163
boat 0.1309 33 151 91 182
boat 0.1257 356 123 377 160
boat 0.1110 90 151 116 163
boat 0.0976 351 153 370 160
boat 0.0958 459 151 500 176
boat 0.0946 154 152 165 160
boat 0.0944 413 152 421 157
boat 0.0855 368 128 380 159
boat 0.0848 40 99 75 153
boat 0.0830 421 154 437 168
boat 0.0817 286 146 306 159
boat 0.0787 476 163 500 193
boat 0.0734 308 145 323 158
boat 0.0679 43 118 114 177
boat 0.0656 446 156 486 176
boat 0.0617 154 146 165 158
boat 0.0607 371 138 380 159
boat 0.0595 179 152 190 157
boat 0.0549 362 151 377 158
boat 0.0535 425 156 444 176
boat 0.0529 0 155 40 187
boat 0.0504 32 122 91 196
boat 0.0500 481 178 499 192
boat 0.0474 71 149 114 163
boat 0.0460 455 155 476 170
boat 0.0425 309 135 320 154
boat 0.0403 99 153 117 163
boat 0.0385 104 151 118 160
boat 0.0377 34 187 83 208
boat 0.0375 372 150 379 158
boat 0.0360 79 88 113 158
boat 0.0352 73 142 116 168
boat 0.0344 34 146 60 160
boat 0.0334 3 136 77 178
boat 0.0324 355 122 368 157
boat 0.0320 362 156 373 162
boat 0.0319 358 135 374 164
boat 0.0318 312 136 318 147
boat 0.0309 430 154 457 168
boat 0.0308 34 194 82 215
boat 0.0306 472 140 498 170
boat 0.0301 141 149 153 158
boat 0.0291 165 153 178 162
boat 0.0282 229 152 236 156
boat 0.0277 419 155 431 166
boat 0.0275 265 159 269 162
boat 0.0265 351 145 371 166
boat 0.0243 436 156 472 169
boat 0.0241 79 166 114 178
boat 0.0224 50 156 123 177
boat 0.0220 323 161 352 170
boat 0.0217 309 124 325 159
boat 0.0216 150 145 168 161
boat 0.0214 148 130 166 160
boat 0.0213 42 151 84 170
boat 0.0207 0 117 55 162
boat 0.0205 141 153 153 162
boat 0.0200 451 157 471 168
boat 0.0189 55 95 89 161
boat 0.0186 430 157 461 175
boat 0.0183 1 111 72 189
boat 0.0176 348 152 363 161
boat 0.0174 171 152 186 158
boat 0.0171 441 159 467 173
boat 0.0169 206 152 213 156
boat 0.0167 32 151 110 208
boat 0.0162 455 151 474 163
boat 0.0160 112 152 133 159
boat 0.0155 424 149 446 160
boat 0.0155 153 142 172 159
boat 0.0150 373 134 389 152
boat 0.0148 323 140 347 164
boat 0.0148 180 150 193 156
boat 0.0144 461 157 501 188
boat 0.0137 472 153 492 172
boat 0.0137 414 153 421 162
boat 0.0136 165 143 181 157
boat 0.0129 85 148 108 159
boat 0.0129 199 160 203 163
boat 0.0128 153 148 175 163
boat 0.0125 433 148 483 178
boat 0.0123 49 98 68 146
boat 0.0120 0 148 5 163
boat 0.0119 485 154 499 170
boat 0.0119 434 152 453 164
boat 0.0119 49 162 86 187
bird 0.2542 206 168 212 173
bird 0.0700 265 159 269 162
bird 0.0629 204 165 208 169
bird 0.0540 200 161 204 164
bird 0.0130 243 182 250 185
bird 0.0124 202 161 208 164
bird 0.0117 228 152 235 157
bird 0.0089 205 152 214 156
bird 0.0072 92 175 108 182
bird 0.0071 193 194 197 197
bird 0.0069 207 153 216 157
bird 0.0066 204 164 209 170
bird 0.0063 199 160 203 163
bird 0.0058 180 192 188 196
bird 0.0050 199 152 207 156
bird 0.0047 199 160 205 165
bird 0.0044 206 168 215 175
bird 0.0042 184 193 196 197
bird 0.0035 265 158 269 163
bird 0.0033 227 151 233 156
bird 0.0026 199 157 212 168
bird 0.0025 60 237 65 244
bird 0.0022 244 153 252 156
bird 0.0020 230 152 245 157
bird 0.0015 265 160 269 164
bird 0.0013 0 19 6 28
bird 0.0012 207 151 218 155
bird 0.0011 361 153 372 162
bird 0.0011 215 153 228 157
bird 0.0010 362 159 371 166
bird 0.0010 242 180 251 186
