person 0.8834 151 21 287 247
person 0.0097 226 304 257 331
person 0.0066 469 320 500 332
person 0.0025 60 13 69 22
person 0.0020 131 128 326 245
person 0.0014 17 7 35 19
person 0.0011 0 207 17 233
person 0.0010 148 112 289 210
person 0.0010 81 14 95 21
bicycle 0.8951 133 136 339 280
bicycle 0.1127 222 186 241 220
bicycle 0.0366 184 145 276 237
bicycle 0.0132 206 170 260 240
bicycle 0.0116 220 171 245 226
bicycle 0.0097 161 163 305 249
bicycle 0.0083 139 135 298 225
bicycle 0.0073 149 23 284 248
bicycle 0.0041 124 127 184 215
bicycle 0.0032 129 125 210 192
bicycle 0.0030 126 129 167 190
bicycle 0.0023 74 103 191 222
bicycle 0.0021 206 149 240 223
bicycle 0.0015 168 141 248 207
bicycle 0.0015 315 193 466 332
bicycle 0.0013 227 138 284 242
bicycle 0.0013 125 74 234 225
bicycle 0.0012 314 222 342 280
bicycle 0.0011 136 124 179 176
bicycle 0.0010 138 126 169 161
bicycle 0.0010 193 156 225 212
car 0.3766 17 7 35 19
car 0.2128 32 11 49 19
car 0.0965 81 14 97 21
car 0.0894 26 9 45 19
car 0.0666 16 3 34 13
car 0.0248 15 1 28 8
car 0.0211 65 11 86 19
car 0.0172 82 17 97 23
car 0.0145 20 2 33 9
car 0.0139 14 2 22 11
car 0.0137 34 9 45 15
car 0.0121 100 13 131 24
car 0.0120 13 8 22 17
car 0.0097 23 7 39 15
car 0.0083 73 12 98 22
car 0.0052 14 1 21 8
car 0.0048 131 16 156 22
car 0.0044 60 12 70 21
car 0.0035 14 11 22 19
car 0.0034 57 15 69 22
car 0.0034 43 16 59 21
car 0.0031 106 18 137 26
car 0.0029 120 19 134 25
car 0.0027 44 14 58 19
car 0.0025 468 322 499 332
car 0.0022 0 7 109 212
car 0.0020 8 8 19 17
car 0.0020 90 13 118 24
car 0.0019 89 18 102 23
car 0.0017 146 2 225 25
car 0.0017 145 136 330 243
car 0.0017 121 15 151 23
car 0.0016 8 2 19 13
car 0.0014 315 193 466 332
car 0.0014 125 17 159 25
car 0.0012 82 12 107 22
car 0.0012 173 10 223 28
car 0.0011 81 18 93 23
car 0.0011 97 16 123 24
car 0.0011 0 186 55 232
car 0.0011 221 186 241 225
car 0.0011 58 9 86 22
car 0.0010 6 4 26 17
motorbike 0.0020 132 137 341 280
aeroplane 0.0026 17 6 34 19
aeroplane 0.0010 81 14 97 21
bus 0.0035 18 5 35 17
bus 0.0024 0 7 109 212
bus 0.0024 81 14 96 22
bus 0.0022 32 11 48 19
train 0.0019 0 7 109 212
boat 0.0137 81 14 96 22
boat 0.0081 32 11 49 19
boat 0.0074 128 15 158 22
boat 0.0042 66 11 87 20
boat 0.0041 98 12 132 25
boat 0.0025 18 5 35 17
boat 0.0023 115 17 138 25
boat 0.0022 73 12 98 22
boat 0.0014 128 17 162 25
boat 0.0014 120 19 134 25
boat 0.0012 125 15 145 22
boat 0.0012 130 15 150 20
boat 0.0011 149 23 284 248
boat 0.0011 101 11 153 26
bird 0.0034 222 189 241 221
cat 0.0034 314 189 466 331
dog 0.9314 318 190 465 333
dog 0.0045 467 321 499 332
horse 0.0057 314 189 466 331
sheep 0.0189 314 189 466 331
cow 0.0035 314 189 466 331
bottle 0.3021 222 187 240 219
bottle 0.0255 206 170 260 240
bottle 0.0214 223 158 241 223
bottle 0.0180 133 136 339 280
bottle 0.0175 184 145 276 237
bottle 0.0092 225 175 240 206
bottle 0.0085 215 171 238 226
bottle 0.0061 161 163 305 249
bottle 0.0031 206 149 240 223
bottle 0.0023 193 156 225 212
bottle 0.0023 272 200 285 214
bottle 0.0020 200 168 214 197
bottle 0.0015 216 169 233 206
