person 0.0851 108 158 124 169
person 0.0409 0 195 18 213
person 0.0398 30 198 40 213
person 0.0349 399 189 417 206
person 0.0264 25 201 34 214
person 0.0221 114 160 127 171
person 0.0218 9 196 19 214
person 0.0185 480 173 499 204
person 0.0150 83 158 97 169
person 0.0148 0 187 28 213
person 0.0145 419 198 440 206
person 0.0140 449 182 471 202
person 0.0135 12 203 19 214
person 0.0132 13 198 29 214
person 0.0123 422 187 438 202
person 0.0099 13 191 43 213
person 0.0088 16 204 26 213
person 0.0081 370 193 387 207
person 0.0070 396 191 403 204
person 0.0069 472 190 484 200
person 0.0068 20 191 33 213
person 0.0066 107 160 120 170
person 0.0066 431 185 455 202
person 0.0055 395 189 410 205
person 0.0054 1 202 16 214
person 0.0051 427 186 433 199
person 0.0046 433 161 440 176
person 0.0037 380 190 414 206
person 0.0037 31 203 47 213
person 0.0034 93 158 104 169
person 0.0033 72 157 101 173
person 0.0032 88 159 100 171
person 0.0026 472 181 483 198
person 0.0025 436 160 439 174
person 0.0024 413 186 434 202
person 0.0022 96 157 121 169
person 0.0021 426 184 440 199
person 0.0020 0 203 8 213
person 0.0020 402 197 416 206
person 0.0019 465 178 490 200
person 0.0018 382 191 400 205
person 0.0018 421 186 452 205
person 0.0017 405 235 413 243
person 0.0016 464 179 477 198
person 0.0015 46 208 64 219
person 0.0015 90 156 101 167
person 0.0014 46 157 115 173
person 0.0013 429 166 437 177
person 0.0013 58 209 65 218
person 0.0013 453 180 474 192
person 0.0013 482 188 500 202
person 0.0011 477 192 492 202
person 0.0011 404 171 411 181
person 0.0010 410 198 418 205
person 0.0010 81 157 90 167
person 0.0010 465 189 481 201
bicycle 0.0010 0 186 27 212
car 0.0342 449 182 472 202
car 0.0096 481 177 500 203
car 0.0084 418 199 440 207
car 0.0070 471 190 485 200
car 0.0059 0 198 11 213
car 0.0042 31 198 44 213
car 0.0031 0 203 8 213
car 0.0026 399 189 417 206
car 0.0024 0 187 20 212
car 0.0017 428 183 459 203
car 0.0014 10 192 43 213
car 0.0013 30 200 56 214
car 0.0013 370 193 389 207
motorbike 0.0033 0 186 20 212
motorbike 0.0017 6 41 496 242
motorbike 0.0011 10 192 43 213
aeroplane 0.8392 14 67 502 238
aeroplane 0.3498 0 186 20 212
aeroplane 0.0403 0 198 12 213
aeroplane 0.0307 9 187 31 214
aeroplane 0.0266 0 185 18 200
aeroplane 0.0247 13 191 43 213
aeroplane 0.0130 28 198 42 213
aeroplane 0.0105 2 183 49 212
aeroplane 0.0098 0 203 9 213
aeroplane 0.0090 451 149 499 173
aeroplane 0.0076 1 202 16 214
aeroplane 0.0069 475 127 499 141
aeroplane 0.0059 5 194 23 214
aeroplane 0.0049 0 173 14 190
aeroplane 0.0048 431 182 468 202
aeroplane 0.0037 481 126 499 134
aeroplane 0.0035 12 198 29 214
aeroplane 0.0034 276 75 517 229
aeroplane 0.0028 1 171 13 181
aeroplane 0.0027 24 180 56 211
aeroplane 0.0026 465 174 499 203
aeroplane 0.0025 468 154 499 172
aeroplane 0.0021 475 134 499 157
aeroplane 0.0021 42 156 125 175
aeroplane 0.0019 455 139 499 166
aeroplane 0.0014 448 181 472 203
aeroplane 0.0013 445 134 499 182
aeroplane 0.0013 479 139 499 151
aeroplane 0.0012 36 170 66 180
aeroplane 0.0012 389 125 501 187
aeroplane 0.0012 26 193 60 215
aeroplane 0.0012 33 204 64 218
aeroplane 0.0012 35 155 103 183
aeroplane 0.0011 8 184 33 200
aeroplane 0.0011 35 172 59 190
aeroplane 0.0010 -1 169 39 214
bus 0.1189 480 173 499 204
bus 0.0783 449 182 472 202
bus 0.0026 431 185 455 202
bus 0.0013 419 198 440 206
bus 0.0013 457 176 498 202
bus 0.0012 0 187 20 212
bus 0.0010 471 190 485 200
train 0.0022 480 173 499 204
train 0.0014 449 182 472 202
boat 0.0022 0 187 20 212
boat 0.0019 457 139 500 169
boat 0.0013 478 128 500 141
boat 0.0012 418 199 440 207
boat 0.0010 478 141 499 157
bird 0.0017 0 186 20 207
