person 0.7861 418 185 500 327
person 0.7487 36 50 281 322
person 0.7462 377 214 440 327
person 0.5567 271 133 325 326
person 0.0961 490 250 499 313
person 0.0948 242 157 303 328
person 0.0298 432 239 450 256
person 0.0263 438 184 499 254
person 0.0255 445 247 499 327
person 0.0250 427 207 467 298
person 0.0208 485 252 499 326
person 0.0206 371 208 489 321
person 0.0160 252 57 335 323
person 0.0132 487 167 500 205
person 0.0061 470 230 500 317
person 0.0051 486 169 499 241
person 0.0048 213 87 309 319
person 0.0046 401 217 457 312
person 0.0046 232 134 278 295
person 0.0045 492 248 500 284
person 0.0043 385 233 432 304
person 0.0042 175 65 359 328
person 0.0042 487 188 500 306
person 0.0034 385 212 444 274
person 0.0031 267 97 323 256
person 0.0029 230 192 287 320
person 0.0027 428 214 445 248
person 0.0027 234 180 281 260
person 0.0024 434 225 451 255
person 0.0022 66 29 352 216
person 0.0019 381 254 427 327
person 0.0019 263 132 390 329
person 0.0018 493 271 499 297
person 0.0016 441 220 452 248
person 0.0015 66 52 246 139
person 0.0015 489 235 500 292
person 0.0014 403 257 497 328
person 0.0014 199 50 267 138
person 0.0014 271 125 305 168
person 0.0013 392 213 441 240
person 0.0012 282 113 299 128
person 0.0012 436 208 451 250
person 0.0012 269 141 322 222
person 0.0011 287 119 299 127
person 0.0011 328 150 503 330
person 0.0011 414 214 444 250
person 0.0011 242 196 277 249
train 0.0043 0 282 50 329
bottle 0.0693 237 189 287 312
bottle 0.0040 235 189 272 251
bottle 0.0032 433 242 449 254
bottle 0.0021 229 52 285 110
bottle 0.0019 0 283 50 328
bottle 0.0017 435 225 451 255
bottle 0.0015 245 213 277 261
bottle 0.0012 251 221 275 253
bottle 0.0011 251 223 286 306
chair 0.0084 487 166 500 205
chair 0.0065 306 297 325 328
chair 0.0023 52 67 122 150
chair 0.0020 420 186 499 327
chair 0.0016 430 247 499 328
chair 0.0014 0 84 55 182
chair 0.0010 491 252 500 316
diningtable 0.0011 0 218 47 288
diningtable 0.0010 0 283 50 329
tvmonitor 0.0025 487 167 499 206
tvmonitor 0.0023 0 282 50 329
tvmonitor 0.0019 316 222 377 289
tvmonitor 0.0014 328 165 432 213
