person 0.4203 94 123 224 241
person 0.2298 119 145 185 210
person 0.1728 351 43 375 91
person 0.1617 158 142 197 210
person 0.0163 129 141 207 229
person 0.0116 367 19 385 65
person 0.0100 23 101 229 210
person 0.0099 354 30 381 84
person 0.0091 353 41 373 70
person 0.0079 396 172 414 198
person 0.0038 370 19 384 40
person 0.0036 373 173 390 197
person 0.0036 275 165 289 177
person 0.0035 328 20 364 95
person 0.0029 118 152 156 213
person 0.0022 344 20 366 69
person 0.0018 349 19 364 49
person 0.0017 275 191 286 204
person 0.0015 165 174 183 206
person 0.0015 434 33 443 53
person 0.0014 381 171 415 199
person 0.0011 432 106 446 124
person 0.0011 129 163 165 210
person 0.0011 448 193 472 273
person 0.0011 444 9 451 26
person 0.0010 164 164 190 199
person 0.0010 435 24 448 36
car 0.0057 93 241 121 258
bus 0.0015 144 241 301 282
train 0.0024 0 1 31 96
cat 0.0015 101 135 225 241
cat 0.0010 333 254 358 277
dog 0.0019 97 128 215 236
dog 0.0012 120 153 178 204
dog 0.0010 115 139 188 219
bottle 0.7377 448 193 472 273
bottle 0.1017 409 236 434 282
bottle 0.0316 467 127 500 181
bottle 0.0199 482 160 499 191
bottle 0.0068 448 240 472 273
bottle 0.0055 465 121 488 176
bottle 0.0054 479 130 500 165
bottle 0.0054 463 206 498 264
bottle 0.0047 491 166 499 192
bottle 0.0044 33 226 57 262
bottle 0.0036 94 239 120 258
bottle 0.0032 483 155 500 179
bottle 0.0031 449 192 471 232
bottle 0.0030 440 163 462 187
bottle 0.0030 397 175 412 198
bottle 0.0025 469 123 482 163
bottle 0.0023 489 130 500 163
bottle 0.0023 249 0 280 14
bottle 0.0022 457 131 493 190
bottle 0.0019 484 160 500 172
bottle 0.0018 438 196 461 260
bottle 0.0018 470 227 500 276
bottle 0.0015 448 214 470 240
bottle 0.0014 448 222 471 250
bottle 0.0014 491 128 499 151
bottle 0.0013 483 128 499 153
bottle 0.0012 473 159 484 184
bottle 0.0012 433 202 449 254
bottle 0.0012 471 122 498 155
bottle 0.0010 79 204 99 245
bottle 0.0010 0 3 30 92
bottle 0.0010 373 173 390 198
bottle 0.0010 481 143 500 171
chair 0.0071 432 331 500 373
chair 0.0049 467 332 500 373
chair 0.0033 447 193 472 273
chair 0.0027 101 135 225 241
chair 0.0016 483 331 499 340
chair 0.0015 420 358 491 374
chair 0.0015 208 342 295 371
chair 0.0014 392 277 499 370
chair 0.0014 480 330 500 353
chair 0.0012 467 199 499 238
chair 0.0010 463 206 498 264
chair 0.0010 0 320 17 374
sofa 0.0047 101 135 225 241
pottedplant 0.1180 466 125 500 183
pottedplant 0.0497 478 127 500 171
pottedplant 0.0144 481 159 499 191
pottedplant 0.0074 483 128 499 153
pottedplant 0.0043 489 130 500 163
pottedplant 0.0028 491 128 499 151
pottedplant 0.0024 471 122 499 156
pottedplant 0.0023 433 151 495 188
pottedplant 0.0022 444 127 502 194
pottedplant 0.0015 486 145 499 170
diningtable 0.0033 447 193 472 273
diningtable 0.0029 396 275 500 341
diningtable 0.0022 409 235 434 283
diningtable 0.0015 465 190 500 235
diningtable 0.0013 332 258 499 359
diningtable 0.0010 466 125 499 185
diningtable 0.0010 146 240 301 283
tvmonitor 0.8044 223 121 349 239
tvmonitor 0.7163 94 123 223 239
tvmonitor 0.1875 110 140 193 218
tvmonitor 0.0784 157 147 195 207
tvmonitor 0.0695 0 98 228 231
tvmonitor 0.0638 120 153 178 204
tvmonitor 0.0305 0 0 31 97
tvmonitor 0.0249 360 200 424 260
tvmonitor 0.0079 152 130 216 229
tvmonitor 0.0058 2 101 90 202
tvmonitor 0.0035 0 241 20 260
tvmonitor 0.0027 471 232 499 276
tvmonitor 0.0023 463 206 498 264
tvmonitor 0.0015 0 93 14 199
tvmonitor 0.0015 50 225 91 262
tvmonitor 0.0014 475 228 500 243
tvmonitor 0.0013 140 119 254 242
tvmonitor 0.0011 275 165 288 177
tvmonitor 0.0010 447 193 472 273
tvmonitor 0.0010 8 188 96 259
