person 0.0802 288 136 314 159
person 0.0728 258 142 282 162
person 0.0407 264 136 305 161
person 0.0378 250 138 270 163
person 0.0156 203 138 225 166
person 0.0095 226 151 239 169
person 0.0095 274 134 294 162
person 0.0079 104 119 378 234
person 0.0063 169 149 196 169
person 0.0048 250 148 262 164
person 0.0044 218 141 238 167
person 0.0042 195 133 232 167
person 0.0033 248 135 263 159
person 0.0029 192 136 213 169
person 0.0019 253 153 265 163
person 0.0018 300 139 316 158
person 0.0017 263 135 286 160
person 0.0013 180 141 205 168
person 0.0012 208 137 229 159
person 0.0010 201 137 218 160
car 0.8458 102 124 381 244
car 0.0018 256 136 286 161
motorbike 0.0012 102 124 381 244
aeroplane 0.0010 103 124 381 245
bus 0.0036 102 123 379 245
boat 0.0012 103 124 381 245
sofa 0.0020 102 124 381 244
