person 0.7896 50 76 261 321
person 0.0312 189 162 263 228
person 0.0265 145 95 271 298
person 0.0066 176 144 266 259
person 0.0041 52 150 202 312
person 0.0031 53 202 184 293
person 0.0023 0 207 21 249
person 0.0023 123 139 260 232
person 0.0022 155 150 229 318
person 0.0019 349 2 369 41
person 0.0016 152 138 203 184
person 0.0015 288 121 306 144
person 0.0015 207 118 289 206
person 0.0012 189 167 230 213
person 0.0012 217 140 282 178
person 0.0012 162 90 304 236
person 0.0011 156 79 214 209
person 0.0011 207 33 453 219
boat 0.0161 222 23 454 222
boat 0.0049 226 122 449 218
boat 0.0012 245 20 440 141
bottle 0.0028 49 275 71 288
bottle 0.0016 48 275 61 287
chair 0.0039 287 137 449 212
chair 0.0034 222 146 303 187
chair 0.0014 229 154 322 218
chair 0.0011 244 158 300 184
pottedplant 0.0125 338 209 443 301
pottedplant 0.0036 431 218 499 316
pottedplant 0.0022 354 210 429 270
pottedplant 0.0021 370 208 492 307
pottedplant 0.0015 437 45 498 162
