person 0.9088 67 65 328 369
person 0.5724 213 92 279 209
person 0.1314 219 104 262 193
person 0.0251 233 81 335 359
person 0.0213 247 157 281 212
person 0.0146 210 70 302 320
person 0.0126 225 150 285 214
person 0.0121 394 159 499 369
person 0.0119 243 119 282 218
person 0.0092 183 13 379 344
person 0.0081 72 104 146 250
person 0.0078 213 90 256 167
person 0.0067 70 153 116 250
person 0.0056 68 69 167 344
person 0.0042 219 141 252 195
person 0.0034 79 72 214 270
person 0.0027 245 106 303 279
person 0.0023 237 125 264 193
person 0.0020 443 157 498 358
person 0.0019 219 130 241 183
person 0.0015 231 39 327 248
person 0.0015 332 13 499 373
person 0.0014 389 69 499 299
person 0.0013 132 196 184 323
person 0.0012 68 105 101 262
person 0.0012 93 124 192 326
person 0.0012 249 140 299 224
person 0.0011 239 155 264 202
person 0.0010 69 229 99 299
bicycle 0.0010 105 281 150 373
bus 0.0023 267 0 503 367
bus 0.0023 161 2 399 351
train 0.0178 267 0 503 367
train 0.0060 194 -6 422 363
train 0.0019 216 94 287 216
cat 0.0022 383 20 500 379
cat 0.0013 394 149 499 187
bottle 0.6001 105 282 150 372
bottle 0.0469 104 200 158 363
bottle 0.0129 104 277 145 316
bottle 0.0051 110 330 150 373
bottle 0.0036 75 314 112 373
bottle 0.0032 110 354 149 374
bottle 0.0030 92 231 187 373
bottle 0.0017 71 279 158 375
bottle 0.0016 120 304 151 375
bottle 0.0011 77 342 112 373
chair 0.0053 70 246 92 287
chair 0.0041 394 159 499 369
chair 0.0040 0 315 69 371
chair 0.0035 266 318 329 374
chair 0.0028 247 171 333 373
chair 0.0026 67 241 94 310
chair 0.0016 254 268 331 373
chair 0.0013 57 235 99 371
sofa 0.0011 390 149 499 372
pottedplant 0.0036 408 75 498 172
pottedplant 0.0017 436 87 498 157
pottedplant 0.0010 408 124 499 181
tvmonitor 0.0025 390 149 499 372
