person 0.3545 127 196 191 260
person 0.0692 372 167 422 274
person 0.0086 453 118 500 250
person 0.0062 377 208 407 242
person 0.0044 377 190 402 254
person 0.0040 123 157 197 280
person 0.0039 232 197 256 260
person 0.0032 377 212 393 236
person 0.0025 302 162 376 273
person 0.0019 486 146 500 241
person 0.0019 292 153 439 280
person 0.0017 151 204 188 263
person 0.0013 371 76 437 273
person 0.0013 215 65 288 262
person 0.0012 483 80 500 118
person 0.0011 426 228 500 282
person 0.0011 381 206 416 253
person 0.0010 123 72 203 267
bird 0.0017 129 200 190 258
bird 0.0016 74 193 119 257
bird 0.0015 233 194 257 254
bird 0.0011 1 255 56 297
bird 0.0010 3 341 21 359
cat 0.0030 301 67 378 269
cat 0.0024 128 198 191 261
cat 0.0018 124 75 201 272
cat 0.0017 215 66 290 266
cat 0.0014 69 80 132 265
cat 0.0012 452 114 499 252
bottle 0.8495 216 66 288 260
bottle 0.8490 302 66 377 270
bottle 0.8261 125 70 200 267
bottle 0.8068 68 71 132 266
bottle 0.6894 372 73 436 268
bottle 0.0620 270 59 321 267
bottle 0.0276 281 73 345 263
bottle 0.0183 182 85 230 257
bottle 0.0115 42 74 174 276
bottle 0.0105 373 171 427 267
bottle 0.0094 110 49 393 313
bottle 0.0092 44 72 90 266
bottle 0.0075 302 169 376 270
bottle 0.0061 372 76 435 173
bottle 0.0042 1 25 52 285
bottle 0.0040 490 193 499 241
bottle 0.0039 487 190 499 255
bottle 0.0031 453 118 500 250
bottle 0.0029 274 51 439 271
bottle 0.0024 484 76 499 114
bottle 0.0020 21 -12 490 269
bottle 0.0017 414 71 456 258
bottle 0.0014 129 200 190 258
bottle 0.0013 483 163 499 242
bottle 0.0012 123 66 198 175
bottle 0.0012 487 227 499 278
bottle 0.0012 488 14 499 114
bottle 0.0012 467 188 499 268
bottle 0.0011 25 33 104 280
chair 0.0087 453 117 500 252
chair 0.0011 372 73 436 268
chair 0.0010 301 162 376 273
sofa 0.0029 453 115 499 248
sofa 0.0017 -25 40 494 349
diningtable 0.0155 453 114 500 249
diningtable 0.0133 214 63 288 264
diningtable 0.0071 -25 40 494 349
diningtable 0.0025 10 282 475 338
diningtable 0.0014 456 78 500 200
diningtable 0.0011 110 49 393 313
tvmonitor 0.0086 21 -12 490 269
tvmonitor 0.0080 453 117 500 252
tvmonitor 0.0026 251 66 336 265
tvmonitor 0.0017 274 81 318 249
tvmonitor 0.0016 183 86 232 255
tvmonitor 0.0015 10 282 475 338
tvmonitor 0.0012 215 65 288 262
tvmonitor 0.0010 123 72 203 267
tvmonitor 0.0010 301 162 376 273
