person 0.9318 52 97 261 297
person 0.4612 301 193 429 363
person 0.0030 330 218 406 334
person 0.0016 290 143 463 325
person 0.0013 0 293 23 317
person 0.0013 252 90 261 101
person 0.0012 26 178 81 233
person 0.0012 309 150 317 177
person 0.0011 444 152 454 180
person 0.0010 298 184 438 282
person 0.0010 28 181 284 304
car 0.0020 147 306 175 327
car 0.0019 111 283 151 300
cat 0.0015 192 309 261 350
bottle 0.2209 444 153 454 180
bottle 0.0950 309 145 318 176
bottle 0.0698 334 146 349 187
bottle 0.0643 398 160 411 179
bottle 0.0534 420 143 432 182
bottle 0.0217 345 143 357 182
bottle 0.0207 319 148 327 174
bottle 0.0186 431 154 444 182
bottle 0.0160 40 242 81 310
bottle 0.0156 328 142 338 178
bottle 0.0148 322 148 331 174
bottle 0.0096 396 143 411 181
bottle 0.0070 320 143 334 175
bottle 0.0068 333 142 344 160
bottle 0.0062 495 85 499 105
bottle 0.0055 342 142 354 156
bottle 0.0046 308 143 331 175
bottle 0.0045 346 142 355 162
bottle 0.0041 316 139 358 183
bottle 0.0039 346 141 354 153
bottle 0.0038 433 155 452 186
bottle 0.0035 425 145 440 181
bottle 0.0033 411 145 425 181
bottle 0.0030 335 142 346 154
bottle 0.0027 308 149 316 187
bottle 0.0026 492 266 499 288
bottle 0.0025 445 171 462 206
bottle 0.0025 309 142 317 164
bottle 0.0024 353 144 391 174
bottle 0.0022 334 140 351 158
bottle 0.0020 380 138 418 181
bottle 0.0017 183 298 213 320
bottle 0.0015 441 162 453 184
bottle 0.0015 317 136 329 176
bottle 0.0013 391 162 410 183
bottle 0.0013 431 163 442 184
bottle 0.0012 349 149 360 180
bottle 0.0011 333 155 344 185
bottle 0.0010 339 164 418 192
bottle 0.0010 341 141 372 180
bottle 0.0010 80 273 106 301
chair 0.5596 299 199 430 355
chair 0.1790 298 218 339 314
chair 0.0857 274 285 430 371
chair 0.0405 26 178 80 233
chair 0.0350 368 184 455 370
chair 0.0324 414 173 463 371
chair 0.0318 294 179 361 308
chair 0.0315 387 214 435 374
chair 0.0176 285 180 329 308
chair 0.0138 390 223 430 317
chair 0.0100 300 172 458 301
chair 0.0085 429 170 488 362
chair 0.0075 330 218 406 334
chair 0.0073 431 175 462 281
chair 0.0069 247 200 288 303
chair 0.0060 302 251 419 331
chair 0.0060 226 181 253 213
chair 0.0049 303 204 392 312
chair 0.0047 352 218 431 321
chair 0.0043 301 224 338 272
chair 0.0035 177 79 303 309
chair 0.0029 0 293 24 317
chair 0.0027 259 210 335 315
chair 0.0025 23 173 133 235
chair 0.0025 327 258 389 346
chair 0.0023 321 147 487 344
chair 0.0021 275 195 315 312
chair 0.0020 206 113 280 287
chair 0.0019 25 129 264 304
chair 0.0014 287 225 356 344
chair 0.0014 221 166 258 226
chair 0.0014 443 175 461 210
chair 0.0013 108 281 151 301
chair 0.0012 266 103 314 306
chair 0.0011 226 186 353 316
chair 0.0010 300 166 437 244
chair 0.0010 185 220 457 372
sofa 0.5639 26 178 80 233
sofa 0.0292 23 174 133 235
sofa 0.0105 25 129 264 304
sofa 0.0052 6 174 224 271
sofa 0.0031 12 256 277 369
sofa 0.0024 108 281 151 301
sofa 0.0024 311 200 434 364
sofa 0.0013 26 171 78 284
pottedplant 0.1804 187 73 300 298
pottedplant 0.0077 221 166 258 226
pottedplant 0.0071 359 146 392 173
pottedplant 0.0051 226 181 252 213
pottedplant 0.0042 213 129 285 307
pottedplant 0.0019 38 242 81 312
pottedplant 0.0017 353 141 379 172
pottedplant 0.0015 325 139 391 182
pottedplant 0.0013 191 158 292 207
pottedplant 0.0013 197 117 271 246
pottedplant 0.0011 339 164 418 192
pottedplant 0.0011 362 148 382 170
diningtable 0.4230 6 273 297 370
diningtable 0.2635 72 301 376 355
diningtable 0.1820 109 282 151 300
diningtable 0.0789 273 310 427 372
diningtable 0.0584 185 298 212 319
diningtable 0.0506 -15 285 483 382
diningtable 0.0488 115 297 209 340
diningtable 0.0110 11 238 299 337
diningtable 0.0106 196 310 259 350
diningtable 0.0095 299 176 448 330
diningtable 0.0034 300 166 437 244
diningtable 0.0025 0 292 24 319
diningtable 0.0020 137 293 441 372
diningtable 0.0018 215 307 253 337
diningtable 0.0017 177 79 303 309
diningtable 0.0015 40 242 81 310
diningtable 0.0011 0 313 41 343
diningtable 0.0011 284 226 427 374
diningtable 0.0010 394 163 471 372
tvmonitor 0.0057 270 97 307 161
tvmonitor 0.0019 413 87 500 115
tvmonitor 0.0011 27 179 80 230
tvmonitor 0.0011 297 155 440 311
tvmonitor 0.0010 169 63 281 215
