person 0.0454 451 89 499 187
person 0.0095 438 68 499 374
person 0.0041 445 29 499 175
person 0.0017 479 33 500 63
person 0.0014 444 98 499 248
person 0.0013 415 73 497 181
person 0.0012 458 27 479 74
person 0.0011 -1 3 318 319
person 0.0010 439 14 461 72
person 0.0010 481 149 499 193
person 0.0010 358 19 387 61
bicycle 0.0015 480 32 500 61
cat 0.0023 450 89 499 180
dog 0.0039 449 89 499 185
bottle 0.0176 460 28 479 79
bottle 0.0115 462 48 478 73
bottle 0.0044 444 16 460 57
bottle 0.0035 440 19 475 72
bottle 0.0028 347 46 352 70
bottle 0.0018 461 48 481 100
bottle 0.0018 320 57 354 110
bottle 0.0017 436 50 469 82
bottle 0.0012 426 23 495 123
bottle 0.0012 467 1 498 62
bottle 0.0011 432 58 473 91
bottle 0.0010 455 29 488 122
chair 0.4129 0 8 320 345
chair 0.1393 480 33 500 61
chair 0.1118 437 86 499 368
chair 0.0264 449 89 499 185
chair 0.0187 460 30 490 77
chair 0.0089 472 0 499 62
chair 0.0078 464 20 497 67
chair 0.0051 2 218 323 366
chair 0.0051 461 46 481 86
chair 0.0051 415 31 499 159
chair 0.0032 478 30 500 102
chair 0.0029 447 12 494 78
chair 0.0018 426 89 505 153
chair 0.0016 481 149 500 193
chair 0.0013 452 136 499 207
sofa 0.6834 -1 6 320 344
sofa 0.6355 437 86 499 368
sofa 0.0680 449 89 499 185
sofa 0.0263 348 4 467 97
sofa 0.0090 415 31 499 159
sofa 0.0047 480 33 500 61
sofa 0.0026 1 205 319 365
sofa 0.0026 480 149 500 192
sofa 0.0026 452 136 499 207
sofa 0.0021 447 105 499 258
sofa 0.0019 0 193 45 360
sofa 0.0013 439 171 498 264
sofa 0.0012 9 0 301 167
sofa 0.0011 426 89 505 153
pottedplant 0.0240 319 52 355 110
pottedplant 0.0058 480 31 500 62
pottedplant 0.0054 439 14 461 72
pottedplant 0.0052 353 2 477 92
pottedplant 0.0049 444 26 485 81
pottedplant 0.0037 458 27 479 74
pottedplant 0.0032 317 37 350 87
pottedplant 0.0028 422 21 498 143
pottedplant 0.0027 470 0 500 56
pottedplant 0.0020 315 4 352 100
pottedplant 0.0019 464 20 497 67
pottedplant 0.0016 431 33 475 114
pottedplant 0.0012 461 46 481 86
diningtable 0.0149 415 32 499 159
diningtable 0.0124 449 89 499 183
diningtable 0.0056 0 229 44 369
diningtable 0.0015 3 219 322 365
diningtable 0.0013 438 68 499 374
diningtable 0.0012 418 72 484 131
diningtable 0.0012 456 30 495 99
diningtable 0.0011 480 32 500 59
diningtable 0.0011 442 59 493 124
diningtable 0.0010 6 317 327 370
tvmonitor 0.0537 353 1 473 91
tvmonitor 0.0109 471 0 499 51
tvmonitor 0.0029 458 3 498 66
