person 0.8531 360 165 385 220
person 0.8352 217 107 255 208
person 0.8038 412 162 433 223
person 0.7698 454 171 484 224
person 0.7606 91 152 112 213
person 0.6827 137 153 162 217
person 0.6112 62 156 84 209
person 0.2230 59 156 109 212
person 0.0940 52 161 85 225
person 0.0767 435 190 460 224
person 0.0573 91 205 137 225
person 0.0523 63 156 82 185
person 0.0460 76 167 111 217
person 0.0441 31 211 84 229
person 0.0356 110 191 151 223
person 0.0298 183 149 330 248
person 0.0267 60 174 97 216
person 0.0204 281 124 292 140
person 0.0198 394 205 417 222
person 0.0192 401 201 432 224
person 0.0177 48 190 71 213
person 0.0163 223 118 249 157
person 0.0162 459 197 497 226
person 0.0128 409 164 461 223
person 0.0124 116 163 164 219
person 0.0114 71 159 92 212
person 0.0106 417 192 434 222
person 0.0105 429 190 447 222
person 0.0104 141 155 160 186
person 0.0100 230 137 254 208
person 0.0095 443 194 482 224
person 0.0093 74 194 111 224
person 0.0086 476 204 499 226
person 0.0070 455 200 476 223
person 0.0070 424 166 438 220
person 0.0070 70 161 136 222
person 0.0066 146 153 179 218
person 0.0064 413 164 430 190
person 0.0061 230 122 246 151
person 0.0061 187 139 259 246
person 0.0060 39 207 138 228
person 0.0060 78 183 106 207
person 0.0055 48 188 86 218
person 0.0045 300 115 308 134
person 0.0042 458 191 484 218
person 0.0040 193 105 283 210
person 0.0038 279 125 286 138
person 0.0037 450 193 471 222
person 0.0035 40 211 65 228
person 0.0035 152 203 177 220
person 0.0035 91 171 108 198
person 0.0034 93 183 113 215
person 0.0032 412 168 423 187
person 0.0032 37 198 94 232
person 0.0032 46 153 79 210
person 0.0031 434 176 447 187
person 0.0030 235 119 252 154
person 0.0030 63 154 94 195
person 0.0030 35 202 78 225
person 0.0029 50 213 90 227
person 0.0028 70 187 99 213
person 0.0027 75 209 97 225
person 0.0026 72 183 94 206
person 0.0025 402 166 426 224
person 0.0025 59 186 81 214
person 0.0023 463 171 491 209
person 0.0022 433 175 446 195
person 0.0022 284 121 294 138
person 0.0021 146 158 165 192
person 0.0021 233 123 241 143
person 0.0021 138 163 148 187
person 0.0020 59 210 100 227
person 0.0019 431 175 448 208
person 0.0019 474 191 495 224
person 0.0019 289 168 406 228
person 0.0018 412 174 422 190
person 0.0018 62 181 81 204
person 0.0018 231 111 256 172
person 0.0018 476 184 489 214
person 0.0017 80 191 124 218
person 0.0017 430 175 440 190
person 0.0016 91 152 110 184
person 0.0016 412 197 425 218
person 0.0016 28 206 62 228
person 0.0016 448 175 472 210
person 0.0015 229 122 266 218
person 0.0015 87 209 100 224
person 0.0014 479 180 497 222
person 0.0014 373 165 387 182
person 0.0014 96 208 125 224
person 0.0014 221 135 449 249
person 0.0013 150 156 161 183
person 0.0013 93 180 110 201
person 0.0012 243 122 253 152
person 0.0012 280 120 299 140
person 0.0012 210 121 244 175
person 0.0012 76 173 89 200
person 0.0012 491 191 499 221
person 0.0011 50 204 67 228
person 0.0011 377 166 392 183
bicycle 0.0158 394 204 417 222
bicycle 0.0076 401 202 432 223
bicycle 0.0034 412 162 433 223
bicycle 0.0033 456 200 485 224
bicycle 0.0032 429 190 453 224
bicycle 0.0020 454 173 484 224
bicycle 0.0018 445 200 474 224
bicycle 0.0018 440 197 461 224
bicycle 0.0014 181 149 324 249
bicycle 0.0014 31 210 82 229
bicycle 0.0011 93 207 135 225
car 0.0043 432 189 456 224
car 0.0030 455 171 484 223
car 0.0028 183 148 332 250
car 0.0016 360 165 385 220
car 0.0015 93 207 135 225
car 0.0012 398 203 423 222
car 0.0011 476 183 490 215
motorbike 0.0030 432 189 456 224
motorbike 0.0027 394 205 417 222
motorbike 0.0020 454 173 485 224
motorbike 0.0015 412 162 433 223
motorbike 0.0012 401 202 432 223
motorbike 0.0012 453 200 479 224
bus 0.0071 261 98 430 181
bus 0.0029 183 148 332 250
train 0.0018 183 148 332 250
train 0.0015 261 98 430 181
bird 0.0013 93 207 135 225
cat 0.0222 94 206 136 225
cat 0.0132 31 210 82 229
cat 0.0086 394 204 418 223
cat 0.0011 57 207 137 226
cat 0.0010 52 161 85 225
dog 0.3543 94 207 136 224
dog 0.2444 33 211 84 229
dog 0.1773 394 204 418 222
dog 0.0527 39 207 138 228
dog 0.0329 52 161 85 225
dog 0.0295 110 191 151 223
dog 0.0260 412 163 436 224
dog 0.0212 68 155 110 219
dog 0.0191 359 165 385 220
dog 0.0148 50 213 90 227
dog 0.0142 401 202 432 223
dog 0.0117 73 194 112 224
dog 0.0117 59 210 100 227
dog 0.0112 48 190 84 218
dog 0.0104 112 207 142 222
dog 0.0102 393 211 407 221
dog 0.0070 432 189 457 224
dog 0.0069 81 210 98 225
dog 0.0059 119 208 135 222
dog 0.0046 35 202 78 225
dog 0.0045 40 211 65 228
dog 0.0043 61 189 100 222
dog 0.0036 116 163 164 219
dog 0.0035 440 198 461 225
dog 0.0034 53 216 76 228
dog 0.0034 389 206 410 221
dog 0.0030 476 209 499 226
dog 0.0028 84 215 96 225
dog 0.0024 27 206 63 228
dog 0.0015 445 200 474 224
dog 0.0014 119 214 165 222
dog 0.0013 75 216 94 226
dog 0.0010 30 192 136 239
horse 0.9225 183 146 331 250
horse 0.0751 218 110 257 209
horse 0.0236 184 148 261 246
horse 0.0059 237 154 301 243
horse 0.0054 93 206 137 226
horse 0.0040 30 209 83 230
horse 0.0029 432 187 458 221
horse 0.0028 412 163 436 224
horse 0.0021 137 152 165 218
horse 0.0020 394 204 417 222
horse 0.0019 197 120 432 249
horse 0.0018 200 114 296 228
horse 0.0014 359 165 385 220
horse 0.0014 39 207 138 228
horse 0.0012 52 161 85 225
horse 0.0011 110 191 151 223
sheep 0.0047 394 204 418 222
sheep 0.0027 93 206 137 226
sheep 0.0019 30 209 83 230
sheep 0.0010 432 189 456 224
cow 0.0091 432 189 456 224
cow 0.0056 33 211 84 229
cow 0.0025 394 204 418 222
cow 0.0025 93 206 137 226
cow 0.0024 412 163 436 224
cow 0.0019 183 146 331 250
cow 0.0011 359 165 385 220
bottle 0.0049 81 210 98 225
bottle 0.0025 92 207 133 225
bottle 0.0011 75 204 97 222
bottle 0.0010 78 208 109 225
chair 0.2847 432 189 457 224
chair 0.1737 454 172 484 224
chair 0.0904 48 190 71 213
chair 0.0732 453 200 479 224
chair 0.0702 441 201 469 224
chair 0.0665 52 171 83 214
chair 0.0644 411 170 446 223
chair 0.0635 38 205 81 230
chair 0.0327 459 197 497 226
chair 0.0260 61 174 96 216
chair 0.0227 429 191 447 222
chair 0.0215 48 188 86 218
chair 0.0214 438 206 455 223
chair 0.0198 394 204 416 222
chair 0.0190 472 207 500 226
chair 0.0177 420 196 434 221
chair 0.0170 458 191 484 218
chair 0.0162 68 155 110 219
chair 0.0155 62 156 84 209
chair 0.0125 59 186 81 214
chair 0.0120 92 155 112 216
chair 0.0118 91 205 137 225
chair 0.0112 462 204 481 225
chair 0.0112 39 207 138 228
chair 0.0095 401 202 432 223
chair 0.0094 73 193 97 220
chair 0.0085 79 184 110 214
chair 0.0085 137 154 160 217
chair 0.0072 93 183 113 215
chair 0.0066 78 206 99 224
chair 0.0065 46 191 61 212
chair 0.0063 413 190 433 220
chair 0.0054 67 181 88 204
chair 0.0053 424 202 439 222
chair 0.0048 450 193 471 222
chair 0.0047 28 206 62 228
chair 0.0045 46 200 97 229
chair 0.0040 476 184 489 214
chair 0.0039 474 191 495 225
chair 0.0036 359 165 385 220
chair 0.0036 74 184 92 205
chair 0.0034 80 191 124 218
chair 0.0033 100 186 111 215
chair 0.0029 110 191 151 223
chair 0.0028 80 184 101 205
chair 0.0027 93 180 110 201
chair 0.0025 411 197 424 218
chair 0.0025 74 204 118 225
chair 0.0023 393 211 407 221
chair 0.0021 478 214 499 226
chair 0.0021 63 202 93 224
chair 0.0020 87 182 105 202
chair 0.0018 361 202 397 221
chair 0.0016 85 194 106 216
chair 0.0014 50 204 67 228
chair 0.0014 488 212 499 225
chair 0.0013 53 202 77 228
chair 0.0012 95 194 110 216
chair 0.0012 428 207 442 222
chair 0.0011 71 159 92 212
chair 0.0010 138 177 166 216
chair 0.0010 94 183 137 214
chair 0.0010 59 210 100 227
chair 0.0010 28 177 83 228
chair 0.0010 35 189 63 221
pottedplant 0.0014 146 153 179 218
diningtable 0.0021 432 189 457 224
diningtable 0.0020 455 171 484 223
diningtable 0.0017 477 204 499 226
