person 0.5968 467 195 494 218
person 0.5848 476 121 490 139
person 0.5710 0 233 13 302
person 0.2013 13 205 22 226
person 0.1959 0 206 9 240
person 0.1883 459 197 476 218
person 0.1754 437 196 457 214
person 0.1538 4 205 31 285
person 0.1306 0 210 5 239
person 0.1299 0 204 20 287
person 0.1083 429 98 500 183
person 0.1080 14 203 25 234
person 0.0947 449 195 468 220
person 0.0938 2 206 12 228
person 0.0866 0 205 6 258
person 0.0763 438 131 450 145
person 0.0696 447 192 463 214
person 0.0690 10 202 29 264
person 0.0597 476 194 498 215
person 0.0559 286 188 297 204
person 0.0555 22 239 41 281
person 0.0534 377 181 499 279
person 0.0448 150 196 157 206
person 0.0418 489 119 500 136
person 0.0417 468 120 482 139
person 0.0325 0 203 13 265
person 0.0323 4 230 22 289
person 0.0313 488 195 500 211
person 0.0301 16 210 32 253
person 0.0276 387 140 397 150
person 0.0248 363 138 376 154
person 0.0239 416 195 464 218
person 0.0211 0 230 9 278
person 0.0204 292 148 302 164
person 0.0200 12 232 32 285
person 0.0198 0 203 6 218
person 0.0186 202 186 246 215
person 0.0181 470 118 486 136
person 0.0180 335 147 344 159
person 0.0170 25 255 42 279
person 0.0168 246 211 259 225
person 0.0166 440 133 457 144
person 0.0158 461 101 506 171
person 0.0136 430 194 444 214
person 0.0133 437 185 477 222
person 0.0129 482 192 499 207
person 0.0128 491 190 499 206
person 0.0126 328 173 338 192
person 0.0101 0 200 7 212
person 0.0100 456 189 487 221
person 0.0100 177 206 237 247
person 0.0098 244 214 255 223
person 0.0097 20 203 29 225
person 0.0095 280 189 291 204
person 0.0094 140 187 155 205
person 0.0089 354 190 364 203
person 0.0082 18 209 32 235
person 0.0082 233 211 247 223
person 0.0081 186 207 205 221
person 0.0078 143 196 154 207
person 0.0076 23 222 37 272
person 0.0075 397 188 481 224
person 0.0074 293 150 309 164
person 0.0073 6 206 25 246
person 0.0070 312 183 322 202
person 0.0069 13 195 21 209
person 0.0068 149 190 158 206
person 0.0067 23 199 32 219
person 0.0066 136 189 158 212
person 0.0065 117 179 159 226
person 0.0064 384 140 393 151
person 0.0063 279 188 287 202
person 0.0060 2 266 13 301
person 0.0058 281 199 388 243
person 0.0057 89 160 99 168
person 0.0056 265 121 417 235
person 0.0056 490 202 499 221
person 0.0056 0 196 15 231
person 0.0054 260 211 284 225
person 0.0054 213 210 226 221
person 0.0052 339 147 351 158
person 0.0051 408 197 424 212
person 0.0050 316 149 329 161
person 0.0050 25 232 39 259
person 0.0049 16 246 29 283
person 0.0047 19 220 33 247
person 0.0047 323 149 333 160
person 0.0046 85 191 97 201
person 0.0045 281 149 296 166
person 0.0044 314 198 322 206
person 0.0044 385 138 400 157
person 0.0044 1 197 12 210
person 0.0044 462 192 483 212
person 0.0044 275 211 289 223
person 0.0043 29 214 38 239
person 0.0042 251 211 263 224
person 0.0042 457 192 500 262
person 0.0041 473 110 492 142
person 0.0041 357 141 365 153
person 0.0040 131 205 149 230
bicycle 0.1265 22 239 41 281
bicycle 0.0453 13 207 36 283
bicycle 0.0242 25 255 42 279
bicycle 0.0187 24 240 38 266
bicycle 0.0157 0 234 14 302
bicycle 0.0137 23 222 37 272
bicycle 0.0135 3 227 38 291
bicycle 0.0132 4 230 22 289
bicycle 0.0078 13 241 31 285
bicycle 0.0044 25 232 39 259
bicycle 0.0025 0 204 20 287
bicycle 0.0022 15 238 28 268
bicycle 0.0020 0 206 11 236
bicycle 0.0018 16 210 32 253
bicycle 0.0017 20 225 34 254
bicycle 0.0016 10 202 29 264
bicycle 0.0016 0 288 6 303
bicycle 0.0016 14 203 25 234
bicycle 0.0015 0 282 8 301
car 0.9225 214 205 336 261
car 0.9094 179 208 234 248
car 0.8733 134 206 181 238
car 0.8639 374 182 497 277
car 0.8422 291 203 370 244
car 0.6304 121 205 138 231
car 0.5459 167 205 194 222
car 0.2472 277 158 402 240
car 0.2429 268 111 423 244
car 0.1591 127 205 153 234
car 0.1255 372 211 392 239
car 0.0874 158 177 202 211
car 0.0725 160 200 191 218
car 0.0576 119 178 158 226
car 0.0346 350 207 396 242
car 0.0303 186 207 204 222
car 0.0263 164 184 200 238
car 0.0258 154 205 191 235
car 0.0248 175 206 200 233
car 0.0206 130 177 200 232
car 0.0203 135 207 151 229
car 0.0202 463 194 495 218
car 0.0123 0 200 7 212
car 0.0114 201 170 262 213
car 0.0111 128 201 149 223
car 0.0106 122 194 182 228
car 0.0091 151 207 179 231
car 0.0084 132 204 147 220
car 0.0082 368 211 384 239
car 0.0072 437 196 458 215
car 0.0072 0 203 8 219
car 0.0070 0 202 11 228
car 0.0069 416 195 464 218
car 0.0068 160 196 189 212
car 0.0066 188 178 203 206
car 0.0063 2 204 11 221
car 0.0061 192 190 252 237
car 0.0058 168 202 196 213
car 0.0057 184 208 212 235
car 0.0057 1 197 12 210
car 0.0057 444 197 466 220
car 0.0056 11 188 20 205
car 0.0050 482 190 500 212
car 0.0045 467 171 500 197
car 0.0044 2 181 14 207
car 0.0041 13 195 21 209
car 0.0040 397 188 481 224
car 0.0040 14 205 24 227
car 0.0038 0 230 14 294
car 0.0038 279 205 346 236
car 0.0037 485 171 500 200
car 0.0037 485 170 500 180
car 0.0031 159 204 175 214
car 0.0031 169 207 189 238
car 0.0030 120 187 138 227
car 0.0030 176 204 199 219
car 0.0028 0 205 15 237
car 0.0027 374 201 399 233
car 0.0027 150 198 160 207
car 0.0025 293 210 340 252
car 0.0025 133 200 155 218
car 0.0024 415 196 476 257
car 0.0024 158 198 168 207
car 0.0022 0 207 7 237
car 0.0022 1 205 18 276
car 0.0021 10 185 18 200
car 0.0020 0 209 9 270
car 0.0020 429 96 500 220
car 0.0020 203 184 244 214
car 0.0020 175 204 278 249
car 0.0020 24 244 42 281
car 0.0017 371 194 424 245
car 0.0016 178 200 228 224
car 0.0016 143 200 161 211
car 0.0016 489 179 500 201
car 0.0016 283 206 310 222
car 0.0015 14 191 25 206
car 0.0015 288 205 333 223
car 0.0015 326 207 374 244
car 0.0015 319 207 358 221
car 0.0014 458 193 481 216
car 0.0013 148 202 170 211
car 0.0013 430 199 445 214
car 0.0012 3 202 34 285
car 0.0011 169 191 200 223
car 0.0010 10 204 26 232
car 0.0010 181 194 201 217
car 0.0010 148 201 157 210
car 0.0010 188 190 203 212
motorbike 0.0284 24 244 42 281
motorbike 0.0113 3 216 34 288
motorbike 0.0105 0 234 14 302
motorbike 0.0029 8 230 47 291
motorbike 0.0029 12 233 32 284
motorbike 0.0023 291 203 369 244
motorbike 0.0015 25 239 37 258
motorbike 0.0012 4 230 22 289
motorbike 0.0011 22 221 37 274
motorbike 0.0011 0 204 20 287
bus 0.9298 21 135 121 252
bus 0.9284 263 117 430 235
bus 0.8745 428 97 500 185
bus 0.5508 158 176 203 209
bus 0.4862 202 169 263 214
bus 0.3115 277 158 402 240
bus 0.1810 120 202 140 231
bus 0.1782 281 199 388 243
bus 0.1591 202 183 246 214
bus 0.1570 133 206 182 237
bus 0.1563 187 177 203 205
bus 0.1491 120 181 160 213
bus 0.1346 167 204 194 222
bus 0.0254 130 177 200 232
bus 0.0250 164 184 200 238
bus 0.0187 476 123 492 141
bus 0.0181 121 186 142 205
bus 0.0163 149 191 157 206
bus 0.0142 461 101 506 171
bus 0.0139 134 184 162 207
bus 0.0131 160 196 192 213
bus 0.0122 120 178 141 225
bus 0.0089 0 179 13 208
bus 0.0074 3 181 19 209
bus 0.0062 122 194 182 228
bus 0.0057 11 187 20 206
bus 0.0056 0 202 11 228
bus 0.0053 14 205 24 227
bus 0.0050 144 185 158 204
bus 0.0045 129 186 151 205
bus 0.0045 118 178 148 205
bus 0.0042 160 182 188 210
bus 0.0038 128 201 149 223
bus 0.0037 121 180 144 190
bus 0.0037 10 184 18 200
bus 0.0034 13 195 21 210
bus 0.0032 178 200 228 224
bus 0.0031 180 206 234 248
bus 0.0030 172 171 239 210
bus 0.0028 432 107 501 247
bus 0.0026 447 113 494 140
bus 0.0025 437 130 452 146
bus 0.0024 374 182 499 277
bus 0.0023 128 191 149 212
bus 0.0022 169 191 200 223
bus 0.0021 179 174 219 206
bus 0.0020 188 190 203 212
bus 0.0018 141 181 169 205
bus 0.0018 13 191 24 206
bus 0.0018 7 167 21 204
bus 0.0018 433 101 495 148
bus 0.0017 226 165 278 210
bus 0.0016 243 174 265 209
bus 0.0015 192 190 252 237
bus 0.0015 0 200 9 212
bus 0.0014 132 181 156 191
bus 0.0013 178 164 272 238
bus 0.0012 0 229 14 299
bus 0.0011 132 204 147 220
bus 0.0011 150 182 160 204
bus 0.0011 133 200 155 218
bus 0.0011 10 175 18 197
bus 0.0011 1 195 13 212
bus 0.0010 209 188 237 212
bus 0.0010 143 196 154 207
train 0.0052 428 95 500 185
train 0.0045 20 136 122 253
train 0.0044 159 176 204 208
train 0.0035 262 121 433 235
train 0.0034 202 183 246 214
train 0.0027 187 176 203 205
train 0.0022 205 168 270 213
train 0.0011 120 183 159 210
train 0.0010 277 158 402 240
bird 0.0023 41 19 57 24
dog 0.0012 24 244 42 281
horse 0.0034 0 233 13 297
horse 0.0011 3 210 37 286
bottle 0.0011 24 251 42 281
pottedplant 0.0124 0 178 11 203
pottedplant 0.0098 119 180 162 210
pottedplant 0.0023 119 180 146 202
pottedplant 0.0023 121 180 144 190
pottedplant 0.0015 201 167 265 213
