person 0.1517 126 15 335 168
person 0.1334 35 15 451 326
person 0.0360 54 12 464 177
person 0.0054 113 36 360 295
person 0.0017 29 19 293 268
car 0.0110 81 9 487 138
car 0.0066 54 20 467 295
car 0.0050 102 16 366 206
car 0.0013 218 13 458 115
motorbike 0.5892 34 47 482 332
motorbike 0.0061 36 7 491 158
motorbike 0.0055 125 15 335 169
motorbike 0.0054 320 86 483 292
motorbike 0.0033 113 36 360 295
motorbike 0.0024 37 209 481 354
motorbike 0.0023 158 80 459 287
bus 0.0014 74 12 405 288
dog 0.0049 39 20 479 313
