person 0.5024 468 153 488 209
person 0.1674 469 153 486 178
person 0.0176 475 159 490 213
person 0.0142 477 152 490 174
person 0.0117 7 221 17 235
person 0.0116 7 164 15 177
person 0.0098 473 152 494 179
person 0.0074 491 190 499 207
person 0.0070 483 174 498 211
person 0.0062 460 152 495 218
person 0.0061 488 185 499 217
person 0.0049 1 165 16 186
person 0.0029 5 212 18 233
person 0.0028 473 163 498 238
person 0.0025 0 223 17 241
person 0.0025 490 182 499 203
person 0.0023 0 208 17 230
person 0.0021 0 213 40 238
person 0.0020 0 168 16 201
person 0.0019 449 237 465 277
person 0.0018 478 168 495 200
person 0.0018 450 164 493 243
person 0.0015 0 167 10 181
person 0.0015 453 235 474 280
person 0.0013 472 162 488 194
person 0.0013 0 189 15 210
person 0.0012 479 158 497 182
person 0.0012 467 165 484 198
person 0.0011 0 194 15 225
person 0.0011 461 134 470 145
person 0.0010 0 206 33 231
person 0.0010 457 151 481 205
bicycle 0.0094 455 214 498 244
bicycle 0.0034 477 216 496 243
bicycle 0.0028 483 196 499 237
bicycle 0.0017 445 193 497 250
bicycle 0.0014 383 240 409 278
bicycle 0.0014 444 214 496 264
bicycle 0.0012 480 213 494 237
bicycle 0.0012 254 225 287 267
bicycle 0.0011 488 185 499 217
bicycle 0.0011 465 152 492 211
bicycle 0.0010 492 191 499 208
bicycle 0.0010 247 221 328 255
car 0.5318 3 211 78 235
car 0.2674 35 215 78 232
car 0.0629 0 194 15 225
car 0.0547 0 206 33 231
car 0.0362 1 192 16 212
car 0.0281 0 208 16 230
car 0.0272 0 201 78 247
car 0.0213 8 191 92 233
car 0.0210 2 222 18 235
car 0.0126 0 213 39 238
car 0.0085 0 224 16 249
car 0.0072 24 212 83 228
car 0.0070 2 211 25 233
car 0.0068 254 220 361 251
car 0.0057 4 193 15 204
car 0.0049 0 172 16 206
car 0.0044 27 217 79 243
car 0.0040 30 213 48 233
car 0.0038 0 151 102 224
car 0.0037 20 213 121 234
car 0.0028 3 217 56 242
car 0.0025 0 194 45 228
car 0.0022 274 216 382 241
car 0.0021 0 234 15 271
car 0.0020 256 227 314 246
car 0.0018 252 226 284 266
car 0.0018 255 225 286 241
car 0.0015 0 203 81 224
car 0.0014 70 223 116 239
car 0.0014 8 209 96 261
car 0.0013 2 220 68 252
car 0.0013 16 153 501 279
car 0.0012 33 224 74 252
car 0.0012 31 220 155 237
car 0.0012 260 229 296 244
car 0.0011 492 191 499 208
car 0.0011 254 205 477 243
car 0.0011 346 227 360 237
car 0.0010 10 215 32 236
car 0.0010 488 185 499 217
motorbike 0.0028 451 213 493 243
motorbike 0.0010 464 221 498 246
aeroplane 0.0020 1 125 116 199
aeroplane 0.0019 12 78 511 210
aeroplane 0.0010 371 113 471 206
bus 0.0050 0 135 115 201
bus 0.0039 0 210 78 235
bus 0.0034 8 191 92 233
bus 0.0016 0 194 15 225
bus 0.0013 0 189 15 210
train 0.3216 8 108 498 229
train 0.1047 5 115 311 212
train 0.0591 0 134 115 201
train 0.0466 367 113 472 211
train 0.0362 8 191 92 233
train 0.0347 253 111 489 220
train 0.0283 0 210 78 235
train 0.0080 -13 141 497 287
train 0.0079 0 167 111 207
train 0.0044 253 219 359 244
train 0.0042 472 153 493 210
train 0.0037 262 149 392 210
train 0.0036 346 123 495 252
train 0.0030 85 130 386 234
train 0.0028 8 200 306 240
train 0.0027 1 160 16 184
train 0.0024 0 136 17 180
train 0.0021 183 150 441 221
train 0.0021 254 205 477 243
train 0.0020 -3 135 229 239
train 0.0019 0 203 47 231
train 0.0018 0 165 16 202
train 0.0018 -1 157 164 224
train 0.0017 91 97 387 179
train 0.0014 -5 27 531 201
train 0.0013 59 209 208 237
train 0.0013 203 127 378 210
train 0.0012 7 125 184 206
train 0.0012 473 152 494 183
train 0.0011 20 213 121 234
