person 0.9211 381 206 499 373
person 0.3105 345 152 370 178
person 0.1706 318 140 342 167
person 0.1568 270 143 285 162
person 0.1451 278 132 319 159
person 0.0363 310 137 336 171
person 0.0305 297 133 332 164
person 0.0268 479 295 499 374
person 0.0223 272 140 292 158
person 0.0213 328 140 342 163
person 0.0173 272 138 307 162
person 0.0156 294 132 318 155
person 0.0125 317 146 335 176
person 0.0108 263 139 296 164
person 0.0096 213 150 232 168
person 0.0092 236 138 244 148
person 0.0084 352 254 357 261
person 0.0070 8 45 472 321
person 0.0069 270 134 354 184
person 0.0067 360 157 379 176
person 0.0065 474 251 499 369
person 0.0064 338 151 393 179
person 0.0058 137 90 480 260
person 0.0057 193 152 237 183
person 0.0050 342 154 361 176
person 0.0037 408 279 499 372
person 0.0032 281 140 324 172
person 0.0030 283 140 387 189
person 0.0029 100 214 105 220
person 0.0023 231 138 245 151
person 0.0021 209 147 243 175
person 0.0019 430 176 435 183
person 0.0017 327 139 345 175
person 0.0016 268 144 291 171
person 0.0015 72 110 453 210
person 0.0013 312 130 335 157
person 0.0013 272 132 299 155
person 0.0011 320 157 334 177
person 0.0011 319 131 342 152
person 0.0011 304 148 329 175
person 0.0011 342 162 366 183
person 0.0010 297 143 322 169
car 0.0016 12 226 31 232
car 0.0012 0 225 8 232
car 0.0012 9 223 36 233
car 0.0011 0 223 13 232
car 0.0010 382 208 499 371
car 0.0010 22 226 34 232
motorbike 0.0013 -9 88 481 337
aeroplane 0.6761 -5 124 485 342
aeroplane 0.0244 0 217 37 233
aeroplane 0.0070 0 223 13 232
aeroplane 0.0057 0 225 8 232
aeroplane 0.0043 345 152 370 178
aeroplane 0.0040 16 220 37 232
aeroplane 0.0036 7 61 473 267
aeroplane 0.0028 0 218 22 230
aeroplane 0.0025 0 233 36 250
aeroplane 0.0022 0 226 16 234
aeroplane 0.0021 25 221 36 232
aeroplane 0.0020 210 134 497 324
aeroplane 0.0020 8 225 35 233
aeroplane 0.0018 338 151 393 179
aeroplane 0.0018 0 243 15 249
aeroplane 0.0017 -13 236 485 353
aeroplane 0.0017 0 213 40 243
aeroplane 0.0017 297 138 334 172
aeroplane 0.0016 193 152 237 183
aeroplane 0.0015 0 244 8 250
aeroplane 0.0015 265 139 314 167
aeroplane 0.0013 1 239 29 249
aeroplane 0.0012 4 227 27 234
aeroplane 0.0011 22 226 34 232
