person 0.7678 338 3 367 84
person 0.7554 281 1 310 46
person 0.6718 282 117 308 143
person 0.3592 327 0 351 47
person 0.2394 183 105 424 204
person 0.0729 331 5 354 83
person 0.0449 313 121 334 143
person 0.0289 293 3 311 35
person 0.0272 338 23 352 50
person 0.0267 291 117 322 139
person 0.0251 280 0 296 43
person 0.0192 334 132 348 144
person 0.0161 304 118 327 140
person 0.0156 276 122 293 142
person 0.0133 269 121 288 142
person 0.0126 259 122 283 140
person 0.0124 330 0 353 29
person 0.0100 326 0 338 39
person 0.0099 327 130 344 144
person 0.0099 296 0 311 11
person 0.0092 251 122 272 140
person 0.0081 326 -1 346 23
person 0.0078 330 23 343 48
person 0.0067 256 118 301 142
person 0.0055 337 136 352 143
person 0.0053 300 5 311 30
person 0.0047 280 1 292 21
person 0.0043 464 295 499 331
person 0.0039 334 9 352 44
person 0.0037 345 8 366 44
person 0.0033 421 0 436 4
person 0.0032 355 10 367 76
person 0.0032 233 78 244 112
person 0.0031 238 121 256 138
person 0.0029 355 1 398 8
person 0.0028 257 43 338 79
person 0.0028 310 1 325 10
person 0.0026 258 127 273 141
person 0.0025 483 0 498 4
person 0.0023 209 77 220 113
person 0.0023 290 118 307 131
person 0.0023 320 127 342 147
person 0.0020 396 1 410 6
person 0.0020 262 0 282 11
person 0.0020 281 115 311 169
person 0.0016 382 1 396 7
person 0.0016 346 36 363 58
person 0.0016 173 0 218 14
person 0.0016 436 0 454 4
person 0.0016 307 2 332 42
person 0.0016 327 18 343 81
person 0.0015 490 0 499 4
person 0.0015 372 1 395 7
person 0.0015 332 1 366 36
person 0.0015 477 0 495 3
person 0.0013 406 0 425 5
person 0.0013 329 45 348 82
person 0.0013 280 0 295 13
person 0.0012 471 0 484 3
person 0.0011 388 1 404 7
person 0.0011 425 0 441 4
person 0.0010 323 0 336 13
person 0.0010 355 13 367 39
car 0.9008 182 105 424 206
car 0.0999 280 117 312 145
car 0.0193 308 0 325 10
car 0.0155 260 45 337 80
car 0.0130 193 43 264 78
car 0.0128 355 1 398 8
car 0.0095 155 45 374 78
car 0.0071 469 51 499 87
car 0.0053 90 37 430 83
car 0.0046 43 0 87 20
car 0.0037 297 1 312 11
car 0.0029 464 296 499 330
car 0.0029 174 0 218 14
car 0.0027 0 0 43 21
car 0.0027 219 0 259 12
car 0.0021 306 2 323 15
car 0.0021 281 1 310 46
car 0.0017 86 0 134 18
car 0.0016 37 0 133 19
car 0.0015 0 41 44 78
car 0.0015 132 0 175 15
car 0.0014 403 48 483 86
car 0.0010 263 0 281 10
car 0.0010 75 8 449 94
motorbike 0.0020 175 106 434 205
bus 0.0018 175 106 434 205
bus 0.0017 0 41 44 78
bus 0.0013 0 0 43 22
boat 0.0035 182 98 435 200
bird 0.0011 360 133 372 140
dog 0.0013 464 296 499 331
bottle 0.0084 209 79 220 114
bottle 0.0022 233 78 244 111
bottle 0.0011 444 79 453 95
bottle 0.0011 470 75 478 92
chair 0.0098 475 52 500 86
sofa 0.0027 182 105 424 206
tvmonitor 0.0017 182 98 435 200
