person 0.7412 103 359 367 499
person 0.6092 146 152 217 243
person 0.4171 167 137 182 175
person 0.4000 164 142 176 177
person 0.3051 169 138 183 159
person 0.0983 207 160 214 170
person 0.0756 155 146 208 210
person 0.0656 228 153 236 177
person 0.0652 170 139 189 165
person 0.0551 229 149 240 175
person 0.0441 142 179 223 283
person 0.0373 237 144 244 153
person 0.0316 169 149 195 180
person 0.0286 231 141 248 177
person 0.0259 324 0 369 57
person 0.0244 0 -1 43 77
person 0.0230 144 165 196 221
person 0.0214 125 160 131 171
person 0.0186 157 0 268 24
person 0.0137 172 150 196 166
person 0.0123 206 0 253 19
person 0.0122 304 0 319 9
person 0.0117 173 136 185 152
person 0.0110 174 141 192 158
person 0.0107 236 144 246 160
person 0.0097 165 150 183 184
person 0.0093 236 0 365 36
person 0.0081 238 0 251 11
person 0.0078 214 0 333 25
person 0.0075 158 143 169 174
person 0.0073 204 155 214 171
person 0.0064 225 0 291 17
person 0.0063 229 148 242 192
person 0.0062 188 146 198 158
person 0.0057 223 128 232 140
person 0.0055 236 144 249 171
person 0.0054 229 148 238 161
person 0.0053 159 137 175 173
person 0.0052 299 0 321 12
person 0.0046 84 171 363 516
person 0.0044 142 0 222 26
person 0.0041 200 0 228 16
person 0.0041 209 0 220 8
person 0.0040 171 0 230 21
person 0.0039 208 0 220 15
person 0.0039 216 128 236 142
person 0.0039 231 0 268 15
person 0.0034 155 196 217 247
person 0.0033 127 157 133 170
person 0.0031 226 153 234 169
person 0.0031 178 167 221 223
person 0.0030 224 0 255 11
person 0.0029 143 181 175 210
person 0.0027 252 0 326 20
person 0.0027 203 126 245 159
person 0.0025 207 156 227 172
person 0.0024 240 0 256 14
person 0.0024 193 147 199 158
person 0.0023 104 165 234 303
person 0.0023 293 0 345 35
person 0.0022 145 182 166 201
person 0.0022 184 180 216 209
person 0.0022 109 134 118 146
person 0.0022 210 127 241 147
person 0.0021 225 155 235 182
person 0.0021 149 0 191 24
person 0.0021 122 156 137 171
person 0.0021 153 140 160 148
person 0.0019 181 0 372 59
person 0.0018 235 146 251 187
person 0.0018 138 161 147 172
person 0.0018 223 141 241 157
person 0.0015 215 0 272 25
person 0.0015 114 153 145 171
person 0.0014 168 153 231 263
person 0.0014 224 129 235 146
person 0.0014 117 161 129 171
person 0.0013 299 -1 369 72
person 0.0013 165 136 209 166
person 0.0013 164 148 187 204
person 0.0013 186 149 200 168
person 0.0012 145 184 175 233
person 0.0012 278 0 330 30
person 0.0012 122 125 202 270
person 0.0012 238 139 244 150
person 0.0012 242 0 297 26
person 0.0011 223 152 237 170
person 0.0011 138 143 185 178
bicycle 0.0477 164 146 175 178
bicycle 0.0079 167 137 182 175
bicycle 0.0075 141 170 220 307
bicycle 0.0065 207 160 214 170
bicycle 0.0061 145 152 218 248
bicycle 0.0060 169 149 195 180
bicycle 0.0041 145 183 163 198
bicycle 0.0040 165 150 184 184
bicycle 0.0021 155 146 208 210
bicycle 0.0014 162 154 173 182
bicycle 0.0012 157 151 170 176
car 0.0034 169 149 195 180
car 0.0028 172 150 196 167
car 0.0016 141 170 220 307
car 0.0016 82 118 109 133
car 0.0014 147 0 242 24
car 0.0012 145 152 218 248
car 0.0010 207 159 215 169
car 0.0010 203 125 246 164
motorbike 0.1596 137 192 223 323
motorbike 0.0776 145 152 218 248
motorbike 0.0419 165 144 178 180
motorbike 0.0346 104 165 234 303
motorbike 0.0122 207 160 214 170
motorbike 0.0111 167 137 182 175
motorbike 0.0093 144 190 199 273
motorbike 0.0077 145 183 163 198
motorbike 0.0070 156 202 216 250
motorbike 0.0066 169 149 195 180
motorbike 0.0056 144 182 168 216
motorbike 0.0045 145 173 189 211
motorbike 0.0042 177 203 222 284
motorbike 0.0035 147 203 191 242
motorbike 0.0032 172 150 196 167
motorbike 0.0030 151 205 175 239
motorbike 0.0026 193 206 220 250
motorbike 0.0026 145 153 197 206
motorbike 0.0025 139 195 178 236
motorbike 0.0024 161 174 236 263
motorbike 0.0021 193 241 221 281
motorbike 0.0012 163 145 204 192
motorbike 0.0011 170 139 189 165
train 0.0038 147 0 242 24
train 0.0010 137 165 223 317
boat 0.0980 139 192 222 323
boat 0.0263 97 160 219 329
boat 0.0086 1 465 110 499
boat 0.0041 101 360 369 498
boat 0.0035 29 136 363 486
boat 0.0026 119 180 195 308
boat 0.0021 147 0 242 24
boat 0.0015 0 480 100 500
boat 0.0014 143 152 220 250
bird 0.0199 326 0 369 56
bird 0.0033 147 0 242 24
bird 0.0030 145 183 163 198
bird 0.0011 236 0 365 36
bird 0.0011 101 360 369 498
bird 0.0010 1 0 42 76
bird 0.0010 175 0 309 24
cat 0.0252 326 0 369 56
cat 0.0016 237 0 370 53
cat 0.0015 147 0 242 24
dog 0.1988 324 0 369 57
dog 0.0268 237 0 370 53
dog 0.0105 157 0 268 24
dog 0.0103 214 0 333 25
dog 0.0081 145 0 352 35
dog 0.0061 299 -1 369 72
dog 0.0046 235 0 295 17
dog 0.0042 303 0 319 11
dog 0.0042 206 0 253 19
dog 0.0029 293 0 345 35
dog 0.0023 252 0 326 20
dog 0.0015 130 -1 371 74
dog 0.0014 331 0 368 34
dog 0.0013 171 0 230 21
dog 0.0012 145 182 164 199
dog 0.0010 207 160 214 170
dog 0.0010 237 0 251 11
horse 0.0244 323 0 370 56
horse 0.0202 147 0 242 24
horse 0.0070 206 0 253 19
horse 0.0064 175 0 309 24
horse 0.0032 145 0 352 35
horse 0.0028 225 0 291 17
horse 0.0023 237 0 370 53
horse 0.0015 241 0 340 28
horse 0.0015 147 0 192 24
horse 0.0014 299 -1 369 72
horse 0.0013 165 139 178 178
horse 0.0012 200 0 228 16
horse 0.0011 170 148 197 171
horse 0.0011 101 360 369 498
horse 0.0010 178 0 223 20
horse 0.0010 1 0 44 79
sheep 0.0102 326 0 369 56
sheep 0.0037 147 0 242 24
sheep 0.0012 206 0 253 19
sheep 0.0011 235 0 295 17
cow 0.0226 324 0 369 56
cow 0.0122 147 0 242 24
cow 0.0042 175 0 309 24
cow 0.0040 206 0 253 19
cow 0.0022 225 0 291 17
cow 0.0019 241 0 340 28
cow 0.0018 145 0 352 35
cow 0.0017 237 0 370 53
cow 0.0016 145 182 166 200
cow 0.0013 101 360 369 498
cow 0.0011 178 0 223 20
cow 0.0011 147 0 192 24
cow 0.0011 208 0 220 9
cow 0.0011 304 0 319 9
chair 0.0026 101 360 370 498
chair 0.0015 147 0 242 24
chair 0.0013 145 182 160 198
chair 0.0012 207 159 214 170
pottedplant 0.0020 84 116 112 131
pottedplant 0.0017 44 163 69 188
