person 0.0026 0 462 54 499
person 0.0018 235 159 262 210
person 0.0012 7 277 81 475
person 0.0012 0 223 9 235
person 0.0010 43 439 181 499
car 0.0010 131 0 223 7
bird 0.0039 237 158 266 210
bird 0.0034 170 53 257 103
bird 0.0016 230 395 250 421
cat 0.8170 172 55 255 102
cat 0.0631 109 56 263 108
cat 0.0044 164 49 294 130
dog 0.0129 169 53 257 103
bottle 0.0909 236 157 263 209
bottle 0.0187 233 308 259 357
bottle 0.0076 210 319 259 360
bottle 0.0049 230 395 249 422
bottle 0.0047 263 440 279 462
bottle 0.0041 202 410 224 431
bottle 0.0039 250 403 267 423
bottle 0.0039 223 160 240 211
bottle 0.0036 201 235 224 289
bottle 0.0022 245 261 263 286
bottle 0.0020 199 159 217 213
bottle 0.0019 164 443 177 497
bottle 0.0018 11 299 23 331
bottle 0.0015 0 220 9 237
bottle 0.0015 226 152 250 210
bottle 0.0014 211 163 234 213
bottle 0.0014 220 238 238 289
bottle 0.0012 204 163 226 214
bottle 0.0012 55 278 64 305
bottle 0.0012 178 483 194 499
bottle 0.0010 -1 232 27 252
chair 0.1106 1 281 200 496
chair 0.1076 45 440 180 499
chair 0.0988 5 284 80 494
chair 0.0454 0 462 55 500
chair 0.0023 0 407 183 499
chair 0.0012 23 272 105 475
chair 0.0011 1 289 34 477
sofa 0.0162 36 440 179 499
sofa 0.0074 0 462 55 500
sofa 0.0072 0 281 200 497
sofa 0.0034 4 282 82 492
pottedplant 0.0034 170 53 257 103
pottedplant 0.0030 233 308 259 357
pottedplant 0.0011 210 319 259 360
diningtable 0.0063 21 442 180 500
diningtable 0.0018 219 240 239 287
diningtable 0.0014 5 286 80 494
tvmonitor 0.0042 131 0 223 7
tvmonitor 0.0015 0 462 54 500
