person 0.6488 78 217 86 237
person 0.2882 31 221 43 241
person 0.1738 0 213 17 249
person 0.1706 60 223 68 237
person 0.1465 41 204 50 234
person 0.1215 68 223 77 237
person 0.1195 92 223 99 237
person 0.1000 30 211 40 238
person 0.0958 88 223 95 237
person 0.0922 101 218 110 237
person 0.0861 2 212 13 224
person 0.0548 28 219 35 237
person 0.0401 96 224 106 238
person 0.0385 0 212 15 230
person 0.0380 32 212 39 225
person 0.0363 40 216 48 236
person 0.0294 23 208 33 236
person 0.0213 34 207 45 223
person 0.0177 87 220 93 234
person 0.0171 19 214 30 234
person 0.0165 179 98 187 114
person 0.0165 57 224 65 237
person 0.0159 75 222 85 237
person 0.0156 34 204 51 240
person 0.0146 43 206 55 237
person 0.0133 102 218 115 240
person 0.0115 76 218 91 239
person 0.0074 46 219 60 237
person 0.0073 5 211 15 222
person 0.0067 31 194 42 209
person 0.0055 53 210 63 237
person 0.0054 59 221 74 237
person 0.0048 43 200 52 215
person 0.0042 135 159 145 174
person 0.0042 37 226 46 240
person 0.0041 107 202 124 235
person 0.0041 111 194 124 221
person 0.0040 105 213 113 225
person 0.0040 91 220 101 233
person 0.0037 35 228 42 241
person 0.0035 115 194 124 212
person 0.0034 112 207 122 224
person 0.0034 102 213 109 225
person 0.0033 106 218 120 239
person 0.0032 18 201 33 233
person 0.0032 64 225 73 239
person 0.0032 182 157 192 169
person 0.0029 79 217 85 225
person 0.0029 114 211 125 228
person 0.0028 110 214 121 228
person 0.0027 177 98 192 117
person 0.0027 67 216 79 237
person 0.0025 128 208 140 245
person 0.0022 1 210 12 218
person 0.0019 127 191 139 210
person 0.0018 278 168 290 200
person 0.0018 278 182 290 205
person 0.0017 50 200 62 233
person 0.0017 120 201 140 241
person 0.0016 117 191 136 216
person 0.0014 103 104 383 274
person 0.0014 108 215 130 243
person 0.0013 141 206 150 224
person 0.0012 0 208 8 219
person 0.0010 51 226 61 236
person 0.0010 85 220 101 237
bicycle 0.1948 33 223 43 241
bicycle 0.0587 59 222 68 237
bicycle 0.0362 70 224 77 237
bicycle 0.0309 35 228 42 241
bicycle 0.0239 57 224 65 237
bicycle 0.0169 78 219 86 238
bicycle 0.0133 37 226 46 240
bicycle 0.0111 32 229 40 241
bicycle 0.0084 31 213 45 241
bicycle 0.0082 88 223 95 237
bicycle 0.0077 40 216 48 237
bicycle 0.0070 46 219 60 237
bicycle 0.0067 51 226 61 236
bicycle 0.0065 96 224 106 238
bicycle 0.0063 93 225 101 237
bicycle 0.0058 55 222 79 237
bicycle 0.0057 101 218 110 237
bicycle 0.0043 29 223 36 239
bicycle 0.0034 75 222 85 237
bicycle 0.0028 64 225 73 239
bicycle 0.0025 42 203 51 232
bicycle 0.0019 48 225 65 239
bicycle 0.0014 27 218 37 237
car 0.7079 0 216 17 248
car 0.0376 0 212 15 231
car 0.0313 0 212 12 223
car 0.0099 101 218 111 238
car 0.0089 92 223 99 237
car 0.0048 78 218 87 238
car 0.0042 95 224 107 238
car 0.0042 103 104 383 274
car 0.0039 88 220 97 237
car 0.0035 101 218 118 240
car 0.0025 32 219 43 241
car 0.0021 91 220 101 233
car 0.0020 17 219 27 234
car 0.0019 103 220 134 247
car 0.0014 0 241 8 249
car 0.0013 0 225 12 248
car 0.0012 0 237 15 247
car 0.0010 6 214 56 244
motorbike 0.0670 31 221 43 241
motorbike 0.0125 35 228 42 241
motorbike 0.0119 93 225 101 237
motorbike 0.0079 88 223 95 237
motorbike 0.0069 0 213 17 249
motorbike 0.0049 59 222 68 237
motorbike 0.0048 78 219 86 238
motorbike 0.0046 32 229 40 241
motorbike 0.0040 29 223 36 239
motorbike 0.0034 96 224 106 238
motorbike 0.0025 37 226 46 240
motorbike 0.0025 101 218 110 237
motorbike 0.0023 40 216 48 237
motorbike 0.0022 70 224 77 237
motorbike 0.0017 27 218 37 237
motorbike 0.0013 57 224 65 237
motorbike 0.0011 30 214 41 238
bus 0.3850 101 106 388 273
bus 0.0069 0 214 17 249
train 0.0017 101 105 386 274
bird 0.0010 109 39 118 47
dog 0.0010 33 222 43 241
horse 0.0018 33 222 43 241
