person 0.7783 131 0 261 192
person 0.5748 277 0 467 90
person 0.0720 0 178 14 255
person 0.0446 375 0 459 90
person 0.0429 271 0 407 53
person 0.0230 137 17 341 365
person 0.0112 126 0 168 26
person 0.0104 234 0 291 81
person 0.0089 296 0 466 44
person 0.0084 305 0 382 37
person 0.0077 168 0 298 156
person 0.0071 224 1 285 137
person 0.0070 164 2 399 202
person 0.0054 126 -2 266 64
person 0.0053 202 7 343 260
person 0.0050 262 0 387 104
person 0.0050 251 0 302 62
person 0.0045 258 -1 465 181
person 0.0043 0 84 32 258
person 0.0034 347 3 415 88
person 0.0031 0 107 17 261
person 0.0028 0 175 26 254
person 0.0025 408 0 468 68
person 0.0019 125 -1 168 55
person 0.0016 441 0 499 67
person 0.0016 154 13 240 158
person 0.0016 383 7 423 88
person 0.0015 413 25 504 282
person 0.0014 366 25 385 42
person 0.0013 473 0 499 62
person 0.0012 81 38 169 161
person 0.0012 271 1 302 53
person 0.0012 494 32 499 77
person 0.0011 361 17 393 44
person 0.0011 460 41 500 269
person 0.0011 237 11 270 79
person 0.0011 321 1 396 93
person 0.0011 86 -4 322 79
person 0.0010 0 62 110 193
person 0.0010 246 -2 310 113
person 0.0010 195 2 301 69
bicycle 0.0011 460 41 500 269
motorbike 0.0081 447 43 500 270
cat 0.0261 127 28 330 371
cat 0.0198 0 178 14 255
cat 0.0056 192 14 339 284
cat 0.0017 0 175 28 252
dog 0.7629 130 30 340 366
dog 0.0966 190 18 341 269
dog 0.0046 0 178 14 255
dog 0.0025 130 154 297 372
dog 0.0023 254 0 343 193
bottle 0.1517 494 32 499 77
bottle 0.0098 495 28 500 61
bottle 0.0053 129 0 168 23
bottle 0.0022 486 31 500 79
bottle 0.0017 493 4 499 66
bottle 0.0016 469 2 499 74
bottle 0.0014 476 34 499 82
bottle 0.0013 494 54 499 82
bottle 0.0012 492 34 498 63
bottle 0.0011 287 0 398 37
chair 0.0084 269 0 442 97
chair 0.0053 413 25 504 282
chair 0.0039 474 1 499 60
chair 0.0038 313 44 502 317
chair 0.0032 493 31 500 75
chair 0.0023 0 62 111 193
chair 0.0022 131 0 261 192
chair 0.0018 459 40 500 270
chair 0.0014 271 0 413 43
chair 0.0013 196 -3 434 144
chair 0.0011 0 178 14 255
chair 0.0011 1 1 134 33
chair 0.0010 441 0 499 67
sofa 0.0038 276 0 445 95
sofa 0.0023 132 1 264 183
sofa 0.0017 0 1 144 34
sofa 0.0016 0 179 14 256
pottedplant 0.0111 459 26 499 266
pottedplant 0.0014 459 16 499 144
diningtable 0.0019 2 0 141 31
tvmonitor 0.0094 1 1 134 33
