person 0.0093 241 4 343 162
person 0.0038 447 338 500 374
person 0.0030 2 40 131 336
person 0.0017 267 0 367 82
bird 0.0022 112 254 166 296
cat 0.0017 448 338 499 374
bottle 0.4459 192 241 291 291
bottle 0.0253 209 151 263 225
bottle 0.0204 241 246 291 293
bottle 0.0143 447 337 500 374
bottle 0.0104 254 243 315 292
bottle 0.0095 191 240 237 281
bottle 0.0058 217 244 263 288
bottle 0.0058 252 253 281 294
bottle 0.0037 190 241 208 267
bottle 0.0033 0 277 19 313
bottle 0.0029 191 241 301 330
bottle 0.0026 157 198 193 247
bottle 0.0025 112 255 170 297
bottle 0.0020 119 230 174 276
bottle 0.0020 83 43 136 83
bottle 0.0019 221 178 262 225
bottle 0.0019 -1 247 50 312
bottle 0.0018 139 267 173 295
bottle 0.0017 152 267 170 292
bottle 0.0016 198 186 267 246
bottle 0.0015 210 86 274 265
bottle 0.0014 198 138 251 200
bottle 0.0013 290 331 298 343
bottle 0.0012 190 240 223 265
bottle 0.0012 0 265 33 316
bottle 0.0012 186 91 270 209
bottle 0.0011 174 237 216 272
bottle 0.0011 193 242 250 306
bottle 0.0010 212 136 260 174
bottle 0.0010 476 339 499 374
chair 0.0021 447 337 498 373
chair 0.0014 144 2 254 149
chair 0.0010 0 36 119 310
pottedplant 0.0060 246 1 361 159
pottedplant 0.0011 267 0 367 82
diningtable 0.0024 3 276 228 367
diningtable 0.0021 447 337 500 373
diningtable 0.0016 10 13 408 378
tvmonitor 0.8378 376 0 499 93
tvmonitor 0.3116 0 35 119 308
tvmonitor 0.0074 137 4 254 167
tvmonitor 0.0066 90 84 200 193
tvmonitor 0.0056 245 33 322 167
tvmonitor 0.0043 0 31 199 363
tvmonitor 0.0034 89 51 207 285
tvmonitor 0.0015 157 4 324 176
tvmonitor 0.0011 267 0 367 82
tvmonitor 0.0011 378 64 496 94
tvmonitor 0.0011 75 16 292 342
tvmonitor 0.0010 240 2 365 162
