person 0.8704 13 45 84 195
person 0.7664 267 22 303 87
person 0.6397 111 0 140 65
person 0.6347 41 0 75 54
person 0.5139 297 62 321 101
person 0.4508 318 67 333 106
person 0.3889 92 0 116 56
person 0.3457 72 29 110 118
person 0.3418 288 81 307 99
person 0.3230 0 82 17 189
person 0.2790 5 0 29 23
person 0.2384 89 53 126 107
person 0.2373 52 35 84 126
person 0.2011 67 50 160 197
person 0.1474 103 18 330 509
person 0.1343 72 40 94 125
person 0.1313 321 26 333 79
person 0.1281 77 28 110 82
person 0.1009 288 71 314 99
person 0.0979 76 0 272 214
person 0.0773 52 36 78 80
person 0.0501 46 0 92 44
person 0.0492 73 0 97 32
person 0.0439 48 20 76 70
person 0.0422 100 53 128 84
person 0.0416 263 68 319 103
person 0.0352 312 62 330 96
person 0.0337 319 59 332 92
person 0.0322 84 0 97 26
person 0.0318 236 67 265 101
person 0.0291 320 34 332 107
person 0.0290 106 146 133 198
person 0.0272 5 0 56 39
person 0.0251 94 0 134 62
person 0.0246 84 -1 106 48
person 0.0226 304 75 320 101
person 0.0211 134 39 165 75
person 0.0176 83 52 152 112
person 0.0173 86 38 124 84
person 0.0151 84 118 142 199
person 0.0149 113 0 139 31
person 0.0118 0 0 13 24
person 0.0117 324 25 333 61
person 0.0111 119 138 239 396
person 0.0107 45 7 289 369
person 0.0103 84 31 110 62
person 0.0101 267 94 332 195
person 0.0096 108 53 127 72
person 0.0091 66 0 88 21
person 0.0091 88 51 109 78
person 0.0090 94 57 121 91
person 0.0088 3 90 19 153
person 0.0086 137 0 269 106
person 0.0080 114 200 157 273
person 0.0079 274 80 308 100
person 0.0078 63 37 115 202
person 0.0078 45 37 92 200
person 0.0076 50 38 71 67
person 0.0075 85 0 93 15
person 0.0072 292 61 313 85
person 0.0072 237 53 282 105
person 0.0069 322 53 333 80
person 0.0065 235 63 260 79
person 0.0059 63 -2 102 53
person 0.0057 225 21 334 418
person 0.0056 55 37 79 63
person 0.0053 307 87 319 101
person 0.0052 97 50 231 183
person 0.0051 6 127 19 160
person 0.0049 90 0 111 32
person 0.0048 244 73 293 98
person 0.0048 77 4 113 63
person 0.0047 35 1 59 54
person 0.0046 1 -2 36 52
person 0.0046 89 144 128 198
person 0.0046 254 77 306 106
person 0.0045 91 32 170 151
person 0.0044 82 78 330 289
person 0.0044 90 64 116 100
person 0.0043 104 98 164 206
person 0.0042 93 0 106 16
person 0.0042 113 19 188 105
person 0.0041 7 158 40 181
person 0.0041 63 56 78 132
person 0.0040 104 0 122 18
person 0.0040 298 61 318 78
person 0.0039 95 53 116 78
person 0.0039 294 86 319 101
person 0.0039 284 23 310 82
person 0.0038 117 144 144 196
person 0.0037 101 46 163 95
person 0.0036 93 64 199 245
person 0.0035 43 0 75 17
person 0.0035 141 84 199 136
person 0.0035 269 18 302 58
person 0.0034 93 49 111 70
person 0.0034 17 47 72 123
person 0.0032 6 104 28 177
person 0.0032 33 46 56 70
person 0.0030 273 55 326 160
bicycle 0.1162 108 28 333 503
bicycle 0.0142 222 39 334 428
bicycle 0.0035 106 260 321 500
bicycle 0.0022 8 158 39 176
bicycle 0.0017 141 99 333 367
bicycle 0.0017 117 141 244 399
bicycle 0.0014 124 212 236 342
bicycle 0.0011 258 108 333 355
bicycle 0.0011 3 88 22 189
bicycle 0.0010 229 201 331 367
car 0.0010 321 26 333 78
motorbike 0.2490 103 64 335 502
motorbike 0.0206 102 240 247 492
motorbike 0.0074 117 141 244 399
motorbike 0.0055 106 192 314 371
motorbike 0.0053 124 212 236 342
motorbike 0.0040 267 94 332 193
motorbike 0.0034 222 39 334 428
motorbike 0.0027 75 3 331 332
motorbike 0.0018 214 74 335 212
motorbike 0.0014 114 288 328 501
train 0.0020 104 62 335 506
bottle 0.0020 102 242 264 485
