person 0.0085 122 334 131 346
person 0.0078 491 320 500 350
person 0.0055 493 334 499 351
person 0.0050 102 338 123 356
person 0.0047 107 338 118 354
person 0.0047 6 333 162 374
person 0.0047 476 291 496 348
person 0.0043 117 336 142 353
person 0.0042 100 337 144 362
person 0.0036 48 335 187 365
person 0.0033 24 331 35 357
person 0.0032 390 353 500 374
person 0.0030 108 338 131 354
person 0.0029 59 354 70 366
person 0.0028 123 335 130 342
person 0.0025 483 292 494 305
person 0.0025 74 336 144 367
person 0.0023 65 276 74 290
person 0.0016 487 338 498 352
person 0.0013 454 326 485 348
person 0.0013 461 311 497 352
person 0.0012 480 341 489 351
person 0.0012 481 291 497 314
person 0.0012 490 358 499 372
person 0.0011 479 292 492 310
person 0.0011 213 364 222 374
person 0.0011 57 345 73 367
person 0.0010 109 343 128 359
bicycle 0.0101 452 330 484 351
bicycle 0.0022 167 342 224 359
bicycle 0.0014 181 343 200 358
bicycle 0.0012 427 329 483 354
bicycle 0.0011 392 351 501 373
car 0.7902 390 352 501 374
car 0.1663 4 336 261 376
car 0.0309 20 334 162 372
car 0.0081 106 352 174 363
car 0.0059 451 330 488 351
car 0.0058 -1 357 83 373
car 0.0054 78 345 255 369
car 0.0053 492 331 499 350
car 0.0047 388 321 501 375
car 0.0040 182 346 236 360
car 0.0039 0 362 40 374
car 0.0035 74 336 144 367
car 0.0031 491 320 500 348
car 0.0027 98 338 161 360
car 0.0026 163 351 181 359
car 0.0026 208 363 228 375
car 0.0020 59 352 227 366
car 0.0020 170 341 242 366
car 0.0018 147 351 185 360
car 0.0017 214 363 224 374
car 0.0015 398 341 494 370
car 0.0014 1 345 90 376
car 0.0013 205 348 233 357
car 0.0013 0 361 21 374
car 0.0012 397 354 448 375
car 0.0011 455 350 500 371
car 0.0011 387 343 500 390
car 0.0010 118 336 147 355
car 0.0010 433 326 495 356
motorbike 0.0027 452 328 486 351
motorbike 0.0010 390 352 501 374
bus 0.0053 5 333 162 374
bus 0.0019 391 352 500 374
bus 0.0016 492 320 500 348
chair 0.0082 182 346 236 360
chair 0.0060 175 342 206 359
chair 0.0056 162 351 181 360
chair 0.0055 158 348 192 360
chair 0.0048 182 343 198 358
chair 0.0040 101 343 252 363
chair 0.0032 145 342 216 359
chair 0.0020 170 341 242 366
chair 0.0016 392 351 501 373
chair 0.0013 452 328 486 351
chair 0.0013 147 351 185 360
diningtable 0.0014 182 346 236 360
