bird 0.3450 17 49 414 495
bird 0.0297 232 40 410 215
bird 0.0282 8 0 226 118
bird 0.0254 196 281 460 500
bird 0.0085 90 38 416 308
bird 0.0078 0 8 222 245
bird 0.0026 135 446 286 499
bird 0.0020 39 128 358 402
bird 0.0017 48 0 122 55
bird 0.0011 124 461 246 499
bird 0.0010 132 392 293 502
bird 0.0010 119 355 429 500
bird 0.0010 319 53 403 211
bird 0.0010 93 7 264 117
dog 0.0016 21 21 411 476
horse 0.0014 22 68 418 502
sheep 0.0010 193 265 461 492
sheep 0.0010 22 68 418 502
cow 0.0013 283 287 454 500
cow 0.0012 39 59 433 504
chair 0.0010 47 0 122 54
