person 0.0065 0 81 4 93
person 0.0033 233 73 283 92
person 0.0032 484 78 500 97
person 0.0013 309 82 341 94
person 0.0012 337 51 393 107
person 0.0012 333 83 347 99
person 0.0011 446 78 458 95
person 0.0010 471 84 482 96
car 0.7974 73 105 425 305
car 0.2918 232 72 283 92
car 0.0811 423 82 448 95
car 0.0651 93 102 424 178
car 0.0407 308 79 344 95
car 0.0293 483 78 500 96
car 0.0229 420 70 449 95
car 0.0140 395 66 448 96
car 0.0081 402 61 478 96
car 0.0062 333 83 347 99
car 0.0056 486 88 499 96
car 0.0048 340 51 393 108
car 0.0032 406 60 439 78
car 0.0027 309 83 325 93
car 0.0024 311 73 378 100
car 0.0019 411 61 436 72
car 0.0018 394 73 428 94
car 0.0017 254 78 285 92
car 0.0016 308 66 352 98
car 0.0015 401 58 454 85
car 0.0015 420 76 491 95
car 0.0014 477 83 498 97
car 0.0012 233 70 282 84
car 0.0012 379 76 438 97
car 0.0012 301 53 383 101
car 0.0012 439 57 492 96
car 0.0011 130 109 299 175
car 0.0010 105 67 398 150
car 0.0010 380 57 457 98
motorbike 0.0019 309 81 341 94
motorbike 0.0013 233 73 283 92
motorbike 0.0010 341 51 393 108
aeroplane 0.0029 343 52 394 108
aeroplane 0.0017 232 72 284 93
aeroplane 0.0016 483 78 500 96
aeroplane 0.0010 397 63 447 96
bus 0.0097 340 52 393 108
bus 0.0085 232 73 283 93
bus 0.0056 403 46 489 98
bus 0.0023 422 73 447 96
bus 0.0013 416 63 458 95
bus 0.0011 397 63 447 96
train 0.0010 340 51 393 108
boat 0.0020 483 77 499 96
boat 0.0011 231 72 284 93
cow 0.0061 309 82 341 94
cow 0.0010 309 84 327 93
chair 0.0068 232 72 283 92
