person 0.8778 175 111 201 191
person 0.8479 130 112 154 187
person 0.7912 242 111 268 140
person 0.7519 421 95 480 221
person 0.7387 224 117 244 140
person 0.5442 108 154 130 185
person 0.3165 329 100 359 146
person 0.2946 366 136 495 237
person 0.2689 201 70 499 227
person 0.2092 99 153 114 181
person 0.1126 311 95 375 157
person 0.1100 78 119 99 181
person 0.0775 73 124 93 154
person 0.0746 298 114 308 127
person 0.0712 85 137 113 185
person 0.0644 220 120 244 156
person 0.0636 265 117 289 134
person 0.0626 72 127 83 149
person 0.0493 317 105 335 139
person 0.0481 240 115 254 139
person 0.0424 108 155 123 174
person 0.0409 314 107 331 130
person 0.0377 480 140 500 169
person 0.0364 98 162 111 184
person 0.0359 79 119 97 152
person 0.0294 98 151 112 167
person 0.0292 273 117 298 137
person 0.0276 0 92 101 210
person 0.0274 192 118 206 180
person 0.0267 441 98 454 119
person 0.0258 315 117 331 138
person 0.0249 325 103 346 131
person 0.0238 203 122 229 138
person 0.0231 306 105 348 146
person 0.0227 281 117 300 132
person 0.0209 117 156 132 181
person 0.0204 77 121 92 140
person 0.0199 296 113 312 129
person 0.0188 290 116 307 128
person 0.0178 72 125 86 140
person 0.0155 72 124 86 169
person 0.0151 192 115 212 137
person 0.0146 309 112 326 131
person 0.0130 372 113 387 133
person 0.0123 197 118 212 132
person 0.0122 291 78 313 118
person 0.0120 134 107 149 126
person 0.0118 318 120 336 144
person 0.0105 61 115 105 197
person 0.0103 461 182 500 263
person 0.0095 95 147 107 172
person 0.0090 94 163 107 183
person 0.0088 176 115 184 129
person 0.0081 126 157 138 185
person 0.0078 323 119 348 148
person 0.0078 333 100 358 123
person 0.0078 196 130 207 172
person 0.0076 130 153 151 186
person 0.0072 97 144 114 173
person 0.0068 426 97 478 163
person 0.0066 84 136 105 171
person 0.0062 235 104 251 131
person 0.0057 268 122 288 139
person 0.0057 132 108 152 144
person 0.0055 92 154 108 180
person 0.0055 99 170 112 184
person 0.0054 328 102 341 125
person 0.0054 471 141 500 180
person 0.0052 334 99 366 164
person 0.0050 174 113 188 131
person 0.0049 212 119 227 128
person 0.0047 322 106 335 123
person 0.0047 79 131 98 164
person 0.0046 351 106 388 141
person 0.0046 138 102 150 122
person 0.0044 126 117 167 199
person 0.0043 217 112 225 123
person 0.0043 263 110 282 130
person 0.0040 276 122 293 139
person 0.0040 220 136 240 157
person 0.0040 195 119 215 153
person 0.0040 227 115 242 128
person 0.0039 125 112 139 182
person 0.0038 64 107 136 192
person 0.0038 68 131 82 161
person 0.0038 150 165 168 183
person 0.0038 97 141 117 162
person 0.0036 214 94 301 151
person 0.0036 298 94 316 127
person 0.0036 133 113 146 138
person 0.0036 439 96 461 129
person 0.0035 196 133 207 152
person 0.0031 213 108 255 160
person 0.0031 221 114 234 127
person 0.0030 142 126 154 177
person 0.0029 295 68 476 181
person 0.0029 342 96 366 139
person 0.0029 106 152 121 164
person 0.0029 96 131 125 180
person 0.0028 82 139 141 196
bicycle 0.0073 364 144 498 237
bicycle 0.0013 480 140 500 169
car 0.4819 461 181 499 263
car 0.2831 265 117 298 137
car 0.1549 242 112 269 139
car 0.1262 279 117 298 132
car 0.1104 202 67 499 228
car 0.0997 218 117 247 139
car 0.0984 204 122 229 138
car 0.0593 197 118 218 136
car 0.0573 175 110 201 190
car 0.0431 264 116 287 132
car 0.0149 1 102 101 208
car 0.0148 206 119 223 128
car 0.0141 275 121 294 139
car 0.0114 289 116 307 128
car 0.0110 192 116 212 137
car 0.0102 212 119 228 129
car 0.0082 307 98 375 163
car 0.0082 328 99 360 147
car 0.0070 269 116 298 127
car 0.0067 195 119 215 153
car 0.0059 0 158 61 209
car 0.0050 260 111 283 130
car 0.0047 208 127 227 155
car 0.0045 220 123 242 157
car 0.0044 364 144 498 237
car 0.0043 192 118 206 180
car 0.0041 296 114 311 128
car 0.0040 481 140 500 164
car 0.0039 306 105 348 146
car 0.0037 261 123 284 138
car 0.0037 209 130 239 159
car 0.0037 206 120 235 152
car 0.0033 253 114 292 142
car 0.0032 419 95 479 219
car 0.0029 195 130 207 156
car 0.0029 277 115 301 142
car 0.0028 98 152 114 169
car 0.0027 240 115 255 139
car 0.0027 177 115 206 159
car 0.0020 201 116 236 141
car 0.0017 211 118 221 125
car 0.0016 201 131 212 153
car 0.0016 452 35 498 69
car 0.0014 200 117 214 126
car 0.0013 462 219 500 265
car 0.0012 206 112 232 129
car 0.0012 199 126 213 172
car 0.0012 230 103 256 131
car 0.0011 214 94 301 151
car 0.0011 183 78 389 162
car 0.0010 99 145 120 168
motorbike 0.8770 363 140 500 237
motorbike 0.0518 461 170 500 262
motorbike 0.0379 479 140 500 169
motorbike 0.0212 415 126 476 222
motorbike 0.0071 466 140 500 236
motorbike 0.0057 476 140 500 205
motorbike 0.0043 425 102 497 220
motorbike 0.0024 479 150 500 177
motorbike 0.0023 394 152 463 227
motorbike 0.0021 469 160 499 211
motorbike 0.0021 202 67 499 228
motorbike 0.0020 223 118 243 140
motorbike 0.0017 242 112 269 139
motorbike 0.0014 485 139 500 160
motorbike 0.0014 486 142 500 188
motorbike 0.0010 424 152 458 220
aeroplane 0.0012 199 62 496 229
bus 0.1568 199 62 496 229
bus 0.1133 1 102 101 208
bus 0.0113 311 95 375 157
bus 0.0066 285 33 500 188
bus 0.0048 328 99 360 147
bus 0.0044 453 35 499 70
bus 0.0028 242 112 269 139
bus 0.0025 419 95 479 219
bus 0.0020 0 63 96 177
bus 0.0015 218 117 247 139
bus 0.0012 451 35 499 148
bus 0.0012 0 27 65 142
bus 0.0012 461 182 500 263
bus 0.0011 214 85 296 125
bus 0.0011 362 114 502 237
bus 0.0010 387 51 494 196
bus 0.0010 264 116 298 138
train 0.0052 200 52 498 216
train 0.0051 0 63 96 220
boat 0.0030 200 52 498 216
boat 0.0016 461 178 500 261
dog 0.0040 329 100 357 136
dog 0.0012 149 168 167 182
chair 0.0037 150 169 167 183
chair 0.0034 108 155 129 185
chair 0.0024 210 125 229 139
chair 0.0021 453 35 499 70
chair 0.0019 99 153 114 181
chair 0.0017 98 167 110 184
sofa 0.0012 453 35 499 70
diningtable 0.0013 368 117 514 234
tvmonitor 0.0011 461 181 499 263
