person 0.5276 403 247 429 282
person 0.0358 333 249 357 282
person 0.0357 379 243 402 281
person 0.0329 447 253 461 277
person 0.0281 376 246 391 281
person 0.0267 377 240 425 281
person 0.0205 390 253 402 279
person 0.0191 414 249 431 281
person 0.0184 393 246 411 281
person 0.0133 438 251 462 280
person 0.0125 190 97 209 123
person 0.0104 386 245 401 274
person 0.0090 346 248 352 267
person 0.0079 374 255 387 281
person 0.0064 372 231 399 279
person 0.0057 288 275 306 283
person 0.0055 364 248 387 281
person 0.0054 405 243 425 268
person 0.0053 369 228 440 278
person 0.0052 425 248 456 282
person 0.0048 296 275 305 282
person 0.0041 373 236 394 266
person 0.0038 347 248 353 259
person 0.0037 286 269 305 282
person 0.0030 396 247 406 272
person 0.0029 404 245 424 258
person 0.0029 231 121 250 142
person 0.0028 373 245 386 260
person 0.0027 434 254 449 281
person 0.0027 42 173 53 200
person 0.0027 372 243 387 271
person 0.0026 196 92 210 116
person 0.0026 46 179 54 197
person 0.0026 420 249 443 280
person 0.0026 382 234 407 269
person 0.0026 418 246 434 272
person 0.0025 400 241 420 253
person 0.0021 301 275 315 282
person 0.0021 282 275 300 282
person 0.0021 339 248 376 281
person 0.0018 450 247 466 281
person 0.0016 9 179 17 196
person 0.0015 403 242 453 285
person 0.0014 361 257 382 282
person 0.0014 225 87 245 107
person 0.0014 75 139 85 155
person 0.0013 339 247 354 269
person 0.0013 345 246 358 267
person 0.0013 228 116 246 138
person 0.0013 21 34 355 263
person 0.0012 59 155 68 170
person 0.0012 59 150 67 165
person 0.0011 238 128 253 142
person 0.0011 244 132 254 142
person 0.0011 177 97 223 145
person 0.0011 336 239 393 283
person 0.0011 413 248 427 257
person 0.0010 279 259 303 283
person 0.0010 440 251 458 268
person 0.0010 357 249 374 279
car 0.0086 402 247 430 283
car 0.0042 377 240 425 281
car 0.0024 447 253 461 278
car 0.0020 375 245 400 281
car 0.0018 438 251 462 280
car 0.0018 358 254 386 282
car 0.0017 333 251 364 282
car 0.0014 356 249 376 279
car 0.0010 383 253 401 280
car 0.0010 425 248 456 282
bus 0.0060 402 247 429 282
bus 0.0015 377 240 425 281
bus 0.0013 367 227 441 282
bus 0.0012 375 232 405 280
train 0.7135 12 53 357 286
train 0.0052 402 247 429 282
train 0.0013 377 240 425 281
boat 0.0011 402 247 430 283
