person 0.1184 -4 1 482 366
person 0.0155 4 68 264 332
person 0.0148 0 0 316 138
person 0.0079 174 1 349 102
person 0.0068 15 109 138 256
person 0.0033 359 0 500 114
person 0.0028 2 6 349 256
person 0.0018 223 15 497 361
person 0.0017 2 235 280 367
person 0.0011 70 -1 416 94
person 0.0011 20 170 504 370
person 0.0010 0 69 124 125
car 0.0011 10 3 496 362
motorbike 0.0013 -4 1 482 366
bird 0.0034 358 2 499 119
bird 0.0024 65 1 495 361
bird 0.0019 12 113 136 257
bird 0.0017 0 0 314 138
cat 0.1553 359 0 500 115
cat 0.1318 224 0 499 350
cat 0.0444 224 0 498 130
cat 0.0205 41 2 477 253
cat 0.0193 182 1 351 103
cat 0.0173 51 0 427 118
cat 0.0074 350 19 500 367
cat 0.0040 318 231 465 345
cat 0.0031 278 187 497 371
cat 0.0026 14 109 136 256
cat 0.0022 2 9 329 353
cat 0.0016 6 87 233 317
dog 0.0205 359 0 500 115
dog 0.0131 178 3 498 354
dog 0.0030 228 1 497 116
dog 0.0025 17 1 458 258
dog 0.0021 51 0 427 118
dog 0.0020 182 1 351 103
dog 0.0015 4 68 264 332
dog 0.0014 321 9 494 308
dog 0.0013 15 109 138 256
bottle 0.0041 15 109 138 256
bottle 0.0028 0 8 359 349
chair 0.0045 -4 1 482 366
chair 0.0019 15 109 138 256
chair 0.0018 5 75 263 325
sofa 0.0126 -4 1 482 366
pottedplant 0.0013 10 3 496 362
diningtable 0.0152 -3 3 478 365
diningtable 0.0019 4 68 264 332
diningtable 0.0015 2 334 275 372
diningtable 0.0014 15 105 137 259
diningtable 0.0011 2 235 280 367
