person 0.0170 351 260 394 281
person 0.0123 342 227 500 323
person 0.0033 2 223 133 328
person 0.0029 261 145 267 156
person 0.0028 345 255 448 308
person 0.0025 408 138 421 152
person 0.0021 342 258 432 280
person 0.0014 451 228 499 330
person 0.0012 360 132 367 154
person 0.0011 142 172 153 182
person 0.0010 337 248 449 287
car 0.0437 192 173 214 192
car 0.0098 194 173 214 183
car 0.0047 62 163 179 207
car 0.0026 69 161 126 195
car 0.0017 69 162 108 187
car 0.0016 215 156 280 224
car 0.0011 108 177 152 188
car 0.0010 86 168 157 190
bird 0.0014 408 138 421 152
bird 0.0014 295 116 305 133
bird 0.0011 448 133 456 147
cat 0.2408 351 260 394 281
cat 0.0095 342 258 432 280
cat 0.0031 308 236 487 321
dog 0.2418 351 260 394 281
dog 0.0084 342 258 432 280
dog 0.0024 308 236 487 321
horse 0.0014 349 261 395 281
cow 0.0017 349 261 395 281
cow 0.0011 4 245 425 333
bottle 0.3717 360 132 368 154
bottle 0.0283 261 145 267 156
bottle 0.0145 243 149 249 157
bottle 0.0110 295 116 305 133
bottle 0.0084 363 135 368 153
bottle 0.0072 360 141 366 155
bottle 0.0063 220 149 227 159
bottle 0.0054 379 134 393 148
bottle 0.0046 354 131 369 155
bottle 0.0032 263 146 271 158
bottle 0.0030 295 153 310 165
bottle 0.0030 303 153 311 165
bottle 0.0024 436 210 446 234
bottle 0.0019 407 137 421 152
bottle 0.0012 268 148 273 157
bottle 0.0012 292 153 303 165
bottle 0.0011 353 261 395 280
bottle 0.0011 448 133 456 147
chair 0.0912 371 226 499 327
chair 0.0756 2 223 133 328
chair 0.0084 192 173 214 194
chair 0.0077 451 228 499 330
chair 0.0060 155 180 189 203
chair 0.0049 3 249 428 332
chair 0.0048 351 260 401 284
chair 0.0038 284 178 311 200
chair 0.0037 184 230 317 287
chair 0.0035 172 265 461 330
chair 0.0033 140 174 192 204
chair 0.0032 357 199 404 229
chair 0.0024 304 208 312 230
chair 0.0024 447 291 499 332
chair 0.0022 85 226 421 309
chair 0.0021 342 250 467 314
chair 0.0018 285 188 314 229
chair 0.0016 285 204 308 229
chair 0.0011 149 161 189 193
chair 0.0010 165 191 188 200
chair 0.0010 352 200 379 224
sofa 0.4962 3 273 462 329
sofa 0.4508 371 226 499 327
sofa 0.3176 0 224 130 328
sofa 0.1950 9 243 327 331
sofa 0.0960 72 222 416 312
sofa 0.0421 185 228 321 290
sofa 0.0229 349 260 395 280
sofa 0.0146 451 228 499 330
sofa 0.0133 173 255 479 331
sofa 0.0099 342 250 467 314
sofa 0.0015 80 196 213 251
sofa 0.0013 232 235 270 250
sofa 0.0013 157 207 509 325
sofa 0.0011 391 226 496 284
sofa 0.0011 216 155 279 221
sofa 0.0010 472 227 499 321
pottedplant 0.0018 436 210 449 241
pottedplant 0.0012 295 116 305 133
pottedplant 0.0010 432 141 464 155
pottedplant 0.0010 261 145 267 156
diningtable 0.1709 181 228 315 289
diningtable 0.1073 43 222 438 328
diningtable 0.0315 232 235 270 250
diningtable 0.0072 220 234 284 264
diningtable 0.0023 248 239 272 250
diningtable 0.0022 228 236 252 248
diningtable 0.0022 3 273 462 329
diningtable 0.0022 75 226 360 296
diningtable 0.0021 156 185 333 294
diningtable 0.0019 76 195 217 252
diningtable 0.0014 338 236 502 323
diningtable 0.0010 70 175 191 209
tvmonitor 0.8185 215 157 279 224
tvmonitor 0.0020 190 171 214 195
tvmonitor 0.0011 287 176 313 202
