person 0.7710 106 11 177 124
person 0.0125 116 33 146 61
person 0.0088 313 60 319 170
person 0.0067 111 29 146 97
person 0.0062 85 15 193 168
person 0.0062 306 60 320 187
person 0.0056 118 14 177 76
person 0.0054 0 41 64 230
person 0.0043 298 54 319 235
person 0.0038 277 49 326 241
person 0.0030 139 12 181 117
person 0.0022 105 79 124 103
person 0.0020 310 198 319 234
person 0.0016 104 64 129 107
person 0.0014 316 58 319 68
person 0.0012 148 15 177 66
person 0.0012 130 7 205 137
person 0.0010 311 216 319 236
car 0.0016 0 42 65 229
car 0.0011 64 118 91 170
horse 0.6614 68 55 215 180
horse 0.0061 131 57 221 171
horse 0.0048 63 118 91 171
horse 0.0036 310 60 319 186
horse 0.0024 0 36 65 230
horse 0.0022 91 14 191 166
horse 0.0021 176 65 218 164
horse 0.0021 293 59 319 238
horse 0.0012 63 113 97 222
horse 0.0010 185 73 218 136
cow 0.0012 101 56 214 173
chair 0.0024 245 130 316 177
chair 0.0019 0 41 64 230
chair 0.0017 244 78 319 217
chair 0.0011 306 60 320 187
sofa 0.0011 0 41 64 230
pottedplant 0.0146 263 97 287 126
pottedplant 0.0028 260 94 295 134
pottedplant 0.0025 0 42 65 229
diningtable 0.0033 0 41 64 230
