person 0.8007 173 96 246 284
person 0.0219 118 85 256 285
person 0.0094 175 84 323 282
person 0.0044 195 160 246 281
person 0.0021 182 141 227 285
person 0.0020 170 102 208 269
person 0.0019 217 68 361 261
person 0.0018 122 164 151 189
person 0.0013 268 305 429 329
person 0.0010 226 55 246 94
bicycle 0.0011 120 245 154 264
car 0.0030 268 305 429 329
motorbike 0.0010 186 82 357 286
bus 0.0016 485 105 499 291
train 0.0015 485 105 499 291
bird 0.0051 120 245 159 263
bird 0.0012 146 254 159 264
dog 0.0014 191 85 355 283
horse 0.8207 186 82 357 286
horse 0.0602 175 80 266 287
horse 0.0014 177 56 284 212
horse 0.0012 278 108 358 282
sheep 0.0035 193 83 360 277
cow 0.0775 192 85 359 283
cow 0.0010 172 80 281 286
cow 0.0010 0 100 101 252
chair 0.0026 268 305 429 329
pottedplant 0.0024 474 65 499 84
pottedplant 0.0023 472 61 499 119
diningtable 0.0014 267 298 429 327
