person 0.0027 112 40 264 302
person 0.0023 19 31 454 338
person 0.0012 109 71 171 122
boat 0.0017 19 31 454 338
boat 0.0010 88 37 308 313
bird 0.6542 134 33 422 310
bird 0.3672 111 41 266 300
bird 0.0072 20 32 286 339
bird 0.0069 467 21 488 31
bird 0.0026 465 19 497 33
bird 0.0014 22 23 505 400
bird 0.0012 110 71 176 122
cat 0.0045 112 40 264 302
cat 0.0029 135 32 421 311
dog 0.0099 112 40 264 302
dog 0.0062 19 31 454 338
horse 0.0022 19 31 454 338
sheep 0.0062 97 29 437 314
sheep 0.0042 11 33 277 327
cow 0.0038 19 31 454 338
cow 0.0017 112 40 264 302
diningtable 0.0011 19 31 454 338
tvmonitor 0.0019 19 31 454 338
