person 0.8604 0 39 156 374
person 0.8028 124 139 291 369
person 0.7469 290 108 497 371
person 0.1462 0 320 40 374
person 0.1071 10 175 23 186
person 0.0471 233 220 266 263
person 0.0371 54 149 415 369
person 0.0271 32 98 61 176
person 0.0218 315 123 461 288
person 0.0155 56 132 129 269
person 0.0137 45 125 64 171
person 0.0130 0 348 40 373
person 0.0071 28 36 159 179
person 0.0063 30 65 73 177
person 0.0062 382 138 419 198
person 0.0062 2 174 25 193
person 0.0055 -12 52 326 364
person 0.0047 408 172 499 306
person 0.0039 346 136 442 258
person 0.0035 359 175 383 204
person 0.0029 0 319 19 365
person 0.0029 335 123 415 236
person 0.0027 170 176 296 332
person 0.0025 0 232 38 373
person 0.0025 369 177 418 251
person 0.0024 488 45 499 99
person 0.0023 432 251 500 308
person 0.0022 440 123 457 154
person 0.0021 52 104 66 169
person 0.0021 458 303 500 370
person 0.0019 11 132 58 185
person 0.0018 0 322 9 356
person 0.0018 289 108 413 330
person 0.0017 74 105 163 378
person 0.0017 191 115 451 352
person 0.0017 314 240 500 372
person 0.0017 5 167 29 201
person 0.0016 79 128 117 282
person 0.0015 77 186 107 210
person 0.0014 402 296 498 371
person 0.0014 51 137 65 172
person 0.0013 484 288 499 312
person 0.0013 127 136 239 309
person 0.0013 487 118 499 153
person 0.0013 80 180 117 216
person 0.0010 378 155 410 214
car 0.0020 0 102 27 139
car 0.0015 293 133 314 152
cat 0.0012 414 171 499 302
dog 0.0025 289 116 496 373
dog 0.0010 414 171 499 302
bottle 0.5383 440 123 456 155
bottle 0.0962 453 127 465 154
bottle 0.0635 463 125 486 156
bottle 0.0379 487 118 499 153
bottle 0.0377 413 126 433 153
bottle 0.0300 444 132 460 155
bottle 0.0161 385 112 409 148
bottle 0.0157 390 119 404 150
bottle 0.0119 469 121 498 154
bottle 0.0107 360 176 382 201
bottle 0.0100 412 147 500 182
bottle 0.0093 393 126 404 147
bottle 0.0088 484 124 493 154
bottle 0.0068 377 177 407 210
bottle 0.0058 383 139 418 198
bottle 0.0050 50 128 65 168
bottle 0.0039 373 177 413 229
bottle 0.0038 445 122 455 139
bottle 0.0036 233 219 266 262
bottle 0.0033 438 133 447 153
bottle 0.0032 488 45 499 98
bottle 0.0030 410 126 455 157
bottle 0.0030 346 136 442 258
bottle 0.0027 380 100 411 140
bottle 0.0027 424 132 439 152
bottle 0.0025 315 123 461 288
bottle 0.0025 387 122 400 159
bottle 0.0022 378 155 410 214
bottle 0.0016 418 134 435 153
bottle 0.0015 391 134 399 155
bottle 0.0012 400 125 408 141
bottle 0.0012 154 340 247 373
bottle 0.0012 294 108 490 368
bottle 0.0011 446 122 452 132
bottle 0.0010 293 134 312 151
chair 0.1479 387 139 418 194
chair 0.0447 458 303 499 369
chair 0.0200 414 173 499 310
chair 0.0194 377 98 412 161
chair 0.0165 7 174 24 188
chair 0.0162 394 143 500 188
chair 0.0122 247 115 490 370
chair 0.0117 240 147 304 184
chair 0.0099 488 118 499 154
chair 0.0071 484 288 499 312
chair 0.0058 379 166 407 207
chair 0.0057 432 252 499 308
chair 0.0048 464 124 485 155
chair 0.0040 54 149 415 369
chair 0.0038 359 170 389 204
chair 0.0033 312 111 454 259
chair 0.0033 0 321 41 373
chair 0.0031 126 143 293 370
chair 0.0031 396 152 418 200
chair 0.0028 232 220 267 263
chair 0.0024 233 170 321 335
chair 0.0023 390 119 404 150
chair 0.0023 407 300 498 372
chair 0.0019 401 168 415 187
chair 0.0018 335 123 415 236
chair 0.0018 0 175 25 197
chair 0.0017 417 136 430 160
chair 0.0016 317 102 413 181
chair 0.0016 442 278 500 366
chair 0.0013 413 126 433 153
chair 0.0013 388 139 498 252
chair 0.0012 465 174 500 231
chair 0.0012 355 115 415 200
chair 0.0012 273 58 397 178
chair 0.0012 468 121 498 154
chair 0.0011 0 182 20 196
chair 0.0011 378 138 405 183
chair 0.0011 409 124 435 175
chair 0.0010 244 126 270 149
chair 0.0010 293 133 314 152
chair 0.0010 242 126 283 156
sofa 0.2093 17 164 497 373
sofa 0.1644 408 172 499 306
sofa 0.1086 247 115 490 370
sofa 0.0907 232 220 267 263
sofa 0.0560 125 143 293 369
sofa 0.0253 458 303 499 369
sofa 0.0162 432 252 499 308
sofa 0.0095 118 124 412 337
sofa 0.0091 189 168 377 358
sofa 0.0081 32 232 354 360
sofa 0.0063 233 170 321 335
sofa 0.0056 239 149 307 184
sofa 0.0056 407 300 498 372
sofa 0.0049 158 253 226 329
sofa 0.0044 0 322 41 373
sofa 0.0043 340 154 496 332
sofa 0.0029 428 252 500 365
sofa 0.0026 398 145 500 184
sofa 0.0025 465 172 499 233
sofa 0.0024 387 140 498 267
sofa 0.0020 0 163 225 375
sofa 0.0019 219 176 314 272
sofa 0.0018 291 110 453 289
sofa 0.0017 14 283 418 374
sofa 0.0011 443 172 499 281
sofa 0.0010 481 291 499 312
pottedplant 0.4773 380 99 410 141
pottedplant 0.0892 388 110 406 146
pottedplant 0.0184 391 123 405 143
pottedplant 0.0135 390 102 410 130
pottedplant 0.0107 381 97 404 126
pottedplant 0.0082 335 98 409 164
pottedplant 0.0080 371 97 405 159
pottedplant 0.0050 386 137 419 191
pottedplant 0.0039 293 133 314 152
pottedplant 0.0038 272 56 387 175
pottedplant 0.0029 377 107 399 173
pottedplant 0.0025 387 121 400 159
pottedplant 0.0024 381 97 396 120
pottedplant 0.0019 398 102 410 141
pottedplant 0.0016 412 126 434 153
pottedplant 0.0016 378 107 398 136
pottedplant 0.0014 400 119 409 140
pottedplant 0.0013 233 220 266 262
pottedplant 0.0011 300 99 415 190
pottedplant 0.0010 487 118 499 153
diningtable 0.2664 394 143 500 188
diningtable 0.0138 71 144 458 363
diningtable 0.0089 387 138 419 194
diningtable 0.0067 412 162 501 191
diningtable 0.0046 410 151 499 259
diningtable 0.0045 240 149 308 183
diningtable 0.0036 410 126 455 157
diningtable 0.0031 441 123 457 155
diningtable 0.0027 0 322 41 373
diningtable 0.0026 411 149 503 174
diningtable 0.0026 454 124 493 157
diningtable 0.0022 413 126 433 153
diningtable 0.0020 424 135 501 168
diningtable 0.0018 386 109 496 171
diningtable 0.0016 458 302 499 371
diningtable 0.0014 465 172 499 232
diningtable 0.0014 377 98 412 161
diningtable 0.0014 325 111 507 241
diningtable 0.0013 232 220 267 263
tvmonitor 0.0164 487 118 498 154
tvmonitor 0.0024 272 56 387 175
tvmonitor 0.0021 464 125 486 155
tvmonitor 0.0020 239 149 304 184
tvmonitor 0.0013 488 45 499 99
