person 0.0099 466 28 499 121
person 0.0039 465 25 500 210
person 0.0035 430 26 499 234
person 0.0022 0 15 151 313
bicycle 0.0035 2 3 438 326
bicycle 0.0018 0 13 134 315
car 0.0018 7 3 435 329
bird 0.0244 465 29 499 125
bird 0.0136 7 3 435 329
bird 0.0052 273 92 438 265
bird 0.0049 430 26 499 234
bird 0.0033 462 25 500 210
bird 0.0025 0 13 134 315
bird 0.0021 318 29 500 319
bird 0.0011 329 95 447 225
cat 0.2594 7 3 435 329
cat 0.1396 0 46 133 313
cat 0.0213 111 74 371 317
cat 0.0208 465 29 499 125
cat 0.0111 245 89 440 271
cat 0.0052 11 111 192 325
cat 0.0049 428 26 499 236
cat 0.0037 462 25 500 210
cat 0.0034 -1 8 93 243
cat 0.0029 318 29 500 319
cat 0.0016 389 60 501 282
cat 0.0014 0 84 113 214
cat 0.0012 1 -1 316 214
cat 0.0011 327 85 454 259
dog 0.1010 465 29 499 125
dog 0.0335 0 13 133 314
dog 0.0167 462 25 500 210
dog 0.0133 428 26 499 236
dog 0.0099 7 3 435 329
dog 0.0057 273 92 438 265
dog 0.0032 473 26 499 94
dog 0.0021 -1 32 94 244
dog 0.0015 373 25 500 321
horse 0.0054 466 28 499 127
horse 0.0026 2 3 438 326
sheep 0.0307 466 29 500 126
sheep 0.0034 2 3 438 326
sheep 0.0034 462 25 500 210
sheep 0.0034 0 45 134 314
sheep 0.0031 428 26 499 236
sheep 0.0018 271 92 438 262
sheep 0.0012 318 17 501 296
cow 0.0108 466 28 499 127
chair 0.0073 6 5 455 324
chair 0.0010 466 28 499 127
sofa 0.0014 11 10 457 327
pottedplant 0.0106 7 3 435 329
pottedplant 0.0010 0 38 146 319
diningtable 0.0015 8 10 458 324
tvmonitor 0.0039 2 3 438 326
