person 0.0028 0 77 125 316
person 0.0010 303 60 499 355
motorbike 0.0010 289 76 396 297
bird 0.0019 289 76 396 297
bird 0.0017 215 136 279 283
bird 0.0017 108 105 225 276
bird 0.0016 89 147 206 327
bird 0.0014 244 152 360 326
bird 0.0010 -3 149 117 322
dog 0.0149 0 151 116 326
dog 0.0102 98 153 202 328
dog 0.0074 215 136 279 283
dog 0.0029 246 155 362 325
dog 0.0025 108 105 225 276
dog 0.0011 335 66 500 360
dog 0.0010 289 76 396 297
horse 0.0032 215 136 279 283
horse 0.0028 108 105 225 276
horse 0.0024 289 76 396 297
horse 0.0015 335 66 500 360
horse 0.0014 -2 151 118 324
sheep 0.8768 246 154 362 326
sheep 0.8543 214 137 279 282
sheep 0.8541 0 151 117 326
sheep 0.7305 95 154 202 327
sheep 0.7273 98 105 225 269
sheep 0.7253 335 66 500 360
sheep 0.5650 0 61 42 161
sheep 0.5389 1 75 107 167
sheep 0.4885 287 79 399 291
sheep 0.1928 1 66 106 122
sheep 0.1228 28 83 105 119
sheep 0.0983 471 233 499 297
sheep 0.0678 10 82 229 228
sheep 0.0425 11 136 212 328
sheep 0.0412 0 78 113 278
sheep 0.0222 443 230 502 315
sheep 0.0149 361 168 469 305
sheep 0.0142 12 85 140 201
sheep 0.0123 387 168 500 342
sheep 0.0095 494 77 499 86
sheep 0.0086 379 176 437 287
sheep 0.0086 346 100 447 332
sheep 0.0082 0 62 39 109
sheep 0.0081 297 58 465 266
sheep 0.0068 0 84 29 172
sheep 0.0064 9 78 101 107
sheep 0.0048 175 89 402 317
sheep 0.0047 0 158 51 323
sheep 0.0047 485 239 499 300
sheep 0.0046 360 198 423 283
sheep 0.0045 420 221 500 351
sheep 0.0041 383 201 447 263
sheep 0.0039 99 104 222 170
sheep 0.0038 117 115 298 297
sheep 0.0037 -1 59 36 280
sheep 0.0034 18 83 191 130
sheep 0.0030 316 125 416 303
sheep 0.0026 0 107 23 159
sheep 0.0025 341 164 404 293
sheep 0.0024 0 92 19 271
sheep 0.0024 185 137 302 322
sheep 0.0024 489 78 500 90
sheep 0.0023 52 96 216 188
sheep 0.0023 425 73 502 363
sheep 0.0023 389 198 432 244
sheep 0.0021 478 218 499 280
sheep 0.0021 0 165 15 321
sheep 0.0021 261 159 452 325
sheep 0.0021 288 80 369 162
sheep 0.0019 -1 70 74 210
sheep 0.0018 55 88 120 120
sheep 0.0017 60 157 125 312
sheep 0.0017 43 94 107 161
sheep 0.0016 0 62 34 88
sheep 0.0015 470 175 501 301
sheep 0.0013 72 89 104 118
sheep 0.0013 0 145 16 234
sheep 0.0012 0 157 7 175
sheep 0.0012 91 105 105 119
sheep 0.0011 -24 61 62 164
sheep 0.0011 403 202 500 291
sheep 0.0011 284 59 496 152
sheep 0.0011 49 93 137 139
sheep 0.0011 493 79 500 92
sheep 0.0010 363 215 399 284
sheep 0.0010 392 200 444 314
sheep 0.0010 179 131 261 281
cow 0.0076 215 136 279 284
cow 0.0045 89 147 206 327
cow 0.0044 -3 149 117 322
cow 0.0032 108 105 225 276
cow 0.0029 335 66 500 360
cow 0.0027 240 155 364 325
cow 0.0023 289 76 396 297
cow 0.0023 0 62 41 159
cow 0.0015 471 233 499 297
cow 0.0012 494 77 499 86
cow 0.0012 0 71 104 167
