person 0.6088 160 58 503 369
person 0.0205 412 31 496 107
person 0.0145 356 89 499 367
person 0.0095 426 45 478 101
person 0.0091 172 51 344 377
person 0.0054 425 144 499 369
person 0.0043 439 51 467 99
person 0.0041 454 184 499 370
person 0.0040 301 69 435 369
person 0.0030 297 119 308 145
person 0.0019 1 36 388 374
person 0.0018 444 63 461 89
person 0.0016 449 56 478 95
person 0.0015 107 1 151 72
person 0.0012 447 43 489 101
person 0.0010 3 1 159 89
bottle 0.0154 138 313 162 330
bottle 0.0110 7 293 46 357
bottle 0.0078 92 284 124 340
bottle 0.0050 107 1 151 72
bottle 0.0046 0 293 15 358
bottle 0.0038 117 264 175 328
bottle 0.0019 136 313 163 343
bottle 0.0019 339 158 390 369
bottle 0.0017 25 291 51 353
bottle 0.0012 3 286 72 352
bottle 0.0010 161 289 173 325
chair 0.0157 118 262 176 328
chair 0.0061 445 184 500 370
chair 0.0037 0 350 187 374
chair 0.0032 92 282 123 339
chair 0.0024 139 313 160 331
chair 0.0018 406 110 500 353
chair 0.0015 134 311 164 337
chair 0.0015 1 0 158 89
chair 0.0013 158 291 174 326
chair 0.0012 107 1 151 72
chair 0.0011 448 270 480 373
sofa 0.0017 118 262 176 328
sofa 0.0016 0 345 188 372
sofa 0.0012 454 184 499 370
pottedplant 0.0016 108 0 149 70
diningtable 0.1242 0 340 187 373
diningtable 0.0571 34 324 162 368
diningtable 0.0195 92 283 125 340
diningtable 0.0160 0 278 168 376
diningtable 0.0072 97 330 184 352
diningtable 0.0034 92 275 173 350
diningtable 0.0029 46 334 97 352
diningtable 0.0028 114 312 173 344
diningtable 0.0026 72 326 158 355
diningtable 0.0024 139 313 161 332
diningtable 0.0022 117 262 176 328
diningtable 0.0020 91 314 192 362
diningtable 0.0017 36 331 99 361
diningtable 0.0017 95 339 185 357
diningtable 0.0016 33 299 170 359
diningtable 0.0010 5 280 109 337
tvmonitor 0.1178 117 263 176 328
tvmonitor 0.0456 3 1 159 89
tvmonitor 0.0209 411 29 499 107
tvmonitor 0.0067 302 81 341 145
tvmonitor 0.0057 4 280 103 334
tvmonitor 0.0052 93 283 124 337
tvmonitor 0.0022 107 7 152 76
tvmonitor 0.0018 134 311 164 337
tvmonitor 0.0012 142 262 186 328
tvmonitor 0.0012 6 293 47 358
tvmonitor 0.0012 491 162 500 201
tvmonitor 0.0011 209 82 347 150
tvmonitor 0.0010 161 289 173 325
