person 0.6561 391 167 421 222
person 0.5059 434 178 459 211
person 0.1690 390 191 418 232
person 0.1670 437 178 462 234
person 0.0517 397 204 480 272
person 0.0359 430 178 454 242
person 0.0211 431 178 447 208
person 0.0182 440 211 488 269
person 0.0155 414 181 425 204
person 0.0124 402 172 423 207
person 0.0092 393 197 434 271
person 0.0074 389 172 414 205
person 0.0066 424 174 463 218
person 0.0064 412 176 425 220
person 0.0045 426 182 447 231
person 0.0037 407 203 450 243
person 0.0037 481 168 488 176
person 0.0031 441 180 468 208
person 0.0030 415 179 436 208
person 0.0028 398 184 426 230
person 0.0026 391 171 408 195
person 0.0023 494 165 499 176
person 0.0019 393 167 415 192
person 0.0018 458 203 489 231
person 0.0017 414 198 430 222
person 0.0016 437 188 457 220
person 0.0016 479 166 483 176
person 0.0015 402 203 435 237
person 0.0015 486 167 493 176
person 0.0014 389 195 413 221
person 0.0014 305 158 314 175
person 0.0014 403 205 421 230
person 0.0013 393 184 420 212
person 0.0013 405 186 422 213
person 0.0013 444 178 479 221
person 0.0012 20 82 144 298
person 0.0012 485 206 499 230
person 0.0011 486 164 496 177
person 0.0011 410 179 444 222
person 0.0010 457 181 472 220
bicycle 0.0955 391 198 416 231
bicycle 0.0293 487 207 499 232
bicycle 0.0202 391 168 421 230
bicycle 0.0158 404 206 475 270
bicycle 0.0085 464 208 496 239
bicycle 0.0083 393 197 434 271
bicycle 0.0060 389 198 410 218
bicycle 0.0049 481 213 497 244
bicycle 0.0046 402 203 435 237
bicycle 0.0042 407 203 450 243
bicycle 0.0037 416 226 482 275
bicycle 0.0031 459 216 491 248
bicycle 0.0028 402 212 446 274
bicycle 0.0026 424 206 455 269
bicycle 0.0026 412 205 439 231
bicycle 0.0024 429 180 463 249
bicycle 0.0017 434 177 460 219
bicycle 0.0017 440 211 488 269
bicycle 0.0015 401 209 417 231
bicycle 0.0015 463 225 489 261
bicycle 0.0010 393 191 420 222
car 0.0057 397 205 481 272
car 0.0035 390 197 417 232
car 0.0029 391 168 421 222
car 0.0020 434 177 460 219
car 0.0017 435 211 487 273
car 0.0013 407 203 450 243
car 0.0011 393 197 434 271
motorbike 0.4673 390 197 417 232
motorbike 0.1997 391 168 421 230
motorbike 0.0945 393 197 434 271
motorbike 0.0227 398 205 463 273
motorbike 0.0176 402 203 435 237
motorbike 0.0054 406 202 452 245
motorbike 0.0041 434 177 460 219
motorbike 0.0029 435 211 487 273
motorbike 0.0024 484 207 499 234
motorbike 0.0023 429 180 463 249
motorbike 0.0023 412 204 433 224
motorbike 0.0023 453 214 493 248
motorbike 0.0017 400 209 417 232
motorbike 0.0016 490 205 499 228
motorbike 0.0016 464 208 496 239
motorbike 0.0015 401 199 423 229
motorbike 0.0013 416 200 477 263
train 0.0163 226 140 390 236
train 0.0034 391 167 420 208
train 0.0018 284 154 440 225
train 0.0016 195 134 514 242
train 0.0014 120 143 415 251
train 0.0011 435 178 462 209
train 0.0010 338 165 384 210
boat 0.0011 398 204 462 273
boat 0.0010 459 216 491 248
bird 0.0027 81 30 107 72
dog 0.0025 390 198 412 231
horse 0.0014 389 167 420 228
bottle 0.0059 494 165 499 176
bottle 0.0023 486 167 493 176
bottle 0.0019 486 164 496 177
bottle 0.0016 481 166 489 176
bottle 0.0016 20 82 144 298
chair 0.1111 442 219 485 273
chair 0.0606 397 211 481 274
chair 0.0587 459 216 491 248
chair 0.0433 436 237 477 274
chair 0.0280 397 213 439 273
chair 0.0263 391 198 416 231
chair 0.0224 464 211 491 235
chair 0.0205 452 224 486 254
chair 0.0193 448 209 492 258
chair 0.0151 484 207 499 234
chair 0.0137 434 178 461 220
chair 0.0113 481 213 497 244
chair 0.0084 430 194 486 262
chair 0.0081 398 236 430 274
chair 0.0069 429 180 463 249
chair 0.0066 407 208 445 253
chair 0.0062 458 203 489 231
chair 0.0055 490 209 499 235
chair 0.0043 402 203 435 237
chair 0.0040 468 227 487 259
chair 0.0036 483 219 493 250
chair 0.0035 471 220 492 255
chair 0.0027 435 203 459 246
chair 0.0026 409 218 434 244
chair 0.0023 415 202 464 260
chair 0.0022 391 168 421 230
chair 0.0021 472 204 498 229
chair 0.0018 414 209 438 241
chair 0.0017 491 215 500 246
chair 0.0017 399 234 460 274
chair 0.0016 443 204 476 247
chair 0.0014 420 212 448 272
chair 0.0013 448 197 482 230
chair 0.0010 456 196 497 245
chair 0.0010 460 232 484 267
diningtable 0.0034 404 201 483 274
diningtable 0.0020 453 214 493 248
diningtable 0.0018 463 216 490 237
diningtable 0.0014 464 203 491 229
diningtable 0.0013 414 204 436 221
diningtable 0.0012 483 204 499 229
diningtable 0.0011 435 178 459 235
