person 0.8232 161 96 219 159
person 0.7506 477 251 500 373
person 0.7216 224 101 276 155
person 0.6666 280 117 332 155
person 0.2212 277 116 304 150
person 0.1171 278 116 290 146
person 0.1121 249 101 276 145
person 0.0873 221 112 245 146
person 0.0829 224 107 258 148
person 0.0819 273 120 293 152
person 0.0648 459 261 464 269
person 0.0617 197 128 242 154
person 0.0560 272 137 291 153
person 0.0551 402 258 409 271
person 0.0539 283 119 334 187
person 0.0477 221 125 241 145
person 0.0456 368 264 373 274
person 0.0273 477 260 482 269
person 0.0241 112 275 123 287
person 0.0181 163 227 177 250
person 0.0160 174 109 242 168
person 0.0136 233 101 275 134
person 0.0133 294 223 308 238
person 0.0126 89 274 97 286
person 0.0124 280 114 287 139
person 0.0111 251 120 290 158
person 0.0107 293 142 333 192
person 0.0100 376 255 382 261
person 0.0091 373 263 379 273
person 0.0086 192 136 224 159
person 0.0082 240 116 275 159
person 0.0082 272 129 321 173
person 0.0080 374 260 380 273
person 0.0076 197 137 244 165
person 0.0074 417 260 425 269
person 0.0074 413 260 421 270
person 0.0074 486 315 499 373
person 0.0072 461 260 466 268
person 0.0071 74 272 88 286
person 0.0070 100 273 115 287
person 0.0069 183 226 197 238
person 0.0067 270 139 292 162
person 0.0067 300 119 334 170
person 0.0066 425 262 440 268
person 0.0065 197 101 241 146
person 0.0062 273 133 304 156
person 0.0058 422 261 430 266
person 0.0058 114 272 127 289
person 0.0058 216 115 266 161
person 0.0055 319 147 335 188
person 0.0053 227 105 253 134
person 0.0050 326 151 335 189
person 0.0049 302 127 329 157
person 0.0047 412 262 419 272
person 0.0045 166 226 196 242
person 0.0044 289 119 317 152
person 0.0044 163 124 219 176
person 0.0044 223 111 240 135
person 0.0043 0 259 25 272
person 0.0042 162 227 177 273
person 0.0041 403 257 418 272
person 0.0041 476 260 485 269
person 0.0039 313 131 334 185
person 0.0038 475 272 500 334
person 0.0036 251 102 274 127
person 0.0035 367 260 376 275
person 0.0034 450 260 459 267
person 0.0034 195 137 216 154
person 0.0034 461 244 496 370
person 0.0031 413 256 421 264
person 0.0031 159 117 203 160
person 0.0029 493 261 499 273
person 0.0029 193 96 286 164
person 0.0029 448 260 456 265
person 0.0028 244 101 265 132
person 0.0028 216 133 241 154
person 0.0028 249 101 268 116
person 0.0028 156 144 225 199
person 0.0027 202 137 228 153
person 0.0026 190 94 224 150
person 0.0026 251 102 264 113
person 0.0026 171 139 249 192
person 0.0026 417 262 424 271
person 0.0025 256 143 331 194
person 0.0024 484 262 494 271
person 0.0023 96 274 110 285
person 0.0023 178 133 308 171
person 0.0022 328 161 334 187
person 0.0022 205 99 219 127
person 0.0021 192 96 206 111
person 0.0021 457 261 465 272
person 0.0021 192 95 212 119
person 0.0021 467 261 477 269
person 0.0020 176 97 215 123
person 0.0020 490 255 499 325
person 0.0019 8 261 26 271
person 0.0019 45 264 151 331
person 0.0019 66 271 141 291
person 0.0018 473 268 497 310
person 0.0018 169 140 199 168
bicycle 0.0031 162 133 329 333
bicycle 0.0023 367 264 373 274
bicycle 0.0022 223 101 276 155
bicycle 0.0018 487 321 500 374
bicycle 0.0016 292 127 334 192
bicycle 0.0015 280 117 332 156
bicycle 0.0011 374 260 380 273
car 0.9165 46 263 152 331
car 0.2508 426 262 443 269
car 0.0327 158 124 330 352
car 0.0175 -1 258 26 273
car 0.0171 431 263 446 269
car 0.0121 434 260 445 265
car 0.0111 422 261 430 266
car 0.0074 434 261 452 267
car 0.0065 162 138 327 201
car 0.0053 493 261 499 273
car 0.0052 423 263 435 270
car 0.0044 493 266 499 271
car 0.0037 7 260 27 271
car 0.0036 198 133 242 156
car 0.0034 343 258 355 264
car 0.0025 440 259 454 264
car 0.0022 484 262 494 271
car 0.0021 0 255 78 279
car 0.0021 163 195 334 289
car 0.0021 417 260 425 269
car 0.0015 477 260 483 269
car 0.0015 221 103 274 156
car 0.0014 428 260 452 270
car 0.0014 438 257 456 266
car 0.0013 376 255 383 261
car 0.0012 66 271 141 291
car 0.0010 195 136 221 154
motorbike 0.0658 162 138 327 201
motorbike 0.0588 228 102 277 156
motorbike 0.0418 162 133 329 333
motorbike 0.0145 178 133 308 171
motorbike 0.0128 280 117 332 156
motorbike 0.0126 195 128 240 159
motorbike 0.0122 292 127 334 192
motorbike 0.0093 193 135 261 168
motorbike 0.0077 174 109 242 168
motorbike 0.0071 213 128 243 151
motorbike 0.0061 171 139 249 192
motorbike 0.0037 158 176 313 288
motorbike 0.0036 227 138 282 174
motorbike 0.0032 156 161 312 216
motorbike 0.0032 161 96 219 160
motorbike 0.0030 256 143 331 194
motorbike 0.0025 154 102 264 186
motorbike 0.0024 207 137 246 165
motorbike 0.0022 308 145 334 186
motorbike 0.0021 326 151 335 189
motorbike 0.0020 230 126 274 161
motorbike 0.0019 192 136 224 159
motorbike 0.0018 -1 258 26 273
motorbike 0.0018 156 144 225 199
motorbike 0.0017 216 115 266 161
motorbike 0.0014 157 156 202 203
motorbike 0.0013 172 154 335 249
motorbike 0.0013 303 152 326 179
motorbike 0.0011 221 112 246 146
motorbike 0.0010 45 263 152 332
aeroplane 0.0010 0 258 25 272
bus 0.0264 159 127 331 359
train 0.0549 157 121 331 354
train 0.0084 160 139 331 201
train 0.0014 228 102 277 156
train 0.0013 0 257 24 272
train 0.0013 165 192 330 291
boat 0.0045 158 124 330 352
boat 0.0027 162 138 327 201
boat 0.0027 228 102 277 156
boat 0.0015 426 262 443 269
boat 0.0011 0 257 23 272
bird 0.0049 423 173 428 178
bird 0.0013 459 261 464 269
dog 0.0017 162 95 219 158
dog 0.0013 198 130 242 155
dog 0.0011 223 101 276 155
dog 0.0010 272 137 290 153
horse 0.0061 162 133 329 333
horse 0.0042 221 105 274 161
horse 0.0035 213 128 243 151
horse 0.0032 283 119 334 187
horse 0.0022 275 117 321 155
horse 0.0020 197 127 242 157
horse 0.0016 272 137 291 158
horse 0.0014 162 95 219 158
horse 0.0013 193 135 261 168
horse 0.0012 0 259 27 273
horse 0.0012 297 142 334 190
horse 0.0011 192 136 226 159
horse 0.0011 273 120 293 152
horse 0.0011 221 112 246 146
cow 0.0106 0 258 27 272
cow 0.0017 0 255 78 279
cow 0.0013 459 261 465 269
cow 0.0012 198 130 242 155
