person 0.0012 -2 3 149 507
bottle 0.0132 161 314 178 341
bottle 0.0095 163 125 177 157
bottle 0.0063 161 225 178 250
bottle 0.0026 167 124 178 142
bottle 0.0021 162 140 178 159
sofa 0.0022 284 399 374 494
pottedplant 0.2788 162 125 178 158
pottedplant 0.1052 161 226 178 250
pottedplant 0.0903 161 315 177 341
pottedplant 0.0202 167 125 178 143
pottedplant 0.0059 162 142 177 160
pottedplant 0.0058 155 222 185 246
pottedplant 0.0025 148 123 177 159
pottedplant 0.0019 98 27 217 446
pottedplant 0.0013 153 137 166 159
pottedplant 0.0012 153 136 182 159
tvmonitor 0.8794 324 292 374 435
tvmonitor 0.0013 308 404 373 447
