person 0.0960 466 187 476 204
person 0.0521 473 188 485 206
person 0.0517 485 187 492 207
person 0.0452 477 188 489 206
person 0.0295 434 205 444 216
person 0.0262 463 186 474 202
person 0.0215 430 204 441 215
person 0.0215 422 210 433 224
person 0.0196 435 207 446 224
person 0.0194 428 220 437 230
person 0.0191 423 214 434 230
person 0.0181 425 221 434 230
person 0.0177 441 206 450 216
person 0.0160 458 190 471 209
person 0.0160 441 208 450 224
person 0.0154 455 197 465 211
person 0.0148 428 208 440 224
person 0.0145 416 222 426 231
person 0.0132 424 209 433 217
person 0.0128 465 187 490 207
person 0.0125 430 199 438 211
person 0.0116 479 184 486 192
person 0.0115 435 201 443 212
person 0.0106 402 194 415 209
person 0.0105 416 209 428 225
person 0.0102 434 213 447 229
person 0.0096 413 214 427 231
person 0.0094 441 214 450 230
person 0.0091 409 214 423 230
person 0.0082 411 221 423 231
person 0.0077 425 207 443 228
person 0.0076 450 198 460 211
person 0.0072 163 258 171 275
person 0.0068 429 198 435 210
person 0.0065 408 215 416 230
person 0.0063 450 203 459 212
person 0.0063 434 221 445 230
person 0.0059 460 201 470 211
person 0.0055 407 193 419 209
person 0.0052 442 221 450 230
person 0.0050 466 202 477 210
person 0.0050 442 200 451 210
person 0.0049 153 257 175 279
person 0.0048 417 209 427 217
person 0.0047 322 214 336 235
person 0.0043 445 201 458 219
person 0.0042 413 193 419 202
person 0.0038 471 201 482 209
person 0.0037 400 194 418 216
person 0.0035 486 185 492 193
person 0.0034 433 199 446 215
person 0.0034 458 195 477 215
person 0.0033 401 194 411 203
person 0.0029 332 261 342 270
person 0.0028 474 194 489 211
person 0.0028 449 196 458 207
person 0.0028 430 205 450 227
person 0.0028 444 208 452 222
person 0.0025 416 226 426 233
person 0.0025 294 262 301 270
person 0.0025 166 261 174 276
person 0.0024 407 212 415 225
person 0.0023 267 246 274 256
person 0.0023 479 201 489 209
person 0.0022 300 211 342 235
person 0.0021 462 185 480 210
person 0.0021 346 205 363 227
person 0.0020 322 212 334 227
person 0.0019 180 250 186 260
person 0.0018 375 228 387 238
person 0.0018 174 264 185 274
person 0.0017 156 258 167 276
person 0.0017 374 212 391 235
person 0.0016 312 212 331 233
person 0.0015 310 213 321 233
person 0.0014 435 197 443 206
person 0.0013 81 265 88 273
person 0.0013 394 211 403 220
person 0.0013 261 244 273 261
person 0.0013 407 204 428 231
person 0.0012 375 220 389 237
person 0.0012 178 264 187 275
person 0.0012 305 216 326 234
person 0.0011 149 264 160 275
person 0.0011 124 266 135 275
person 0.0011 413 195 422 209
person 0.0010 330 263 339 273
person 0.0010 409 203 420 216
person 0.0010 405 192 414 201
car 0.0032 103 230 142 244
car 0.0032 81 265 88 273
car 0.0027 90 266 108 276
car 0.0021 466 202 477 210
car 0.0018 80 266 91 275
car 0.0012 465 191 477 209
car 0.0011 170 233 209 245
car 0.0010 471 201 482 209
bus 0.0014 106 227 279 264
bus 0.0014 136 232 298 290
bus 0.0012 303 249 484 293
train 0.0145 91 232 299 290
train 0.0061 45 220 285 270
train 0.0027 298 255 485 294
train 0.0021 169 233 207 246
train 0.0021 9 113 513 319
train 0.0012 83 192 379 292
train 0.0010 131 227 283 262
train 0.0010 75 256 210 287
boat 0.7171 301 256 485 295
boat 0.0785 116 230 305 293
boat 0.0390 300 207 485 293
boat 0.0138 92 253 223 288
boat 0.0135 43 216 469 298
boat 0.0109 106 227 279 264
boat 0.0074 124 260 188 286
boat 0.0072 157 258 171 278
boat 0.0063 149 262 168 277
boat 0.0041 114 265 151 286
boat 0.0037 150 257 181 280
boat 0.0036 153 263 163 276
boat 0.0033 143 266 163 277
boat 0.0033 169 233 207 246
boat 0.0029 297 211 339 235
boat 0.0028 48 218 285 282
boat 0.0028 9 113 513 319
boat 0.0027 135 270 168 283
boat 0.0026 62 259 183 287
boat 0.0023 105 266 138 284
boat 0.0022 91 266 109 277
boat 0.0018 84 265 110 282
boat 0.0016 120 269 140 287
boat 0.0016 108 278 117 285
boat 0.0016 122 267 137 278
boat 0.0015 124 282 132 290
boat 0.0015 108 272 123 283
boat 0.0014 121 268 166 287
boat 0.0014 143 271 160 282
boat 0.0014 124 280 138 288
boat 0.0014 72 281 85 288
boat 0.0014 81 265 88 273
boat 0.0013 197 233 304 273
boat 0.0012 159 202 362 281
boat 0.0012 78 281 86 287
boat 0.0011 90 270 111 281
boat 0.0011 105 259 162 288
boat 0.0010 91 263 116 279
boat 0.0010 317 185 460 266
boat 0.0010 106 267 122 281
boat 0.0010 51 239 237 289
bird 0.0015 442 155 452 165
bird 0.0014 162 259 171 276
bottle 0.0012 461 124 472 135
bottle 0.0010 465 123 474 133
chair 0.0301 218 60 234 74
chair 0.0276 218 67 235 79
chair 0.0249 217 73 235 83
chair 0.0236 203 59 219 72
chair 0.0222 219 41 235 51
chair 0.0221 203 67 218 80
chair 0.0216 77 46 92 58
chair 0.0197 203 71 218 84
chair 0.0189 76 55 90 66
chair 0.0177 91 46 110 60
chair 0.0160 218 47 235 60
chair 0.0156 218 53 235 66
chair 0.0150 76 60 89 71
chair 0.0146 216 78 235 90
chair 0.0124 75 65 89 77
chair 0.0124 71 87 87 98
chair 0.0121 235 41 254 51
chair 0.0116 90 55 109 67
chair 0.0110 71 89 86 102
chair 0.0109 73 80 88 91
chair 0.0106 235 48 255 59
chair 0.0106 78 42 93 53
chair 0.0101 92 42 110 55
chair 0.0100 235 37 255 47
chair 0.0098 218 36 235 47
chair 0.0085 236 60 254 73
chair 0.0082 236 66 254 78
chair 0.0082 203 76 217 89
chair 0.0080 219 30 235 42
chair 0.0078 235 54 255 65
chair 0.0072 89 59 108 72
chair 0.0065 235 73 254 83
chair 0.0065 203 46 219 60
chair 0.0063 87 86 104 98
chair 0.0060 103 89 123 108
chair 0.0057 75 72 88 84
chair 0.0053 70 96 85 107
chair 0.0051 86 90 104 103
chair 0.0051 109 48 127 62
chair 0.0048 108 51 126 68
chair 0.0045 80 55 108 71
chair 0.0041 85 97 104 110
chair 0.0040 94 34 111 49
chair 0.0039 108 60 125 73
chair 0.0039 88 72 106 85
chair 0.0039 89 67 106 80
chair 0.0035 235 30 255 41
chair 0.0034 113 22 129 34
chair 0.0031 114 18 130 30
chair 0.0030 94 27 112 41
chair 0.0030 219 21 236 34
chair 0.0027 203 58 218 91
chair 0.0027 60 92 81 102
chair 0.0027 88 79 105 91
chair 0.0026 236 77 254 88
chair 0.0024 78 38 94 50
chair 0.0024 66 91 87 108
chair 0.0024 59 96 72 110
chair 0.0023 203 28 220 41
chair 0.0023 87 82 112 98
chair 0.0022 65 53 78 65
chair 0.0021 95 23 113 34
chair 0.0020 102 97 122 117
chair 0.0020 61 98 84 109
chair 0.0020 60 85 76 96
chair 0.0020 217 57 235 88
chair 0.0019 203 34 220 46
chair 0.0019 96 17 114 28
chair 0.0019 75 52 90 73
chair 0.0018 88 102 122 123
chair 0.0018 203 83 217 96
chair 0.0017 204 24 220 35
chair 0.0016 74 61 89 83
chair 0.0016 216 90 235 111
chair 0.0016 61 76 77 90
chair 0.0016 104 103 121 115
chair 0.0015 61 73 77 85
chair 0.0015 215 85 235 95
chair 0.0015 63 78 84 96
chair 0.0015 236 39 255 61
chair 0.0015 125 53 140 65
chair 0.0015 66 47 78 60
chair 0.0014 235 49 256 73
chair 0.0014 254 45 272 58
chair 0.0014 254 60 272 70
chair 0.0014 64 59 77 71
chair 0.0013 126 49 142 61
chair 0.0013 124 62 140 72
chair 0.0013 110 35 128 48
chair 0.0013 112 28 128 40
chair 0.0012 219 18 236 28
chair 0.0012 254 56 271 66
chair 0.0012 218 35 235 68
chair 0.0012 91 37 111 66
chair 0.0012 205 17 221 27
chair 0.0012 208 51 241 80
chair 0.0011 70 101 84 112
chair 0.0011 106 74 124 88
chair 0.0011 76 61 101 70
chair 0.0010 235 64 256 85
pottedplant 0.0013 303 215 487 294
pottedplant 0.0012 288 164 496 286
