person 0.2893 176 30 299 235
person 0.0893 227 26 328 245
person 0.0383 158 31 249 191
person 0.0336 402 137 408 151
person 0.0199 384 128 401 141
person 0.0195 402 136 414 150
person 0.0164 377 135 394 163
person 0.0163 381 129 402 163
person 0.0154 251 49 368 250
person 0.0134 408 137 417 149
person 0.0115 386 123 394 133
person 0.0113 385 131 404 146
person 0.0104 231 36 296 115
person 0.0102 400 133 408 148
person 0.0101 317 69 384 177
person 0.0096 150 53 271 299
person 0.0072 225 43 291 206
person 0.0063 421 138 431 151
person 0.0060 404 141 411 151
person 0.0056 152 112 197 186
person 0.0050 396 133 412 151
person 0.0048 423 140 437 153
person 0.0047 364 122 389 160
person 0.0043 185 34 234 116
person 0.0043 294 64 336 113
person 0.0040 284 64 383 206
person 0.0039 386 188 419 233
person 0.0039 325 97 357 141
person 0.0038 353 75 388 161
person 0.0034 276 70 341 231
person 0.0033 183 30 298 140
person 0.0031 304 80 367 163
person 0.0020 153 47 212 205
person 0.0019 324 102 346 134
person 0.0018 409 141 418 151
person 0.0017 203 85 306 182
person 0.0017 292 70 344 142
person 0.0015 382 126 396 137
person 0.0015 153 84 235 181
person 0.0015 329 77 366 148
person 0.0014 327 98 370 178
person 0.0013 308 65 335 99
person 0.0012 188 34 231 78
person 0.0011 274 16 288 35
bicycle 0.0261 377 140 392 163
bicycle 0.0051 402 137 408 151
bicycle 0.0046 381 129 402 163
bicycle 0.0031 163 75 280 319
bicycle 0.0028 402 136 414 150
bicycle 0.0026 404 141 411 151
bicycle 0.0019 386 189 419 233
bicycle 0.0017 396 133 412 151
bicycle 0.0016 370 133 393 164
bicycle 0.0013 330 69 388 169
bicycle 0.0012 383 129 401 147
bicycle 0.0012 150 67 217 303
bicycle 0.0012 267 56 374 246
car 0.5672 423 141 438 153
car 0.2158 384 129 402 142
car 0.0764 377 133 396 163
car 0.0291 423 138 436 149
car 0.0276 421 138 431 151
car 0.0204 404 136 415 148
car 0.0190 408 137 417 146
car 0.0152 425 146 439 159
car 0.0128 386 123 394 133
car 0.0114 396 133 412 151
car 0.0106 400 133 408 148
car 0.0106 384 127 402 156
car 0.0103 402 137 408 151
car 0.0047 406 137 427 150
car 0.0029 430 143 441 154
car 0.0027 421 -1 495 271
car 0.0025 404 141 411 151
car 0.0024 358 90 396 167
car 0.0023 416 139 427 146
car 0.0022 419 133 441 166
car 0.0021 409 141 418 151
car 0.0018 433 149 442 163
car 0.0017 382 126 396 137
car 0.0015 412 96 449 180
car 0.0014 406 76 457 224
car 0.0013 428 151 439 166
motorbike 0.6541 164 48 297 314
motorbike 0.5581 278 71 377 249
motorbike 0.4822 327 70 388 177
motorbike 0.3958 377 135 394 163
motorbike 0.2082 381 128 402 164
motorbike 0.0993 366 127 392 163
motorbike 0.0942 358 90 396 167
motorbike 0.0535 383 129 401 147
motorbike 0.0449 210 48 374 257
motorbike 0.0248 330 105 383 211
motorbike 0.0206 359 118 387 159
motorbike 0.0164 335 130 381 184
motorbike 0.0163 293 65 341 133
motorbike 0.0136 296 70 373 173
motorbike 0.0084 340 90 378 158
motorbike 0.0070 317 67 371 141
motorbike 0.0067 191 33 306 230
motorbike 0.0059 152 112 200 185
motorbike 0.0055 235 70 301 227
motorbike 0.0054 352 72 389 155
motorbike 0.0053 150 67 217 303
motorbike 0.0046 239 104 351 235
motorbike 0.0041 288 144 372 244
motorbike 0.0040 166 35 245 234
motorbike 0.0038 385 122 393 130
motorbike 0.0038 328 90 367 146
motorbike 0.0036 402 137 408 151
motorbike 0.0036 270 89 318 230
motorbike 0.0033 396 133 412 151
motorbike 0.0032 224 38 344 176
motorbike 0.0031 385 127 400 140
motorbike 0.0029 170 149 266 317
motorbike 0.0029 151 66 233 192
motorbike 0.0029 277 64 342 210
motorbike 0.0022 310 65 336 106
motorbike 0.0021 402 136 414 150
motorbike 0.0020 322 100 348 137
motorbike 0.0017 385 184 420 232
motorbike 0.0016 203 85 306 182
motorbike 0.0015 404 141 411 151
motorbike 0.0014 381 125 396 138
motorbike 0.0014 330 74 365 128
motorbike 0.0012 423 140 437 153
motorbike 0.0011 161 102 276 190
motorbike 0.0011 358 123 375 152
motorbike 0.0011 368 124 414 219
motorbike 0.0010 408 137 417 149
bus 0.0126 421 -1 495 271
bus 0.0018 384 129 402 142
bus 0.0015 423 140 438 152
train 0.0031 428 1 500 317
dog 0.0020 386 190 419 233
bottle 0.0164 386 191 419 233
bottle 0.0015 402 192 420 233
