person 0.0035 127 166 133 178
person 0.0033 272 155 282 166
person 0.0023 266 156 279 167
person 0.0021 486 204 500 330
person 0.0016 478 161 485 168
person 0.0013 293 154 308 162
person 0.0013 147 165 154 174
person 0.0011 128 167 136 178
car 0.0045 486 215 499 329
bus 0.0084 486 204 500 330
train 0.7302 91 141 345 245
train 0.2578 89 115 504 248
train 0.1502 297 117 495 243
train 0.0578 485 206 499 330
train 0.0017 489 219 499 298
train 0.0013 485 126 500 299
train 0.0010 487 271 499 330
boat 0.0014 486 204 500 330
