person 0.8741 173 173 290 353
person 0.0124 127 165 375 355
person 0.0097 459 142 500 250
person 0.0090 0 246 30 271
person 0.0052 117 69 141 102
person 0.0034 113 61 143 84
person 0.0030 5 76 465 354
person 0.0024 156 51 184 100
person 0.0017 0 44 27 95
person 0.0013 483 145 499 197
person 0.0012 280 37 322 81
car 0.0011 58 75 481 359
boat 0.0053 58 75 481 359
boat 0.0012 277 231 372 314
bird 0.0062 246 32 284 67
bird 0.0024 0 248 24 271
bird 0.0021 238 62 273 95
cat 0.0109 0 246 30 271
cat 0.0028 238 62 273 95
cat 0.0014 0 251 19 271
cat 0.0011 261 69 294 95
cat 0.0010 246 32 284 67
dog 0.0056 0 246 30 271
sheep 0.0017 151 52 184 99
bottle 0.0416 237 60 272 95
bottle 0.0063 0 46 27 96
bottle 0.0050 210 330 235 354
bottle 0.0040 346 38 390 92
bottle 0.0024 243 65 292 95
bottle 0.0021 115 71 141 102
bottle 0.0019 1 73 22 95
bottle 0.0016 136 81 153 101
bottle 0.0014 16 73 27 95
bottle 0.0014 0 40 10 93
bottle 0.0012 322 31 329 54
bottle 0.0010 349 290 358 312
chair 0.1220 460 143 499 250
chair 0.0050 349 66 492 299
chair 0.0045 50 76 484 360
chair 0.0020 418 119 499 275
chair 0.0017 229 69 494 323
chair 0.0016 64 122 102 242
chair 0.0014 284 37 323 80
chair 0.0014 172 173 290 354
chair 0.0013 0 44 27 96
chair 0.0013 76 128 99 215
chair 0.0012 484 107 499 153
chair 0.0012 465 141 499 205
chair 0.0012 461 197 500 253
chair 0.0010 381 0 498 175
chair 0.0010 492 157 500 200
chair 0.0010 483 145 499 197
chair 0.0010 495 227 500 249
sofa 0.1792 460 143 499 250
sofa 0.0737 58 75 481 359
sofa 0.0071 417 133 500 278
sofa 0.0065 349 66 492 299
sofa 0.0037 229 69 494 323
sofa 0.0023 64 238 467 355
sofa 0.0020 165 172 324 356
sofa 0.0019 472 139 499 219
sofa 0.0018 384 0 499 140
sofa 0.0017 483 145 499 197
sofa 0.0015 68 168 223 301
sofa 0.0013 492 145 500 199
sofa 0.0011 452 133 501 208
pottedplant 0.6220 276 231 372 314
pottedplant 0.3614 348 38 392 92
pottedplant 0.3192 67 175 223 308
pottedplant 0.2936 296 53 375 94
pottedplant 0.2891 0 43 27 96
pottedplant 0.1995 331 1 406 89
pottedplant 0.0732 272 135 383 326
pottedplant 0.0374 81 45 110 93
pottedplant 0.0349 296 25 391 96
pottedplant 0.0323 236 56 272 95
pottedplant 0.0241 283 36 327 83
pottedplant 0.0221 0 40 10 93
pottedplant 0.0219 2 43 25 70
pottedplant 0.0188 384 -1 501 115
pottedplant 0.0172 183 63 238 97
pottedplant 0.0170 300 278 338 313
pottedplant 0.0163 81 70 465 344
pottedplant 0.0158 130 178 228 290
pottedplant 0.0141 80 53 103 83
pottedplant 0.0132 101 67 145 103
pottedplant 0.0120 174 171 287 354
pottedplant 0.0118 238 32 283 90
pottedplant 0.0116 77 82 107 106
pottedplant 0.0113 1 73 23 95
pottedplant 0.0106 183 226 415 323
pottedplant 0.0105 318 80 347 93
pottedplant 0.0092 394 2 499 59
pottedplant 0.0091 80 59 139 104
pottedplant 0.0077 342 0 432 66
pottedplant 0.0077 334 256 373 308
pottedplant 0.0068 328 0 399 52
pottedplant 0.0059 321 236 376 310
pottedplant 0.0059 0 60 8 95
pottedplant 0.0053 70 54 109 105
pottedplant 0.0047 215 62 247 96
pottedplant 0.0046 223 46 238 74
pottedplant 0.0044 7 50 27 80
pottedplant 0.0041 0 45 8 75
pottedplant 0.0040 257 68 294 95
pottedplant 0.0036 218 43 243 90
pottedplant 0.0033 311 5 372 85
pottedplant 0.0032 75 177 309 343
pottedplant 0.0031 9 59 29 96
pottedplant 0.0029 62 183 155 324
pottedplant 0.0027 299 243 341 315
pottedplant 0.0024 61 110 270 314
pottedplant 0.0023 134 318 157 339
pottedplant 0.0021 442 1 499 31
pottedplant 0.0020 97 185 161 297
pottedplant 0.0020 16 73 27 95
pottedplant 0.0020 345 286 361 311
pottedplant 0.0019 343 1 489 80
pottedplant 0.0019 81 65 103 88
pottedplant 0.0018 460 143 499 251
pottedplant 0.0016 462 1 499 20
pottedplant 0.0016 288 265 365 316
pottedplant 0.0015 79 57 100 74
pottedplant 0.0015 346 34 389 60
pottedplant 0.0015 376 1 491 34
pottedplant 0.0015 217 13 248 59
pottedplant 0.0015 291 186 411 321
pottedplant 0.0014 299 137 358 284
pottedplant 0.0014 349 12 393 70
pottedplant 0.0013 290 69 320 92
pottedplant 0.0013 0 36 33 131
pottedplant 0.0013 428 3 477 25
pottedplant 0.0012 179 13 221 69
pottedplant 0.0011 313 4 349 62
pottedplant 0.0011 115 176 222 241
pottedplant 0.0011 0 41 23 56
pottedplant 0.0010 102 235 453 349
pottedplant 0.0010 86 60 111 82
pottedplant 0.0010 246 32 284 67
pottedplant 0.0010 59 226 136 312
diningtable 0.0011 50 76 484 360
tvmonitor 0.0583 0 97 36 200
tvmonitor 0.0033 58 75 481 359
tvmonitor 0.0023 284 37 323 80
tvmonitor 0.0018 0 44 27 96
