person 0.5957 -1 60 163 364
person 0.5109 206 85 501 372
person 0.3085 36 89 399 374
person 0.1251 489 86 499 149
person 0.1082 487 46 499 142
person 0.1000 334 232 498 373
person 0.0952 487 90 499 188
person 0.0228 345 111 391 154
person 0.0214 108 89 163 219
person 0.0187 159 105 425 304
person 0.0181 492 96 500 172
person 0.0153 488 87 499 119
person 0.0149 45 0 137 63
person 0.0145 397 261 499 372
person 0.0137 9 44 258 294
person 0.0112 165 124 312 276
person 0.0097 490 45 499 107
person 0.0093 491 102 499 138
person 0.0091 0 167 110 358
person 0.0088 322 113 365 150
person 0.0085 157 87 223 220
person 0.0083 480 95 500 212
person 0.0076 410 131 500 373
person 0.0073 90 76 286 239
person 0.0068 472 48 500 194
person 0.0056 483 183 499 221
person 0.0054 209 -1 273 134
person 0.0049 176 127 277 219
person 0.0046 218 122 347 226
person 0.0044 451 78 498 332
person 0.0043 474 258 499 312
person 0.0038 197 89 424 228
person 0.0032 470 110 499 272
person 0.0032 481 143 500 194
person 0.0031 0 317 63 364
person 0.0029 278 112 490 307
person 0.0029 475 157 496 193
person 0.0027 0 180 51 345
person 0.0025 480 85 498 144
person 0.0025 269 105 410 171
person 0.0023 420 92 500 202
person 0.0023 268 3 293 86
person 0.0022 477 173 498 192
person 0.0022 460 158 499 314
person 0.0021 427 132 500 244
person 0.0021 245 2 287 106
person 0.0019 259 3 306 101
person 0.0017 483 158 499 267
person 0.0017 477 172 498 213
person 0.0016 210 1 266 79
person 0.0015 489 130 500 187
person 0.0015 288 105 373 153
person 0.0014 322 117 346 150
person 0.0014 330 308 486 374
person 0.0013 331 342 460 372
person 0.0013 259 138 356 278
person 0.0013 405 76 499 262
person 0.0013 426 164 499 198
person 0.0012 212 159 301 278
person 0.0012 150 8 230 145
person 0.0012 69 212 500 371
person 0.0010 460 229 499 333
person 0.0010 0 43 36 76
dog 0.0010 348 111 390 154
horse 0.0010 349 111 390 154
bottle 0.0011 221 105 229 133
bottle 0.0010 324 114 363 150
chair 0.6417 154 34 227 215
chair 0.2344 348 111 390 154
chair 0.2081 111 73 163 220
chair 0.1022 147 1 231 143
chair 0.0845 0 185 77 361
chair 0.0760 143 6 214 49
chair 0.0739 209 126 272 202
chair 0.0602 368 68 499 164
chair 0.0392 62 59 164 212
chair 0.0392 24 97 449 372
chair 0.0277 373 42 496 108
chair 0.0254 488 46 499 120
chair 0.0217 0 76 58 143
chair 0.0196 0 63 157 370
chair 0.0186 90 76 286 239
chair 0.0180 224 106 499 373
chair 0.0159 0 45 38 78
chair 0.0147 45 0 137 63
chair 0.0141 195 107 330 233
chair 0.0113 165 127 278 213
chair 0.0088 0 134 17 150
chair 0.0081 165 124 312 276
chair 0.0076 0 181 42 341
chair 0.0067 491 45 499 93
chair 0.0065 171 96 405 262
chair 0.0059 1 60 168 165
chair 0.0056 355 95 466 162
chair 0.0054 336 272 497 371
chair 0.0049 29 47 291 298
chair 0.0048 487 90 499 188
chair 0.0047 0 42 28 63
chair 0.0047 0 42 71 117
chair 0.0045 323 113 364 150
chair 0.0045 47 169 339 367
chair 0.0044 158 56 227 98
chair 0.0043 327 157 391 257
chair 0.0042 336 355 459 374
chair 0.0036 34 47 78 76
chair 0.0035 115 70 164 148
chair 0.0032 223 135 286 226
chair 0.0031 0 101 50 153
chair 0.0029 0 56 93 147
chair 0.0028 0 38 44 98
chair 0.0028 0 317 63 364
chair 0.0027 0 40 19 52
chair 0.0023 269 105 410 171
chair 0.0021 427 57 498 186
chair 0.0021 364 111 391 145
chair 0.0020 208 0 225 58
chair 0.0020 311 150 368 270
chair 0.0018 339 112 362 146
chair 0.0017 115 97 162 133
chair 0.0017 351 108 421 159
chair 0.0016 481 143 500 194
chair 0.0016 477 174 498 192
chair 0.0016 354 120 498 374
chair 0.0015 228 94 490 224
chair 0.0014 489 86 499 149
chair 0.0014 331 342 460 372
chair 0.0014 331 90 501 266
chair 0.0014 214 156 299 250
chair 0.0013 261 221 502 372
chair 0.0013 0 256 63 358
chair 0.0012 390 130 431 163
chair 0.0012 0 75 29 344
chair 0.0012 72 185 149 306
chair 0.0012 0 95 17 296
chair 0.0012 288 105 373 153
chair 0.0012 237 147 300 215
chair 0.0012 487 178 500 191
chair 0.0012 45 24 218 201
chair 0.0011 0 183 34 282
chair 0.0011 165 95 224 157
chair 0.0011 153 125 227 225
chair 0.0011 108 30 194 213
chair 0.0010 480 100 499 210
chair 0.0010 22 140 201 346
chair 0.0010 340 113 361 130
chair 0.0010 116 144 161 219
sofa 0.0849 224 106 499 373
sofa 0.0754 24 97 449 372
sofa 0.0446 333 191 497 370
sofa 0.0411 0 76 58 143
sofa 0.0356 368 68 499 164
sofa 0.0209 6 60 165 198
sofa 0.0155 0 44 36 78
sofa 0.0139 345 111 391 154
sofa 0.0091 98 214 502 373
sofa 0.0087 0 56 93 147
sofa 0.0076 374 43 497 108
sofa 0.0065 356 270 497 369
sofa 0.0056 0 42 71 117
sofa 0.0055 0 163 110 359
sofa 0.0048 0 62 158 367
sofa 0.0046 47 169 339 367
sofa 0.0035 0 38 44 98
sofa 0.0034 0 101 50 153
sofa 0.0033 0 42 28 62
sofa 0.0033 488 46 499 120
sofa 0.0029 0 187 52 357
sofa 0.0027 355 95 466 162
sofa 0.0025 316 104 501 306
sofa 0.0025 0 134 17 151
sofa 0.0019 370 75 503 253
sofa 0.0019 230 268 503 374
sofa 0.0018 487 90 499 188
sofa 0.0018 208 126 272 202
sofa 0.0016 112 68 164 217
sofa 0.0015 410 131 500 373
sofa 0.0014 427 57 498 186
sofa 0.0013 97 103 373 248
sofa 0.0012 331 342 460 372
sofa 0.0012 489 86 499 149
sofa 0.0012 0 41 19 52
sofa 0.0010 165 124 312 276
sofa 0.0010 159 105 425 304
sofa 0.0010 156 73 225 215
pottedplant 0.0013 45 0 137 63
pottedplant 0.0012 209 0 267 80
diningtable 0.0150 0 76 58 143
diningtable 0.0108 1 59 168 164
diningtable 0.0076 0 43 63 127
diningtable 0.0055 111 73 163 219
diningtable 0.0049 157 65 225 205
diningtable 0.0046 0 45 37 78
diningtable 0.0040 63 60 165 212
diningtable 0.0035 0 65 57 90
diningtable 0.0032 0 56 93 147
diningtable 0.0031 28 48 79 77
diningtable 0.0029 0 74 66 108
diningtable 0.0017 0 38 44 98
diningtable 0.0015 116 30 226 213
diningtable 0.0014 150 2 231 163
diningtable 0.0014 368 69 499 164
diningtable 0.0013 0 133 16 150
diningtable 0.0011 490 46 499 102
diningtable 0.0011 487 90 499 188
diningtable 0.0010 11 63 63 78
tvmonitor 0.2004 143 5 211 49
tvmonitor 0.0202 141 8 230 106
tvmonitor 0.0033 6 60 165 198
tvmonitor 0.0025 0 43 36 76
tvmonitor 0.0015 490 46 499 102
tvmonitor 0.0013 371 90 498 165
tvmonitor 0.0011 0 40 19 52
