person 0.9048 383 63 500 372
person 0.8904 20 169 199 373
person 0.8583 130 176 231 268
person 0.8176 280 168 415 372
person 0.0387 139 176 242 359
person 0.0185 387 137 464 312
person 0.0184 406 190 451 271
person 0.0132 253 258 285 278
person 0.0126 144 217 211 318
person 0.0093 111 233 130 265
person 0.0092 140 238 302 339
person 0.0090 188 166 387 380
person 0.0078 208 259 227 293
person 0.0075 462 49 500 383
person 0.0064 174 249 188 280
person 0.0059 266 165 352 370
person 0.0050 237 222 252 286
person 0.0044 357 170 425 269
person 0.0043 180 214 340 349
person 0.0036 306 199 319 225
person 0.0027 15 262 170 371
person 0.0027 339 172 437 345
person 0.0024 396 191 472 367
person 0.0023 367 132 452 255
person 0.0021 128 246 185 293
person 0.0021 127 302 166 333
person 0.0020 479 65 499 370
person 0.0019 135 178 173 230
person 0.0017 393 182 440 223
person 0.0017 89 222 137 274
person 0.0015 495 308 500 349
person 0.0015 1 261 67 371
person 0.0014 388 187 434 298
person 0.0014 116 261 175 345
person 0.0014 303 196 324 253
person 0.0014 386 175 421 198
person 0.0013 390 183 426 197
person 0.0012 108 231 122 259
person 0.0012 120 231 176 307
person 0.0012 20 169 166 288
person 0.0011 378 161 439 237
person 0.0011 174 219 302 300
person 0.0011 388 167 411 193
car 0.0122 30 125 66 161
car 0.0017 34 168 71 217
boat 0.0010 33 124 66 158
bottle 0.7758 236 221 252 285
bottle 0.1906 230 261 241 290
bottle 0.0534 366 87 493 355
bottle 0.0376 407 197 448 264
bottle 0.0239 231 231 248 291
bottle 0.0140 230 227 249 262
bottle 0.0105 387 137 464 312
bottle 0.0069 383 114 393 150
bottle 0.0062 251 258 286 280
bottle 0.0062 387 174 424 200
bottle 0.0054 307 201 318 218
bottle 0.0043 240 250 254 285
bottle 0.0040 236 236 251 266
bottle 0.0039 143 240 306 328
bottle 0.0036 237 223 250 252
bottle 0.0033 172 249 188 280
bottle 0.0032 231 243 241 262
bottle 0.0032 221 236 234 259
bottle 0.0030 113 235 130 264
bottle 0.0029 213 243 229 260
bottle 0.0027 393 182 440 223
bottle 0.0027 381 114 400 171
bottle 0.0025 230 253 241 270
bottle 0.0025 174 219 302 300
bottle 0.0021 388 167 411 193
bottle 0.0020 409 225 430 270
bottle 0.0018 417 209 441 236
bottle 0.0014 208 258 227 293
bottle 0.0014 413 238 424 267
bottle 0.0013 380 117 409 190
bottle 0.0013 225 226 240 254
bottle 0.0011 240 267 254 286
bottle 0.0011 243 221 257 262
bottle 0.0010 400 188 433 213
chair 0.8634 1 261 68 373
chair 0.8219 368 261 456 372
chair 0.1560 8 255 193 375
chair 0.1393 127 304 166 337
chair 0.0948 274 322 334 373
chair 0.0868 0 262 29 370
chair 0.0423 0 262 9 319
chair 0.0342 112 235 130 264
chair 0.0288 115 238 144 265
chair 0.0263 130 240 149 265
chair 0.0260 276 263 458 372
chair 0.0250 116 261 175 345
chair 0.0222 0 263 18 320
chair 0.0170 0 313 27 370
chair 0.0150 126 240 141 264
chair 0.0150 280 172 420 376
chair 0.0137 235 292 337 374
chair 0.0133 168 273 334 374
chair 0.0121 144 217 211 318
chair 0.0107 137 305 162 314
chair 0.0106 128 306 179 355
chair 0.0101 128 313 154 339
chair 0.0080 48 189 212 332
chair 0.0075 131 244 181 266
chair 0.0070 130 177 227 321
chair 0.0068 116 246 128 265
chair 0.0061 31 187 62 222
chair 0.0057 24 221 43 248
chair 0.0056 194 222 433 377
chair 0.0056 396 191 472 367
chair 0.0054 125 253 169 282
chair 0.0054 129 281 168 343
chair 0.0053 426 266 498 373
chair 0.0052 205 305 310 375
chair 0.0049 413 236 423 268
chair 0.0048 1 278 15 342
chair 0.0045 120 231 176 307
chair 0.0043 -1 305 50 376
chair 0.0043 128 316 164 347
chair 0.0039 453 289 499 372
chair 0.0033 135 243 157 267
chair 0.0032 237 221 252 286
chair 0.0030 87 232 246 368
chair 0.0029 385 178 452 304
chair 0.0028 274 309 392 372
chair 0.0027 139 306 170 344
chair 0.0027 495 309 500 355
chair 0.0027 117 248 146 277
chair 0.0026 1 262 23 285
chair 0.0025 13 156 253 381
chair 0.0024 276 288 332 356
chair 0.0023 0 263 7 295
chair 0.0022 128 246 185 293
chair 0.0022 409 225 430 270
chair 0.0021 134 264 241 321
chair 0.0021 121 270 272 372
chair 0.0021 274 311 322 335
chair 0.0020 27 261 103 370
chair 0.0018 253 258 285 278
chair 0.0017 230 227 249 262
chair 0.0017 2 293 150 381
chair 0.0017 0 360 31 374
chair 0.0017 126 256 151 277
chair 0.0015 158 247 174 267
chair 0.0015 130 181 167 240
chair 0.0015 422 250 464 370
chair 0.0014 399 191 450 263
chair 0.0014 157 278 196 293
chair 0.0014 23 228 37 249
chair 0.0014 219 311 276 373
chair 0.0014 174 219 302 300
chair 0.0013 221 236 235 259
chair 0.0013 1 298 14 321
chair 0.0013 0 271 7 306
chair 0.0013 25 264 65 345
chair 0.0013 112 287 160 338
chair 0.0013 122 337 198 374
chair 0.0012 142 252 299 322
chair 0.0012 222 267 291 368
chair 0.0012 269 274 361 370
chair 0.0012 125 301 157 320
chair 0.0012 168 312 216 373
chair 0.0012 225 226 241 254
chair 0.0011 213 243 230 260
chair 0.0011 131 221 149 259
chair 0.0011 166 307 199 357
chair 0.0011 335 163 429 349
chair 0.0011 113 247 124 266
chair 0.0011 129 218 186 278
chair 0.0011 406 236 424 270
chair 0.0010 140 257 179 287
chair 0.0010 109 234 129 251
chair 0.0010 159 305 281 374
sofa 0.0034 0 262 29 371
sofa 0.0024 368 261 456 371
sofa 0.0013 0 261 67 372
sofa 0.0010 279 165 418 371
pottedplant 0.2645 139 180 170 228
pottedplant 0.1347 131 176 230 267
pottedplant 0.0728 142 143 174 223
pottedplant 0.0579 34 186 60 220
pottedplant 0.0154 31 125 64 160
pottedplant 0.0128 132 184 164 243
pottedplant 0.0108 0 262 29 371
pottedplant 0.0092 132 206 155 249
pottedplant 0.0085 43 180 67 214
pottedplant 0.0072 141 181 162 216
pottedplant 0.0064 135 217 149 231
pottedplant 0.0064 148 135 171 180
pottedplant 0.0057 134 209 155 232
pottedplant 0.0052 151 136 166 162
pottedplant 0.0048 34 168 71 217
pottedplant 0.0041 30 183 70 235
pottedplant 0.0040 130 179 175 269
pottedplant 0.0028 13 156 253 381
pottedplant 0.0026 129 220 148 249
pottedplant 0.0024 133 130 174 195
pottedplant 0.0022 138 202 159 227
pottedplant 0.0022 23 109 65 173
pottedplant 0.0022 142 192 167 221
pottedplant 0.0021 48 189 212 332
pottedplant 0.0016 128 195 151 242
pottedplant 0.0015 385 178 452 304
pottedplant 0.0013 373 187 460 368
pottedplant 0.0013 128 189 150 217
pottedplant 0.0012 144 170 179 215
pottedplant 0.0011 0 281 14 336
pottedplant 0.0010 27 113 68 251
pottedplant 0.0010 131 240 149 262
pottedplant 0.0010 38 180 60 206
diningtable 0.5273 145 254 299 371
diningtable 0.1898 136 276 298 315
diningtable 0.0590 222 261 241 291
diningtable 0.0195 252 259 285 279
diningtable 0.0164 124 198 300 325
diningtable 0.0153 166 258 314 323
diningtable 0.0153 180 209 336 348
diningtable 0.0142 208 259 227 293
diningtable 0.0090 188 220 440 373
diningtable 0.0088 222 299 318 373
diningtable 0.0061 230 265 241 289
diningtable 0.0059 127 302 166 333
diningtable 0.0056 213 243 325 374
diningtable 0.0055 25 170 205 373
diningtable 0.0054 174 219 302 300
diningtable 0.0047 111 236 130 260
diningtable 0.0046 194 272 315 306
diningtable 0.0040 276 316 334 373
diningtable 0.0035 369 262 457 372
diningtable 0.0035 160 305 298 375
diningtable 0.0034 199 285 269 303
diningtable 0.0032 174 249 189 279
diningtable 0.0031 157 278 196 293
diningtable 0.0027 0 313 27 371
diningtable 0.0027 280 168 415 372
diningtable 0.0024 237 222 252 286
diningtable 0.0024 0 262 29 370
diningtable 0.0024 125 238 143 262
diningtable 0.0020 125 266 182 345
diningtable 0.0020 180 284 209 299
diningtable 0.0019 0 260 68 373
diningtable 0.0019 87 232 246 368
diningtable 0.0018 139 176 242 359
diningtable 0.0018 137 305 162 314
diningtable 0.0018 181 271 207 290
diningtable 0.0016 144 217 211 318
diningtable 0.0016 134 264 241 321
diningtable 0.0013 222 283 269 296
diningtable 0.0013 152 262 208 298
diningtable 0.0012 0 263 15 320
diningtable 0.0012 131 176 230 267
diningtable 0.0012 178 259 213 296
diningtable 0.0012 235 274 273 294
diningtable 0.0011 131 240 149 262
diningtable 0.0011 242 279 295 297
diningtable 0.0011 213 278 252 303
diningtable 0.0010 214 282 276 371
