person 0.7178 176 81 315 338
person 0.6740 41 24 277 357
person 0.2499 329 239 449 372
person 0.0388 356 318 451 374
person 0.0300 0 20 10 57
person 0.0281 328 238 416 326
person 0.0099 67 61 202 245
person 0.0087 119 101 147 189
person 0.0051 460 -3 498 174
person 0.0050 386 8 442 141
person 0.0048 0 18 21 66
person 0.0045 482 6 500 177
person 0.0034 131 56 437 320
person 0.0019 0 19 8 42
person 0.0018 37 41 155 327
person 0.0018 484 85 500 177
person 0.0018 296 110 403 200
person 0.0017 0 27 36 80
person 0.0017 0 178 57 252
person 0.0016 401 13 445 96
person 0.0016 0 10 33 57
person 0.0013 0 27 7 78
person 0.0013 409 27 445 136
person 0.0013 227 79 348 329
person 0.0012 383 0 442 41
person 0.0011 359 1 433 107
person 0.0011 139 50 277 313
person 0.0011 152 2 178 75
person 0.0010 0 188 40 350
bicycle 0.0196 296 109 405 200
bicycle 0.0010 458 0 499 181
motorbike 0.0201 295 109 404 201
motorbike 0.0016 131 56 437 320
motorbike 0.0014 343 140 403 187
motorbike 0.0010 294 111 348 178
boat 0.0030 459 -4 498 178
cat 0.0031 0 216 20 251
dog 0.0015 0 222 20 252
dog 0.0010 0 237 17 253
bottle 0.0066 0 222 20 252
bottle 0.0061 0 235 18 252
bottle 0.0049 0 178 56 252
bottle 0.0038 258 259 321 322
bottle 0.0031 329 239 413 323
bottle 0.0030 0 204 26 252
bottle 0.0015 296 110 404 200
bottle 0.0012 279 38 337 145
bottle 0.0011 0 218 11 250
bottle 0.0010 0 20 10 57
chair 0.0320 66 219 168 281
chair 0.0080 20 89 269 348
chair 0.0073 0 163 87 354
chair 0.0064 177 77 314 335
chair 0.0055 56 181 178 298
chair 0.0042 90 67 357 350
chair 0.0032 245 240 320 327
chair 0.0027 459 -4 498 178
chair 0.0025 0 178 57 252
chair 0.0025 -2 119 168 336
chair 0.0022 0 188 40 350
chair 0.0018 118 104 147 189
chair 0.0016 0 262 34 352
chair 0.0016 42 69 112 274
chair 0.0016 358 320 450 374
chair 0.0015 36 216 242 325
chair 0.0014 43 110 99 235
chair 0.0013 0 239 17 252
chair 0.0012 0 113 52 250
chair 0.0011 48 60 214 287
sofa 0.0023 34 33 312 364
sofa 0.0014 0 114 58 254
sofa 0.0012 177 77 314 335
sofa 0.0010 -1 223 103 354
pottedplant 0.0012 279 36 337 139
pottedplant 0.0010 0 216 20 251
diningtable 0.0291 0 221 86 350
diningtable 0.0043 0 178 57 252
diningtable 0.0041 1 99 53 158
diningtable 0.0041 0 194 38 350
diningtable 0.0026 1 149 85 294
diningtable 0.0015 0 76 64 146
diningtable 0.0014 0 94 56 215
diningtable 0.0011 0 239 17 252
diningtable 0.0010 460 -3 498 174
diningtable 0.0010 0 54 44 85
tvmonitor 0.0039 46 1 78 60
tvmonitor 0.0016 6 1 78 60
tvmonitor 0.0014 0 3 45 58
