person 0.0147 176 376 191 387
person 0.0132 172 377 182 387
person 0.0088 152 355 220 414
person 0.0075 167 377 178 388
person 0.0060 181 375 195 388
person 0.0052 168 376 207 389
person 0.0049 192 377 203 387
person 0.0021 167 374 185 389
bicycle 0.0031 91 377 128 406
car 0.8727 152 372 222 422
car 0.0027 165 376 193 387
car 0.0022 254 379 276 406
car 0.0019 147 337 227 412
car 0.0019 168 376 207 389
car 0.0019 165 300 219 330
car 0.0016 188 376 204 388
car 0.0011 172 377 184 386
car 0.0011 179 375 196 388
bus 0.0014 165 300 219 330
bus 0.0012 146 336 228 412
bus 0.0010 152 372 222 422
boat 0.0012 167 299 219 329
chair 0.0053 100 378 129 405
