person 0.0125 43 35 495 374
person 0.0024 0 117 13 169
person 0.0014 148 76 483 267
person 0.0012 178 36 276 124
person 0.0011 0 126 8 175
cat 0.1257 103 110 484 373
cat 0.0075 151 73 482 269
cat 0.0010 117 178 253 261
dog 0.3973 124 76 487 370
dog 0.0463 157 71 479 242
dog 0.0078 -10 198 496 372
dog 0.0049 117 178 253 261
dog 0.0031 97 141 287 282
dog 0.0014 108 92 377 267
dog 0.0012 158 163 205 218
dog 0.0011 17 17 459 293
dog 0.0011 162 38 297 195
dog 0.0010 143 139 257 249
bottle 0.0031 179 36 276 121
chair 0.0104 42 53 495 377
chair 0.0077 404 1 499 261
chair 0.0018 340 241 493 370
chair 0.0017 456 217 499 368
chair 0.0014 469 62 499 351
chair 0.0012 477 331 499 372
sofa 0.0657 42 53 495 377
sofa 0.0024 394 8 498 253
sofa 0.0020 329 248 493 367
