person 0.8598 283 141 334 311
person 0.8291 324 144 371 309
person 0.8185 255 165 296 310
person 0.8108 386 143 446 324
person 0.7351 363 152 393 308
person 0.3467 381 152 416 316
person 0.1083 389 139 499 323
person 0.0443 376 149 403 303
person 0.0310 473 155 499 179
person 0.0279 396 150 412 174
person 0.0174 17 263 96 294
person 0.0068 278 144 401 310
person 0.0061 458 151 499 185
person 0.0060 387 164 414 256
person 0.0059 486 150 500 176
person 0.0052 447 180 463 188
person 0.0047 240 145 342 299
person 0.0045 37 263 118 287
person 0.0045 46 262 87 287
person 0.0040 257 199 279 254
person 0.0035 400 151 413 166
person 0.0035 472 167 498 186
person 0.0035 2 267 62 297
person 0.0030 254 196 268 258
person 0.0027 390 145 417 181
person 0.0027 390 153 408 182
person 0.0025 252 171 287 259
person 0.0023 48 47 54 53
person 0.0023 365 216 401 304
person 0.0022 391 151 414 215
person 0.0021 393 159 447 261
person 0.0020 27 259 67 293
person 0.0019 433 134 500 172
person 0.0019 454 160 491 188
person 0.0018 2 249 79 295
person 0.0018 408 180 445 329
person 0.0018 395 150 406 167
person 0.0017 400 154 416 177
person 0.0016 19 260 201 290
person 0.0016 371 151 408 216
person 0.0016 19 137 458 315
person 0.0015 293 161 305 169
person 0.0013 374 230 408 314
person 0.0013 432 137 498 209
person 0.0013 365 145 393 235
person 0.0011 366 258 389 298
person 0.0011 447 159 473 190
person 0.0010 490 160 500 181
person 0.0010 251 175 272 307
person 0.0010 367 151 391 184
person 0.0010 324 176 334 218
car 0.3023 430 135 499 315
car 0.0646 390 137 448 323
car 0.0080 361 134 495 322
car 0.0056 432 132 500 169
car 0.0037 1 47 288 284
car 0.0032 472 150 499 181
car 0.0028 1 254 268 294
car 0.0027 374 156 483 264
car 0.0024 363 149 393 296
car 0.0019 434 135 471 172
car 0.0016 394 159 447 260
car 0.0010 324 145 371 311
car 0.0010 234 158 284 172
aeroplane 0.1866 -3 70 478 286
aeroplane 0.0046 -18 162 474 319
aeroplane 0.0036 0 108 284 283
aeroplane 0.0029 3 54 366 219
bus 0.0213 398 128 499 322
bus 0.0069 391 137 447 323
bus 0.0022 -6 101 471 288
bus 0.0017 363 149 393 296
train 0.0040 -22 140 475 305
train 0.0026 398 128 499 322
train 0.0013 -19 46 496 261
boat 0.0948 1 45 286 283
boat 0.0717 -6 101 471 288
boat 0.0155 -16 40 490 224
boat 0.0065 7 51 259 180
boat 0.0015 398 128 499 322
boat 0.0010 283 139 334 311
horse 0.0017 398 128 499 322
chair 0.0078 320 244 348 305
chair 0.0036 366 267 386 296
chair 0.0028 324 145 371 311
chair 0.0023 349 258 392 302
chair 0.0011 365 254 406 306
