person 0.8485 409 117 438 179
person 0.0131 495 164 499 175
person 0.0112 206 150 239 183
person 0.0089 347 148 356 157
person 0.0071 423 120 438 172
person 0.0059 494 171 499 180
person 0.0041 493 162 499 173
person 0.0036 352 146 359 156
person 0.0033 441 152 464 175
person 0.0032 472 154 482 172
person 0.0031 484 163 499 175
person 0.0025 345 148 353 158
person 0.0020 445 163 463 177
person 0.0018 462 152 483 175
person 0.0017 485 172 499 180
person 0.0017 438 152 454 174
person 0.0015 439 163 452 178
person 0.0015 422 161 434 179
person 0.0014 478 167 491 176
person 0.0014 332 146 344 154
person 0.0012 438 170 449 179
person 0.0012 482 159 500 169
person 0.0012 356 145 361 153
person 0.0012 345 145 359 162
person 0.0011 348 146 357 154
person 0.0011 411 129 434 153
person 0.0011 75 134 130 182
person 0.0010 249 130 255 141
person 0.0010 409 139 422 173
car 0.0064 254 139 277 146
car 0.0021 330 146 341 153
car 0.0016 318 142 327 150
car 0.0016 493 175 499 182
car 0.0015 206 150 239 183
car 0.0015 494 171 499 180
car 0.0011 434 151 461 176
aeroplane 0.0012 74 133 131 183
train 0.0014 16 0 511 165
boat 0.0026 254 139 277 146
boat 0.0010 493 175 499 182
bird 0.8952 74 134 131 184
bird 0.7820 206 150 239 183
bird 0.0117 216 128 253 175
bird 0.0080 233 131 252 174
bird 0.0064 249 130 255 140
bird 0.0050 255 139 276 145
bird 0.0036 74 107 405 236
bird 0.0029 4 133 133 188
bird 0.0024 236 130 254 158
bird 0.0022 246 130 255 144
bird 0.0020 207 139 235 172
bird 0.0019 223 152 243 179
bird 0.0015 190 126 277 176
bird 0.0014 0 47 478 223
bird 0.0013 232 151 249 177
bird 0.0013 108 146 132 180
bird 0.0011 38 134 214 188
bird 0.0010 277 137 286 145
cat 0.0012 75 134 130 182
cat 0.0012 206 150 239 183
dog 0.0054 205 151 239 183
dog 0.0032 75 134 130 182
dog 0.0012 408 117 438 180
horse 0.0017 409 116 438 181
sheep 0.0042 206 151 238 184
sheep 0.0012 75 134 130 182
