person 0.8337 119 63 252 285
person 0.0146 146 63 254 201
person 0.0096 165 56 300 246
person 0.0027 85 134 297 345
person 0.0025 128 89 210 317
person 0.0013 151 103 225 257
person 0.0011 72 81 229 325
person 0.0011 193 76 250 225
person 0.0010 128 136 269 254
car 0.0789 344 125 387 153
car 0.0047 293 109 315 125
car 0.0043 1 305 390 471
car 0.0041 232 51 250 59
car 0.0022 377 128 390 154
car 0.0020 257 41 292 62
car 0.0012 285 165 303 179
motorbike 0.0010 2 217 393 470
boat 0.0033 -1 290 385 467
horse 0.5201 86 137 296 367
horse 0.0436 57 120 350 451
horse 0.0274 -1 290 385 467
horse 0.0116 111 80 286 298
horse 0.0047 169 139 295 327
cow 0.0015 83 132 294 415
