person 0.8588 54 46 259 374
person 0.8246 0 64 80 375
person 0.7438 376 107 499 370
person 0.5930 285 109 421 355
person 0.5390 201 84 295 368
person 0.4921 395 8 499 156
person 0.1795 207 91 294 235
person 0.1115 0 294 37 373
person 0.0662 131 111 178 330
person 0.0647 420 13 500 278
person 0.0477 135 147 169 258
person 0.0293 466 57 499 206
person 0.0233 96 77 223 332
person 0.0212 237 110 317 345
person 0.0206 461 39 499 350
person 0.0143 453 11 499 145
person 0.0141 1 76 59 266
person 0.0131 465 83 499 145
person 0.0125 -1 69 31 367
person 0.0116 446 90 498 251
person 0.0109 260 210 406 371
person 0.0080 1 241 62 372
person 0.0062 -2 58 154 375
person 0.0058 474 80 499 277
person 0.0057 480 87 500 139
person 0.0044 272 45 505 326
person 0.0041 228 136 295 299
person 0.0040 268 291 393 374
person 0.0033 297 144 353 220
person 0.0030 1 218 42 249
person 0.0028 237 104 386 380
person 0.0028 364 29 484 307
person 0.0027 274 168 501 369
person 0.0026 396 64 464 169
person 0.0025 0 148 48 383
person 0.0019 392 90 501 192
person 0.0018 2 148 69 286
person 0.0018 236 169 290 243
person 0.0017 1 181 42 253
person 0.0017 16 109 46 173
person 0.0017 0 114 39 245
person 0.0014 262 105 357 308
person 0.0013 3 133 70 226
person 0.0013 462 79 499 109
person 0.0013 229 191 283 365
person 0.0012 248 184 264 197
person 0.0011 469 142 499 235
person 0.0010 397 86 449 144
person 0.0010 5 127 41 156
person 0.0010 125 151 193 255
person 0.0010 312 163 330 183
bottle 0.0131 131 170 180 354
bottle 0.0032 312 163 330 183
bottle 0.0012 168 253 180 277
chair 0.1165 0 294 37 373
chair 0.0910 254 228 397 370
chair 0.0210 268 237 315 295
chair 0.0159 268 291 393 374
chair 0.0100 249 226 334 322
chair 0.0099 9 245 72 372
chair 0.0098 229 278 261 365
chair 0.0078 232 114 412 372
chair 0.0077 227 153 340 359
chair 0.0032 232 274 256 321
chair 0.0029 362 294 399 317
chair 0.0025 1 131 85 371
chair 0.0023 237 278 251 304
chair 0.0021 218 240 312 366
chair 0.0017 378 154 397 188
chair 0.0013 235 250 262 336
chair 0.0012 213 149 280 371
chair 0.0011 0 271 25 347
chair 0.0010 0 295 21 336
chair 0.0010 395 8 499 167
sofa 0.1401 259 229 396 370
sofa 0.0206 268 291 393 374
sofa 0.0140 232 114 412 372
sofa 0.0067 267 283 510 366
sofa 0.0063 0 294 37 373
sofa 0.0061 267 233 321 302
sofa 0.0055 361 292 403 320
sofa 0.0050 249 226 334 322
sofa 0.0035 209 130 342 362
sofa 0.0028 274 165 500 374
sofa 0.0022 226 152 293 370
sofa 0.0013 229 273 261 360
sofa 0.0012 251 158 317 362
sofa 0.0011 155 116 291 371
sofa 0.0010 60 46 275 367
diningtable 0.0014 0 293 37 373
