person 0.0026 5 0 101 30
person 0.0023 2 0 37 28
person 0.0018 239 473 375 499
person 0.0015 102 13 262 430
bicycle 0.0012 213 148 303 242
bird 0.0010 114 53 251 463
bottle 0.5669 115 48 249 468
bottle 0.0126 181 9 239 50
bottle 0.0059 25 117 350 481
bottle 0.0052 244 142 302 180
bottle 0.0033 83 80 140 124
bottle 0.0021 111 9 230 289
bottle 0.0016 114 157 251 367
chair 0.0966 276 171 374 245
chair 0.0227 92 169 148 247
chair 0.0134 215 159 318 248
chair 0.0093 38 15 275 467
chair 0.0039 87 77 168 382
chair 0.0032 106 12 244 392
chair 0.0028 83 86 153 240
chair 0.0023 243 141 301 179
chair 0.0020 99 193 146 272
chair 0.0016 41 77 228 351
sofa 0.1828 276 171 374 245
sofa 0.0036 215 159 318 248
sofa 0.0011 105 20 249 469
sofa 0.0010 -19 183 393 495
pottedplant 0.0086 240 470 375 499
pottedplant 0.0064 105 20 249 469
pottedplant 0.0027 83 86 153 240
pottedplant 0.0025 94 13 284 281
pottedplant 0.0014 245 140 301 179
diningtable 0.4248 3 216 376 496
diningtable 0.0232 42 37 271 478
diningtable 0.0166 224 230 373 500
diningtable 0.0160 116 76 245 461
diningtable 0.0095 0 229 137 499
diningtable 0.0071 5 360 375 501
diningtable 0.0042 208 169 383 244
diningtable 0.0041 239 240 373 306
diningtable 0.0036 212 157 304 243
diningtable 0.0035 -1 239 126 301
diningtable 0.0026 107 50 378 472
diningtable 0.0024 242 469 378 499
diningtable 0.0020 -3 290 249 498
diningtable 0.0019 10 446 357 500
diningtable 0.0015 9 467 228 500
