person 0.0058 137 264 168 298
person 0.0013 480 156 500 188
person 0.0013 456 149 499 186
person 0.0010 142 260 176 290
bird 0.0046 137 268 165 298
bird 0.0031 20 193 53 223
bird 0.0013 404 256 418 266
bird 0.0011 55 186 93 212
dog 0.0087 45 218 126 264
dog 0.0039 79 156 108 183
dog 0.0030 206 162 238 210
dog 0.0025 19 193 56 223
dog 0.0018 55 186 91 212
horse 0.0119 206 162 238 210
horse 0.0030 457 151 499 187
horse 0.0023 45 218 126 264
horse 0.0021 79 156 108 183
horse 0.0016 20 193 53 223
horse 0.0011 55 187 92 215
sheep 0.0087 206 162 239 210
sheep 0.0056 19 193 56 223
sheep 0.0039 56 186 93 215
sheep 0.0038 41 217 125 266
sheep 0.0037 79 155 108 184
sheep 0.0026 458 150 499 187
sheep 0.0017 480 156 500 188
cow 0.9013 41 217 128 270
cow 0.8681 206 162 238 211
cow 0.7977 79 156 108 183
cow 0.7061 458 151 498 187
cow 0.6822 55 186 93 215
cow 0.5905 21 192 54 223
cow 0.3495 481 157 500 188
cow 0.1546 21 188 88 220
cow 0.0464 456 147 481 184
cow 0.0274 479 153 500 175
cow 0.0145 458 148 476 162
cow 0.0144 37 189 100 240
cow 0.0104 465 151 499 171
cow 0.0101 483 173 499 188
cow 0.0099 21 197 40 223
cow 0.0081 457 149 496 164
cow 0.0079 456 157 470 183
cow 0.0056 458 165 499 194
cow 0.0054 54 192 79 216
cow 0.0050 138 267 165 297
cow 0.0049 459 162 482 186
cow 0.0037 398 138 433 152
cow 0.0035 488 201 499 367
cow 0.0033 61 153 110 202
cow 0.0030 13 176 22 189
cow 0.0025 22 189 121 273
cow 0.0021 234 137 257 161
cow 0.0021 0 233 18 285
cow 0.0020 457 147 469 160
cow 0.0018 236 132 273 169
cow 0.0017 481 151 499 161
cow 0.0017 411 139 435 153
cow 0.0017 454 147 471 174
cow 0.0016 41 156 102 225
cow 0.0016 476 189 500 375
cow 0.0015 490 154 500 166
cow 0.0014 457 145 473 155
cow 0.0014 81 153 119 190
cow 0.0014 398 137 421 149
cow 0.0013 51 162 95 208
cow 0.0013 7 176 23 194
cow 0.0012 488 150 500 169
cow 0.0012 433 146 479 183
cow 0.0011 492 147 500 160
cow 0.0011 485 179 499 192
cow 0.0011 458 143 494 158
cow 0.0011 22 179 98 210
cow 0.0010 0 134 13 144
cow 0.0010 36 214 107 252
cow 0.0010 448 142 475 157
cow 0.0010 410 142 473 178
cow 0.0010 21 191 47 212
