person 0.9421 227 89 498 370
person 0.2018 215 203 223 220
person 0.0626 214 203 220 213
person 0.0502 213 212 238 238
person 0.0473 218 208 224 228
person 0.0378 65 199 75 211
person 0.0350 158 150 171 167
person 0.0249 95 164 108 176
person 0.0247 214 203 237 221
person 0.0216 218 207 233 221
person 0.0195 229 207 241 219
person 0.0182 159 154 177 167
person 0.0172 60 198 72 210
person 0.0164 202 205 221 236
person 0.0149 216 203 222 212
person 0.0146 205 222 240 239
person 0.0143 213 206 229 230
person 0.0140 110 162 121 175
person 0.0115 404 205 466 234
person 0.0108 178 160 191 169
person 0.0107 205 227 218 241
person 0.0100 128 161 138 173
person 0.0090 122 160 133 173
person 0.0087 163 160 178 167
person 0.0081 55 196 65 210
person 0.0080 117 160 129 173
person 0.0078 170 160 184 168
person 0.0071 198 213 207 234
person 0.0066 204 219 217 240
person 0.0064 183 160 195 169
person 0.0062 104 163 116 175
person 0.0057 44 196 53 209
person 0.0052 241 206 250 219
person 0.0046 46 195 58 209
person 0.0046 80 198 92 211
person 0.0045 91 198 101 211
person 0.0043 178 164 189 173
person 0.0038 69 199 79 210
person 0.0037 228 201 248 219
person 0.0036 207 203 218 215
person 0.0036 50 195 68 208
person 0.0033 38 196 46 209
person 0.0033 67 195 76 207
person 0.0031 428 205 469 227
person 0.0029 227 207 253 231
person 0.0028 172 166 184 175
person 0.0027 54 184 64 191
person 0.0026 131 162 144 173
person 0.0026 59 189 71 210
person 0.0025 85 165 95 177
person 0.0025 208 201 224 221
person 0.0025 10 135 199 238
person 0.0023 82 197 99 211
person 0.0022 197 204 206 231
person 0.0021 90 135 97 145
person 0.0021 165 165 178 173
person 0.0020 184 163 195 172
person 0.0020 77 163 133 177
person 0.0018 158 149 166 163
person 0.0017 159 166 172 175
person 0.0017 172 156 192 168
person 0.0017 223 217 242 233
person 0.0016 245 201 254 215
person 0.0014 195 210 204 234
person 0.0014 211 196 245 228
person 0.0014 59 182 69 190
person 0.0014 87 162 114 177
person 0.0014 104 139 112 148
person 0.0013 41 183 50 190
person 0.0013 75 162 95 177
person 0.0012 39 195 55 208
person 0.0012 48 184 60 190
person 0.0012 450 205 468 220
person 0.0012 0 158 3 172
person 0.0012 247 207 255 220
person 0.0011 61 192 85 213
person 0.0011 198 200 206 221
person 0.0010 129 159 138 168
person 0.0010 194 206 202 226
person 0.0010 246 214 264 234
bicycle 0.0035 210 214 244 237
bicycle 0.0031 218 208 224 228
bicycle 0.0020 213 206 229 230
bicycle 0.0016 215 204 224 222
bicycle 0.0012 221 216 243 234
bicycle 0.0011 205 228 218 241
bicycle 0.0011 229 207 241 219
car 0.8217 405 205 468 234
car 0.4258 427 205 470 227
car 0.0284 447 205 468 225
car 0.0279 207 221 241 238
car 0.0213 422 205 462 219
car 0.0193 228 205 241 219
car 0.0104 213 203 240 221
car 0.0089 206 228 218 240
car 0.0077 208 203 250 231
car 0.0076 253 222 264 236
car 0.0073 227 201 250 219
car 0.0072 251 218 262 226
car 0.0064 216 204 225 222
car 0.0064 405 206 436 225
car 0.0060 220 205 238 219
car 0.0058 218 207 233 221
car 0.0049 232 207 244 220
car 0.0048 241 202 253 219
car 0.0046 225 207 254 231
car 0.0041 245 201 254 215
car 0.0033 213 206 229 230
car 0.0033 406 207 425 215
car 0.0031 242 220 266 236
car 0.0027 216 216 248 235
car 0.0027 245 198 254 208
car 0.0027 202 205 232 238
car 0.0026 386 192 466 245
car 0.0024 396 233 413 241
car 0.0021 223 221 247 237
car 0.0021 247 207 255 220
car 0.0019 229 91 497 366
car 0.0019 426 208 454 232
car 0.0017 218 208 224 228
car 0.0017 398 205 432 234
car 0.0016 252 214 261 223
car 0.0016 229 202 241 213
car 0.0015 438 206 467 219
car 0.0015 226 197 257 214
car 0.0013 239 199 257 219
car 0.0013 246 214 264 234
car 0.0012 214 202 222 217
car 0.0011 227 213 262 237
car 0.0011 204 218 224 240
car 0.0011 198 213 207 234
car 0.0011 198 206 220 238
car 0.0010 421 204 451 215
motorbike 0.0025 214 203 225 226
motorbike 0.0016 205 228 218 241
motorbike 0.0016 212 213 240 238
motorbike 0.0013 211 203 232 227
bus 0.9469 13 144 201 244
bus 0.0016 205 214 243 240
bus 0.0011 404 205 466 234
train 0.0027 13 145 205 243
chair 0.0012 205 222 240 239
