bottle 0.0197 198 231 224 273
bottle 0.0067 136 241 150 274
bottle 0.0036 127 208 155 245
bottle 0.0017 133 233 156 275
chair 0.0068 21 190 149 295
chair 0.0064 127 208 155 245
chair 0.0053 139 86 444 255
chair 0.0043 13 187 304 366
chair 0.0026 197 231 222 267
chair 0.0014 483 101 499 142
chair 0.0010 485 123 499 151
sofa 0.8727 130 84 442 256
sofa 0.0063 4 96 467 357
sofa 0.0045 128 208 155 245
sofa 0.0023 20 196 395 354
sofa 0.0012 -2 172 327 303
sofa 0.0010 10 189 152 282
pottedplant 0.6511 273 0 396 103
pottedplant 0.0063 390 63 424 98
pottedplant 0.0058 392 29 428 62
pottedplant 0.0033 128 208 155 245
pottedplant 0.0024 270 42 315 90
pottedplant 0.0012 273 58 308 93
pottedplant 0.0012 254 40 360 97
pottedplant 0.0011 387 65 408 99
diningtable 0.2369 13 187 305 366
diningtable 0.0170 197 231 222 267
diningtable 0.0096 4 96 467 357
diningtable 0.0086 127 208 155 245
diningtable 0.0021 23 189 149 299
diningtable 0.0020 105 206 191 254
diningtable 0.0010 2 182 276 290
tvmonitor 0.0014 434 91 476 131
