person 0.0033 269 0 372 195
person 0.0025 -7 -8 377 474
person 0.0023 179 0 374 219
person 0.0010 235 0 277 133
car 0.0108 1 1 218 230
car 0.0054 -1 11 379 431
car 0.0034 0 0 195 96
car 0.0012 -5 2 379 183
boat 0.0074 -7 -8 377 474
cat 0.0060 106 123 374 451
dog 0.8250 105 125 375 451
dog 0.0032 -7 -8 377 474
dog 0.0017 127 3 373 327
bottle 0.0161 234 0 277 134
bottle 0.0015 238 1 277 72
bottle 0.0011 187 0 285 135
chair 0.0288 -7 4 377 436
chair 0.0066 178 0 374 220
chair 0.0045 234 0 277 135
chair 0.0043 2 3 236 255
chair 0.0033 271 0 372 203
chair 0.0010 188 0 285 135
sofa 0.3170 -7 -8 377 474
sofa 0.0084 2 3 236 255
sofa 0.0063 219 2 374 312
sofa 0.0028 269 0 372 194
sofa 0.0012 107 113 375 446
diningtable 0.0200 -7 -8 377 474
diningtable 0.0016 2 3 214 244
