person 0.0364 464 -1 499 326
person 0.0011 0 175 6 238
person 0.0010 0 169 6 181
bicycle 0.0010 252 171 374 325
cat 0.0020 464 -1 499 326
dog 0.0014 464 -1 499 326
horse 0.0023 464 -1 499 326
chair 0.8751 257 181 374 320
chair 0.5513 411 228 478 327
chair 0.4073 321 164 369 217
chair 0.1313 330 198 474 324
chair 0.0929 294 163 371 242
chair 0.0549 425 226 478 284
chair 0.0436 387 188 420 201
chair 0.0288 311 164 383 300
chair 0.0279 330 197 475 248
chair 0.0272 395 197 477 272
chair 0.0158 322 202 398 316
chair 0.0119 464 6 500 329
chair 0.0114 0 236 13 312
chair 0.0090 385 191 478 232
chair 0.0088 211 93 281 163
chair 0.0072 307 133 352 162
chair 0.0058 445 227 476 274
chair 0.0049 388 193 471 212
chair 0.0045 256 167 365 260
chair 0.0039 102 192 154 228
chair 0.0038 0 236 12 257
chair 0.0036 380 201 453 323
chair 0.0036 279 237 374 319
chair 0.0033 235 93 276 130
chair 0.0028 240 94 270 119
chair 0.0027 0 171 6 231
chair 0.0027 298 185 440 257
chair 0.0022 386 183 424 208
chair 0.0022 432 257 478 320
chair 0.0020 376 181 432 218
chair 0.0019 254 182 322 308
chair 0.0018 456 190 481 290
chair 0.0016 24 307 88 332
chair 0.0015 430 217 475 264
chair 0.0015 36 173 160 302
chair 0.0014 313 192 425 234
chair 0.0014 379 200 432 232
chair 0.0013 458 232 478 278
chair 0.0012 239 128 276 162
chair 0.0012 384 237 433 279
chair 0.0012 470 219 499 327
chair 0.0012 438 226 485 317
chair 0.0011 307 135 361 195
chair 0.0011 54 183 157 239
chair 0.0011 335 168 362 204
sofa 0.0023 464 6 500 329
sofa 0.0014 256 178 367 320
sofa 0.0012 330 198 474 324
pottedplant 0.3966 34 177 135 326
pottedplant 0.0418 57 233 160 331
pottedplant 0.0250 30 217 103 329
pottedplant 0.0134 36 170 132 259
pottedplant 0.0106 214 112 235 136
pottedplant 0.0089 205 99 280 164
pottedplant 0.0071 54 183 157 239
pottedplant 0.0064 101 192 157 242
pottedplant 0.0058 26 290 88 332
pottedplant 0.0053 102 192 152 218
pottedplant 0.0052 0 236 12 319
pottedplant 0.0050 208 115 236 146
pottedplant 0.0047 215 123 234 137
pottedplant 0.0037 307 133 353 163
pottedplant 0.0031 464 6 500 329
pottedplant 0.0027 205 105 246 160
pottedplant 0.0026 34 234 72 316
pottedplant 0.0026 33 168 85 312
pottedplant 0.0024 217 110 236 123
pottedplant 0.0020 216 105 239 131
pottedplant 0.0020 0 286 6 313
pottedplant 0.0018 81 193 136 245
pottedplant 0.0017 73 178 161 317
pottedplant 0.0017 206 98 239 142
pottedplant 0.0015 26 88 143 285
pottedplant 0.0014 281 116 307 137
pottedplant 0.0014 88 137 106 195
pottedplant 0.0013 344 68 397 196
pottedplant 0.0012 214 88 280 135
pottedplant 0.0010 219 107 242 146
pottedplant 0.0010 327 3 438 201
diningtable 0.5927 330 198 474 324
diningtable 0.1020 325 198 474 242
diningtable 0.0076 388 188 419 201
diningtable 0.0072 386 195 475 225
diningtable 0.0060 308 177 418 293
diningtable 0.0057 256 178 376 320
diningtable 0.0053 320 165 368 207
diningtable 0.0045 411 228 478 327
diningtable 0.0036 0 235 12 254
diningtable 0.0031 344 204 424 314
diningtable 0.0024 380 201 453 323
diningtable 0.0023 0 235 13 297
diningtable 0.0021 463 -1 500 330
diningtable 0.0020 391 197 476 271
diningtable 0.0020 313 192 425 234
diningtable 0.0016 323 164 380 303
diningtable 0.0014 360 199 426 235
diningtable 0.0013 204 111 281 164
