person 0.9339 251 119 488 369
person 0.8002 214 51 291 165
person 0.7914 34 31 95 143
person 0.6705 151 61 278 202
person 0.6265 147 0 201 78
person 0.6257 55 82 186 257
person 0.6138 78 30 144 111
person 0.5785 0 68 18 108
person 0.5420 108 12 153 78
person 0.3552 77 69 321 369
person 0.2165 85 10 131 65
person 0.1741 0 61 31 101
person 0.1258 0 39 26 64
person 0.1145 0 44 28 83
person 0.1005 108 10 124 21
person 0.0711 0 32 6 47
person 0.0621 1 40 23 56
person 0.0552 0 45 40 108
person 0.0400 14 44 82 127
person 0.0399 0 33 16 52
person 0.0384 1 49 28 70
person 0.0251 0 56 22 78
person 0.0202 80 20 127 90
person 0.0171 109 10 131 28
person 0.0160 0 102 42 165
person 0.0139 59 103 199 369
person 0.0132 121 1 211 103
person 0.0131 0 43 11 59
person 0.0128 104 11 125 40
person 0.0105 55 103 89 157
person 0.0094 126 72 157 121
person 0.0085 108 32 158 120
person 0.0078 -1 65 38 139
person 0.0075 181 88 332 352
person 0.0071 40 70 288 249
person 0.0067 129 114 175 144
person 0.0067 16 52 48 72
person 0.0058 110 16 148 43
person 0.0057 52 36 139 144
person 0.0054 83 11 119 44
person 0.0053 0 49 9 68
person 0.0052 9 61 47 93
person 0.0047 115 44 150 106
person 0.0047 0 65 14 94
person 0.0045 92 77 136 138
person 0.0045 132 29 206 128
person 0.0041 197 84 265 140
person 0.0040 22 65 47 90
person 0.0040 6 53 28 66
person 0.0039 96 187 251 360
person 0.0039 16 42 41 61
person 0.0038 83 89 232 208
person 0.0033 236 123 330 322
person 0.0031 103 3 133 46
person 0.0031 216 96 241 121
person 0.0031 287 116 336 245
person 0.0031 111 16 135 36
person 0.0030 123 18 144 29
person 0.0030 266 48 311 114
person 0.0029 11 71 44 104
person 0.0027 93 7 182 78
person 0.0027 186 34 204 67
person 0.0027 0 74 20 151
person 0.0027 96 32 135 83
person 0.0026 19 60 49 79
person 0.0026 0 30 13 46
person 0.0023 106 48 139 84
person 0.0022 47 144 57 160
person 0.0022 174 18 212 77
person 0.0021 137 73 244 267
person 0.0021 57 83 133 160
person 0.0021 13 83 40 101
person 0.0021 43 36 128 85
person 0.0020 21 55 58 121
person 0.0020 0 89 17 110
person 0.0020 74 35 113 82
person 0.0020 80 46 164 133
person 0.0019 25 69 54 106
person 0.0018 40 58 115 157
person 0.0018 177 172 201 208
person 0.0017 0 60 14 81
person 0.0017 86 11 110 35
person 0.0017 46 144 60 175
person 0.0016 0 29 26 53
person 0.0015 0 58 11 72
person 0.0014 255 273 419 372
person 0.0014 115 59 141 75
person 0.0013 260 192 402 343
person 0.0012 76 80 161 149
person 0.0012 12 80 42 122
person 0.0012 122 26 153 89
person 0.0012 202 59 306 245
person 0.0011 186 49 203 70
person 0.0011 97 10 126 28
person 0.0011 21 55 47 65
person 0.0011 11 23 121 114
person 0.0010 42 82 171 173
person 0.0010 28 33 90 83
person 0.0010 0 204 20 224
bottle 0.5404 46 144 60 173
bottle 0.0725 45 149 61 190
bottle 0.0387 47 144 57 159
bottle 0.0171 47 128 62 162
bottle 0.0092 45 163 57 191
bottle 0.0058 43 117 70 163
bottle 0.0044 47 141 63 156
bottle 0.0035 0 182 60 212
bottle 0.0027 0 68 19 107
bottle 0.0022 133 19 137 28
bottle 0.0021 0 33 4 45
bottle 0.0018 50 145 69 168
bottle 0.0018 58 149 70 159
bottle 0.0015 29 119 64 159
bottle 0.0013 57 102 88 159
bottle 0.0013 0 60 30 97
bottle 0.0012 1 54 26 77
bottle 0.0011 2 40 23 55
chair 0.8012 266 48 311 112
chair 0.4781 0 102 42 164
chair 0.4120 57 102 88 159
chair 0.3118 286 117 335 243
chair 0.2445 92 196 250 369
chair 0.2122 68 240 199 372
chair 0.1679 286 114 309 141
chair 0.1511 66 253 116 373
chair 0.0843 236 123 330 322
chair 0.0717 365 256 477 374
chair 0.0696 288 117 321 173
chair 0.0623 112 133 337 368
chair 0.0561 197 49 227 84
chair 0.0503 244 320 405 373
chair 0.0493 186 49 203 70
chair 0.0478 47 110 73 156
chair 0.0458 20 64 48 86
chair 0.0443 370 330 443 376
chair 0.0300 174 181 200 208
chair 0.0282 57 94 185 369
chair 0.0244 47 120 67 147
chair 0.0215 0 62 23 90
chair 0.0214 234 127 397 370
chair 0.0202 215 95 237 119
chair 0.0180 0 32 6 47
chair 0.0172 25 85 38 97
chair 0.0169 128 115 172 145
chair 0.0169 47 128 62 162
chair 0.0167 214 51 291 167
chair 0.0163 253 277 457 372
chair 0.0162 190 43 216 79
chair 0.0162 21 60 49 76
chair 0.0160 1 40 23 56
chair 0.0147 147 2 212 121
chair 0.0142 0 68 19 107
chair 0.0141 128 73 156 121
chair 0.0134 0 40 27 67
chair 0.0131 211 95 232 109
chair 0.0128 263 127 294 166
chair 0.0119 206 80 227 100
chair 0.0117 65 208 143 358
chair 0.0109 255 112 347 266
chair 0.0109 256 344 386 373
chair 0.0104 16 95 39 104
chair 0.0097 280 114 297 142
chair 0.0095 22 71 44 94
chair 0.0094 13 83 40 101
chair 0.0093 130 112 167 130
chair 0.0091 292 48 312 113
chair 0.0087 206 81 225 92
chair 0.0085 9 61 47 93
chair 0.0085 38 103 84 152
chair 0.0079 0 33 16 52
chair 0.0078 0 44 28 83
chair 0.0075 21 55 46 65
chair 0.0074 4 101 78 160
chair 0.0073 150 54 289 200
chair 0.0071 193 20 229 55
chair 0.0071 209 93 226 106
chair 0.0071 0 56 22 77
chair 0.0071 195 26 229 88
chair 0.0071 372 359 406 375
chair 0.0069 172 183 187 207
chair 0.0068 82 22 155 121
chair 0.0066 0 145 106 349
chair 0.0065 25 57 49 68
chair 0.0062 35 32 94 144
chair 0.0060 17 53 48 72
chair 0.0054 186 34 204 67
chair 0.0054 16 42 41 61
chair 0.0053 212 91 246 126
chair 0.0053 48 143 112 328
chair 0.0050 287 130 318 197
chair 0.0048 263 144 285 166
chair 0.0048 276 148 292 164
chair 0.0047 55 216 100 267
chair 0.0046 197 84 265 140
chair 0.0042 124 59 154 106
chair 0.0041 14 44 82 127
chair 0.0039 129 94 159 123
chair 0.0038 241 316 284 372
chair 0.0038 1 51 34 68
chair 0.0037 71 73 304 277
chair 0.0036 315 0 336 132
chair 0.0034 299 127 324 178
chair 0.0034 84 292 215 366
chair 0.0034 0 58 36 117
chair 0.0034 127 211 205 368
chair 0.0033 183 160 196 181
chair 0.0033 408 332 443 372
chair 0.0032 35 68 48 97
chair 0.0032 117 59 139 75
chair 0.0032 31 79 44 101
chair 0.0031 36 123 57 157
chair 0.0031 113 37 153 113
chair 0.0030 25 69 54 106
chair 0.0030 46 145 60 171
chair 0.0029 190 38 201 54
chair 0.0029 288 120 311 156
chair 0.0028 192 76 340 334
sofa 0.0237 82 74 330 369
sofa 0.0152 216 134 328 364
sofa 0.0124 0 102 42 164
sofa 0.0067 284 116 334 245
sofa 0.0057 228 153 408 370
sofa 0.0035 198 49 226 86
sofa 0.0033 248 116 337 284
sofa 0.0026 0 67 19 107
sofa 0.0025 365 248 478 371
sofa 0.0022 252 273 423 373
sofa 0.0021 103 195 246 368
sofa 0.0020 0 60 29 98
sofa 0.0019 52 74 185 361
sofa 0.0018 19 60 49 79
sofa 0.0017 0 40 27 67
sofa 0.0016 57 102 88 159
sofa 0.0015 265 47 310 109
sofa 0.0014 145 59 280 277
sofa 0.0011 17 53 48 72
diningtable 0.0919 128 115 172 145
diningtable 0.0711 0 183 58 214
diningtable 0.0557 0 153 73 252
diningtable 0.0313 0 132 94 302
diningtable 0.0299 0 211 71 252
diningtable 0.0277 0 191 74 275
diningtable 0.0233 56 80 192 252
diningtable 0.0182 207 82 225 92
diningtable 0.0177 148 62 272 201
diningtable 0.0162 130 112 169 130
diningtable 0.0144 44 150 60 191
diningtable 0.0129 197 50 228 88
diningtable 0.0124 15 95 39 104
diningtable 0.0117 20 61 49 78
diningtable 0.0085 206 80 227 100
diningtable 0.0073 0 67 19 107
diningtable 0.0072 128 74 157 122
diningtable 0.0071 6 85 180 312
diningtable 0.0069 266 48 311 112
diningtable 0.0066 46 144 60 175
diningtable 0.0065 193 19 229 55
diningtable 0.0062 3 134 98 222
diningtable 0.0059 17 53 48 72
diningtable 0.0059 214 51 290 166
diningtable 0.0057 83 89 232 208
diningtable 0.0055 209 88 228 107
diningtable 0.0051 0 61 31 101
diningtable 0.0050 1 185 99 361
diningtable 0.0048 0 103 42 161
diningtable 0.0040 214 95 237 115
diningtable 0.0039 13 83 40 101
diningtable 0.0034 21 55 46 65
diningtable 0.0033 147 0 201 79
diningtable 0.0028 24 85 38 97
diningtable 0.0028 0 40 27 67
diningtable 0.0026 0 204 20 223
diningtable 0.0024 45 163 57 191
diningtable 0.0023 -1 140 58 202
diningtable 0.0022 11 99 41 114
diningtable 0.0022 59 101 91 158
diningtable 0.0022 14 44 82 127
diningtable 0.0021 35 32 94 144
diningtable 0.0019 47 82 172 162
diningtable 0.0019 0 178 23 196
diningtable 0.0018 1 193 47 219
diningtable 0.0017 0 176 34 202
diningtable 0.0017 1 54 26 77
diningtable 0.0016 144 113 168 128
diningtable 0.0015 16 46 41 62
diningtable 0.0014 0 71 38 132
diningtable 0.0013 136 53 223 127
diningtable 0.0013 189 43 218 79
diningtable 0.0012 202 68 225 88
diningtable 0.0012 1 51 34 68
diningtable 0.0010 132 117 194 138
diningtable 0.0010 78 34 148 122
diningtable 0.0010 0 57 23 88
diningtable 0.0010 11 71 44 104
diningtable 0.0010 18 56 49 88
diningtable 0.0010 12 80 42 122
tvmonitor 0.1255 57 103 89 158
tvmonitor 0.0520 0 102 42 165
tvmonitor 0.0476 1 58 25 88
tvmonitor 0.0168 21 60 49 76
tvmonitor 0.0129 0 66 20 107
tvmonitor 0.0084 1 62 36 101
tvmonitor 0.0075 1 39 26 63
tvmonitor 0.0047 0 54 37 75
tvmonitor 0.0039 21 55 46 65
tvmonitor 0.0038 196 32 228 87
tvmonitor 0.0036 0 44 28 83
tvmonitor 0.0036 20 64 48 86
tvmonitor 0.0029 52 88 135 163
tvmonitor 0.0027 18 47 41 61
tvmonitor 0.0027 1 49 28 70
tvmonitor 0.0019 35 32 94 144
tvmonitor 0.0017 8 60 32 85
tvmonitor 0.0017 9 61 47 93
tvmonitor 0.0016 0 182 60 212
tvmonitor 0.0016 5 39 22 52
tvmonitor 0.0016 0 58 12 72
tvmonitor 0.0015 16 52 48 72
tvmonitor 0.0013 0 33 4 45
tvmonitor 0.0013 14 44 82 127
tvmonitor 0.0011 7 57 30 71
tvmonitor 0.0011 193 19 229 55
