person 0.8255 122 336 155 456
person 0.7682 214 350 253 465
person 0.7150 203 311 246 370
person 0.7021 185 346 211 443
person 0.6720 160 344 188 435
person 0.6585 260 337 305 456
person 0.6029 148 339 169 438
person 0.4253 241 347 265 443
person 0.4194 202 345 229 445
person 0.2829 264 322 292 365
person 0.0811 292 361 311 397
person 0.0766 258 346 281 432
person 0.0593 242 361 264 407
person 0.0572 243 349 265 393
person 0.0486 205 333 234 418
person 0.0443 210 349 227 428
person 0.0331 260 363 278 398
person 0.0296 278 346 310 399
person 0.0266 244 342 278 397
person 0.0240 261 339 287 399
person 0.0225 155 348 178 425
person 0.0211 201 362 221 430
person 0.0186 213 319 272 398
person 0.0184 192 367 223 449
person 0.0168 243 377 258 400
person 0.0156 137 339 172 413
person 0.0145 268 326 305 390
person 0.0144 324 478 369 499
person 0.0135 248 345 269 379
person 0.0111 243 345 259 375
person 0.0107 150 339 169 384
person 0.0102 275 382 294 402
person 0.0097 182 354 203 429
person 0.0086 187 367 209 405
person 0.0076 178 361 191 422
person 0.0071 123 333 149 401
person 0.0070 211 352 230 391
person 0.0068 191 357 212 388
person 0.0062 156 351 180 392
person 0.0058 113 401 131 415
person 0.0056 254 344 275 388
person 0.0054 339 0 375 129
person 0.0053 206 333 245 382
person 0.0053 269 348 302 408
person 0.0051 241 338 253 369
person 0.0046 266 323 287 351
person 0.0045 208 343 236 378
person 0.0045 222 359 256 433
person 0.0039 273 342 291 387
person 0.0038 362 482 374 499
person 0.0035 275 322 300 357
person 0.0034 118 369 139 431
person 0.0034 203 345 303 472
person 0.0028 216 403 276 468
person 0.0028 219 317 258 373
person 0.0028 249 366 269 400
person 0.0025 287 358 309 416
person 0.0025 276 335 303 370
person 0.0024 161 354 187 387
person 0.0023 189 375 208 394
person 0.0023 79 330 267 464
person 0.0021 259 383 298 447
person 0.0021 245 336 265 366
person 0.0021 114 343 142 451
person 0.0021 203 335 227 374
person 0.0019 197 347 217 373
person 0.0019 151 357 163 434
person 0.0018 233 351 249 379
person 0.0017 168 341 185 362
person 0.0017 294 334 318 395
person 0.0016 271 340 291 365
person 0.0016 158 338 167 355
person 0.0015 283 349 311 458
person 0.0015 215 383 226 423
person 0.0014 114 363 295 491
person 0.0013 184 370 200 400
person 0.0013 281 329 296 353
person 0.0013 186 345 206 372
person 0.0012 254 382 273 403
person 0.0012 274 371 297 401
person 0.0012 241 387 262 441
person 0.0012 286 335 307 384
person 0.0011 152 338 168 363
person 0.0011 105 333 200 456
person 0.0011 259 335 272 374
person 0.0011 217 353 235 379
person 0.0011 158 340 173 361
person 0.0011 220 350 247 379
person 0.0010 190 343 205 361
car 0.0020 292 414 375 481
bird 0.0021 113 401 130 416
dog 0.0096 111 400 130 417
dog 0.0032 324 478 369 499
dog 0.0021 120 337 152 456
bottle 0.0029 185 344 210 439
bottle 0.0026 190 365 206 381
bottle 0.0025 276 372 297 400
bottle 0.0020 104 442 117 470
bottle 0.0018 159 344 189 428
bottle 0.0017 189 378 208 393
bottle 0.0014 191 361 210 386
bottle 0.0013 187 367 209 405
bottle 0.0013 204 345 228 416
bottle 0.0013 260 331 301 448
bottle 0.0012 288 460 301 478
bottle 0.0011 115 401 130 417
bottle 0.0011 243 373 258 399
bottle 0.0010 164 356 186 385
chair 0.0079 362 482 374 499
chair 0.0050 292 415 378 480
chair 0.0021 123 470 162 500
chair 0.0012 160 344 188 435
chair 0.0012 184 348 211 444
chair 0.0011 324 479 373 499
sofa 0.0077 290 414 374 479
sofa 0.0018 362 482 374 499
diningtable 0.0012 362 482 374 499
tvmonitor 0.0010 290 414 374 479
