person 0.0099 411 111 447 138
person 0.0083 396 119 422 140
person 0.0044 408 61 422 78
person 0.0033 405 121 437 137
person 0.0032 492 151 500 198
person 0.0032 397 110 434 139
person 0.0025 398 121 413 138
person 0.0022 422 118 446 140
person 0.0015 336 42 474 256
person 0.0014 396 61 409 79
person 0.0013 357 118 378 146
person 0.0012 423 109 444 135
car 0.0080 492 153 500 180
car 0.0027 69 24 495 301
car 0.0020 0 94 85 123
car 0.0010 494 151 499 165
bus 0.0369 67 24 497 301
bus 0.0012 492 151 500 186
train 0.0103 90 51 501 294
train 0.0035 0 95 88 234
train 0.0027 492 150 500 195
boat 0.0055 90 51 501 294
boat 0.0049 0 95 88 235
boat 0.0022 0 94 86 141
horse 0.0088 41 178 89 247
horse 0.0035 31 167 138 259
horse 0.0024 6 144 113 274
horse 0.0013 40 178 89 204
horse 0.0011 36 44 498 299
sheep 0.0013 56 165 157 267
sheep 0.0013 41 177 90 251
cow 0.0075 41 177 90 251
cow 0.0044 32 168 139 262
cow 0.0022 5 152 92 255
cow 0.0013 41 178 88 204
cow 0.0012 36 44 498 299
