person 0.8762 197 108 295 367
person 0.0459 378 170 387 181
person 0.0252 197 144 203 153
person 0.0133 477 170 488 181
person 0.0092 490 172 499 182
person 0.0084 188 152 286 266
person 0.0076 181 131 259 348
person 0.0069 456 170 468 182
person 0.0065 364 170 377 181
person 0.0063 137 152 147 161
person 0.0061 189 180 228 300
person 0.0061 445 170 455 183
person 0.0057 256 213 291 264
person 0.0055 282 174 295 181
person 0.0052 206 266 222 315
person 0.0051 465 170 475 183
person 0.0049 177 165 225 256
person 0.0049 396 174 417 181
person 0.0047 279 174 289 181
person 0.0043 71 172 80 181
person 0.0043 440 170 452 182
person 0.0042 210 144 217 152
person 0.0041 196 249 221 292
person 0.0041 141 152 155 160
person 0.0039 288 174 301 181
person 0.0037 0 195 3 220
person 0.0037 362 171 370 181
person 0.0034 148 170 156 180
person 0.0034 195 152 236 355
person 0.0032 477 160 488 168
person 0.0031 405 174 424 181
person 0.0031 471 163 489 181
person 0.0031 481 161 490 168
person 0.0030 447 166 457 181
person 0.0030 458 168 474 182
person 0.0029 415 173 426 182
person 0.0028 292 153 310 167
person 0.0026 0 46 11 52
person 0.0026 305 170 311 180
person 0.0026 158 169 168 182
person 0.0025 88 172 102 181
person 0.0024 456 162 480 182
person 0.0023 470 159 488 167
person 0.0022 53 171 61 181
person 0.0022 477 168 488 192
person 0.0020 486 165 498 182
person 0.0020 176 195 209 247
person 0.0018 295 172 311 181
person 0.0018 207 207 289 360
person 0.0016 300 150 309 160
person 0.0016 446 167 473 182
person 0.0016 156 167 167 178
person 0.0016 380 171 394 181
person 0.0014 196 158 207 165
person 0.0013 276 171 288 181
person 0.0013 465 158 482 166
person 0.0013 284 174 306 182
person 0.0013 192 211 217 287
person 0.0013 164 153 183 162
person 0.0013 179 193 215 290
person 0.0012 432 160 481 182
person 0.0012 421 172 432 183
person 0.0012 188 157 201 164
person 0.0012 123 153 144 162
person 0.0012 290 171 304 181
person 0.0011 48 171 57 181
person 0.0011 0 167 6 180
person 0.0010 386 168 396 181
person 0.0010 86 172 97 179
person 0.0010 288 171 318 182
person 0.0010 157 156 172 162
person 0.0010 213 148 220 155
person 0.0010 394 174 405 181
person 0.0010 434 166 456 182
person 0.0010 296 167 312 178
bicycle 0.0011 195 106 294 366
car 0.1369 142 152 155 159
car 0.0106 469 158 488 167
car 0.0092 137 152 147 161
car 0.0079 490 173 499 183
car 0.0077 476 160 488 168
car 0.0069 278 172 287 182
car 0.0068 396 174 417 181
car 0.0066 481 161 490 168
car 0.0064 133 151 157 163
car 0.0064 465 158 484 164
car 0.0059 74 160 84 166
car 0.0058 378 170 388 182
car 0.0057 1 158 17 165
car 0.0055 477 166 489 182
car 0.0048 90 160 104 166
car 0.0044 156 156 168 163
car 0.0043 75 161 86 167
car 0.0041 71 172 81 181
car 0.0038 212 144 219 152
car 0.0035 58 158 70 163
car 0.0035 54 158 66 163
car 0.0035 88 172 103 181
car 0.0029 347 160 356 167
car 0.0029 458 169 472 183
car 0.0028 164 153 183 162
car 0.0028 115 155 145 164
car 0.0026 0 160 10 169
car 0.0025 395 170 420 182
car 0.0024 64 158 76 163
car 0.0024 434 158 484 173
car 0.0023 22 158 33 164
car 0.0022 90 159 113 166
car 0.0022 404 173 424 181
car 0.0021 475 170 493 184
car 0.0020 120 158 133 165
car 0.0020 61 170 71 179
car 0.0020 467 167 478 182
car 0.0019 293 157 311 167
car 0.0019 60 158 70 165
car 0.0018 454 163 483 182
car 0.0017 0 159 10 165
car 0.0017 26 159 38 165
car 0.0016 280 175 288 182
car 0.0016 86 172 97 179
car 0.0016 437 165 468 182
car 0.0016 35 159 47 165
car 0.0016 429 160 483 182
car 0.0015 275 166 285 177
car 0.0015 438 168 453 182
car 0.0014 123 153 144 162
car 0.0014 23 172 32 179
car 0.0014 52 157 61 163
car 0.0014 40 159 50 165
car 0.0014 383 162 397 168
car 0.0014 493 161 499 173
car 0.0013 116 162 128 168
car 0.0013 34 160 45 167
car 0.0013 486 165 498 182
car 0.0012 449 157 482 170
car 0.0012 451 168 469 182
car 0.0011 39 160 50 167
car 0.0011 65 159 78 167
car 0.0011 447 166 457 181
car 0.0011 29 160 40 167
car 0.0011 103 158 117 164
car 0.0010 113 157 135 164
car 0.0010 85 162 100 168
car 0.0010 60 154 70 159
car 0.0010 147 152 169 170
car 0.0010 378 162 390 168
car 0.0010 389 161 402 167
car 0.0010 108 158 120 164
car 0.0010 461 158 475 163
aeroplane 0.0617 0 46 11 52
aeroplane 0.0012 156 87 161 92
bus 0.0027 138 151 156 161
bus 0.0015 463 157 484 167
bus 0.0013 429 160 483 182
bus 0.0013 115 152 155 163
train 0.0022 116 152 151 163
train 0.0011 463 158 484 164
boat 0.0038 290 151 312 166
boat 0.0019 429 160 483 182
boat 0.0015 0 46 10 52
boat 0.0015 0 159 17 167
boat 0.0014 347 160 356 166
boat 0.0013 276 158 313 180
boat 0.0012 454 163 483 182
boat 0.0012 491 175 499 183
boat 0.0012 143 152 156 159
boat 0.0010 278 172 287 182
boat 0.0010 396 174 418 181
boat 0.0010 115 152 155 163
boat 0.0010 395 170 420 182
bird 0.3808 0 46 11 52
bird 0.1970 156 87 161 92
bird 0.1480 253 95 258 100
bird 0.0484 485 255 499 281
bird 0.0367 110 89 115 93
bird 0.0309 168 51 173 55
bird 0.0174 347 194 358 205
bird 0.0100 40 196 46 208
bird 0.0097 0 44 12 54
bird 0.0076 253 94 259 102
bird 0.0053 71 171 80 180
bird 0.0043 169 51 175 55
bird 0.0037 254 94 258 98
bird 0.0034 155 88 162 93
bird 0.0033 0 195 3 220
bird 0.0031 109 88 117 94
bird 0.0029 298 94 315 100
bird 0.0025 155 85 160 90
bird 0.0024 136 194 156 202
bird 0.0023 167 50 174 56
bird 0.0023 105 110 111 115
bird 0.0022 168 48 173 54
bird 0.0021 53 171 61 181
bird 0.0020 443 105 447 109
bird 0.0016 258 96 274 100
bird 0.0015 1 42 11 49
bird 0.0015 61 170 71 179
bird 0.0012 157 85 164 91
bird 0.0011 48 171 57 181
bird 0.0011 0 48 8 60
bird 0.0011 0 195 7 222
bird 0.0010 477 169 492 184
bird 0.0010 490 172 499 182
bird 0.0010 1 198 11 220
cat 0.0017 485 255 500 279
dog 0.0012 484 255 499 279
bottle 0.3852 206 266 222 314
bottle 0.0073 260 214 291 264
bottle 0.0066 197 253 222 288
bottle 0.0018 228 207 266 246
bottle 0.0017 198 236 222 309
bottle 0.0016 283 251 293 264
bottle 0.0016 195 106 294 366
bottle 0.0012 278 245 293 266
bottle 0.0012 206 268 222 289
chair 0.0017 195 106 294 366
pottedplant 0.0067 378 170 388 181
pottedplant 0.0062 476 167 488 183
pottedplant 0.0056 457 170 471 182
pottedplant 0.0048 436 170 450 182
pottedplant 0.0039 71 172 80 181
pottedplant 0.0035 431 167 458 182
pottedplant 0.0031 464 169 475 183
pottedplant 0.0028 422 163 468 183
pottedplant 0.0026 396 174 414 181
pottedplant 0.0026 444 168 474 182
pottedplant 0.0026 411 158 488 183
pottedplant 0.0022 471 163 489 181
pottedplant 0.0019 469 158 488 167
pottedplant 0.0019 418 163 447 183
pottedplant 0.0019 394 174 407 181
pottedplant 0.0017 380 171 394 181
pottedplant 0.0017 490 172 499 182
pottedplant 0.0014 476 160 488 168
pottedplant 0.0014 421 172 432 183
pottedplant 0.0013 426 171 439 182
pottedplant 0.0012 0 195 3 220
pottedplant 0.0011 415 173 426 182
pottedplant 0.0011 454 163 483 182
pottedplant 0.0011 397 171 427 182
pottedplant 0.0011 445 170 455 182
pottedplant 0.0010 23 171 43 182
pottedplant 0.0010 34 171 47 182
diningtable 0.0032 52 204 162 252
diningtable 0.0030 4 196 148 259
