person 0.2770 47 0 372 390
person 0.0810 183 -3 479 386
person 0.0041 136 -1 402 241
person 0.0032 161 0 375 138
person 0.0021 0 176 338 399
person 0.0012 152 151 376 399
person 0.0011 292 52 450 356
person 0.0010 -2 285 199 398
cat 0.4137 64 81 364 389
cat 0.0048 113 -3 490 399
cat 0.0033 165 156 378 399
cat 0.0029 52 75 222 336
cat 0.0029 50 -1 376 283
cat 0.0026 0 176 178 396
cat 0.0015 85 137 251 367
cat 0.0014 5 -4 277 389
dog 0.0086 66 163 373 400
dog 0.0014 13 -3 385 389
bottle 0.0025 0 332 45 399
bottle 0.0023 0 338 9 386
bottle 0.0019 0 369 44 399
bottle 0.0010 0 122 105 350
chair 0.0108 0 309 178 398
chair 0.0105 13 -3 385 389
chair 0.0029 0 332 45 399
chair 0.0024 0 327 12 379
chair 0.0024 -4 174 341 400
chair 0.0018 0 368 44 399
chair 0.0013 0 320 23 372
sofa 0.0085 0 297 177 398
sofa 0.0074 13 -3 385 389
sofa 0.0023 0 176 338 399
diningtable 0.0026 13 -3 385 389
