person 0.6626 170 166 238 277
person 0.1727 209 56 238 112
person 0.0506 148 169 338 278
person 0.0129 492 238 499 279
person 0.0116 211 57 230 98
person 0.0105 234 89 245 113
person 0.0058 475 335 500 374
person 0.0051 225 85 244 114
person 0.0050 127 203 177 269
person 0.0041 222 91 237 112
person 0.0032 487 235 499 365
person 0.0031 190 172 256 264
person 0.0030 145 182 219 274
person 0.0027 203 93 231 113
person 0.0027 0 346 76 375
person 0.0023 129 205 262 279
person 0.0022 202 92 218 113
person 0.0021 176 178 239 239
person 0.0018 166 169 289 250
person 0.0015 485 335 499 370
person 0.0014 475 237 500 374
person 0.0013 220 65 243 114
person 0.0012 131 178 198 255
person 0.0011 203 78 222 114
person 0.0011 173 215 210 245
person 0.0010 202 91 210 111
person 0.0010 33 236 177 371
person 0.0010 126 203 172 237
person 0.0010 201 54 225 113
bicycle 0.0012 299 27 348 59
bird 0.0086 322 29 348 57
bird 0.0054 297 41 317 58
bird 0.0046 299 27 348 59
bird 0.0015 302 37 328 58
bird 0.0013 294 29 323 60
bird 0.0012 314 31 334 58
bird 0.0010 229 241 242 259
cat 0.0061 492 244 500 280
cat 0.0022 474 335 500 374
cat 0.0021 56 229 87 243
cat 0.0015 485 335 499 370
dog 0.0017 324 29 348 55
dog 0.0017 474 335 500 374
dog 0.0015 492 238 499 279
dog 0.0011 56 229 87 243
horse 0.0037 320 29 348 59
horse 0.0016 294 28 349 60
bottle 0.0077 213 236 227 256
bottle 0.0077 229 241 242 259
bottle 0.0032 491 239 499 279
bottle 0.0026 184 278 199 319
bottle 0.0019 244 245 252 258
bottle 0.0017 247 236 261 251
bottle 0.0015 172 170 250 281
bottle 0.0014 209 241 221 257
bottle 0.0013 479 335 499 374
bottle 0.0013 246 245 256 261
bottle 0.0013 419 173 430 209
bottle 0.0011 491 336 499 365
chair 0.2052 33 236 177 371
chair 0.0548 0 347 75 374
chair 0.0262 170 166 238 277
chair 0.0185 129 205 178 272
chair 0.0155 136 166 280 287
chair 0.0140 405 258 429 364
chair 0.0075 404 258 427 317
chair 0.0069 474 335 500 374
chair 0.0059 128 198 235 282
chair 0.0056 165 232 227 260
chair 0.0046 491 238 500 278
chair 0.0046 56 229 87 243
chair 0.0045 185 237 211 253
chair 0.0045 46 234 109 286
chair 0.0041 188 244 205 253
chair 0.0040 0 349 37 373
chair 0.0036 184 243 207 260
chair 0.0028 269 243 303 260
chair 0.0025 398 191 422 204
chair 0.0022 485 335 499 370
chair 0.0021 186 247 202 255
chair 0.0020 404 138 459 355
chair 0.0014 403 234 428 270
chair 0.0014 146 228 247 277
chair 0.0013 177 185 332 284
chair 0.0013 57 231 75 242
chair 0.0012 190 241 218 259
chair 0.0011 178 238 200 266
chair 0.0011 493 237 499 257
chair 0.0011 213 236 227 256
chair 0.0010 195 235 224 256
chair 0.0010 185 246 307 309
chair 0.0010 198 242 214 254
chair 0.0010 133 172 205 271
sofa 0.7404 148 169 339 277
sofa 0.6997 32 237 182 371
sofa 0.2108 170 166 240 276
sofa 0.1015 0 347 74 374
sofa 0.0248 209 227 299 254
sofa 0.0150 405 258 429 365
sofa 0.0081 405 258 427 314
sofa 0.0066 0 349 37 373
sofa 0.0046 36 236 118 294
sofa 0.0044 129 205 262 279
sofa 0.0038 492 238 499 278
sofa 0.0031 126 201 184 277
sofa 0.0026 246 235 261 246
sofa 0.0025 165 232 227 260
sofa 0.0024 184 241 310 309
sofa 0.0017 56 228 93 243
sofa 0.0014 474 336 500 374
sofa 0.0013 250 236 267 250
sofa 0.0013 269 244 307 264
sofa 0.0012 195 235 224 256
sofa 0.0012 190 241 218 259
sofa 0.0011 0 340 165 374
sofa 0.0010 213 236 227 256
pottedplant 0.5376 390 139 437 209
pottedplant 0.0296 393 192 422 205
pottedplant 0.0167 415 156 431 213
pottedplant 0.0136 389 189 425 211
pottedplant 0.0110 399 187 429 207
pottedplant 0.0102 419 173 430 209
pottedplant 0.0101 396 168 434 214
pottedplant 0.0080 492 238 499 278
pottedplant 0.0070 430 124 461 240
pottedplant 0.0041 400 135 458 226
pottedplant 0.0023 167 171 333 291
pottedplant 0.0021 474 335 500 374
pottedplant 0.0018 366 135 447 217
pottedplant 0.0013 299 27 348 59
pottedplant 0.0011 389 131 435 305
pottedplant 0.0010 230 242 245 258
diningtable 0.0957 0 347 75 374
diningtable 0.0611 185 246 307 309
diningtable 0.0319 167 171 333 291
diningtable 0.0107 230 242 245 259
diningtable 0.0071 0 349 37 373
diningtable 0.0059 246 240 269 258
diningtable 0.0052 203 215 311 290
diningtable 0.0041 200 230 278 277
diningtable 0.0037 162 167 237 281
diningtable 0.0026 250 255 267 265
diningtable 0.0022 211 280 228 292
diningtable 0.0022 269 244 306 263
diningtable 0.0015 -5 344 173 374
diningtable 0.0015 212 236 227 257
diningtable 0.0015 129 205 262 279
diningtable 0.0014 239 253 290 267
diningtable 0.0012 1 360 76 374
diningtable 0.0011 251 248 272 258
diningtable 0.0011 249 245 278 263
diningtable 0.0011 230 253 282 278
diningtable 0.0010 15 231 412 370
tvmonitor 0.0158 413 122 468 373
tvmonitor 0.0067 404 255 434 359
tvmonitor 0.0045 391 138 438 209
tvmonitor 0.0039 405 257 428 319
tvmonitor 0.0035 439 130 461 251
tvmonitor 0.0031 430 109 498 383
tvmonitor 0.0026 431 113 461 320
tvmonitor 0.0023 490 75 500 153
tvmonitor 0.0020 406 149 458 216
tvmonitor 0.0013 406 212 445 356
tvmonitor 0.0012 170 166 240 276
