person 0.8156 138 12 269 365
person 0.8058 376 161 499 370
person 0.3631 0 1 92 108
person 0.2149 0 126 39 223
person 0.1123 0 118 39 375
person 0.0856 1 99 60 144
person 0.0706 52 71 112 145
person 0.0655 0 2 57 85
person 0.0437 4 32 115 171
person 0.0389 0 97 56 199
person 0.0374 0 126 17 355
person 0.0232 0 0 56 39
person 0.0221 0 281 8 372
person 0.0215 56 0 106 89
person 0.0180 0 38 64 151
person 0.0141 0 3 30 78
person 0.0122 0 313 6 374
person 0.0115 21 0 139 141
person 0.0099 61 16 399 363
person 0.0093 0 150 30 313
person 0.0078 1 70 63 121
person 0.0074 0 15 18 195
person 0.0071 0 275 11 294
person 0.0070 0 18 17 76
person 0.0064 346 207 466 372
person 0.0059 0 173 7 223
person 0.0051 0 165 12 224
person 0.0049 0 117 80 374
person 0.0047 9 72 128 149
person 0.0036 0 22 40 105
person 0.0035 486 168 499 184
person 0.0033 0 9 150 373
person 0.0032 65 1 103 44
person 0.0030 7 82 64 110
person 0.0030 38 276 80 328
person 0.0027 -1 69 12 197
person 0.0027 421 224 441 242
person 0.0021 55 323 90 361
person 0.0020 0 273 16 369
person 0.0020 0 140 18 215
person 0.0020 115 10 207 350
person 0.0020 0 141 8 214
person 0.0019 240 67 476 346
person 0.0019 0 129 10 161
person 0.0018 492 169 499 222
person 0.0015 0 45 16 80
person 0.0014 0 48 97 258
person 0.0014 64 1 129 58
person 0.0014 382 176 476 295
person 0.0012 30 8 76 94
person 0.0012 138 23 180 310
person 0.0011 0 242 15 322
person 0.0010 0 355 4 374
person 0.0010 -1 222 26 369
person 0.0010 0 3 10 68
bicycle 0.0017 0 121 42 375
bicycle 0.0014 0 121 39 221
bicycle 0.0014 -1 0 58 28
bicycle 0.0012 36 276 80 327
car 0.0051 0 12 165 373
car 0.0028 53 71 114 146
car 0.0022 7 67 123 155
car 0.0011 0 100 61 143
motorbike 0.0013 0 128 39 222
bus 0.0334 0 12 165 373
bus 0.0013 37 17 352 233
bus 0.0012 53 71 114 146
train 0.0088 0 12 165 373
train 0.0030 139 8 268 364
train 0.0027 37 17 352 233
train 0.0020 53 71 114 146
train 0.0012 24 61 132 179
train 0.0010 0 125 40 225
boat 0.0050 0 9 150 373
boat 0.0014 136 10 269 366
boat 0.0011 11 86 456 361
bird 0.0576 0 125 38 222
bird 0.0262 36 276 80 327
bird 0.0114 0 106 33 360
bird 0.0100 55 322 88 362
bird 0.0033 10 223 19 236
bird 0.0019 0 275 11 294
bird 0.0017 0 122 18 342
cat 0.0311 0 125 39 223
cat 0.0027 0 96 55 185
cat 0.0014 1 100 62 143
cat 0.0011 0 85 43 354
dog 0.1072 0 125 38 222
dog 0.0099 0 96 55 185
dog 0.0043 1 100 62 143
dog 0.0026 0 114 40 353
dog 0.0021 0 129 8 159
dog 0.0011 0 122 18 342
horse 0.0110 0 128 38 222
horse 0.0023 0 114 40 353
sheep 0.0030 0 126 39 223
cow 0.0035 0 128 38 222
bottle 0.0038 56 323 89 360
bottle 0.0023 68 344 107 374
chair 0.0408 0 1 57 64
chair 0.0348 0 1 83 106
chair 0.0118 0 0 58 30
chair 0.0101 0 9 18 76
chair 0.0098 1 101 60 143
chair 0.0096 0 14 166 373
chair 0.0088 61 0 106 84
chair 0.0071 53 71 114 146
chair 0.0063 0 122 39 219
chair 0.0045 0 308 6 374
chair 0.0037 2 37 154 221
chair 0.0033 0 100 61 190
chair 0.0026 -1 11 39 80
chair 0.0022 24 1 106 94
chair 0.0022 11 86 456 361
chair 0.0018 1 140 134 185
chair 0.0017 0 115 43 374
chair 0.0017 7 67 123 155
chair 0.0017 252 106 394 226
chair 0.0017 -1 98 137 191
chair 0.0016 0 275 11 294
chair 0.0016 35 3 122 146
chair 0.0015 138 12 269 365
chair 0.0013 0 274 10 372
chair 0.0012 55 323 90 361
sofa 0.0027 0 100 60 143
sofa 0.0019 -1 56 136 208
sofa 0.0011 53 71 114 146
pottedplant 0.0010 0 125 39 223
diningtable 0.0010 138 12 269 365
tvmonitor 0.0402 247 106 391 226
tvmonitor 0.0024 0 101 61 143
tvmonitor 0.0012 319 0 499 130
tvmonitor 0.0012 487 168 500 183
tvmonitor 0.0010 0 0 58 30
