person 0.1068 414 67 500 293
person 0.0227 413 63 499 156
person 0.0039 0 29 57 193
person 0.0019 475 61 499 137
person 0.0016 459 59 499 302
person 0.0010 139 58 339 215
car 0.0095 428 1 500 28
car 0.0023 427 4 468 25
car 0.0021 459 6 499 32
car 0.0012 277 261 499 319
bird 0.0022 415 65 499 277
cat 0.0013 415 65 499 277
dog 0.0190 412 63 499 157
dog 0.0164 414 62 499 289
dog 0.0114 141 58 341 215
dog 0.0036 0 26 58 201
horse 0.9111 141 59 341 214
horse 0.8413 0 29 57 193
horse 0.8026 412 63 499 157
horse 0.2365 415 64 499 277
horse 0.0029 459 59 499 302
horse 0.0018 0 122 15 192
horse 0.0013 413 91 499 198
horse 0.0012 0 27 51 117
horse 0.0011 463 63 499 152
horse 0.0010 489 136 500 159
sheep 0.0049 0 26 58 199
sheep 0.0029 141 58 341 215
sheep 0.0025 412 63 499 157
sheep 0.0013 414 62 499 289
cow 0.0118 0 26 58 201
cow 0.0062 413 63 499 157
cow 0.0059 415 65 499 277
cow 0.0020 141 58 341 215
