person 0.0060 480 196 499 228
person 0.0055 0 89 12 134
person 0.0031 450 129 499 257
person 0.0027 464 164 499 252
person 0.0024 409 157 498 284
person 0.0021 106 -1 139 10
person 0.0011 482 178 500 215
person 0.0010 480 182 499 196
bicycle 0.0019 411 157 497 290
bicycle 0.0011 481 196 500 228
train 0.0015 23 59 450 377
boat 0.0022 408 153 499 281
bird 0.0020 0 89 13 134
bottle 0.0022 481 198 499 228
bottle 0.0010 335 254 371 289
chair 0.1296 410 156 499 283
chair 0.1147 437 114 499 187
chair 0.0318 56 171 340 373
chair 0.0237 254 138 495 353
chair 0.0205 443 134 499 216
chair 0.0180 448 151 499 189
chair 0.0077 453 189 499 291
chair 0.0049 462 184 500 247
chair 0.0031 278 136 428 245
chair 0.0024 480 197 500 229
chair 0.0022 402 86 499 255
chair 0.0020 26 20 453 381
chair 0.0017 483 149 500 164
chair 0.0016 49 263 216 372
chair 0.0016 250 188 415 366
chair 0.0014 185 166 328 364
chair 0.0012 439 166 500 360
chair 0.0011 376 136 497 321
chair 0.0011 446 189 473 271
chair 0.0011 477 191 500 264
chair 0.0010 362 213 495 348
sofa 0.0074 22 26 493 378
sofa 0.0035 436 113 499 185
sofa 0.0017 56 171 340 373
sofa 0.0010 409 157 498 284
pottedplant 0.0013 106 0 140 10
diningtable 0.0840 409 153 499 280
diningtable 0.0480 437 117 499 200
diningtable 0.0108 253 157 496 369
diningtable 0.0101 447 150 499 188
diningtable 0.0057 63 270 336 373
diningtable 0.0024 22 26 493 378
diningtable 0.0023 55 172 334 373
diningtable 0.0022 438 112 500 158
diningtable 0.0021 410 161 494 208
diningtable 0.0019 442 183 499 294
diningtable 0.0018 483 149 500 164
diningtable 0.0011 483 149 500 177
diningtable 0.0010 450 129 499 257
