person 0.7466 8 90 32 126
person 0.7259 424 148 463 181
person 0.5207 125 47 191 95
person 0.3669 42 90 60 123
person 0.2599 352 72 370 91
person 0.2483 377 163 452 309
person 0.1691 52 73 79 97
person 0.1188 32 74 50 106
person 0.1011 37 73 49 92
person 0.0708 476 164 486 178
person 0.0628 17 89 61 131
person 0.0604 26 85 43 117
person 0.0578 0 92 5 109
person 0.0554 445 164 463 182
person 0.0517 49 75 82 110
person 0.0484 33 54 130 360
person 0.0427 413 94 427 127
person 0.0272 67 64 109 91
person 0.0258 27 91 50 125
person 0.0236 170 3 265 55
person 0.0227 8 117 38 147
person 0.0211 27 74 47 95
person 0.0190 40 75 81 130
person 0.0182 4 90 37 175
person 0.0168 415 95 424 115
person 0.0157 0 93 10 111
person 0.0156 25 88 40 108
person 0.0150 33 90 64 197
person 0.0146 469 162 487 181
person 0.0140 412 94 435 134
person 0.0138 7 114 47 184
person 0.0132 424 149 447 177
person 0.0129 45 86 70 110
person 0.0126 120 41 144 94
person 0.0120 416 96 422 107
person 0.0107 422 140 468 276
person 0.0102 138 47 181 78
person 0.0099 42 90 70 132
person 0.0088 36 83 54 115
person 0.0083 85 62 111 89
person 0.0081 110 47 187 123
person 0.0071 264 224 291 257
person 0.0070 126 40 149 80
person 0.0069 0 104 12 185
person 0.0068 127 50 230 116
person 0.0062 8 124 41 138
person 0.0061 475 160 490 179
person 0.0059 0 92 14 134
person 0.0054 1 93 21 124
person 0.0053 147 21 258 84
person 0.0053 22 80 37 100
person 0.0050 92 56 144 100
person 0.0047 29 32 219 365
person 0.0045 176 1 255 31
person 0.0045 33 92 61 144
person 0.0044 21 76 33 94
person 0.0041 458 167 485 182
person 0.0040 9 106 32 131
person 0.0039 443 152 466 182
person 0.0039 200 34 288 117
person 0.0036 78 54 136 122
person 0.0033 0 101 10 127
person 0.0032 27 73 41 89
person 0.0031 42 162 155 345
person 0.0031 118 47 212 158
person 0.0031 456 154 495 184
person 0.0029 9 91 25 111
person 0.0029 35 69 98 242
person 0.0029 118 73 140 98
person 0.0029 472 139 499 284
person 0.0027 82 62 111 117
person 0.0026 424 154 451 189
person 0.0026 61 60 113 108
person 0.0025 20 82 29 95
person 0.0025 146 47 171 60
person 0.0025 344 73 374 94
person 0.0025 357 100 406 164
person 0.0023 127 61 150 94
person 0.0023 51 76 99 129
person 0.0023 20 16 451 342
person 0.0021 438 173 497 274
person 0.0021 116 37 242 89
person 0.0020 112 20 208 101
person 0.0020 75 44 195 187
person 0.0020 141 56 210 98
person 0.0018 50 64 120 161
person 0.0018 202 0 266 25
person 0.0018 429 164 465 185
person 0.0016 474 154 487 193
person 0.0016 83 60 100 88
person 0.0016 0 96 16 313
person 0.0014 143 2 309 95
person 0.0014 421 154 439 183
person 0.0013 383 124 465 220
person 0.0013 128 44 168 88
person 0.0013 99 73 141 102
person 0.0013 220 0 285 48
person 0.0013 179 64 257 121
person 0.0013 46 84 61 103
person 0.0012 82 60 120 152
bicycle 0.0046 32 23 444 306
car 0.0716 17 17 452 341
car 0.0111 169 8 262 57
car 0.0021 46 22 67 55
car 0.0021 143 2 309 95
car 0.0015 132 28 491 173
car 0.0013 0 91 5 108
car 0.0010 78 0 443 123
motorbike 0.4372 14 26 456 358
motorbike 0.0017 169 18 260 56
motorbike 0.0010 53 238 469 351
aeroplane 0.0152 13 26 446 363
bus 0.0041 13 26 446 363
bus 0.0019 169 3 266 56
train 0.0011 12 26 445 363
bird 0.0011 477 162 486 176
bottle 0.0022 0 91 6 108
bottle 0.0013 476 163 485 183
chair 0.0448 169 12 261 58
chair 0.0416 83 61 111 90
chair 0.0202 0 92 5 109
chair 0.0073 51 72 81 111
chair 0.0069 6 121 41 184
chair 0.0062 147 21 258 84
chair 0.0057 0 95 8 114
chair 0.0057 0 110 13 184
chair 0.0035 6 90 33 126
chair 0.0033 87 44 152 95
chair 0.0031 8 123 39 140
chair 0.0026 78 54 136 122
chair 0.0026 5 94 37 170
chair 0.0023 9 122 41 154
chair 0.0022 377 161 453 306
chair 0.0022 427 176 484 267
chair 0.0022 176 1 255 31
chair 0.0021 82 62 111 117
chair 0.0021 0 111 11 242
chair 0.0017 24 92 44 125
chair 0.0017 2 124 28 197
chair 0.0016 0 103 10 123
chair 0.0015 131 46 198 95
chair 0.0014 61 60 113 108
chair 0.0014 33 91 63 196
chair 0.0014 0 91 10 107
chair 0.0013 8 133 27 183
chair 0.0013 143 2 309 95
chair 0.0011 471 154 499 292
chair 0.0010 83 56 94 74
chair 0.0010 85 60 110 78
chair 0.0010 196 0 236 24
sofa 0.0013 428 177 486 271
diningtable 0.0240 8 124 41 138
diningtable 0.0207 6 117 40 183
diningtable 0.0138 8 115 38 148
diningtable 0.0121 8 100 41 161
diningtable 0.0083 6 90 33 126
diningtable 0.0052 17 89 61 131
diningtable 0.0033 0 91 6 108
diningtable 0.0030 0 95 7 114
diningtable 0.0029 169 18 260 56
diningtable 0.0021 0 109 11 230
diningtable 0.0013 2 124 28 197
diningtable 0.0012 33 91 64 196
diningtable 0.0012 17 17 452 341
diningtable 0.0011 19 119 46 135
tvmonitor 0.0509 46 22 67 55
tvmonitor 0.0023 471 154 499 292
tvmonitor 0.0011 424 148 464 182
tvmonitor 0.0011 438 173 497 274
