person 0.6930 203 120 288 231
person 0.0087 182 152 201 185
person 0.0050 123 120 292 237
person 0.0048 170 147 204 191
person 0.0043 14 110 417 301
person 0.0030 344 83 363 110
person 0.0027 136 142 202 209
person 0.0024 138 157 180 198
person 0.0013 177 160 202 192
person 0.0013 0 226 11 252
person 0.0012 214 161 496 264
person 0.0011 445 135 499 177
car 0.6278 81 136 495 372
car 0.5785 0 126 238 333
car 0.0656 206 122 302 217
car 0.0246 -4 108 438 305
car 0.0237 2 98 78 153
car 0.0203 243 131 301 180
car 0.0187 1 104 98 182
car 0.0165 0 226 11 252
car 0.0132 0 132 74 185
car 0.0129 0 222 107 328
car 0.0118 8 101 52 122
car 0.0106 329 65 492 153
car 0.0097 0 117 65 162
car 0.0081 1 146 129 333
car 0.0079 209 127 499 278
car 0.0057 6 95 148 162
car 0.0054 120 119 318 216
car 0.0047 0 227 39 304
car 0.0046 9 102 35 120
car 0.0044 46 59 517 257
car 0.0043 0 228 12 273
car 0.0041 226 95 500 199
car 0.0029 -1 108 164 199
car 0.0025 341 66 482 114
car 0.0023 445 135 499 177
car 0.0022 216 124 300 169
car 0.0022 0 116 92 270
car 0.0020 20 96 110 139
car 0.0018 246 127 298 157
car 0.0017 137 127 223 144
car 0.0017 63 68 406 200
car 0.0017 167 146 205 192
car 0.0016 144 111 371 175
car 0.0015 181 150 203 182
car 0.0015 133 131 233 198
car 0.0015 267 145 502 190
car 0.0014 227 168 388 262
car 0.0012 28 102 52 122
car 0.0011 0 227 18 290
car 0.0011 8 94 90 128
car 0.0011 2 82 166 288
car 0.0011 0 114 47 150
car 0.0011 480 139 500 177
car 0.0010 131 110 209 140
car 0.0010 165 98 181 121
car 0.0010 -1 226 26 253
motorbike 0.0053 77 106 498 376
aeroplane 0.0011 77 106 498 376
bus 0.0042 81 136 495 372
bus 0.0023 202 120 286 233
bus 0.0014 -4 108 438 305
bus 0.0013 0 98 89 160
bus 0.0012 9 98 58 124
bus 0.0012 332 65 485 149
train 0.0055 77 106 498 376
train 0.0011 202 120 286 233
boat 0.0029 77 106 498 376
sofa 0.0014 83 152 495 373
