person 0.5183 61 113 219 256
person 0.4391 209 122 463 322
person 0.0806 313 142 361 215
person 0.0731 307 165 428 247
person 0.0557 39 132 276 318
person 0.0411 119 187 182 278
person 0.0358 277 131 438 261
person 0.0343 217 167 339 232
person 0.0316 160 155 409 255
person 0.0295 132 153 259 241
person 0.0241 119 164 406 316
person 0.0218 183 163 227 232
person 0.0207 340 171 399 235
person 0.0168 89 37 166 84
person 0.0072 64 212 502 328
person 0.0068 115 155 234 312
person 0.0058 114 37 145 69
person 0.0055 69 170 203 278
person 0.0052 250 168 392 255
person 0.0049 65 127 356 253
person 0.0045 268 213 335 245
person 0.0034 120 34 157 78
person 0.0032 306 177 386 239
person 0.0028 93 117 171 253
person 0.0027 125 118 186 243
person 0.0025 285 243 309 256
person 0.0021 138 39 167 81
person 0.0021 472 307 500 331
person 0.0020 365 168 407 214
person 0.0019 446 307 498 331
person 0.0019 121 165 168 248
person 0.0017 170 221 347 313
person 0.0015 322 159 350 217
person 0.0015 141 115 220 234
person 0.0015 -8 127 183 269
person 0.0014 320 198 365 241
person 0.0013 271 195 394 245
person 0.0013 363 274 407 308
person 0.0013 63 69 70 80
person 0.0013 325 163 414 219
person 0.0013 68 174 173 244
person 0.0012 49 195 139 284
person 0.0012 132 41 147 71
person 0.0012 100 158 142 232
person 0.0012 331 189 378 247
person 0.0011 135 40 154 74
person 0.0010 134 181 212 287
bicycle 0.0871 89 37 166 84
bicycle 0.0024 111 36 147 80
bicycle 0.0014 69 48 135 83
bicycle 0.0010 92 63 164 84
car 0.0011 83 37 166 86
car 0.0010 363 276 405 309
motorbike 0.0599 83 37 166 86
motorbike 0.0026 107 38 150 83
bird 0.0012 90 37 166 84
cat 0.0034 126 195 176 275
cat 0.0021 322 151 359 224
cat 0.0018 363 274 407 308
cat 0.0015 461 306 500 331
cat 0.0010 111 185 131 217
cat 0.0010 261 165 406 254
cat 0.0010 62 114 213 273
dog 0.0031 89 37 166 84
dog 0.0024 125 194 176 275
dog 0.0017 444 307 499 331
dog 0.0013 472 307 500 331
dog 0.0012 114 36 150 69
dog 0.0010 80 54 134 83
horse 0.0907 89 37 166 84
horse 0.0056 80 54 134 83
horse 0.0048 111 36 147 80
horse 0.0026 81 63 111 82
horse 0.0015 64 63 99 81
horse 0.0012 118 39 140 65
sheep 0.0021 90 37 168 85
cow 0.0041 83 37 166 86
bottle 0.0096 35 184 49 204
bottle 0.0070 229 158 235 175
bottle 0.0061 126 195 176 275
bottle 0.0045 141 272 187 301
bottle 0.0023 444 311 465 332
bottle 0.0019 363 274 406 309
bottle 0.0017 442 306 500 332
bottle 0.0017 56 163 78 185
bottle 0.0016 322 152 358 223
bottle 0.0015 472 307 500 331
chair 0.0373 183 161 224 232
chair 0.0238 69 114 233 273
chair 0.0205 132 153 259 241
chair 0.0182 34 129 347 320
chair 0.0156 127 194 177 275
chair 0.0097 254 127 453 294
chair 0.0076 80 180 292 315
chair 0.0064 0 197 80 252
chair 0.0061 0 287 27 322
chair 0.0061 50 181 188 288
chair 0.0051 147 216 280 317
chair 0.0050 140 274 187 298
chair 0.0049 181 154 487 330
chair 0.0047 342 165 498 309
chair 0.0046 197 251 260 312
chair 0.0042 115 155 234 312
chair 0.0038 221 165 332 229
chair 0.0038 145 157 217 233
chair 0.0034 52 212 431 322
chair 0.0027 1 198 73 216
chair 0.0027 63 248 137 279
chair 0.0026 58 196 139 283
chair 0.0025 90 37 168 85
chair 0.0021 76 146 396 243
chair 0.0020 313 144 357 217
chair 0.0018 120 193 227 276
chair 0.0017 195 160 254 234
chair 0.0014 -1 181 80 229
chair 0.0014 119 233 234 320
chair 0.0014 0 193 34 207
chair 0.0014 430 172 500 300
chair 0.0013 82 182 152 264
chair 0.0012 255 220 482 335
chair 0.0011 56 165 76 185
chair 0.0011 305 171 433 241
chair 0.0011 168 159 316 236
chair 0.0010 28 118 103 186
chair 0.0010 35 184 49 203
chair 0.0010 0 235 78 321
chair 0.0010 2 246 66 260
chair 0.0010 0 271 61 323
chair 0.0010 440 306 501 332
sofa 0.2193 71 154 500 324
sofa 0.1025 235 206 491 337
sofa 0.0891 39 132 276 318
sofa 0.0629 61 113 218 265
sofa 0.0549 362 275 407 307
sofa 0.0541 127 194 177 275
sofa 0.0469 324 172 496 323
sofa 0.0355 431 173 500 298
sofa 0.0351 99 178 323 317
sofa 0.0335 183 162 224 231
sofa 0.0315 50 181 188 288
sofa 0.0217 132 153 259 241
sofa 0.0217 249 122 459 323
sofa 0.0209 63 248 137 279
sofa 0.0202 62 143 406 261
sofa 0.0168 191 164 356 234
sofa 0.0165 313 245 469 316
sofa 0.0160 57 197 139 282
sofa 0.0126 0 196 81 254
sofa 0.0113 123 247 505 329
sofa 0.0100 170 221 347 313
sofa 0.0074 295 149 444 264
sofa 0.0068 0 286 28 322
sofa 0.0066 115 155 234 312
sofa 0.0061 184 229 266 313
sofa 0.0059 -8 127 183 269
sofa 0.0056 141 272 187 301
sofa 0.0054 372 277 486 307
sofa 0.0041 82 182 152 264
sofa 0.0040 223 167 331 216
sofa 0.0039 -1 158 112 252
sofa 0.0039 179 177 412 293
sofa 0.0038 68 174 173 244
sofa 0.0034 119 233 234 320
sofa 0.0031 267 213 323 242
sofa 0.0031 0 213 265 330
sofa 0.0031 145 157 217 233
sofa 0.0030 55 163 80 184
sofa 0.0028 364 267 499 319
sofa 0.0027 1 198 73 216
sofa 0.0026 117 186 214 271
sofa 0.0025 2 169 97 221
sofa 0.0024 59 266 133 284
sofa 0.0024 0 235 78 321
sofa 0.0023 365 168 420 223
sofa 0.0023 0 193 34 207
sofa 0.0022 105 188 168 258
sofa 0.0019 352 155 441 250
sofa 0.0019 51 161 140 259
sofa 0.0018 35 184 49 203
sofa 0.0016 0 271 61 323
sofa 0.0016 80 207 136 269
sofa 0.0014 111 283 144 295
sofa 0.0014 18 100 107 226
sofa 0.0013 7 272 178 317
sofa 0.0013 195 160 254 234
sofa 0.0013 442 306 498 330
sofa 0.0013 312 144 358 217
sofa 0.0012 17 280 168 301
sofa 0.0012 1 191 112 310
sofa 0.0012 13 235 168 315
sofa 0.0011 95 182 143 235
sofa 0.0010 306 173 411 234
sofa 0.0010 263 296 348 331
pottedplant 0.8269 26 106 100 186
pottedplant 0.1889 313 144 359 195
pottedplant 0.1287 283 109 332 178
pottedplant 0.0336 90 37 166 84
pottedplant 0.0298 320 158 344 191
pottedplant 0.0282 48 163 81 183
pottedplant 0.0274 234 124 450 260
pottedplant 0.0186 312 147 370 222
pottedplant 0.0163 311 143 359 170
pottedplant 0.0099 35 143 99 186
pottedplant 0.0095 366 41 420 178
pottedplant 0.0090 322 166 337 186
pottedplant 0.0078 282 125 351 189
pottedplant 0.0064 371 74 404 176
pottedplant 0.0063 322 159 350 217
pottedplant 0.0059 335 163 357 185
pottedplant 0.0036 49 145 85 184
pottedplant 0.0036 56 165 76 185
pottedplant 0.0035 285 128 317 181
pottedplant 0.0030 320 164 337 201
pottedplant 0.0028 238 106 352 196
pottedplant 0.0023 328 144 360 179
pottedplant 0.0019 429 173 500 300
pottedplant 0.0019 75 50 143 84
pottedplant 0.0018 285 172 321 185
pottedplant 0.0017 8 114 148 243
pottedplant 0.0013 379 104 400 174
pottedplant 0.0013 277 117 311 173
pottedplant 0.0013 359 98 404 215
pottedplant 0.0013 330 156 360 202
pottedplant 0.0012 81 63 111 82
pottedplant 0.0012 315 147 343 179
pottedplant 0.0011 109 31 157 69
pottedplant 0.0010 126 196 181 275
pottedplant 0.0010 362 37 468 176
pottedplant 0.0010 249 149 394 243
pottedplant 0.0010 35 184 49 203
diningtable 0.0664 0 196 81 253
diningtable 0.0627 224 166 332 218
diningtable 0.0228 2 196 73 214
diningtable 0.0219 191 164 356 234
diningtable 0.0162 62 258 134 283
diningtable 0.0157 313 144 357 217
diningtable 0.0157 2 275 199 330
diningtable 0.0146 160 155 409 255
diningtable 0.0126 270 173 320 188
diningtable 0.0124 35 184 49 203
diningtable 0.0114 2 229 214 321
diningtable 0.0112 -1 181 80 229
diningtable 0.0077 17 280 168 301
diningtable 0.0068 -1 158 112 252
diningtable 0.0056 61 224 135 280
diningtable 0.0048 235 167 323 186
diningtable 0.0047 21 200 71 210
diningtable 0.0042 248 168 280 180
diningtable 0.0041 80 148 499 322
diningtable 0.0038 56 165 76 185
diningtable 0.0035 28 194 154 295
diningtable 0.0029 238 195 350 234
diningtable 0.0029 0 217 79 270
diningtable 0.0027 14 232 72 246
diningtable 0.0027 215 159 345 197
diningtable 0.0026 5 291 174 321
diningtable 0.0026 0 190 102 306
diningtable 0.0025 39 196 72 209
diningtable 0.0023 53 296 174 329
diningtable 0.0023 231 171 310 197
diningtable 0.0022 242 176 324 191
diningtable 0.0021 24 285 139 309
diningtable 0.0020 98 281 168 325
diningtable 0.0019 283 174 312 185
diningtable 0.0019 32 272 136 292
diningtable 0.0019 2 246 66 260
diningtable 0.0014 27 263 142 303
diningtable 0.0014 25 169 83 213
diningtable 0.0013 0 192 37 213
diningtable 0.0013 136 275 182 299
diningtable 0.0012 283 110 329 178
diningtable 0.0012 11 203 77 213
diningtable 0.0011 0 286 27 321
diningtable 0.0011 286 172 320 183
diningtable 0.0011 223 127 461 297
diningtable 0.0011 0 235 78 321
diningtable 0.0010 106 297 162 329
tvmonitor 0.0011 254 127 453 294
tvmonitor 0.0010 63 255 132 282
