person 0.0013 226 155 282 196
person 0.0011 2 254 124 342
aeroplane 0.0010 334 161 497 274
bird 0.8834 338 159 496 273
bird 0.7567 119 171 320 237
bird 0.7158 102 213 229 294
bird 0.7103 1 252 137 343
bird 0.1717 488 159 499 172
bird 0.0975 210 154 292 201
bird 0.0594 337 185 441 275
bird 0.0336 0 226 213 346
bird 0.0274 94 177 321 292
bird 0.0183 122 156 296 217
bird 0.0139 336 161 431 205
bird 0.0110 488 159 500 184
bird 0.0109 101 188 141 238
bird 0.0108 484 152 500 171
bird 0.0093 341 158 498 213
bird 0.0066 100 177 201 238
bird 0.0038 485 155 500 200
bird 0.0034 485 137 499 173
bird 0.0032 340 107 497 206
bird 0.0025 219 202 319 232
bird 0.0025 208 154 314 230
bird 0.0024 230 156 278 194
bird 0.0023 105 124 422 250
bird 0.0021 320 161 439 236
bird 0.0017 262 221 273 232
bird 0.0017 142 152 281 191
bird 0.0016 256 220 281 233
bird 0.0014 123 142 359 201
bird 0.0014 479 156 499 174
bird 0.0013 337 188 365 204
bird 0.0013 88 175 222 274
bird 0.0010 7 72 471 254
cat 0.0052 225 155 285 195
cat 0.0050 122 171 320 235
cat 0.0020 0 254 121 343
cat 0.0010 337 159 496 274
cat 0.0010 104 214 229 296
dog 0.0024 2 254 124 342
dog 0.0015 99 214 234 295
dog 0.0011 334 161 497 274
dog 0.0010 122 171 321 236
bottle 0.0013 226 155 282 196
chair 0.0017 103 213 230 294
