person 0.0146 176 246 201 280
person 0.0093 66 337 73 347
person 0.0084 132 224 234 310
person 0.0074 162 241 206 284
person 0.0065 33 127 39 138
person 0.0042 272 201 293 239
person 0.0036 107 189 242 365
person 0.0017 146 252 166 275
person 0.0012 144 234 153 243
person 0.0011 306 243 317 252
bus 0.0022 106 198 245 371
train 0.9197 105 197 244 377
train 0.0147 132 224 234 310
train 0.0051 162 241 206 284
train 0.0010 176 246 201 280
train 0.0010 89 131 291 366
bird 0.0053 122 57 131 62
bird 0.0031 94 55 105 61
bird 0.0012 217 54 229 61
bird 0.0011 188 57 200 63
pottedplant 0.0017 1 386 90 498
