person 0.0014 0 55 16 132
person 0.0014 2 49 40 141
person 0.0010 0 50 7 60
bird 0.0818 37 130 49 147
bird 0.0019 69 125 77 143
dog 0.0014 0 55 16 132
dog 0.0012 15 48 87 148
horse 0.0734 11 49 87 147
horse 0.0236 0 55 16 132
horse 0.0201 2 49 40 141
horse 0.0053 82 53 159 137
horse 0.0050 0 48 32 90
horse 0.0013 81 58 91 92
sheep 0.0064 0 55 16 132
sheep 0.0027 15 49 87 147
sheep 0.0024 82 53 159 137
sheep 0.0019 0 48 38 138
sheep 0.0012 139 32 428 370
cow 0.8969 139 32 428 370
cow 0.8303 82 54 159 137
cow 0.8056 13 49 87 148
cow 0.5872 0 55 16 132
cow 0.5725 0 48 38 138
cow 0.2039 0 48 33 88
cow 0.0391 0 49 7 59
cow 0.0315 0 48 26 69
cow 0.0272 129 100 151 136
cow 0.0235 0 48 13 60
cow 0.0217 127 81 155 129
cow 0.0193 111 80 154 142
cow 0.0180 0 83 9 128
cow 0.0090 81 58 91 86
cow 0.0088 100 91 144 128
cow 0.0087 81 54 109 136
cow 0.0083 0 53 12 106
cow 0.0062 0 53 19 89
cow 0.0061 4 49 34 64
cow 0.0060 0 48 10 84
cow 0.0052 0 48 6 56
cow 0.0042 12 89 41 138
cow 0.0039 77 54 95 134
cow 0.0026 114 98 134 126
cow 0.0025 0 70 15 99
cow 0.0024 86 82 133 133
cow 0.0024 13 57 51 139
cow 0.0023 14 51 36 65
cow 0.0022 0 92 14 130
cow 0.0021 81 56 95 96
cow 0.0020 0 105 7 130
cow 0.0019 -21 47 66 141
cow 0.0019 102 60 192 144
cow 0.0018 67 52 124 137
cow 0.0018 2 49 87 89
cow 0.0017 62 61 93 140
cow 0.0017 37 130 49 147
cow 0.0017 106 50 168 121
cow 0.0015 6 48 23 55
cow 0.0015 52 89 84 139
cow 0.0014 1 81 14 107
cow 0.0014 122 98 149 122
cow 0.0013 121 92 165 148
cow 0.0013 89 42 211 126
cow 0.0012 150 32 214 357
