person 0.0225 107 143 124 164
person 0.0081 365 225 381 252
person 0.0066 108 142 120 157
person 0.0056 3 141 13 158
person 0.0053 279 111 314 149
person 0.0053 292 118 299 141
person 0.0050 109 153 126 171
person 0.0030 408 117 415 141
person 0.0030 307 124 316 140
person 0.0028 100 143 130 170
person 0.0026 108 157 154 199
person 0.0024 55 148 61 158
person 0.0022 295 118 308 142
person 0.0022 113 158 126 173
person 0.0018 0 30 38 72
person 0.0018 1 138 20 159
person 0.0017 477 202 499 273
person 0.0015 0 65 9 96
person 0.0015 330 148 350 167
person 0.0013 388 121 398 144
person 0.0013 357 220 397 252
person 0.0013 425 116 432 144
person 0.0012 301 118 317 144
person 0.0012 313 197 407 250
person 0.0012 327 150 336 173
person 0.0011 104 149 120 168
person 0.0010 460 128 472 143
person 0.0010 156 73 166 108
person 0.0010 94 154 125 180
bicycle 0.0052 3 140 27 158
bicycle 0.0023 3 137 42 159
car 0.0011 196 165 246 184
bird 0.0054 339 126 352 138
bird 0.0029 119 83 135 104
bird 0.0015 388 121 397 144
bird 0.0014 0 31 37 77
bird 0.0014 335 126 354 145
bird 0.0012 108 142 120 157
bird 0.0011 106 143 124 164
bird 0.0010 353 121 363 137
bird 0.0010 365 132 386 145
cat 0.0010 368 231 380 254
bottle 0.2023 368 231 380 254
bottle 0.1032 251 67 259 97
bottle 0.0541 0 65 10 96
bottle 0.0497 258 64 269 94
bottle 0.0453 279 111 314 149
bottle 0.0385 329 145 336 167
bottle 0.0296 55 148 62 160
bottle 0.0274 365 221 385 253
bottle 0.0230 292 118 299 141
bottle 0.0186 377 152 383 166
bottle 0.0174 328 149 334 168
bottle 0.0160 249 75 256 99
bottle 0.0150 59 166 68 177
bottle 0.0148 356 220 397 252
bottle 0.0145 374 150 381 166
bottle 0.0144 250 66 270 99
bottle 0.0141 400 267 412 293
bottle 0.0129 389 265 405 293
bottle 0.0126 328 193 338 205
bottle 0.0119 335 193 345 204
bottle 0.0107 0 31 37 67
bottle 0.0101 55 166 63 177
bottle 0.0094 344 66 350 81
bottle 0.0088 365 229 375 253
bottle 0.0087 387 266 397 295
bottle 0.0086 327 238 401 271
bottle 0.0084 36 161 42 176
bottle 0.0080 50 168 59 177
bottle 0.0078 330 148 350 167
bottle 0.0077 252 66 265 83
bottle 0.0072 106 143 124 164
bottle 0.0065 107 142 120 157
bottle 0.0060 388 121 398 144
bottle 0.0059 57 149 68 160
bottle 0.0058 337 151 372 166
bottle 0.0054 58 181 64 187
bottle 0.0053 395 265 410 289
bottle 0.0052 329 61 339 83
bottle 0.0050 1 44 30 78
bottle 0.0050 347 153 361 165
bottle 0.0049 371 156 378 166
bottle 0.0048 47 149 57 161
bottle 0.0048 111 157 125 173
bottle 0.0048 33 163 40 178
bottle 0.0047 289 193 296 213
bottle 0.0044 257 78 271 97
bottle 0.0044 408 117 415 141
bottle 0.0042 67 170 75 180
bottle 0.0040 271 195 288 213
bottle 0.0040 25 81 43 99
bottle 0.0039 56 172 64 182
bottle 0.0039 3 140 13 159
bottle 0.0039 3 141 23 158
bottle 0.0038 117 162 137 172
bottle 0.0038 330 154 336 168
bottle 0.0037 48 170 57 180
bottle 0.0034 33 180 39 192
bottle 0.0033 40 164 49 176
bottle 0.0033 409 126 414 142
bottle 0.0032 34 180 43 191
bottle 0.0031 414 159 421 167
bottle 0.0031 370 234 381 265
bottle 0.0031 332 148 340 165
bottle 0.0031 295 118 308 142
bottle 0.0030 378 150 387 166
bottle 0.0029 65 150 76 161
bottle 0.0029 43 167 55 177
bottle 0.0028 413 116 431 143
bottle 0.0028 363 238 373 253
bottle 0.0027 0 59 8 80
bottle 0.0026 357 222 377 247
bottle 0.0026 424 114 432 144
bottle 0.0026 281 110 304 140
bottle 0.0026 270 196 277 213
bottle 0.0025 279 113 287 125
bottle 0.0025 322 192 340 204
bottle 0.0024 50 148 58 158
bottle 0.0024 1 137 35 159
bottle 0.0023 59 152 68 162
bottle 0.0023 68 166 75 175
bottle 0.0023 286 115 296 134
bottle 0.0022 328 193 352 207
bottle 0.0021 448 119 463 142
bottle 0.0021 325 155 331 169
bottle 0.0020 331 64 345 84
bottle 0.0020 104 149 119 167
bottle 0.0020 105 159 115 172
bottle 0.0019 118 169 159 200
bottle 0.0018 451 156 465 183
bottle 0.0017 324 60 337 84
bottle 0.0017 116 166 153 226
bottle 0.0017 298 102 304 113
bottle 0.0017 150 189 158 208
bottle 0.0017 31 163 55 178
bottle 0.0016 36 173 41 187
bottle 0.0016 307 124 316 140
bottle 0.0016 111 161 151 183
bottle 0.0016 109 151 125 167
bottle 0.0016 0 55 19 78
bottle 0.0015 102 148 110 158
chair 0.6941 447 224 477 273
chair 0.6890 269 239 357 325
chair 0.4644 456 200 479 228
chair 0.4479 470 204 499 274
chair 0.4221 268 241 311 324
chair 0.3662 289 212 341 290
chair 0.3581 423 212 444 252
chair 0.3440 383 197 398 216
chair 0.2055 296 203 347 258
chair 0.1901 456 200 495 234
chair 0.1206 422 220 474 274
chair 0.1118 284 222 305 285
chair 0.0975 309 213 353 244
chair 0.0905 299 194 321 205
chair 0.0864 324 220 354 242
chair 0.0822 299 204 325 256
chair 0.0804 483 208 500 273
chair 0.0706 422 197 456 247
chair 0.0677 478 202 500 240
chair 0.0580 446 200 474 225
chair 0.0575 355 205 393 215
chair 0.0535 474 197 499 208
chair 0.0532 486 242 499 274
chair 0.0527 365 225 381 252
chair 0.0523 398 241 445 271
chair 0.0510 445 202 460 223
chair 0.0474 470 199 499 217
chair 0.0467 313 197 407 250
chair 0.0461 288 209 398 307
chair 0.0415 297 194 346 229
chair 0.0400 323 224 407 271
chair 0.0389 441 203 473 251
chair 0.0380 379 195 398 207
chair 0.0375 489 209 500 235
chair 0.0374 356 219 398 252
chair 0.0328 311 272 501 322
chair 0.0318 352 196 376 205
chair 0.0297 315 205 369 243
chair 0.0290 328 201 405 229
chair 0.0284 453 212 480 252
chair 0.0266 416 245 477 280
chair 0.0264 473 200 484 216
chair 0.0260 348 197 391 211
chair 0.0255 294 250 399 318
chair 0.0253 422 195 447 221
chair 0.0242 348 205 405 242
chair 0.0240 316 219 367 251
chair 0.0235 352 194 401 220
chair 0.0232 297 215 390 266
chair 0.0217 416 250 445 272
chair 0.0211 297 192 338 206
chair 0.0207 437 209 458 250
chair 0.0205 300 198 329 218
chair 0.0187 443 199 460 244
chair 0.0187 319 193 335 204
chair 0.0185 311 193 332 206
chair 0.0180 419 260 447 273
chair 0.0179 281 191 322 215
chair 0.0174 467 228 493 275
chair 0.0166 389 198 400 215
chair 0.0166 318 271 398 302
chair 0.0165 410 272 499 322
chair 0.0161 300 195 405 218
chair 0.0142 453 222 479 239
chair 0.0141 369 230 459 279
chair 0.0131 475 238 498 275
chair 0.0120 411 236 444 264
chair 0.0120 293 193 317 211
chair 0.0117 290 193 299 213
chair 0.0114 418 223 447 275
chair 0.0112 405 199 450 259
chair 0.0111 269 193 295 214
chair 0.0109 402 240 490 293
chair 0.0106 294 202 317 267
chair 0.0099 144 167 191 199
chair 0.0098 347 259 394 271
chair 0.0098 366 217 405 245
chair 0.0097 466 253 499 295
chair 0.0095 320 228 349 245
chair 0.0091 111 168 158 210
chair 0.0089 312 200 368 220
chair 0.0086 300 201 330 233
chair 0.0080 378 192 437 219
chair 0.0079 307 194 401 208
chair 0.0073 317 222 443 293
chair 0.0068 370 195 383 205
chair 0.0064 314 191 347 206
chair 0.0064 275 221 300 276
chair 0.0064 368 199 385 207
chair 0.0062 464 272 499 322
chair 0.0062 322 201 398 216
chair 0.0061 292 193 326 223
chair 0.0061 440 217 469 267
chair 0.0060 461 301 500 325
chair 0.0059 284 222 323 304
chair 0.0059 381 242 412 265
chair 0.0058 443 220 457 247
chair 0.0057 457 199 482 214
chair 0.0056 416 307 463 326
chair 0.0055 289 186 318 195
sofa 0.0149 349 214 406 248
sofa 0.0110 149 166 192 199
sofa 0.0084 195 149 250 184
sofa 0.0083 311 195 408 255
sofa 0.0062 457 201 479 228
sofa 0.0056 271 230 366 324
sofa 0.0043 367 227 382 254
sofa 0.0043 112 169 158 215
sofa 0.0031 328 201 405 229
sofa 0.0027 360 222 386 253
sofa 0.0027 420 202 447 256
sofa 0.0025 352 194 401 220
sofa 0.0025 311 272 503 323
sofa 0.0024 349 196 386 209
sofa 0.0024 307 194 401 208
sofa 0.0024 198 164 244 183
sofa 0.0023 456 200 495 266
sofa 0.0021 294 250 399 318
sofa 0.0019 384 198 398 217
sofa 0.0019 297 194 382 230
sofa 0.0018 309 219 458 309
sofa 0.0017 398 241 445 271
sofa 0.0015 119 163 190 216
sofa 0.0015 301 205 421 288
sofa 0.0015 293 207 351 290
sofa 0.0014 477 202 500 272
sofa 0.0014 323 224 407 271
sofa 0.0014 447 223 478 274
sofa 0.0013 350 206 394 217
sofa 0.0013 156 163 238 197
sofa 0.0011 268 245 302 326
sofa 0.0011 391 265 413 297
sofa 0.0011 385 242 415 269
sofa 0.0010 205 167 229 181
sofa 0.0010 293 192 322 207
pottedplant 0.0931 385 242 415 269
pottedplant 0.0623 318 229 439 277
pottedplant 0.0581 396 263 412 295
pottedplant 0.0401 384 236 445 270
pottedplant 0.0399 384 252 409 295
pottedplant 0.0342 368 231 380 254
pottedplant 0.0335 311 272 501 322
pottedplant 0.0226 309 219 458 309
pottedplant 0.0199 363 225 382 252
pottedplant 0.0189 191 151 214 177
pottedplant 0.0180 369 230 459 279
pottedplant 0.0121 344 205 405 248
pottedplant 0.0085 195 149 250 184
pottedplant 0.0082 200 152 214 172
pottedplant 0.0066 334 193 345 204
pottedplant 0.0061 299 306 356 326
pottedplant 0.0058 381 247 405 271
pottedplant 0.0055 315 247 439 292
pottedplant 0.0053 449 157 468 183
pottedplant 0.0044 149 166 192 199
pottedplant 0.0041 191 161 212 181
pottedplant 0.0040 391 264 406 289
pottedplant 0.0039 453 152 474 183
pottedplant 0.0038 348 220 386 251
pottedplant 0.0035 311 195 408 255
pottedplant 0.0034 386 266 396 288
pottedplant 0.0033 279 243 388 326
pottedplant 0.0032 106 143 124 164
pottedplant 0.0029 301 205 421 288
pottedplant 0.0028 293 191 394 208
pottedplant 0.0026 201 164 223 181
pottedplant 0.0024 322 192 340 204
pottedplant 0.0023 108 154 127 171
pottedplant 0.0022 485 190 495 196
pottedplant 0.0019 386 253 409 276
pottedplant 0.0017 470 190 495 197
pottedplant 0.0016 254 68 272 99
pottedplant 0.0016 367 238 385 264
pottedplant 0.0015 471 194 498 207
pottedplant 0.0015 381 242 432 288
pottedplant 0.0015 397 244 442 277
pottedplant 0.0014 355 253 406 285
pottedplant 0.0014 384 257 400 272
pottedplant 0.0014 461 150 479 168
pottedplant 0.0013 378 237 404 256
pottedplant 0.0012 0 66 10 97
pottedplant 0.0012 363 252 410 272
pottedplant 0.0011 357 222 377 247
pottedplant 0.0011 321 308 349 325
pottedplant 0.0011 318 191 365 208
pottedplant 0.0010 300 194 396 218
pottedplant 0.0010 204 154 226 182
diningtable 0.5950 312 269 497 324
diningtable 0.1995 303 197 406 239
diningtable 0.1907 300 195 405 218
diningtable 0.1475 307 238 405 272
diningtable 0.1248 298 202 360 248
diningtable 0.1077 324 219 354 243
diningtable 0.0973 311 208 418 276
diningtable 0.0913 310 213 353 244
diningtable 0.0851 475 198 498 206
diningtable 0.0814 347 267 461 303
diningtable 0.0786 350 205 392 215
diningtable 0.0782 282 219 400 323
diningtable 0.0714 307 194 401 208
diningtable 0.0710 317 271 393 301
diningtable 0.0686 410 272 499 318
diningtable 0.0662 303 193 352 220
diningtable 0.0638 365 230 381 254
diningtable 0.0596 460 200 499 268
diningtable 0.0532 348 197 391 211
diningtable 0.0526 320 193 337 205
diningtable 0.0501 314 191 347 206
diningtable 0.0497 473 198 499 216
diningtable 0.0482 309 219 458 309
diningtable 0.0433 327 249 408 275
diningtable 0.0426 316 219 367 251
diningtable 0.0424 297 192 338 206
diningtable 0.0391 353 197 373 206
diningtable 0.0388 324 207 395 250
diningtable 0.0379 360 222 386 253
diningtable 0.0374 463 197 498 230
diningtable 0.0355 320 239 398 257
diningtable 0.0345 312 200 368 220
diningtable 0.0341 447 230 480 275
diningtable 0.0330 454 201 480 230
diningtable 0.0328 84 238 300 323
diningtable 0.0300 342 203 396 227
diningtable 0.0296 322 201 398 216
diningtable 0.0278 294 193 322 209
diningtable 0.0262 477 202 499 240
diningtable 0.0240 293 207 352 283
diningtable 0.0221 328 193 352 207
diningtable 0.0217 332 193 346 204
diningtable 0.0204 324 197 366 209
diningtable 0.0199 307 202 348 228
diningtable 0.0189 352 194 401 220
diningtable 0.0181 338 261 387 271
diningtable 0.0172 198 150 249 184
diningtable 0.0171 349 214 406 248
diningtable 0.0170 384 236 445 270
diningtable 0.0161 479 205 499 275
diningtable 0.0159 313 193 333 204
diningtable 0.0158 488 209 500 235
diningtable 0.0135 349 195 375 204
diningtable 0.0132 312 269 420 314
diningtable 0.0113 328 201 352 219
diningtable 0.0111 473 200 484 216
diningtable 0.0110 381 197 398 216
diningtable 0.0104 416 245 477 280
diningtable 0.0101 391 265 413 297
diningtable 0.0100 300 198 330 219
diningtable 0.0097 309 221 398 262
diningtable 0.0097 369 230 459 279
diningtable 0.0096 469 190 492 200
diningtable 0.0091 315 247 439 292
diningtable 0.0087 351 254 389 271
diningtable 0.0086 318 272 398 287
diningtable 0.0084 351 235 395 269
diningtable 0.0082 337 192 345 201
diningtable 0.0082 489 198 499 206
diningtable 0.0080 467 222 494 273
diningtable 0.0076 324 205 347 223
diningtable 0.0074 281 191 322 215
diningtable 0.0074 198 164 244 183
diningtable 0.0072 324 208 348 236
diningtable 0.0072 419 260 447 273
diningtable 0.0071 425 271 499 299
diningtable 0.0070 486 243 499 274
diningtable 0.0069 300 193 325 204
diningtable 0.0065 325 191 343 201
diningtable 0.0064 377 195 398 205
diningtable 0.0063 416 250 445 272
diningtable 0.0063 421 203 450 257
diningtable 0.0062 319 203 338 219
diningtable 0.0061 318 190 338 200
diningtable 0.0061 289 186 318 195
diningtable 0.0061 415 219 480 277
diningtable 0.0059 301 177 382 203
diningtable 0.0055 472 193 500 209
diningtable 0.0054 299 204 329 248
diningtable 0.0052 325 150 391 178
diningtable 0.0052 467 274 500 299
diningtable 0.0051 490 205 499 216
diningtable 0.0051 332 300 500 327
diningtable 0.0050 292 188 371 217
diningtable 0.0049 446 200 475 224
diningtable 0.0048 402 240 490 293
diningtable 0.0048 309 170 426 191
diningtable 0.0043 334 192 370 204
diningtable 0.0043 339 197 350 208
diningtable 0.0042 292 193 326 223
tvmonitor 0.0446 276 109 322 152
tvmonitor 0.0297 201 148 251 181
tvmonitor 0.0286 380 149 417 167
tvmonitor 0.0182 335 150 373 166
tvmonitor 0.0106 450 162 466 183
tvmonitor 0.0096 378 148 434 175
tvmonitor 0.0069 330 148 350 167
tvmonitor 0.0060 457 200 479 228
tvmonitor 0.0047 373 150 383 167
tvmonitor 0.0040 386 122 396 144
tvmonitor 0.0036 358 150 381 166
tvmonitor 0.0034 325 150 391 178
tvmonitor 0.0032 198 164 244 183
tvmonitor 0.0030 423 211 443 253
tvmonitor 0.0025 349 153 365 166
tvmonitor 0.0025 337 158 355 167
tvmonitor 0.0019 396 161 435 180
tvmonitor 0.0019 382 197 398 216
tvmonitor 0.0018 448 152 471 182
tvmonitor 0.0018 234 150 249 169
tvmonitor 0.0018 364 124 390 144
tvmonitor 0.0017 446 200 474 225
tvmonitor 0.0017 205 167 229 181
tvmonitor 0.0016 279 180 294 190
tvmonitor 0.0016 446 202 460 221
tvmonitor 0.0015 359 159 372 167
tvmonitor 0.0015 379 150 400 167
tvmonitor 0.0013 235 163 250 183
tvmonitor 0.0013 -1 156 137 190
tvmonitor 0.0013 422 194 447 221
tvmonitor 0.0011 373 152 387 174
tvmonitor 0.0011 448 129 475 182
tvmonitor 0.0010 111 170 157 202
