person 0.0015 9 82 64 111
car 0.0049 325 89 341 97
motorbike 0.0019 -1 125 145 270
dog 0.0013 -1 125 145 270
horse 0.0016 3 85 64 111
sheep 0.0532 202 111 337 294
sheep 0.0310 324 89 342 98
sheep 0.0227 209 83 283 124
sheep 0.0192 330 140 410 202
sheep 0.0132 401 120 479 204
sheep 0.0132 351 104 378 140
sheep 0.0113 287 94 304 104
sheep 0.0108 466 166 479 209
sheep 0.0104 388 95 402 103
sheep 0.0093 390 124 442 178
sheep 0.0088 0 207 19 263
sheep 0.0088 252 103 288 125
sheep 0.0066 192 88 258 121
sheep 0.0057 234 123 446 293
sheep 0.0053 283 94 307 108
sheep 0.0053 263 114 300 129
sheep 0.0052 338 108 398 172
sheep 0.0051 61 101 255 240
sheep 0.0043 352 104 376 118
sheep 0.0043 438 116 480 191
sheep 0.0042 332 141 397 174
sheep 0.0040 278 104 310 125
sheep 0.0039 0 126 152 267
sheep 0.0039 284 104 309 116
sheep 0.0036 275 115 309 131
sheep 0.0035 278 119 302 130
sheep 0.0033 386 94 408 106
sheep 0.0031 410 162 479 334
sheep 0.0031 241 87 291 125
sheep 0.0027 281 96 302 113
sheep 0.0026 271 112 296 126
sheep 0.0026 353 103 398 138
sheep 0.0026 317 90 340 101
sheep 0.0026 456 167 480 224
sheep 0.0024 323 120 464 257
sheep 0.0023 376 136 454 203
sheep 0.0023 309 107 326 117
sheep 0.0021 117 87 150 104
sheep 0.0021 302 92 326 103
sheep 0.0020 270 121 300 131
sheep 0.0020 300 94 337 111
sheep 0.0019 382 91 400 100
sheep 0.0019 367 97 480 292
sheep 0.0018 252 121 291 134
sheep 0.0018 331 110 357 142
sheep 0.0017 417 149 480 217
sheep 0.0017 4 85 63 110
sheep 0.0017 360 182 479 351
sheep 0.0016 441 141 479 208
sheep 0.0016 435 170 480 251
sheep 0.0016 199 92 240 117
sheep 0.0016 381 88 392 95
sheep 0.0015 300 110 357 145
sheep 0.0014 384 119 425 152
sheep 0.0014 310 110 328 121
sheep 0.0014 309 124 351 147
sheep 0.0014 259 132 397 214
sheep 0.0014 288 96 314 111
sheep 0.0014 356 93 369 101
sheep 0.0014 413 75 422 83
sheep 0.0013 324 193 430 285
sheep 0.0013 273 103 299 119
sheep 0.0013 357 104 376 110
sheep 0.0012 333 104 356 128
sheep 0.0011 283 114 322 136
sheep 0.0011 251 118 285 129
sheep 0.0010 389 92 406 100
sheep 0.0010 319 154 393 215
sheep 0.0010 411 89 480 176
sheep 0.0010 331 153 422 235
sheep 0.0010 361 149 414 199
sheep 0.0010 470 165 479 189
cow 0.8943 62 101 256 240
cow 0.8462 1 124 147 267
cow 0.4005 4 85 63 110
cow 0.3303 70 88 148 109
cow 0.3047 1 100 125 136
cow 0.2854 118 87 150 104
cow 0.2541 70 94 129 106
cow 0.2067 15 89 146 116
cow 0.1541 202 111 337 294
cow 0.1050 0 106 64 135
cow 0.0557 192 85 276 124
cow 0.0483 68 89 116 104
cow 0.0468 2 94 153 181
cow 0.0315 18 90 79 109
cow 0.0303 0 91 74 144
cow 0.0288 0 206 19 263
cow 0.0268 60 94 124 115
cow 0.0244 110 90 256 119
cow 0.0194 36 88 153 136
cow 0.0178 0 130 74 263
cow 0.0167 175 94 249 119
cow 0.0155 74 89 99 101
cow 0.0138 120 92 199 109
cow 0.0134 0 90 34 108
cow 0.0127 1 97 86 121
cow 0.0124 115 85 148 97
cow 0.0118 67 94 153 120
cow 0.0113 31 107 179 219
cow 0.0109 24 94 101 113
cow 0.0104 103 89 145 106
cow 0.0089 62 101 138 132
cow 0.0087 131 96 238 114
cow 0.0083 12 105 101 130
cow 0.0081 226 89 282 127
cow 0.0076 99 108 362 285
cow 0.0073 0 138 19 259
cow 0.0071 125 87 193 103
cow 0.0068 130 90 154 102
cow 0.0067 85 89 127 102
cow 0.0062 47 93 104 107
cow 0.0059 136 85 276 139
cow 0.0058 113 86 154 111
cow 0.0055 38 91 62 108
cow 0.0053 0 108 26 135
cow 0.0051 190 97 223 112
cow 0.0050 26 84 48 108
cow 0.0050 126 93 152 105
cow 0.0049 114 90 135 105
cow 0.0048 0 133 35 241
cow 0.0043 0 100 18 109
cow 0.0042 252 103 288 125
cow 0.0037 0 86 19 106
cow 0.0034 16 77 60 99
cow 0.0029 0 106 48 165
cow 0.0029 76 91 237 146
cow 0.0029 110 83 286 198
cow 0.0028 84 89 169 138
cow 0.0028 0 144 17 205
cow 0.0027 89 97 209 116
cow 0.0024 67 97 110 108
cow 0.0024 71 92 93 104
cow 0.0024 3 48 97 93
cow 0.0021 33 84 55 107
cow 0.0021 -1 110 83 153
cow 0.0021 186 98 217 107
cow 0.0021 204 90 244 119
cow 0.0020 325 89 341 98
cow 0.0020 184 111 289 258
cow 0.0019 51 128 125 267
cow 0.0019 14 84 38 108
cow 0.0019 -2 80 37 106
cow 0.0018 56 107 146 159
cow 0.0018 48 91 77 107
cow 0.0018 41 98 112 127
cow 0.0018 0 95 45 124
cow 0.0018 0 102 85 194
cow 0.0018 82 86 137 97
cow 0.0017 194 94 272 143
cow 0.0017 0 102 11 108
cow 0.0016 50 82 128 104
cow 0.0016 98 85 188 114
cow 0.0016 26 78 50 98
cow 0.0015 263 114 300 129
cow 0.0014 0 104 19 115
cow 0.0014 1 97 26 109
cow 0.0014 98 89 121 100
cow 0.0014 200 99 262 128
cow 0.0013 88 111 163 227
cow 0.0013 9 95 31 109
cow 0.0012 174 76 284 159
cow 0.0012 41 88 85 104
cow 0.0012 62 90 92 101
cow 0.0011 59 94 77 105
cow 0.0011 54 98 84 110
cow 0.0011 0 128 33 168
cow 0.0011 0 135 17 164
cow 0.0011 64 95 85 105
cow 0.0010 220 88 253 122
cow 0.0010 0 104 30 119
