person 0.0094 0 0 18 18
person 0.0082 0 1 41 23
person 0.0039 255 35 258 39
person 0.0037 272 27 276 31
person 0.0011 153 241 158 246
person 0.0011 31 201 46 207
bicycle 0.0122 0 2 42 23
bicycle 0.0015 0 1 18 19
bicycle 0.0011 -7 53 505 272
car 0.0175 0 2 42 23
car 0.0024 0 1 23 20
motorbike 0.3375 0 1 41 23
motorbike 0.0453 0 1 21 20
motorbike 0.0045 6 2 70 23
motorbike 0.0014 0 -1 43 14
motorbike 0.0013 19 3 40 23
motorbike 0.0010 -7 53 505 272
aeroplane 0.5462 -16 80 514 267
aeroplane 0.0506 0 1 42 24
aeroplane 0.0039 12 2 80 22
aeroplane 0.0015 2 173 494 303
bus 0.0018 0 1 42 23
train 0.0013 0 1 42 23
boat 0.0022 0 1 42 23
bird 0.0067 272 27 276 31
bird 0.0021 255 35 258 39
diningtable 0.0013 -14 152 522 261
diningtable 0.0012 -7 53 505 272
