person 0.8669 340 104 399 217
person 0.8461 0 36 78 214
person 0.7985 44 0 126 157
person 0.7711 274 70 362 218
person 0.4307 200 19 300 149
person 0.0998 219 22 346 165
person 0.0611 218 25 324 107
person 0.0556 91 0 132 50
person 0.0292 388 84 399 105
person 0.0281 91 5 115 60
person 0.0279 104 0 139 32
person 0.0199 199 20 261 128
person 0.0174 109 5 135 48
person 0.0168 181 62 371 219
person 0.0168 203 3 251 90
person 0.0157 36 0 116 49
person 0.0133 110 29 124 53
person 0.0126 -6 2 118 189
person 0.0110 203 2 290 101
person 0.0100 66 1 120 61
person 0.0094 273 57 360 153
person 0.0091 93 0 118 37
person 0.0084 0 13 67 143
person 0.0053 146 0 159 34
person 0.0053 191 100 211 127
person 0.0050 0 7 52 53
person 0.0045 87 2 184 69
person 0.0041 93 16 113 38
person 0.0037 206 1 248 53
person 0.0036 0 23 52 89
person 0.0034 92 2 112 26
person 0.0032 309 70 359 139
person 0.0030 363 40 400 109
person 0.0030 163 4 280 130
person 0.0030 177 72 282 182
person 0.0030 60 3 149 116
person 0.0030 96 34 330 174
person 0.0030 105 97 126 139
person 0.0028 73 62 110 121
person 0.0025 82 77 101 101
person 0.0025 208 4 363 96
person 0.0024 236 24 293 129
person 0.0024 190 61 229 106
person 0.0022 0 0 35 33
person 0.0021 105 3 156 48
person 0.0020 380 69 400 107
person 0.0020 89 16 133 82
person 0.0019 209 47 275 159
person 0.0018 1 26 53 49
person 0.0017 257 29 308 102
person 0.0016 189 101 213 163
person 0.0015 387 46 399 106
person 0.0015 362 101 399 114
person 0.0014 111 24 131 51
person 0.0014 128 55 288 156
person 0.0013 105 12 124 55
person 0.0013 355 104 400 122
person 0.0013 119 11 141 42
person 0.0013 369 92 400 113
person 0.0013 284 99 406 222
person 0.0012 220 7 247 39
person 0.0012 73 0 113 34
person 0.0012 133 0 153 34
person 0.0012 236 31 366 120
person 0.0011 344 40 367 107
person 0.0011 0 1 82 42
person 0.0011 343 104 400 146
person 0.0011 337 80 400 174
person 0.0010 151 71 175 104
person 0.0010 193 108 288 172
person 0.0010 200 9 227 59
person 0.0010 333 78 359 136
bottle 0.1262 161 26 172 50
bottle 0.0789 147 0 160 34
bottle 0.0394 133 33 142 54
bottle 0.0387 104 100 127 142
bottle 0.0325 189 109 212 165
bottle 0.0314 143 32 152 54
bottle 0.0266 111 30 124 53
bottle 0.0210 158 17 168 48
bottle 0.0199 153 7 161 35
bottle 0.0188 140 30 150 51
bottle 0.0188 93 8 221 87
bottle 0.0185 153 27 162 50
bottle 0.0184 134 24 197 59
bottle 0.0159 142 0 156 42
bottle 0.0151 120 23 131 43
bottle 0.0139 146 3 155 32
bottle 0.0128 134 30 146 47
bottle 0.0124 194 70 207 96
bottle 0.0115 112 24 131 50
bottle 0.0107 162 37 173 55
bottle 0.0079 201 173 235 216
bottle 0.0073 142 29 150 44
bottle 0.0069 113 8 133 46
bottle 0.0067 145 29 158 48
bottle 0.0064 128 31 143 52
bottle 0.0057 108 19 184 61
bottle 0.0057 167 25 178 42
bottle 0.0055 200 197 233 221
bottle 0.0055 130 28 163 54
bottle 0.0053 152 73 174 111
bottle 0.0052 162 24 171 37
bottle 0.0043 173 22 183 39
bottle 0.0043 148 33 163 57
bottle 0.0042 145 37 155 56
bottle 0.0041 163 30 175 47
bottle 0.0040 146 109 168 151
bottle 0.0040 132 29 141 44
bottle 0.0039 152 11 163 47
bottle 0.0034 169 25 177 35
bottle 0.0030 157 22 168 36
bottle 0.0030 92 0 137 53
bottle 0.0029 176 20 184 38
bottle 0.0028 149 18 161 50
bottle 0.0027 127 25 137 42
bottle 0.0026 149 1 157 20
bottle 0.0026 108 97 125 124
bottle 0.0024 246 176 289 210
bottle 0.0024 105 12 124 54
bottle 0.0024 153 36 162 55
bottle 0.0022 174 24 190 44
bottle 0.0022 190 102 212 139
bottle 0.0021 150 0 166 29
bottle 0.0021 141 11 152 46
bottle 0.0020 170 30 180 46
bottle 0.0020 119 11 141 42
bottle 0.0018 133 0 153 34
bottle 0.0018 150 27 160 41
bottle 0.0018 159 33 169 58
bottle 0.0017 150 0 157 11
bottle 0.0017 113 95 123 113
bottle 0.0016 127 40 140 56
bottle 0.0015 163 43 179 55
bottle 0.0014 201 209 231 221
bottle 0.0014 134 42 141 57
bottle 0.0014 43 -1 127 165
bottle 0.0013 152 71 170 97
bottle 0.0013 92 6 118 59
bottle 0.0011 141 22 151 36
bottle 0.0010 147 121 169 172
bottle 0.0010 196 69 206 86
bottle 0.0010 160 13 190 49
bottle 0.0010 159 168 174 191
chair 0.2856 344 41 367 99
chair 0.0673 229 38 364 149
chair 0.0243 303 69 360 137
chair 0.0152 130 86 153 97
chair 0.0128 329 75 359 137
chair 0.0113 278 58 367 202
chair 0.0106 388 84 399 105
chair 0.0103 348 41 399 110
chair 0.0090 319 40 366 93
chair 0.0058 151 71 175 104
chair 0.0052 329 48 362 121
chair 0.0048 230 85 246 95
chair 0.0045 340 103 399 217
chair 0.0036 336 81 359 123
chair 0.0031 343 43 378 115
chair 0.0030 60 171 161 198
chair 0.0028 318 62 358 108
chair 0.0027 199 21 279 140
chair 0.0026 358 102 400 114
chair 0.0026 30 186 172 221
chair 0.0024 98 19 221 83
chair 0.0023 310 39 384 116
chair 0.0021 0 189 53 221
chair 0.0020 348 89 400 116
chair 0.0018 248 175 310 216
chair 0.0016 321 59 353 90
chair 0.0015 294 51 357 96
chair 0.0015 325 72 345 85
chair 0.0014 369 92 400 113
chair 0.0013 195 69 207 92
chair 0.0012 301 5 355 80
chair 0.0011 287 206 315 221
chair 0.0010 10 190 90 220
chair 0.0010 0 2 51 42
chair 0.0010 152 70 172 89
sofa 0.0041 0 2 51 42
sofa 0.0020 93 26 218 80
sofa 0.0016 208 23 366 160
sofa 0.0015 0 21 50 53
sofa 0.0010 16 97 357 210
sofa 0.0010 0 14 53 108
pottedplant 0.0011 189 103 213 165
diningtable 0.3201 95 13 220 80
diningtable 0.1300 181 101 221 167
diningtable 0.1082 33 84 310 196
diningtable 0.0364 134 24 197 59
diningtable 0.0360 139 86 250 177
diningtable 0.0294 147 109 167 160
diningtable 0.0241 105 107 201 167
diningtable 0.0214 152 73 174 112
diningtable 0.0168 12 136 364 219
diningtable 0.0164 190 102 212 139
diningtable 0.0152 160 27 173 55
diningtable 0.0123 131 106 180 153
diningtable 0.0101 44 39 326 161
diningtable 0.0095 202 173 235 213
diningtable 0.0084 152 70 172 89
diningtable 0.0066 91 41 213 87
diningtable 0.0055 103 99 129 142
diningtable 0.0055 43 180 235 220
diningtable 0.0052 133 66 182 107
diningtable 0.0050 127 32 163 55
diningtable 0.0047 86 7 174 65
diningtable 0.0046 113 110 343 209
diningtable 0.0046 141 48 324 201
diningtable 0.0041 69 22 231 121
diningtable 0.0038 188 94 212 124
diningtable 0.0031 61 187 171 220
diningtable 0.0031 7 11 251 147
diningtable 0.0030 0 1 50 36
diningtable 0.0028 190 112 271 165
diningtable 0.0027 111 30 124 52
diningtable 0.0025 132 32 143 54
diningtable 0.0022 188 168 332 212
diningtable 0.0021 59 172 158 209
diningtable 0.0020 177 72 282 182
diningtable 0.0019 270 49 361 179
diningtable 0.0019 92 168 280 213
diningtable 0.0018 130 86 152 97
diningtable 0.0017 125 35 150 61
diningtable 0.0017 81 58 291 121
diningtable 0.0016 358 102 400 114
diningtable 0.0016 109 91 150 122
diningtable 0.0016 16 152 237 223
diningtable 0.0015 171 173 204 208
diningtable 0.0015 48 0 134 160
diningtable 0.0014 140 178 206 210
diningtable 0.0014 226 153 240 185
diningtable 0.0013 208 134 252 184
diningtable 0.0013 181 71 212 102
diningtable 0.0011 247 175 284 203
diningtable 0.0010 162 37 173 55
diningtable 0.0010 9 101 212 216
diningtable 0.0010 199 22 279 160
diningtable 0.0010 9 12 160 207
diningtable 0.0010 143 10 222 61
tvmonitor 0.0026 96 10 223 80
