person 0.2245 45 245 55 271
person 0.0566 423 186 501 225
person 0.0455 170 116 305 270
person 0.0451 56 245 68 270
person 0.0443 241 174 258 196
person 0.0367 45 232 58 260
person 0.0346 31 219 55 265
person 0.0280 44 237 63 270
person 0.0205 482 193 493 202
person 0.0131 466 191 476 202
person 0.0109 59 242 75 266
person 0.0108 176 150 190 173
person 0.0106 460 189 472 203
person 0.0103 183 168 221 202
person 0.0102 201 141 211 151
person 0.0100 178 149 185 159
person 0.0098 54 250 64 271
person 0.0089 177 148 188 164
person 0.0085 238 180 249 195
person 0.0079 452 189 478 205
person 0.0076 207 171 227 193
person 0.0070 246 165 264 201
person 0.0062 58 226 82 266
person 0.0062 47 227 70 266
person 0.0060 215 164 272 199
person 0.0059 347 73 354 88
person 0.0059 428 187 493 205
person 0.0057 476 36 499 55
person 0.0055 326 77 341 92
person 0.0054 31 226 47 260
person 0.0053 467 190 488 202
person 0.0050 178 159 209 197
person 0.0049 183 117 192 128
person 0.0049 184 111 194 127
person 0.0048 494 36 499 50
person 0.0039 33 238 45 260
person 0.0039 347 74 358 90
person 0.0038 238 185 253 198
person 0.0032 49 252 60 272
person 0.0030 456 192 471 217
person 0.0030 237 163 259 194
person 0.0028 212 178 230 196
person 0.0028 251 167 275 200
person 0.0024 184 180 213 203
person 0.0022 195 159 253 208
person 0.0022 334 75 352 91
person 0.0020 420 199 431 208
person 0.0020 179 158 202 181
person 0.0019 475 189 500 207
person 0.0019 480 1 500 50
person 0.0019 207 161 235 199
person 0.0018 490 2 499 48
person 0.0018 492 54 499 69
person 0.0017 468 193 476 209
person 0.0017 452 191 484 212
person 0.0017 486 0 500 12
person 0.0017 478 20 500 56
person 0.0016 0 261 6 279
person 0.0015 87 231 103 259
person 0.0014 208 144 254 242
person 0.0014 203 112 222 125
person 0.0013 197 136 210 152
person 0.0013 452 188 467 202
person 0.0013 37 245 47 266
person 0.0012 0 215 4 232
person 0.0012 75 233 90 262
person 0.0012 494 208 499 227
person 0.0012 175 144 228 223
person 0.0012 460 192 489 207
person 0.0011 247 150 263 180
person 0.0011 178 160 193 175
person 0.0010 476 48 499 67
person 0.0010 193 139 207 151
person 0.0010 405 8 422 18
person 0.0010 482 0 499 17
person 0.0010 407 202 431 218
person 0.0010 468 193 483 204
bicycle 0.0145 46 247 58 271
bicycle 0.0053 55 245 69 270
bicycle 0.0050 54 250 64 271
bicycle 0.0021 44 248 54 270
bicycle 0.0010 44 237 63 270
car 0.4697 413 185 499 226
car 0.0478 483 193 497 202
car 0.0427 407 204 433 219
car 0.0087 87 231 103 259
car 0.0069 428 187 493 205
car 0.0063 475 189 500 206
car 0.0044 409 202 424 211
car 0.0037 412 201 431 210
car 0.0028 493 208 499 225
car 0.0025 486 191 500 219
car 0.0025 88 228 102 239
car 0.0022 420 199 431 208
car 0.0017 45 245 57 271
car 0.0015 56 241 68 268
car 0.0015 284 61 319 91
car 0.0015 452 189 478 205
car 0.0013 452 191 484 212
car 0.0013 474 190 499 220
car 0.0013 450 189 498 225
car 0.0012 476 44 499 57
car 0.0011 404 193 441 220
car 0.0011 57 226 92 265
car 0.0010 172 113 302 273
motorbike 0.0079 45 245 57 271
motorbike 0.0034 55 245 69 270
motorbike 0.0022 54 250 64 271
aeroplane 0.0019 476 44 498 57
bus 0.1508 168 118 308 273
bus 0.0067 423 188 499 225
train 0.7745 171 116 302 271
boat 0.0038 170 116 305 270
boat 0.0038 477 37 500 61
boat 0.0034 476 44 499 57
boat 0.0020 478 20 500 56
boat 0.0019 488 0 500 11
boat 0.0011 480 1 500 50
bird 0.0040 486 0 500 12
bird 0.0036 471 -1 497 9
bird 0.0027 472 0 499 16
bird 0.0017 475 0 499 47
bird 0.0016 494 36 499 49
bird 0.0013 476 36 499 59
dog 0.0025 0 261 6 279
horse 0.0024 172 113 302 273
bottle 0.0034 59 244 69 267
bottle 0.0031 44 246 55 270
chair 0.0036 44 245 55 270
chair 0.0030 347 74 354 90
chair 0.0017 413 185 499 226
chair 0.0015 326 79 341 91
chair 0.0015 364 17 382 38
chair 0.0014 55 245 69 270
chair 0.0012 370 75 382 90
chair 0.0011 348 76 363 91
chair 0.0010 54 250 64 271
pottedplant 0.2234 58 226 83 267
pottedplant 0.1927 86 235 103 258
pottedplant 0.1903 30 217 50 259
pottedplant 0.1609 58 244 69 267
pottedplant 0.1286 68 237 88 265
pottedplant 0.0976 75 231 90 261
pottedplant 0.0933 326 79 341 91
pottedplant 0.0822 46 238 59 270
pottedplant 0.0687 39 220 72 261
pottedplant 0.0640 63 245 78 267
pottedplant 0.0530 73 247 85 265
pottedplant 0.0364 42 229 57 262
pottedplant 0.0308 61 252 70 267
pottedplant 0.0269 34 224 55 254
pottedplant 0.0269 56 223 77 255
pottedplant 0.0258 373 78 381 90
pottedplant 0.0235 66 254 78 266
pottedplant 0.0232 73 254 82 266
pottedplant 0.0213 27 215 65 264
pottedplant 0.0188 65 225 88 258
pottedplant 0.0184 49 225 69 251
pottedplant 0.0182 105 246 127 255
pottedplant 0.0178 54 221 97 265
pottedplant 0.0144 347 75 353 90
pottedplant 0.0124 30 217 45 239
pottedplant 0.0109 347 74 358 90
pottedplant 0.0108 41 221 70 244
pottedplant 0.0103 50 232 68 260
pottedplant 0.0094 77 254 85 264
pottedplant 0.0094 79 231 106 260
pottedplant 0.0089 33 234 45 263
pottedplant 0.0087 31 217 56 241
pottedplant 0.0069 32 241 42 260
pottedplant 0.0067 286 75 319 92
pottedplant 0.0063 367 76 383 90
pottedplant 0.0062 54 250 64 271
pottedplant 0.0061 90 242 105 256
pottedplant 0.0051 104 237 128 254
pottedplant 0.0050 106 250 124 255
pottedplant 0.0048 43 248 54 271
pottedplant 0.0045 334 75 352 91
pottedplant 0.0042 84 248 94 261
pottedplant 0.0042 0 260 8 279
pottedplant 0.0041 296 80 318 93
pottedplant 0.0035 88 227 102 239
pottedplant 0.0031 47 244 80 269
pottedplant 0.0030 29 216 42 231
pottedplant 0.0026 402 9 433 39
pottedplant 0.0025 364 81 380 90
pottedplant 0.0025 72 220 97 249
pottedplant 0.0023 91 226 104 255
pottedplant 0.0023 32 248 40 261
pottedplant 0.0022 61 255 74 269
pottedplant 0.0021 475 0 499 47
pottedplant 0.0020 13 213 49 263
pottedplant 0.0019 348 76 364 91
pottedplant 0.0018 49 252 60 272
pottedplant 0.0018 44 219 64 238
pottedplant 0.0017 404 9 423 32
pottedplant 0.0015 306 79 319 91
pottedplant 0.0015 37 245 47 266
pottedplant 0.0015 359 12 382 37
pottedplant 0.0014 84 224 102 244
pottedplant 0.0014 54 222 74 239
pottedplant 0.0013 476 36 499 59
pottedplant 0.0013 366 50 379 72
pottedplant 0.0013 0 211 36 267
pottedplant 0.0013 293 20 306 37
pottedplant 0.0013 478 20 500 56
pottedplant 0.0013 359 77 373 90
pottedplant 0.0012 88 247 103 259
pottedplant 0.0012 284 60 320 91
pottedplant 0.0011 347 19 365 37
pottedplant 0.0011 51 195 66 213
pottedplant 0.0010 284 75 298 93
pottedplant 0.0010 56 202 66 210
pottedplant 0.0010 362 83 373 90
pottedplant 0.0010 331 71 344 90
tvmonitor 0.0025 166 117 308 271
