person 0.0055 352 62 363 83
person 0.0022 471 57 500 99
person 0.0018 404 64 428 87
person 0.0017 328 36 489 88
person 0.0014 230 21 317 72
person 0.0011 6 39 30 65
person 0.0010 32 43 69 78
car 0.2994 9 39 36 63
car 0.2884 32 38 70 78
car 0.0785 59 15 210 55
car 0.0605 16 7 259 72
car 0.0558 106 20 158 45
car 0.0322 28 11 154 76
car 0.0291 118 0 262 51
car 0.0261 1 38 27 68
car 0.0151 13 6 132 50
car 0.0146 127 11 183 43
car 0.0140 11 40 33 51
car 0.0115 47 13 156 47
car 0.0104 234 4 498 81
car 0.0093 138 11 173 37
car 0.0089 327 31 491 85
car 0.0087 466 28 500 45
car 0.0085 418 28 498 86
car 0.0078 423 22 500 54
car 0.0077 0 42 65 72
car 0.0066 5 44 37 72
car 0.0057 399 29 494 63
car 0.0045 228 23 333 72
car 0.0044 450 29 499 65
car 0.0038 109 76 321 263
car 0.0037 434 56 489 90
car 0.0037 478 32 500 46
car 0.0032 459 16 499 48
car 0.0030 94 7 178 38
car 0.0029 449 49 485 72
car 0.0027 309 219 497 372
car 0.0027 7 27 62 60
car 0.0026 0 46 20 72
car 0.0025 234 4 380 72
car 0.0023 120 24 160 51
car 0.0022 136 4 221 40
car 0.0020 149 16 179 37
car 0.0019 109 25 137 43
car 0.0018 17 42 43 65
car 0.0016 63 7 141 38
car 0.0016 35 10 111 44
car 0.0016 83 12 136 31
car 0.0016 426 25 481 45
car 0.0015 398 38 438 59
car 0.0015 242 1 371 34
car 0.0014 353 7 387 32
car 0.0014 134 17 157 38
car 0.0014 138 12 159 33
car 0.0013 425 43 488 71
car 0.0013 471 21 500 39
car 0.0013 171 0 288 34
car 0.0013 377 9 505 73
car 0.0012 127 22 153 43
car 0.0012 2 37 44 82
car 0.0011 466 35 500 52
car 0.0011 474 4 499 29
car 0.0010 6 31 35 49
car 0.0010 322 34 414 78
car 0.0010 66 19 145 60
car 0.0010 466 51 499 92
car 0.0010 406 35 455 58
bus 0.8449 99 79 324 263
bus 0.2843 32 39 70 78
bus 0.1522 231 21 338 72
bus 0.1261 236 14 500 85
bus 0.0156 28 11 154 76
bus 0.0151 229 5 396 76
bus 0.0135 327 28 492 89
bus 0.0074 118 0 262 51
bus 0.0056 4 39 36 66
bus 0.0040 13 6 132 50
bus 0.0037 321 34 414 78
bus 0.0029 86 17 162 47
bus 0.0029 16 7 259 72
bus 0.0028 309 219 497 372
bus 0.0022 59 15 210 55
bus 0.0020 406 46 489 91
bus 0.0017 28 36 98 79
bus 0.0014 98 3 379 69
bus 0.0012 49 11 122 41
train 0.0172 236 12 500 85
train 0.0168 99 79 325 258
train 0.0051 232 15 366 74
train 0.0037 32 40 69 77
train 0.0033 1 60 175 375
train 0.0032 330 31 491 90
train 0.0016 397 43 489 90
train 0.0015 0 38 89 373
train 0.0010 434 56 489 90
boat 0.0032 246 22 500 89
boat 0.0016 231 20 339 73
boat 0.0014 127 0 261 45
boat 0.0014 32 40 70 77
boat 0.0012 109 76 321 263
boat 0.0010 381 24 496 88
bird 0.0035 366 251 391 266
bird 0.0014 420 232 444 250
diningtable 0.0045 308 219 497 370
tvmonitor 0.0023 420 305 490 353
tvmonitor 0.0016 308 219 497 370
