person 0.0120 308 460 332 499
person 0.0075 314 476 332 499
person 0.0063 320 483 332 500
person 0.0012 299 482 333 499
person 0.0011 323 465 332 500
bicycle 0.0048 232 0 332 263
bus 0.0015 232 0 332 263
train 0.0027 232 0 332 263
bottle 0.0031 202 442 226 491
bottle 0.0017 127 71 177 120
bottle 0.0015 197 468 215 499
bottle 0.0012 306 459 332 500
bottle 0.0010 139 278 174 305
bottle 0.0010 232 0 332 263
chair 0.0020 308 460 332 499
chair 0.0016 314 476 332 499
chair 0.0014 233 6 332 258
chair 0.0010 320 483 332 500
pottedplant 0.6243 114 346 241 475
pottedplant 0.4005 132 482 175 500
pottedplant 0.2232 129 289 178 351
pottedplant 0.0828 171 482 202 500
pottedplant 0.0731 201 442 225 494
pottedplant 0.0595 175 451 228 499
pottedplant 0.0514 131 479 203 500
pottedplant 0.0445 201 441 224 470
pottedplant 0.0425 208 483 230 499
pottedplant 0.0389 173 473 220 500
pottedplant 0.0330 120 375 201 476
pottedplant 0.0318 127 180 183 234
pottedplant 0.0250 200 473 238 500
pottedplant 0.0246 183 401 227 492
pottedplant 0.0239 208 483 253 499
pottedplant 0.0232 141 443 225 500
pottedplant 0.0230 135 278 175 306
pottedplant 0.0190 166 480 190 500
pottedplant 0.0185 105 257 190 350
pottedplant 0.0184 201 441 221 455
pottedplant 0.0177 275 425 332 496
pottedplant 0.0165 307 456 333 499
pottedplant 0.0161 104 253 234 490
pottedplant 0.0141 232 3 331 250
pottedplant 0.0124 134 487 160 499
pottedplant 0.0116 126 71 178 121
pottedplant 0.0114 127 426 189 504
pottedplant 0.0097 97 80 199 257
pottedplant 0.0095 128 415 183 468
pottedplant 0.0093 207 472 269 500
pottedplant 0.0083 119 196 196 396
pottedplant 0.0075 170 491 184 500
pottedplant 0.0071 195 468 216 500
pottedplant 0.0068 195 446 248 500
pottedplant 0.0056 103 102 208 426
pottedplant 0.0052 196 446 318 500
pottedplant 0.0051 148 480 185 499
pottedplant 0.0046 307 451 332 480
pottedplant 0.0037 127 386 235 501
pottedplant 0.0035 142 489 193 500
pottedplant 0.0033 224 419 334 499
pottedplant 0.0033 112 292 182 448
pottedplant 0.0033 286 451 331 500
pottedplant 0.0030 121 124 185 239
pottedplant 0.0025 189 478 210 500
pottedplant 0.0025 149 486 173 499
pottedplant 0.0021 298 432 332 485
pottedplant 0.0019 120 346 201 426
pottedplant 0.0017 179 356 248 499
pottedplant 0.0017 274 430 330 462
pottedplant 0.0016 131 273 174 331
pottedplant 0.0014 270 404 332 469
pottedplant 0.0014 130 483 151 499
pottedplant 0.0014 125 463 208 500
pottedplant 0.0012 139 286 166 304
pottedplant 0.0012 156 490 179 499
pottedplant 0.0011 107 351 176 479
pottedplant 0.0010 173 431 279 500
pottedplant 0.0010 123 479 158 499
