person 0.0020 176 38 306 356
bird 0.0012 167 43 314 320
cat 0.6022 177 39 302 301
cat 0.0425 72 33 376 371
cat 0.0185 8 1 269 376
cat 0.0181 199 18 488 370
cat 0.0039 189 140 289 291
cat 0.0030 204 173 266 284
cat 0.0011 218 36 365 371
dog 0.0183 167 43 314 320
dog 0.0017 199 18 488 370
horse 0.0022 225 9 490 369
horse 0.0011 8 1 269 376
cow 0.0017 226 9 489 371
chair 0.0551 8 1 269 375
chair 0.0156 199 18 488 370
chair 0.0121 175 35 316 366
chair 0.0070 72 33 376 371
sofa 0.0083 193 10 488 368
sofa 0.0060 8 1 269 376
sofa 0.0035 72 33 376 371
sofa 0.0030 167 33 300 319
pottedplant 0.0017 199 18 488 370
diningtable 0.0011 1 5 269 371
