person 0.2457 468 2 478 25
person 0.2215 458 3 468 26
person 0.0911 276 10 295 39
person 0.0607 281 10 298 25
person 0.0463 485 1 498 18
person 0.0445 280 9 289 23
person 0.0431 458 1 480 26
person 0.0408 468 1 487 24
person 0.0379 112 72 127 103
person 0.0288 469 2 478 13
person 0.0280 490 2 499 16
person 0.0268 390 0 401 18
person 0.0260 285 11 301 30
person 0.0251 479 2 500 24
person 0.0243 313 8 333 25
person 0.0225 494 5 500 22
person 0.0180 280 7 289 18
person 0.0152 427 1 434 15
person 0.0142 314 0 330 22
person 0.0140 281 2 300 17
person 0.0129 493 0 499 13
person 0.0126 460 2 467 13
person 0.0110 277 0 321 20
person 0.0108 389 0 414 18
person 0.0103 386 0 395 13
person 0.0101 396 0 411 15
person 0.0099 325 0 334 20
person 0.0099 401 1 416 15
person 0.0077 407 0 421 16
person 0.0076 496 14 500 27
person 0.0069 114 72 125 86
person 0.0060 316 0 326 12
person 0.0060 257 8 272 27
person 0.0059 322 0 333 14
person 0.0057 0 92 6 102
person 0.0055 243 2 256 29
person 0.0052 0 93 6 110
person 0.0052 411 0 426 17
person 0.0050 129 28 150 51
person 0.0050 470 9 499 26
person 0.0050 292 2 316 25
person 0.0050 379 3 394 23
person 0.0048 0 98 8 119
person 0.0047 292 12 307 27
person 0.0045 477 0 493 10
person 0.0043 223 4 236 14
person 0.0043 382 1 391 21
person 0.0042 100 1 118 19
person 0.0042 244 4 269 28
person 0.0041 0 98 17 121
person 0.0040 223 2 246 18
person 0.0040 255 10 267 29
person 0.0038 425 2 451 33
person 0.0037 189 0 212 14
person 0.0035 456 2 464 12
person 0.0035 375 11 390 23
person 0.0035 0 175 6 201
person 0.0035 425 3 433 20
person 0.0033 99 75 121 104
person 0.0030 155 1 192 16
person 0.0030 401 4 418 23
person 0.0030 307 0 325 20
person 0.0029 100 5 112 22
person 0.0027 366 13 388 24
person 0.0026 0 160 10 202
person 0.0026 323 4 337 25
person 0.0026 413 0 424 11
person 0.0025 0 117 12 163
person 0.0023 176 1 193 14
person 0.0023 495 19 500 32
person 0.0023 215 2 235 13
person 0.0022 107 1 130 18
person 0.0021 385 0 404 22
person 0.0021 385 0 391 11
person 0.0021 195 0 233 15
person 0.0021 179 65 186 74
person 0.0020 451 2 460 13
person 0.0018 452 2 461 27
person 0.0018 248 7 260 29
person 0.0018 0 129 11 149
person 0.0017 205 0 225 14
person 0.0017 0 93 12 113
person 0.0016 112 1 150 19
person 0.0016 403 0 428 22
person 0.0015 0 122 13 195
person 0.0014 0 364 5 375
person 0.0013 103 71 132 105
person 0.0013 261 10 279 29
person 0.0012 101 6 116 29
person 0.0012 449 1 459 10
person 0.0012 493 13 500 28
person 0.0012 461 9 479 33
person 0.0011 482 10 500 39
person 0.0011 0 99 17 156
person 0.0011 35 74 53 100
person 0.0011 182 0 199 11
person 0.0011 0 1 40 24
person 0.0011 308 0 324 9
person 0.0010 411 7 429 23
person 0.0010 0 95 20 193
bicycle 0.0159 126 15 191 51
bicycle 0.0157 312 8 333 25
bicycle 0.0114 130 21 154 52
bicycle 0.0106 278 0 325 21
bicycle 0.0085 112 1 154 20
bicycle 0.0078 127 2 189 33
bicycle 0.0073 363 11 390 24
bicycle 0.0053 272 13 299 40
bicycle 0.0041 388 0 400 21
bicycle 0.0033 376 12 389 24
bicycle 0.0030 260 10 281 30
bicycle 0.0028 257 10 273 28
bicycle 0.0027 306 3 346 26
bicycle 0.0022 129 32 149 52
bicycle 0.0022 324 4 335 24
bicycle 0.0017 124 13 169 44
bicycle 0.0016 317 1 334 23
bicycle 0.0015 313 3 369 25
bicycle 0.0014 379 3 394 23
bicycle 0.0014 243 4 272 28
bicycle 0.0012 141 21 162 49
bicycle 0.0012 264 12 288 35
bicycle 0.0011 291 12 308 27
bicycle 0.0010 127 2 184 19
car 0.4421 112 1 150 18
car 0.4164 35 0 70 18
car 0.4132 190 0 213 14
car 0.3323 0 0 37 24
car 0.3258 152 1 183 16
car 0.2821 4 1 70 21
car 0.2502 223 4 235 13
car 0.2215 0 0 20 18
car 0.1376 23 0 45 14
car 0.1342 107 1 130 17
car 0.1271 22 0 56 18
car 0.1153 206 1 237 15
car 0.1137 277 0 321 20
car 0.1105 9 0 46 19
car 0.1020 127 2 183 18
car 0.0733 166 1 194 16
car 0.0714 149 1 168 12
car 0.0611 127 2 189 33
car 0.0595 0 0 17 11
car 0.0558 274 11 301 38
car 0.0479 140 2 170 15
car 0.0434 9 0 33 12
car 0.0376 154 1 213 19
car 0.0309 50 2 71 17
car 0.0298 176 0 200 15
car 0.0267 100 0 119 18
car 0.0238 279 2 306 18
car 0.0230 121 2 148 13
car 0.0216 128 12 193 52
car 0.0197 224 3 239 21
car 0.0187 1 6 52 27
car 0.0165 311 3 333 25
car 0.0151 135 1 158 16
car 0.0117 182 0 199 11
car 0.0113 281 10 298 25
car 0.0102 179 1 193 20
car 0.0088 113 1 137 12
car 0.0076 401 0 414 11
car 0.0073 292 2 316 25
car 0.0073 280 6 291 18
car 0.0070 130 21 154 52
car 0.0069 223 2 247 18
car 0.0066 470 4 497 26
car 0.0065 110 4 156 31
car 0.0062 0 7 19 26
car 0.0057 302 0 330 22
car 0.0057 100 0 115 11
car 0.0052 27 0 61 11
car 0.0051 294 0 323 11
car 0.0049 129 29 146 50
car 0.0048 425 1 453 14
car 0.0047 213 1 233 11
car 0.0045 388 0 416 18
car 0.0044 480 0 499 21
car 0.0044 402 0 428 19
car 0.0042 469 2 479 26
car 0.0036 457 2 467 24
car 0.0035 242 2 257 27
car 0.0035 107 -1 130 10
car 0.0032 154 0 184 11
car 0.0032 51 1 127 20
car 0.0031 0 10 36 32
car 0.0031 206 0 225 12
car 0.0031 147 -1 189 24
car 0.0030 409 0 421 12
car 0.0029 100 4 113 22
car 0.0026 307 3 356 26
car 0.0026 198 0 235 10
car 0.0026 1 -1 68 49
car 0.0025 143 0 173 10
car 0.0025 113 -1 150 11
car 0.0024 274 -1 318 11
car 0.0023 224 14 241 26
car 0.0023 121 20 150 39
car 0.0022 307 0 324 10
car 0.0022 7 8 35 25
car 0.0021 427 1 435 14
car 0.0021 242 4 291 30
car 0.0021 105 0 136 27
car 0.0021 424 4 461 36
car 0.0020 396 0 412 15
car 0.0019 195 0 247 19
car 0.0017 267 0 287 8
car 0.0017 458 1 480 26
car 0.0017 433 1 456 10
car 0.0017 101 6 128 31
car 0.0017 257 6 276 25
car 0.0017 418 84 500 176
car 0.0017 319 0 334 21
car 0.0016 188 -2 216 29
car 0.0016 141 7 211 44
car 0.0015 329 2 393 25
car 0.0015 215 2 233 20
car 0.0014 309 10 328 26
car 0.0014 270 0 299 11
car 0.0014 421 1 441 16
car 0.0013 224 1 255 27
car 0.0013 358 8 390 24
car 0.0013 430 2 499 31
car 0.0013 200 2 266 26
motorbike 0.2876 275 11 296 39
motorbike 0.0451 284 10 302 31
motorbike 0.0425 275 2 319 29
motorbike 0.0261 311 8 333 25
motorbike 0.0186 281 10 298 25
motorbike 0.0123 291 12 308 27
motorbike 0.0102 291 3 325 25
motorbike 0.0080 280 9 289 23
motorbike 0.0059 255 9 277 29
motorbike 0.0057 280 12 317 31
motorbike 0.0050 129 23 151 51
motorbike 0.0044 264 12 288 35
motorbike 0.0040 126 9 193 51
motorbike 0.0036 9 7 499 307
motorbike 0.0033 274 20 288 40
motorbike 0.0029 296 10 319 26
motorbike 0.0025 306 3 346 26
motorbike 0.0020 112 1 154 20
motorbike 0.0018 366 12 389 24
motorbike 0.0015 315 0 335 24
motorbike 0.0012 275 14 303 56
motorbike 0.0012 468 7 478 26
motorbike 0.0011 253 8 331 85
motorbike 0.0011 236 4 308 47
motorbike 0.0010 470 4 497 26
motorbike 0.0010 127 2 189 33
train 0.5188 -4 23 481 331
train 0.0076 287 46 503 199
train 0.0027 422 84 499 190
train 0.0017 283 32 392 95
boat 0.0021 470 4 497 26
boat 0.0012 358 8 390 24
boat 0.0010 482 3 498 23
bird 0.0250 36 74 52 97
bird 0.0155 0 98 17 121
bird 0.0154 0 92 6 102
bird 0.0109 71 83 81 93
bird 0.0106 113 73 126 99
bird 0.0105 156 69 164 78
bird 0.0102 0 93 6 110
bird 0.0100 14 92 25 104
bird 0.0097 0 98 8 119
bird 0.0084 179 66 187 73
bird 0.0070 0 93 12 113
bird 0.0059 114 72 125 86
bird 0.0053 2 92 25 115
bird 0.0052 144 72 152 80
bird 0.0050 10 93 28 109
bird 0.0038 168 68 177 76
bird 0.0033 131 74 140 82
bird 0.0029 21 92 37 103
bird 0.0028 0 95 23 131
bird 0.0026 189 64 197 71
bird 0.0025 22 75 53 104
bird 0.0024 26 90 41 102
bird 0.0020 0 98 14 138
bird 0.0017 130 75 141 89
bird 0.0016 129 28 150 51
bird 0.0015 50 85 64 97
bird 0.0014 15 93 32 106
bird 0.0012 89 82 96 91
bird 0.0011 10 92 30 122
bird 0.0011 0 105 8 132
bird 0.0010 70 84 82 103
sheep 0.0118 0 98 17 119
sheep 0.0082 0 92 6 102
sheep 0.0078 0 93 6 110
sheep 0.0071 0 98 8 119
sheep 0.0050 35 74 52 99
sheep 0.0033 0 93 12 113
sheep 0.0028 0 96 22 128
sheep 0.0023 0 175 6 201
sheep 0.0021 13 93 27 109
sheep 0.0020 71 83 81 93
sheep 0.0010 3 92 25 115
cow 0.0037 0 160 10 202
cow 0.0021 0 140 16 200
cow 0.0019 0 175 6 201
cow 0.0013 0 131 25 205
chair 0.0041 469 2 479 26
chair 0.0034 479 2 500 24
chair 0.0033 424 4 459 39
chair 0.0022 477 10 500 27
chair 0.0015 496 14 500 27
chair 0.0015 313 8 333 25
chair 0.0013 457 2 467 26
chair 0.0013 494 5 500 22
chair 0.0010 367 12 389 24
chair 0.0010 430 2 499 31
pottedplant 0.0046 273 13 300 40
pottedplant 0.0019 282 30 402 93
diningtable 0.0017 470 4 497 26
