person 0.8704 16 87 109 274
person 0.8563 272 115 361 257
person 0.0679 17 111 54 168
person 0.0478 15 96 61 253
person 0.0424 265 137 307 210
person 0.0214 98 93 102 99
person 0.0181 52 89 69 103
person 0.0157 265 162 296 204
person 0.0113 38 79 42 84
person 0.0106 59 88 81 103
person 0.0100 30 111 83 155
person 0.0094 68 90 81 103
person 0.0091 18 96 99 191
person 0.0089 82 93 88 99
person 0.0075 79 92 89 100
person 0.0073 490 139 499 146
person 0.0073 77 93 85 102
person 0.0061 273 128 329 207
person 0.0039 112 137 119 159
person 0.0030 112 94 123 101
person 0.0030 38 80 47 85
person 0.0029 257 186 371 298
person 0.0027 53 90 62 110
person 0.0027 296 195 336 233
person 0.0024 278 167 348 259
person 0.0023 263 144 320 244
person 0.0022 81 91 88 97
person 0.0021 52 88 67 120
person 0.0020 262 181 291 207
person 0.0020 163 101 168 106
person 0.0016 36 80 41 89
person 0.0016 53 82 77 99
person 0.0014 72 90 80 98
person 0.0013 16 176 106 299
person 0.0012 16 125 43 217
person 0.0011 374 146 378 160
bicycle 0.8986 15 176 107 300
bicycle 0.8877 257 186 371 299
bicycle 0.0557 17 85 108 281
bicycle 0.0303 273 115 363 276
bicycle 0.0105 59 90 82 103
bicycle 0.0093 110 137 121 162
bicycle 0.0091 340 181 374 215
bicycle 0.0084 270 181 350 252
bicycle 0.0071 262 181 291 207
bicycle 0.0065 346 150 381 217
bicycle 0.0039 69 91 82 103
bicycle 0.0029 77 93 85 102
bicycle 0.0027 79 92 89 100
bicycle 0.0025 293 205 339 251
bicycle 0.0022 279 195 339 239
bicycle 0.0021 113 138 119 155
bicycle 0.0020 325 186 369 223
bicycle 0.0018 269 204 344 275
bicycle 0.0017 98 93 102 99
bicycle 0.0014 106 137 119 157
bicycle 0.0013 15 175 54 273
bicycle 0.0013 343 189 366 213
bicycle 0.0011 43 216 67 247
bicycle 0.0011 330 186 367 208
bicycle 0.0011 18 152 77 274
bicycle 0.0010 349 190 374 222
car 0.0079 490 139 499 146
car 0.0043 111 94 123 101
car 0.0018 52 89 80 103
car 0.0016 53 76 74 89
car 0.0012 37 79 42 85
car 0.0011 38 80 47 85
car 0.0010 271 143 304 197
car 0.0010 18 110 57 165
motorbike 0.0070 253 186 371 298
motorbike 0.0059 14 173 105 298
motorbike 0.0057 54 88 80 103
motorbike 0.0012 98 93 102 99
boat 0.0022 490 138 499 145
bird 0.0052 98 93 102 99
bird 0.0046 490 139 499 146
bird 0.0010 82 93 88 99
bird 0.0010 112 94 123 101
dog 0.0048 111 93 123 101
dog 0.0040 490 139 500 146
horse 0.0037 111 93 123 102
horse 0.0015 54 88 80 103
horse 0.0012 98 93 102 99
horse 0.0012 490 139 499 146
sheep 0.0262 111 94 123 101
sheep 0.0132 490 139 499 146
sheep 0.0118 98 93 102 99
sheep 0.0016 37 79 42 85
sheep 0.0013 139 103 145 107
sheep 0.0010 257 186 371 299
cow 0.0930 112 94 123 101
cow 0.0166 98 93 102 99
cow 0.0160 490 138 499 145
cow 0.0036 54 76 75 88
cow 0.0029 4 71 28 85
cow 0.0023 54 88 80 103
cow 0.0016 37 79 42 85
cow 0.0013 97 93 104 100
cow 0.0013 82 93 88 99
cow 0.0013 38 80 47 85
bottle 0.0469 255 186 372 296
bottle 0.0202 14 171 103 295
bottle 0.0158 302 191 328 238
bottle 0.0154 307 218 322 232
bottle 0.0153 301 207 321 246
bottle 0.0089 273 198 336 260
bottle 0.0087 304 209 319 231
bottle 0.0080 273 111 359 266
bottle 0.0078 302 216 318 237
bottle 0.0045 15 82 107 279
bottle 0.0042 50 205 65 236
bottle 0.0036 293 205 339 251
bottle 0.0035 51 213 64 228
bottle 0.0027 300 223 310 242
bottle 0.0025 307 194 324 212
bottle 0.0024 47 214 62 239
bottle 0.0024 311 211 328 230
bottle 0.0023 295 200 316 253
bottle 0.0022 44 192 64 237
bottle 0.0020 50 180 78 259
bottle 0.0016 300 229 311 249
bottle 0.0015 300 216 312 248
bottle 0.0015 285 182 337 235
bottle 0.0015 49 217 67 248
bottle 0.0013 308 193 328 224
chair 0.0010 14 176 104 299
