person 0.0094 487 178 499 213
person 0.0059 460 97 500 211
person 0.0023 465 158 499 213
person 0.0018 0 41 76 198
person 0.0016 427 86 500 218
person 0.0013 402 88 499 329
person 0.0011 0 172 28 200
car 0.0021 248 60 290 81
car 0.0020 205 259 314 308
car 0.0017 254 41 286 54
car 0.0012 274 39 291 53
car 0.0011 250 46 290 77
car 0.0010 214 259 281 298
bird 0.0026 402 122 432 147
bird 0.0022 487 178 499 214
bird 0.0022 400 105 442 146
cat 0.1696 487 178 499 214
cat 0.0112 473 173 500 212
cat 0.0083 0 172 29 200
cat 0.0059 461 152 499 215
cat 0.0053 400 105 443 146
cat 0.0030 402 122 432 147
cat 0.0022 433 92 500 205
cat 0.0020 467 164 499 197
cat 0.0020 402 85 499 322
cat 0.0018 217 162 256 211
dog 0.0278 487 178 500 213
dog 0.0033 0 172 28 200
dog 0.0022 400 105 443 146
dog 0.0019 473 173 500 212
horse 0.0016 487 178 500 213
bottle 0.4552 192 194 212 229
bottle 0.0581 216 161 255 216
bottle 0.0054 192 185 211 213
bottle 0.0029 487 183 499 214
bottle 0.0016 217 177 269 222
bottle 0.0014 192 203 216 242
bottle 0.0010 216 134 250 200
chair 0.9119 0 41 75 200
chair 0.8320 142 51 249 211
chair 0.2643 373 108 499 370
chair 0.0314 427 90 501 211
chair 0.0242 109 116 179 209
chair 0.0116 364 265 500 373
chair 0.0087 215 161 256 212
chair 0.0058 407 95 498 275
chair 0.0056 106 65 205 214
chair 0.0040 144 130 249 204
chair 0.0036 94 116 173 173
chair 0.0035 0 171 28 199
chair 0.0031 116 119 165 134
chair 0.0030 212 123 258 213
chair 0.0026 177 49 248 168
chair 0.0026 5 87 63 129
chair 0.0025 191 261 320 322
chair 0.0023 188 194 216 230
chair 0.0022 234 131 255 173
chair 0.0021 370 274 411 372
chair 0.0019 87 251 202 362
chair 0.0016 3 125 51 136
chair 0.0016 0 112 67 194
chair 0.0016 406 107 451 147
chair 0.0014 460 100 500 209
chair 0.0014 224 127 255 187
chair 0.0013 313 88 429 208
chair 0.0013 161 160 247 214
chair 0.0013 147 130 179 173
chair 0.0013 141 110 184 197
chair 0.0013 116 319 291 373
chair 0.0013 128 123 180 179
chair 0.0012 192 288 297 319
chair 0.0012 86 226 356 364
chair 0.0011 336 139 432 201
chair 0.0011 197 64 277 226
chair 0.0010 0 67 9 129
sofa 0.5915 374 109 499 370
sofa 0.0416 427 90 501 211
sofa 0.0375 0 42 74 198
sofa 0.0158 407 95 498 275
sofa 0.0084 143 50 250 212
sofa 0.0063 365 265 500 374
sofa 0.0051 109 116 179 209
sofa 0.0028 78 188 366 361
sofa 0.0026 403 188 499 266
sofa 0.0024 260 246 318 262
sofa 0.0023 100 117 172 168
sofa 0.0021 406 107 451 147
sofa 0.0021 460 100 500 209
sofa 0.0017 486 178 499 214
sofa 0.0017 215 161 256 212
sofa 0.0014 154 126 276 213
sofa 0.0013 128 230 215 267
sofa 0.0013 199 259 309 308
sofa 0.0011 83 136 405 311
sofa 0.0010 314 72 427 201
sofa 0.0010 0 171 29 200
sofa 0.0010 369 275 410 371
pottedplant 0.6713 315 73 413 152
pottedplant 0.6612 217 161 256 213
pottedplant 0.3882 400 105 444 145
pottedplant 0.0371 393 117 434 148
pottedplant 0.0366 315 67 436 198
pottedplant 0.0311 217 177 269 222
pottedplant 0.0191 128 233 212 269
pottedplant 0.0106 409 108 460 139
pottedplant 0.0089 403 122 429 147
pottedplant 0.0062 220 186 255 216
pottedplant 0.0061 390 120 411 146
pottedplant 0.0060 396 90 440 135
pottedplant 0.0057 152 146 332 253
pottedplant 0.0055 313 74 376 194
pottedplant 0.0051 419 111 444 141
pottedplant 0.0050 410 104 438 134
pottedplant 0.0049 487 178 500 213
pottedplant 0.0048 214 158 288 216
pottedplant 0.0044 163 118 264 232
pottedplant 0.0042 380 78 440 145
pottedplant 0.0042 344 82 469 165
pottedplant 0.0040 212 123 258 213
pottedplant 0.0037 393 116 410 135
pottedplant 0.0037 301 31 318 51
pottedplant 0.0037 224 203 293 242
pottedplant 0.0032 429 92 499 200
pottedplant 0.0023 424 116 454 138
pottedplant 0.0021 222 164 250 199
pottedplant 0.0021 190 158 260 218
pottedplant 0.0020 337 133 427 198
pottedplant 0.0018 433 115 461 131
pottedplant 0.0013 446 118 460 134
pottedplant 0.0012 360 121 430 148
pottedplant 0.0011 154 67 294 242
pottedplant 0.0011 435 119 459 136
pottedplant 0.0010 428 112 451 133
pottedplant 0.0010 83 136 405 311
diningtable 0.0470 86 161 374 347
diningtable 0.0192 214 195 302 252
diningtable 0.0182 199 259 309 308
diningtable 0.0136 188 192 348 272
diningtable 0.0090 124 229 214 271
diningtable 0.0079 217 161 256 214
diningtable 0.0072 260 243 320 263
diningtable 0.0056 182 201 363 340
diningtable 0.0049 1 41 76 70
diningtable 0.0043 190 194 214 230
diningtable 0.0034 65 231 337 369
diningtable 0.0026 0 41 75 198
diningtable 0.0025 263 192 321 214
diningtable 0.0023 87 251 202 362
diningtable 0.0023 399 112 499 373
diningtable 0.0021 113 119 179 207
diningtable 0.0020 152 146 332 253
diningtable 0.0018 229 174 332 236
diningtable 0.0017 217 177 269 222
diningtable 0.0013 0 42 74 102
diningtable 0.0011 119 266 197 290
diningtable 0.0011 144 50 249 210
diningtable 0.0010 239 197 358 296
tvmonitor 0.0034 149 50 249 200
tvmonitor 0.0025 0 0 23 20
tvmonitor 0.0012 129 233 214 271
