person 0.6070 79 -5 328 485
person 0.1344 0 289 165 502
person 0.0548 174 113 317 406
person 0.0442 0 417 77 500
person 0.0421 1 290 81 502
person 0.0324 -2 -11 151 485
person 0.0127 189 187 316 307
person 0.0075 1 273 106 406
person 0.0063 10 273 323 498
person 0.0049 303 493 318 499
person 0.0041 255 54 337 474
person 0.0026 39 362 183 499
person 0.0023 21 297 124 388
person 0.0013 94 3 335 227
person 0.0012 36 295 110 450
person 0.0010 73 165 323 396
bottle 0.0725 189 189 327 378
bottle 0.0397 74 12 328 503
bottle 0.0051 173 183 311 300
bottle 0.0041 155 160 323 465
bottle 0.0013 55 144 320 377
bottle 0.0011 268 338 325 365
bottle 0.0011 242 366 251 388
bottle 0.0011 97 148 242 438
chair 0.0021 0 288 105 502
chair 0.0013 303 493 319 499
chair 0.0013 4 269 106 362
chair 0.0013 0 420 78 499
sofa 0.0015 0 288 106 501
diningtable 0.0012 12 5 315 511
