person 0.5887 121 23 182 135
person 0.2244 137 25 182 79
person 0.1785 144 39 155 48
person 0.0161 170 139 195 182
person 0.0132 88 50 209 175
person 0.0068 131 33 162 70
person 0.0067 171 132 200 165
person 0.0055 1 49 80 232
person 0.0047 144 34 158 52
person 0.0035 136 37 156 62
person 0.0028 79 117 98 169
person 0.0027 171 144 192 163
person 0.0025 156 94 215 192
person 0.0025 121 31 161 95
person 0.0024 94 42 143 152
person 0.0022 132 25 203 108
person 0.0020 153 29 175 73
person 0.0018 169 115 207 165
person 0.0017 120 51 157 143
person 0.0015 142 40 156 57
person 0.0013 305 49 319 182
person 0.0012 157 37 171 69
person 0.0012 81 118 96 151
person 0.0012 102 88 279 224
person 0.0011 79 127 89 193
person 0.0010 143 32 169 55
car 0.0012 0 2 9 11
horse 0.8699 85 49 210 228
horse 0.0392 104 21 193 148
horse 0.0057 79 122 91 178
horse 0.0053 3 50 81 227
horse 0.0053 79 116 97 202
horse 0.0052 123 46 212 164
horse 0.0028 171 141 190 173
horse 0.0021 78 121 110 224
horse 0.0019 80 116 97 158
horse 0.0015 80 91 105 196
horse 0.0015 168 130 192 182
horse 0.0012 73 71 131 212
horse 0.0010 79 143 87 173
