person 0.8064 208 5 403 326
person 0.5868 98 173 114 209
person 0.4788 133 169 152 214
person 0.1203 27 133 204 265
person 0.1193 136 172 165 215
person 0.0775 97 163 118 222
person 0.0411 73 160 143 228
person 0.0336 93 175 108 208
person 0.0205 55 3 468 328
person 0.0142 134 167 149 196
person 0.0127 100 158 110 175
person 0.0122 144 180 166 207
person 0.0100 111 158 123 170
person 0.0082 95 174 105 195
person 0.0070 115 159 125 171
person 0.0054 124 159 133 170
person 0.0053 85 163 127 210
person 0.0051 83 186 98 205
person 0.0050 96 159 113 196
person 0.0048 78 177 101 216
person 0.0046 270 1 499 328
person 0.0040 52 139 173 215
person 0.0038 90 160 99 175
person 0.0037 106 156 123 197
person 0.0037 85 185 106 213
person 0.0033 146 194 162 212
person 0.0028 120 156 141 198
person 0.0026 54 191 68 215
person 0.0023 88 194 108 218
person 0.0022 91 157 107 175
person 0.0020 79 192 94 219
person 0.0020 124 176 155 223
person 0.0019 339 158 490 326
person 0.0018 113 150 145 204
person 0.0014 480 212 499 328
person 0.0014 80 202 90 221
person 0.0014 78 181 115 226
person 0.0012 119 155 133 173
person 0.0012 197 186 224 235
person 0.0011 0 233 21 313
person 0.0010 84 180 101 200
person 0.0010 76 162 90 176
car 0.0078 1 296 51 329
car 0.0013 29 138 207 266
car 0.0011 2 295 45 314
aeroplane 0.0010 26 134 205 265
bus 0.0025 29 138 207 266
bus 0.0012 73 160 143 228
boat 0.0012 26 134 205 265
cat 0.0037 133 172 161 215
cat 0.0015 97 173 114 207
dog 0.0081 133 168 152 214
dog 0.0035 98 173 114 209
dog 0.0026 27 133 204 265
horse 0.0014 97 173 114 208
bottle 0.0448 225 208 244 245
bottle 0.0074 198 185 222 240
bottle 0.0071 205 217 249 275
bottle 0.0058 0 233 25 313
bottle 0.0050 214 200 250 257
bottle 0.0045 226 211 253 273
bottle 0.0025 203 228 238 261
bottle 0.0022 198 189 234 255
bottle 0.0013 233 207 252 253
bottle 0.0012 0 231 43 326
chair 0.6358 338 159 489 328
chair 0.0061 0 297 53 328
chair 0.0061 470 209 499 329
chair 0.0032 0 231 43 326
chair 0.0031 332 -5 494 332
chair 0.0031 413 166 492 328
chair 0.0021 198 185 224 238
chair 0.0019 319 162 422 328
chair 0.0017 217 160 465 330
chair 0.0017 480 238 500 328
chair 0.0012 454 188 496 331
chair 0.0011 0 233 25 313
sofa 0.0120 338 159 490 326
sofa 0.0019 480 212 499 328
diningtable 0.0035 53 239 242 328
diningtable 0.0012 22 225 397 334
tvmonitor 0.7843 30 135 203 262
tvmonitor 0.0871 73 160 143 228
tvmonitor 0.0720 97 163 118 222
tvmonitor 0.0362 97 173 114 207
tvmonitor 0.0249 133 170 149 216
tvmonitor 0.0196 128 172 159 210
tvmonitor 0.0050 45 138 180 217
tvmonitor 0.0032 0 233 25 313
tvmonitor 0.0030 29 182 241 325
tvmonitor 0.0024 85 163 127 210
tvmonitor 0.0014 0 231 43 326
tvmonitor 0.0014 18 44 203 291
tvmonitor 0.0012 197 186 224 235
tvmonitor 0.0011 460 11 500 226
