person 0.0300 225 118 266 177
person 0.0205 0 197 48 301
person 0.0169 296 178 313 204
person 0.0141 487 265 500 290
person 0.0132 458 256 468 271
person 0.0081 480 264 498 291
person 0.0079 449 257 465 273
person 0.0055 485 247 499 263
person 0.0051 88 56 429 307
person 0.0051 479 251 497 277
person 0.0043 178 85 313 244
person 0.0040 0 195 15 227
person 0.0040 197 127 258 183
person 0.0031 459 255 478 271
person 0.0031 298 180 311 194
person 0.0031 484 256 499 277
person 0.0024 442 254 462 274
person 0.0023 236 112 271 160
person 0.0023 485 244 496 259
person 0.0020 289 164 319 213
person 0.0016 149 64 227 100
person 0.0013 0 196 16 261
person 0.0012 168 123 252 218
person 0.0011 0 197 26 235
person 0.0010 464 249 496 276
bicycle 0.0018 482 266 500 294
car 0.5698 482 264 499 292
car 0.2279 442 254 462 274
car 0.1503 489 262 499 284
car 0.1390 485 255 499 277
car 0.1372 489 250 499 265
car 0.1140 483 248 499 270
car 0.0601 481 252 500 286
car 0.0320 449 257 465 273
car 0.0233 464 244 499 278
car 0.0215 476 245 497 273
car 0.0142 458 254 480 272
car 0.0135 485 247 499 262
car 0.0134 458 256 468 271
car 0.0088 442 246 497 274
car 0.0085 440 253 457 263
car 0.0027 470 251 490 274
car 0.0027 460 239 498 265
car 0.0024 442 263 461 277
car 0.0022 488 276 500 295
car 0.0010 490 244 499 256
motorbike 0.0071 482 266 500 294
motorbike 0.0011 0 197 48 301
bus 0.0144 484 248 499 270
bus 0.0127 442 254 462 274
bus 0.0080 476 245 498 273
bus 0.0062 481 252 500 284
bus 0.0041 460 238 496 269
bus 0.0029 489 250 499 265
bus 0.0020 442 246 497 274
bus 0.0014 464 249 495 277
bus 0.0012 458 254 480 272
bus 0.0010 442 252 461 264
train 0.4349 77 59 435 365
train 0.0037 0 198 95 300
train 0.0025 442 254 462 274
train 0.0025 460 243 499 274
train 0.0018 459 252 489 272
train 0.0016 178 85 313 244
train 0.0015 475 246 499 269
train 0.0012 225 117 269 176
train 0.0011 0 197 48 301
horse 0.0218 0 197 48 301
horse 0.0025 1 195 90 303
