person 0.0432 239 156 257 181
person 0.0069 463 188 500 337
person 0.0047 447 230 500 373
person 0.0036 446 325 500 374
person 0.0035 489 239 500 318
person 0.0029 364 88 370 101
person 0.0028 365 87 371 99
person 0.0027 207 138 233 180
person 0.0026 220 142 230 178
person 0.0019 416 186 499 343
person 0.0016 286 30 298 51
person 0.0015 493 243 499 285
person 0.0015 0 89 4 143
person 0.0014 237 148 263 178
person 0.0013 482 234 499 342
person 0.0010 272 140 498 282
person 0.0010 364 222 406 292
person 0.0010 187 153 223 191
person 0.0010 221 144 229 161
bird 0.0022 347 14 379 35
bird 0.0015 333 240 356 307
bird 0.0010 412 287 450 309
cat 0.0182 411 287 453 311
cat 0.0033 333 240 356 307
cat 0.0014 365 225 404 290
cat 0.0012 343 12 380 38
dog 0.0046 411 287 453 311
dog 0.0010 343 12 380 38
horse 0.0024 349 14 378 35
bottle 0.5397 333 238 356 308
bottle 0.0202 365 225 404 290
bottle 0.0035 238 154 259 181
bottle 0.0025 194 175 209 192
bottle 0.0021 165 115 196 192
bottle 0.0018 402 247 421 274
bottle 0.0018 188 132 200 163
bottle 0.0010 335 240 357 278
bottle 0.0010 250 159 261 181
bottle 0.0010 251 129 264 152
chair 0.5893 65 170 249 352
chair 0.5464 76 109 164 183
chair 0.4856 447 325 500 373
chair 0.0266 271 166 491 276
chair 0.0192 444 232 499 370
chair 0.0182 275 162 381 269
chair 0.0163 364 223 407 290
chair 0.0084 160 127 175 167
chair 0.0078 272 170 502 376
chair 0.0073 371 180 503 323
chair 0.0069 331 240 357 309
chair 0.0068 463 188 500 337
chair 0.0067 113 109 163 151
chair 0.0058 491 237 500 303
chair 0.0057 0 150 17 287
chair 0.0053 163 122 180 182
chair 0.0048 165 108 196 191
chair 0.0033 435 293 498 372
chair 0.0030 0 89 4 143
chair 0.0030 325 191 457 316
chair 0.0025 257 162 286 218
chair 0.0023 493 240 500 281
chair 0.0021 491 312 499 328
chair 0.0019 473 72 499 94
chair 0.0018 413 286 451 309
chair 0.0017 483 238 499 320
chair 0.0017 266 162 284 192
chair 0.0017 187 153 223 191
chair 0.0014 81 110 157 145
chair 0.0014 153 124 176 185
chair 0.0012 461 188 500 257
chair 0.0012 10 165 81 273
chair 0.0011 113 116 168 186
chair 0.0011 1 157 37 292
sofa 0.5207 275 150 491 286
sofa 0.3513 364 222 406 292
sofa 0.3393 65 169 250 357
sofa 0.1524 272 170 502 376
sofa 0.0830 370 180 501 323
sofa 0.0645 325 191 457 316
sofa 0.0508 275 162 381 269
sofa 0.0470 76 110 163 180
sofa 0.0238 446 325 499 374
sofa 0.0169 463 188 500 337
sofa 0.0145 461 188 500 257
sofa 0.0126 396 242 424 277
sofa 0.0125 414 289 453 308
sofa 0.0090 491 237 500 303
sofa 0.0052 331 240 357 309
sofa 0.0041 444 232 499 370
sofa 0.0039 0 150 21 290
sofa 0.0031 483 238 499 320
sofa 0.0017 473 219 499 319
sofa 0.0013 493 240 500 281
sofa 0.0013 9 166 82 277
sofa 0.0011 0 126 13 268
pottedplant 0.2454 274 145 493 289
pottedplant 0.1723 187 156 222 191
pottedplant 0.1630 193 75 295 158
pottedplant 0.1492 335 176 450 287
pottedplant 0.1389 365 225 404 291
pottedplant 0.1200 12 165 81 277
pottedplant 0.1009 193 170 210 192
pottedplant 0.0667 244 76 296 163
pottedplant 0.0338 193 75 252 139
pottedplant 0.0143 205 106 281 162
pottedplant 0.0122 200 159 225 184
pottedplant 0.0120 340 172 426 248
pottedplant 0.0120 331 240 357 309
pottedplant 0.0102 20 159 85 230
pottedplant 0.0093 401 247 421 275
pottedplant 0.0086 265 132 292 164
pottedplant 0.0071 169 114 202 191
pottedplant 0.0067 220 117 266 151
pottedplant 0.0066 0 132 7 165
pottedplant 0.0062 207 168 225 187
pottedplant 0.0057 186 153 209 183
pottedplant 0.0054 203 159 224 174
pottedplant 0.0051 272 170 502 376
pottedplant 0.0050 351 218 430 288
pottedplant 0.0050 1 157 37 292
pottedplant 0.0030 235 133 247 149
pottedplant 0.0030 192 131 237 189
pottedplant 0.0027 231 128 252 148
pottedplant 0.0026 212 173 225 185
pottedplant 0.0025 198 104 220 138
pottedplant 0.0024 250 129 268 156
pottedplant 0.0022 0 122 19 295
pottedplant 0.0020 224 154 263 186
pottedplant 0.0018 257 162 286 218
pottedplant 0.0016 262 162 285 198
pottedplant 0.0016 0 83 5 138
pottedplant 0.0016 263 119 291 149
pottedplant 0.0015 414 289 453 308
pottedplant 0.0015 259 104 294 142
pottedplant 0.0015 180 108 191 129
pottedplant 0.0014 250 131 262 151
pottedplant 0.0014 0 95 7 171
pottedplant 0.0014 160 119 180 178
pottedplant 0.0014 0 106 10 226
pottedplant 0.0013 254 110 291 157
pottedplant 0.0012 24 150 119 255
pottedplant 0.0012 341 164 495 249
pottedplant 0.0012 218 129 256 149
pottedplant 0.0012 0 134 6 152
pottedplant 0.0012 371 180 503 323
pottedplant 0.0012 257 128 270 161
pottedplant 0.0011 167 87 189 131
pottedplant 0.0011 255 122 273 154
diningtable 0.0884 272 170 502 376
diningtable 0.0147 365 223 407 290
diningtable 0.0147 331 240 357 309
diningtable 0.0040 439 239 499 379
diningtable 0.0040 292 231 476 351
diningtable 0.0029 286 166 461 291
diningtable 0.0023 413 286 451 309
diningtable 0.0018 446 325 500 374
diningtable 0.0018 76 109 165 183
diningtable 0.0017 399 179 504 375
diningtable 0.0014 188 161 224 193
diningtable 0.0013 351 218 430 288
diningtable 0.0011 401 247 422 275
diningtable 0.0010 194 168 275 207
tvmonitor 0.0042 192 131 237 189
tvmonitor 0.0041 0 137 14 283
tvmonitor 0.0021 190 155 225 189
tvmonitor 0.0016 208 138 233 180
tvmonitor 0.0011 239 154 258 181
