person 0.5047 233 57 443 371
person 0.1081 90 39 326 372
person 0.0546 27 48 497 373
person 0.0364 118 136 192 305
person 0.0352 101 124 231 335
person 0.0147 212 66 355 360
person 0.0132 26 62 249 344
person 0.0114 137 60 251 354
person 0.0110 0 54 30 101
person 0.0054 165 130 301 370
person 0.0051 129 140 178 259
person 0.0031 1 41 135 371
person 0.0028 86 91 180 323
person 0.0024 414 40 498 370
person 0.0023 314 38 498 373
person 0.0021 0 51 29 246
person 0.0015 0 48 37 364
person 0.0012 78 269 202 373
bird 0.0030 0 54 30 101
bird 0.0013 228 57 431 372
bird 0.0010 119 138 180 304
cat 0.1874 234 56 450 371
cat 0.0602 99 137 216 362
cat 0.0348 120 137 187 306
cat 0.0289 131 128 289 372
cat 0.0096 90 39 326 372
cat 0.0081 77 261 206 372
cat 0.0040 26 62 249 344
cat 0.0019 27 48 497 373
cat 0.0018 0 53 29 102
cat 0.0017 394 41 495 371
cat 0.0015 114 70 261 310
cat 0.0015 64 79 179 354
cat 0.0014 247 117 376 367
cat 0.0013 0 51 29 246
cat 0.0011 194 64 345 362
cat 0.0010 95 220 264 372
dog 0.0049 120 137 187 306
dog 0.0046 234 56 450 371
dog 0.0026 100 137 215 363
dog 0.0025 123 52 330 371
dog 0.0013 0 53 29 102
horse 0.0010 34 43 431 373
chair 0.0017 126 138 179 296
chair 0.0015 94 264 207 372
chair 0.0015 233 57 443 371
chair 0.0013 34 43 431 373
chair 0.0013 0 54 30 104
chair 0.0011 49 58 166 356
chair 0.0010 110 50 304 373
sofa 0.0016 27 48 497 373
sofa 0.0011 233 57 444 370
pottedplant 0.0020 92 147 222 372
pottedplant 0.0010 94 266 207 370
tvmonitor 0.0014 233 57 444 370
tvmonitor 0.0012 34 43 431 373
