person 0.2855 255 123 271 144
person 0.0401 107 113 410 217
person 0.0319 241 124 265 144
person 0.0154 255 124 267 138
person 0.0121 187 123 337 156
person 0.0105 279 120 295 141
person 0.0091 232 121 261 145
person 0.0086 216 132 240 148
person 0.0086 253 120 284 144
person 0.0084 260 119 276 139
person 0.0062 23 66 27 71
person 0.0057 387 36 392 47
person 0.0026 271 118 290 141
person 0.0026 209 137 218 148
person 0.0023 213 135 230 148
person 0.0018 230 127 252 146
person 0.0015 297 118 310 127
person 0.0011 214 124 246 149
car 0.9112 107 113 411 216
car 0.0046 379 125 407 163
car 0.0042 327 115 412 175
car 0.0041 330 113 341 121
car 0.0035 187 123 337 156
car 0.0031 239 122 272 143
car 0.0029 376 119 405 143
car 0.0027 385 146 406 163
car 0.0012 324 116 396 141
motorbike 0.0015 107 113 411 216
bus 0.0017 107 113 411 216
boat 0.0012 107 113 411 216
bird 0.0031 387 36 392 47
bird 0.0023 331 113 341 121
bird 0.0011 23 66 27 71
dog 0.0012 254 123 272 144
sheep 0.0010 386 36 392 47
chair 0.0032 375 120 403 140
sofa 0.0041 111 111 411 216
