person 0.5012 92 8 384 335
person 0.0163 216 3 424 342
person 0.0047 172 168 232 201
person 0.0028 86 149 357 331
person 0.0010 211 69 387 277
motorbike 0.0012 66 13 386 339
boat 0.0014 88 150 378 331
bird 0.0029 88 150 378 331
horse 0.0012 88 150 378 331
chair 0.0118 361 317 504 333
chair 0.0095 86 150 356 331
chair 0.0077 223 306 309 333
chair 0.0039 219 260 340 333
chair 0.0022 237 233 376 332
chair 0.0010 221 287 298 331
pottedplant 0.0273 88 151 378 331
pottedplant 0.0187 366 216 498 324
pottedplant 0.0055 2 70 138 329
pottedplant 0.0046 66 13 386 339
pottedplant 0.0038 361 315 499 334
pottedplant 0.0031 441 229 500 322
pottedplant 0.0014 317 228 386 315
pottedplant 0.0014 0 111 74 328
pottedplant 0.0012 422 139 499 320
pottedplant 0.0011 276 232 378 330
diningtable 0.0019 361 317 504 333
diningtable 0.0011 222 234 369 332
