person 0.0047 255 277 265 287
person 0.0036 236 275 246 287
person 0.0035 241 276 251 287
person 0.0027 246 277 257 287
person 0.0019 170 200 184 209
person 0.0017 235 275 241 287
person 0.0013 449 80 458 87
person 0.0010 183 201 200 211
car 0.0403 0 286 19 295
car 0.0280 15 283 44 292
car 0.0227 0 288 9 294
car 0.0147 107 283 143 291
car 0.0134 6 282 57 293
car 0.0119 0 283 35 294
car 0.0018 53 288 73 294
car 0.0016 48 285 71 294
car 0.0016 0 14 513 302
car 0.0012 0 290 5 296
car 0.0011 22 281 74 294
motorbike 0.0018 -7 -10 485 305
aeroplane 0.6386 0 14 513 302
aeroplane 0.0204 17 140 481 320
aeroplane 0.0059 100 169 116 174
aeroplane 0.0045 3 280 59 294
aeroplane 0.0028 3 180 219 293
aeroplane 0.0022 0 270 65 294
aeroplane 0.0021 0 283 35 294
aeroplane 0.0020 109 283 145 291
aeroplane 0.0015 0 216 38 232
aeroplane 0.0012 2 285 21 295
aeroplane 0.0010 22 281 74 294
bus 0.0043 110 282 144 291
boat 0.0014 110 282 144 291
bird 0.0105 100 169 116 175
