person 0.6287 1 4 309 326
person 0.5535 386 118 497 326
person 0.0331 59 10 490 329
person 0.0185 269 8 498 327
person 0.0039 469 140 500 332
person 0.0031 0 24 43 316
person 0.0027 -14 171 487 335
person 0.0025 407 9 518 330
boat 0.0125 -15 7 489 323
boat 0.0013 -14 171 487 335
bird 0.0522 389 13 500 330
bird 0.0080 399 11 499 185
bird 0.0040 231 10 470 329
cat 0.4017 238 10 501 329
cat 0.0563 391 9 500 328
cat 0.0012 398 7 498 180
dog 0.0627 238 10 501 329
dog 0.0249 391 9 500 328
horse 0.0023 238 8 501 328
sheep 0.0035 236 13 498 324
cow 0.0020 238 10 501 329
bottle 0.0054 391 9 500 328
chair 0.0061 1 2 444 335
chair 0.0052 0 26 72 225
chair 0.0017 1 34 71 120
chair 0.0015 273 217 307 280
chair 0.0015 0 36 43 282
sofa 0.0571 -18 5 495 333
sofa 0.0029 0 22 56 319
sofa 0.0024 238 10 501 329
sofa 0.0012 -14 171 487 335
diningtable 0.0046 -18 5 495 333
tvmonitor 0.0010 -18 5 495 333
