person 0.9053 424 117 499 256
person 0.8579 135 137 252 314
person 0.8205 0 31 167 330
person 0.7513 309 129 423 254
person 0.0668 349 209 380 281
person 0.0503 323 180 363 256
person 0.0150 221 125 476 329
person 0.0144 489 116 499 144
person 0.0133 402 239 447 326
person 0.0130 18 23 287 338
person 0.0120 377 170 413 309
person 0.0065 333 183 374 266
person 0.0053 384 177 414 242
person 0.0049 304 145 450 312
person 0.0047 490 116 500 174
person 0.0028 452 223 489 268
person 0.0025 408 200 425 241
person 0.0025 185 153 295 305
person 0.0024 337 202 371 247
person 0.0020 368 164 404 262
person 0.0019 171 217 501 335
person 0.0017 350 138 449 244
person 0.0016 74 44 193 327
person 0.0016 324 131 393 229
person 0.0014 0 152 18 214
person 0.0014 296 132 514 267
person 0.0013 229 176 253 209
person 0.0013 428 247 477 317
person 0.0013 6 28 162 189
person 0.0012 394 170 419 235
person 0.0011 136 156 158 197
person 0.0011 134 112 235 248
person 0.0011 316 206 376 329
motorbike 0.0011 405 242 447 330
bird 0.0016 402 239 447 326
bird 0.0012 462 94 467 103
bird 0.0012 326 238 363 322
bottle 0.6617 377 171 411 306
bottle 0.2588 322 186 343 261
bottle 0.1352 312 128 425 276
bottle 0.1130 406 198 424 240
bottle 0.1096 325 184 359 263
bottle 0.0656 286 228 305 269
bottle 0.0547 349 209 380 281
bottle 0.0346 284 210 310 262
bottle 0.0291 384 177 414 242
bottle 0.0287 398 239 422 312
bottle 0.0249 335 193 358 252
bottle 0.0231 261 221 280 245
bottle 0.0188 302 230 313 260
bottle 0.0161 447 225 493 309
bottle 0.0146 316 197 338 264
bottle 0.0144 435 248 477 316
bottle 0.0144 402 240 447 329
bottle 0.0132 324 208 365 321
bottle 0.0123 489 116 499 144
bottle 0.0105 291 227 311 260
bottle 0.0104 261 219 287 255
bottle 0.0099 252 230 276 267
bottle 0.0091 273 221 286 244
bottle 0.0087 255 212 513 332
bottle 0.0069 258 226 276 252
bottle 0.0068 213 174 425 297
bottle 0.0066 269 228 287 264
bottle 0.0066 277 223 288 253
bottle 0.0064 334 201 362 282
bottle 0.0061 274 226 295 265
bottle 0.0058 264 208 291 242
bottle 0.0046 265 209 276 224
bottle 0.0042 337 202 371 247
bottle 0.0040 452 224 490 264
bottle 0.0038 395 191 422 304
bottle 0.0034 333 183 374 266
bottle 0.0032 298 255 328 279
bottle 0.0030 285 211 305 244
bottle 0.0030 379 183 405 267
bottle 0.0028 377 218 404 304
bottle 0.0022 276 237 297 275
bottle 0.0021 275 218 287 239
bottle 0.0021 298 203 313 260
bottle 0.0019 385 207 416 290
bottle 0.0019 248 232 267 270
bottle 0.0019 376 204 397 284
bottle 0.0019 221 125 476 329
bottle 0.0018 325 210 341 239
bottle 0.0018 270 177 340 241
bottle 0.0016 367 205 383 282
bottle 0.0016 263 236 288 277
bottle 0.0015 254 213 262 238
bottle 0.0015 324 160 496 313
bottle 0.0014 332 177 343 204
bottle 0.0014 253 208 269 236
bottle 0.0012 490 116 500 174
bottle 0.0012 319 202 351 282
bottle 0.0012 300 230 321 263
bottle 0.0011 286 210 301 227
bottle 0.0011 249 223 272 255
bottle 0.0010 329 172 344 223
bottle 0.0010 394 170 419 235
chair 0.3593 409 200 426 238
chair 0.0287 384 173 419 247
chair 0.0135 377 168 412 308
chair 0.0067 400 195 424 236
chair 0.0059 415 199 431 231
chair 0.0043 0 152 18 214
chair 0.0041 409 199 423 224
chair 0.0036 1 154 154 328
chair 0.0035 421 120 499 264
chair 0.0021 453 224 489 266
chair 0.0018 229 209 254 233
chair 0.0018 310 128 425 275
chair 0.0017 0 225 65 331
chair 0.0016 259 178 280 206
chair 0.0016 429 251 494 332
chair 0.0015 379 179 473 275
chair 0.0015 403 239 447 328
chair 0.0013 423 197 438 240
chair 0.0012 452 225 492 312
chair 0.0012 0 281 64 330
chair 0.0012 490 233 499 259
chair 0.0011 317 192 339 258
chair 0.0010 167 278 219 310
chair 0.0010 248 232 276 273
chair 0.0010 452 225 475 253
chair 0.0010 0 148 7 160
chair 0.0010 155 304 202 332
sofa 0.0079 0 153 18 215
sofa 0.0016 1 153 158 329
sofa 0.0013 0 173 63 331
pottedplant 0.0013 402 239 447 326
pottedplant 0.0012 16 25 296 336
diningtable 0.2219 167 222 481 336
diningtable 0.2122 326 241 363 322
diningtable 0.0637 299 254 329 278
diningtable 0.0576 316 206 376 329
diningtable 0.0416 436 261 499 332
diningtable 0.0393 174 282 499 334
diningtable 0.0227 447 225 493 309
diningtable 0.0218 403 241 448 330
diningtable 0.0200 185 265 375 326
diningtable 0.0189 385 244 503 330
diningtable 0.0174 243 168 500 357
diningtable 0.0145 349 208 380 281
diningtable 0.0130 244 232 279 283
diningtable 0.0113 152 300 212 332
diningtable 0.0107 376 174 413 308
diningtable 0.0093 298 120 434 308
diningtable 0.0093 340 198 529 330
diningtable 0.0093 417 296 499 332
diningtable 0.0088 118 274 299 330
diningtable 0.0087 208 283 332 321
diningtable 0.0087 477 264 500 305
diningtable 0.0084 96 233 390 327
diningtable 0.0081 154 279 244 329
diningtable 0.0075 435 316 496 331
diningtable 0.0072 450 284 500 330
diningtable 0.0066 325 184 359 263
diningtable 0.0064 420 312 469 330
diningtable 0.0057 259 256 325 301
diningtable 0.0056 351 299 493 331
diningtable 0.0053 434 248 478 314
diningtable 0.0035 213 174 425 297
diningtable 0.0032 476 274 499 327
diningtable 0.0029 437 303 496 327
diningtable 0.0026 397 313 454 332
diningtable 0.0025 218 254 277 299
diningtable 0.0024 321 264 471 333
diningtable 0.0021 135 139 268 329
diningtable 0.0021 460 251 500 310
diningtable 0.0021 204 292 288 322
diningtable 0.0020 167 278 219 310
diningtable 0.0018 209 265 265 285
diningtable 0.0016 231 291 300 316
diningtable 0.0016 453 223 489 266
diningtable 0.0015 188 259 264 296
diningtable 0.0014 287 208 324 258
diningtable 0.0013 298 288 441 331
diningtable 0.0012 211 274 266 290
diningtable 0.0010 286 229 305 271
diningtable 0.0010 158 289 222 324
tvmonitor 0.0188 63 29 150 87
tvmonitor 0.0040 0 152 18 214
