person 0.0117 8 30 498 361
person 0.0111 0 60 69 198
person 0.0091 423 0 500 148
person 0.0072 483 7 500 117
person 0.0041 330 27 500 365
person 0.0040 484 128 500 179
person 0.0029 464 2 499 118
person 0.0029 367 8 500 196
person 0.0020 367 170 498 368
person 0.0016 73 70 219 227
person 0.0012 429 54 500 188
person 0.0010 0 65 53 142
person 0.0010 386 0 482 110
car 0.0011 305 311 390 374
motorbike 0.0021 76 71 215 237
motorbike 0.0013 250 288 393 372
aeroplane 0.0017 14 19 497 345
aeroplane 0.0012 6 66 219 259
bird 0.0016 8 30 498 361
bird 0.0012 76 74 216 256
cat 0.2639 211 23 500 344
cat 0.0371 342 30 498 226
cat 0.0225 0 60 66 142
cat 0.0035 214 122 315 155
cat 0.0030 1 59 88 187
cat 0.0029 76 71 215 237
cat 0.0028 484 125 500 176
cat 0.0028 211 103 356 187
cat 0.0025 431 65 500 181
cat 0.0020 76 0 484 265
cat 0.0018 -4 53 511 375
cat 0.0015 156 49 421 298
cat 0.0010 446 108 501 179
dog 0.0287 215 23 501 359
dog 0.0080 0 60 69 198
dog 0.0020 23 0 494 315
dog 0.0014 353 33 500 222
horse 0.0012 8 30 498 361
bottle 0.0037 1 59 88 186
bottle 0.0028 52 82 88 178
bottle 0.0017 482 11 500 117
bottle 0.0016 2 60 167 201
bottle 0.0012 484 128 500 179
bottle 0.0010 14 19 497 345
chair 0.0159 0 63 64 204
chair 0.0048 392 0 496 118
chair 0.0039 0 121 57 197
chair 0.0034 0 59 67 135
chair 0.0030 381 171 500 367
chair 0.0017 57 1 210 207
chair 0.0016 481 11 499 119
chair 0.0015 215 23 501 359
chair 0.0014 333 15 500 204
chair 0.0012 6 66 219 259
chair 0.0011 250 288 393 372
chair 0.0011 424 0 499 179
sofa 0.0075 1 61 63 197
sofa 0.0038 368 171 498 368
sofa 0.0021 388 0 500 145
sofa 0.0018 211 23 501 344
sofa 0.0010 482 10 500 118
diningtable 0.0028 4 123 509 369
diningtable 0.0010 29 239 498 369
tvmonitor 0.0045 0 60 63 199
