person 0.9169 0 104 93 352
person 0.8373 383 187 488 360
person 0.8211 129 176 229 355
person 0.8079 71 103 158 351
person 0.7974 125 51 202 204
person 0.7766 303 204 395 349
person 0.7106 215 121 322 342
person 0.6230 355 74 424 232
person 0.5972 279 35 349 147
person 0.5928 203 65 285 171
person 0.5834 391 85 493 239
person 0.5279 172 124 235 314
person 0.5073 269 118 336 333
person 0.3658 62 50 144 146
person 0.3492 305 109 367 213
person 0.2057 287 54 382 202
person 0.1932 388 76 429 153
person 0.1293 335 63 384 174
person 0.1020 58 48 143 300
person 0.0941 357 68 427 144
person 0.0726 205 58 315 281
person 0.0615 295 101 367 281
person 0.0346 253 82 329 271
person 0.0339 188 117 283 346
person 0.0290 311 199 461 354
person 0.0261 326 93 422 293
person 0.0243 279 112 331 212
person 0.0227 266 51 330 189
person 0.0219 137 39 227 313
person 0.0211 356 86 451 305
person 0.0208 99 175 301 355
person 0.0174 52 108 267 344
person 0.0149 405 111 491 315
person 0.0147 390 76 474 163
person 0.0141 348 55 383 133
person 0.0135 281 124 321 166
person 0.0129 389 75 437 205
person 0.0125 434 183 491 272
person 0.0122 342 61 400 218
person 0.0117 460 222 491 255
person 0.0116 75 40 201 310
person 0.0091 204 94 219 113
person 0.0090 336 210 395 305
person 0.0088 287 104 354 184
person 0.0087 279 61 321 149
person 0.0086 393 80 426 116
person 0.0086 368 56 501 330
person 0.0081 221 43 344 199
person 0.0081 93 71 115 92
person 0.0081 274 91 319 180
person 0.0076 233 76 299 160
person 0.0068 172 120 223 243
person 0.0066 339 209 387 261
person 0.0064 254 255 281 310
person 0.0062 60 75 104 282
person 0.0061 303 51 399 157
person 0.0058 355 61 402 130
person 0.0056 392 81 419 96
person 0.0055 299 47 325 109
person 0.0055 86 62 119 97
person 0.0050 148 51 186 88
person 0.0049 146 60 291 301
person 0.0048 231 128 303 258
person 0.0045 210 101 231 113
person 0.0044 355 73 385 154
person 0.0043 495 271 500 282
person 0.0043 131 58 160 81
person 0.0043 300 112 332 155
person 0.0042 296 60 320 98
person 0.0041 376 73 419 120
person 0.0041 262 74 300 211
person 0.0039 393 175 489 282
person 0.0039 351 137 366 192
person 0.0039 272 113 310 166
person 0.0038 295 126 314 156
person 0.0038 269 96 285 132
person 0.0037 344 122 367 195
person 0.0037 273 173 347 287
person 0.0037 116 38 309 184
person 0.0037 360 55 384 102
person 0.0036 199 93 294 209
person 0.0035 307 162 316 176
person 0.0035 300 235 328 262
person 0.0034 265 90 288 138
person 0.0034 309 163 334 179
person 0.0033 215 172 276 337
person 0.0033 139 60 155 77
person 0.0033 78 217 154 342
person 0.0033 95 161 188 350
person 0.0032 382 189 437 354
person 0.0031 198 92 243 141
person 0.0031 167 90 272 244
person 0.0028 254 212 314 326
person 0.0028 244 159 295 283
person 0.0028 55 131 127 332
person 0.0028 206 101 232 121
person 0.0027 306 164 313 179
person 0.0026 302 172 388 290
person 0.0026 310 140 342 200
person 0.0026 111 49 181 170
bottle 0.0650 458 221 490 252
bottle 0.0531 495 271 499 283
bottle 0.0253 458 218 472 233
bottle 0.0119 204 91 213 114
bottle 0.0109 139 59 155 78
bottle 0.0105 459 220 480 235
bottle 0.0075 374 316 388 334
bottle 0.0073 301 251 308 268
bottle 0.0070 457 242 483 260
bottle 0.0069 201 97 210 120
bottle 0.0065 317 249 328 260
bottle 0.0054 198 88 208 114
bottle 0.0050 203 92 222 115
bottle 0.0048 274 169 329 332
bottle 0.0039 452 216 475 238
bottle 0.0034 494 269 500 285
bottle 0.0033 454 200 486 251
bottle 0.0032 374 54 384 75
bottle 0.0032 308 160 315 171
bottle 0.0031 341 199 354 213
bottle 0.0029 280 36 339 138
bottle 0.0028 256 255 277 310
bottle 0.0024 459 222 475 241
bottle 0.0024 459 250 470 259
bottle 0.0023 444 212 479 233
bottle 0.0023 306 164 313 179
bottle 0.0023 458 243 473 257
bottle 0.0023 222 54 230 76
bottle 0.0022 161 291 183 304
bottle 0.0021 332 191 339 204
bottle 0.0020 300 235 310 258
bottle 0.0018 278 67 285 75
bottle 0.0018 338 194 349 209
bottle 0.0018 198 88 217 116
bottle 0.0017 335 189 339 203
bottle 0.0017 367 54 384 85
bottle 0.0016 209 104 228 113
bottle 0.0016 456 230 489 262
bottle 0.0016 305 166 310 177
bottle 0.0016 230 54 238 76
bottle 0.0015 412 115 503 321
bottle 0.0014 380 345 437 374
bottle 0.0014 449 229 479 258
bottle 0.0014 315 243 330 259
bottle 0.0014 258 86 278 112
bottle 0.0014 223 63 229 75
bottle 0.0013 373 296 390 334
bottle 0.0013 308 312 322 336
bottle 0.0012 203 104 212 121
bottle 0.0012 434 183 491 272
bottle 0.0012 211 55 221 75
bottle 0.0012 220 101 231 111
bottle 0.0012 374 288 398 326
bottle 0.0011 197 88 206 106
bottle 0.0011 270 94 287 121
bottle 0.0011 376 54 383 68
bottle 0.0011 95 72 114 91
bottle 0.0011 299 243 309 270
bottle 0.0011 216 55 226 75
bottle 0.0010 200 88 209 100
bottle 0.0010 218 261 234 273
bottle 0.0010 218 63 226 75
chair 0.0227 0 174 18 207
chair 0.0089 162 290 181 304
chair 0.0087 70 100 161 359
chair 0.0080 128 183 231 358
chair 0.0075 257 245 278 311
chair 0.0066 63 264 141 303
chair 0.0054 66 271 95 296
chair 0.0038 78 217 154 342
chair 0.0034 460 222 490 255
chair 0.0031 63 229 132 310
chair 0.0029 247 188 291 331
chair 0.0029 1 100 92 359
chair 0.0027 0 159 21 307
chair 0.0026 0 175 20 236
chair 0.0026 260 223 280 299
chair 0.0018 45 191 249 351
chair 0.0018 461 216 490 237
chair 0.0017 51 263 274 330
chair 0.0017 71 220 95 272
chair 0.0016 64 239 96 304
chair 0.0016 56 148 110 317
chair 0.0015 220 136 317 334
chair 0.0014 65 188 120 301
chair 0.0011 265 239 279 271
chair 0.0011 169 125 242 345
chair 0.0011 65 274 94 313
chair 0.0011 254 204 311 306
chair 0.0010 85 244 132 275
chair 0.0010 6 222 119 327
sofa 0.0718 128 176 229 356
sofa 0.0305 70 100 161 359
sofa 0.0302 0 105 92 351
sofa 0.0147 0 174 18 207
sofa 0.0142 52 190 246 351
sofa 0.0117 170 124 234 324
sofa 0.0112 65 264 122 299
sofa 0.0087 0 159 21 307
sofa 0.0069 65 236 153 314
sofa 0.0067 63 267 96 298
sofa 0.0057 -2 210 98 339
sofa 0.0038 36 215 163 335
sofa 0.0033 16 241 305 346
sofa 0.0027 0 175 20 236
sofa 0.0027 51 263 274 330
sofa 0.0025 63 271 140 310
sofa 0.0025 56 148 110 317
sofa 0.0024 75 60 236 337
sofa 0.0022 0 210 21 280
sofa 0.0019 459 223 490 258
sofa 0.0018 65 224 129 292
sofa 0.0018 71 214 94 276
sofa 0.0017 64 239 96 304
sofa 0.0015 42 102 125 334
sofa 0.0014 200 122 308 342
pottedplant 0.0024 0 173 19 207
diningtable 0.0010 63 271 140 310
tvmonitor 0.0035 92 72 115 92
tvmonitor 0.0026 61 49 145 147
tvmonitor 0.0021 130 53 160 81
tvmonitor 0.0011 281 35 364 134
