person 0.7805 19 59 106 324
person 0.6395 89 4 481 372
person 0.3302 0 168 29 217
person 0.2731 463 34 500 126
person 0.1271 6 122 67 268
person 0.1071 437 39 468 124
person 0.1022 377 40 410 119
person 0.0390 388 22 430 121
person 0.0382 409 35 474 125
person 0.0370 0 202 43 308
person 0.0324 92 149 117 210
person 0.0176 409 89 420 114
person 0.0125 14 16 329 371
person 0.0125 439 76 462 118
person 0.0113 364 22 501 134
person 0.0113 87 131 129 215
person 0.0103 0 162 35 281
person 0.0099 440 40 467 82
person 0.0097 0 80 30 210
person 0.0082 0 140 29 204
person 0.0079 0 204 23 336
person 0.0069 478 53 500 128
person 0.0067 0 168 14 215
person 0.0056 100 154 132 206
person 0.0056 432 226 499 342
person 0.0051 101 149 113 181
person 0.0049 405 79 430 117
person 0.0046 404 23 441 119
person 0.0044 97 118 127 193
person 0.0043 1 195 81 319
person 0.0040 484 88 500 125
person 0.0039 0 191 24 275
person 0.0034 87 67 223 325
person 0.0032 92 184 117 216
person 0.0029 399 28 425 105
person 0.0027 61 73 130 238
person 0.0027 90 92 135 202
person 0.0026 109 144 119 163
person 0.0026 0 214 7 291
person 0.0025 85 172 114 212
person 0.0025 113 155 134 187
person 0.0024 204 195 300 264
person 0.0023 406 47 427 119
person 0.0023 103 148 115 168
person 0.0021 394 24 427 71
person 0.0021 489 59 500 123
person 0.0021 0 82 23 134
person 0.0019 48 174 115 271
person 0.0018 119 158 133 179
person 0.0017 105 185 118 210
person 0.0017 437 54 451 116
person 0.0017 0 212 6 233
person 0.0016 1 199 29 219
person 0.0016 488 40 500 81
person 0.0016 79 149 120 258
person 0.0015 440 78 477 128
person 0.0014 491 45 500 96
person 0.0013 98 154 111 176
person 0.0013 408 70 422 112
person 0.0013 410 86 427 112
person 0.0013 3 153 38 230
person 0.0013 5 179 485 369
person 0.0012 90 140 114 180
person 0.0012 22 63 197 365
person 0.0012 13 144 30 193
person 0.0012 469 73 500 140
person 0.0012 379 29 408 65
person 0.0012 97 163 116 190
person 0.0011 0 162 8 190
person 0.0011 0 207 6 226
person 0.0011 420 92 431 113
person 0.0011 0 81 16 113
person 0.0011 87 151 107 188
person 0.0010 433 224 499 277
person 0.0010 407 98 421 119
person 0.0010 0 210 9 258
person 0.0010 112 144 128 172
person 0.0010 71 205 95 280
person 0.0010 114 120 134 188
person 0.0010 125 154 134 179
bicycle 0.0011 403 197 470 246
car 0.0041 403 194 500 229
car 0.0036 402 198 469 242
car 0.0013 459 201 500 226
cat 0.0056 463 33 499 127
cat 0.0029 376 40 420 120
cat 0.0014 438 43 467 127
dog 0.0264 463 34 500 126
dog 0.0065 377 42 414 119
dog 0.0040 437 37 478 125
dog 0.0010 392 16 431 118
horse 0.0014 463 33 500 126
horse 0.0014 376 39 420 120
bottle 0.0079 111 122 119 140
bottle 0.0076 93 149 116 210
bottle 0.0044 91 103 123 209
bottle 0.0042 91 157 102 175
bottle 0.0041 97 152 113 178
bottle 0.0039 97 98 131 149
bottle 0.0037 0 211 24 374
bottle 0.0027 99 157 114 186
bottle 0.0026 87 151 107 188
bottle 0.0026 104 123 114 140
bottle 0.0024 106 144 117 162
bottle 0.0024 103 148 115 168
bottle 0.0022 100 154 132 206
bottle 0.0020 0 88 26 192
bottle 0.0020 90 140 114 180
bottle 0.0019 106 186 117 209
bottle 0.0018 205 197 299 264
bottle 0.0017 436 0 463 12
bottle 0.0016 426 225 503 359
bottle 0.0015 87 156 97 175
bottle 0.0013 108 123 120 151
bottle 0.0012 113 122 122 145
bottle 0.0012 377 38 407 117
bottle 0.0011 89 123 115 196
bottle 0.0011 0 132 6 161
bottle 0.0010 111 108 127 149
chair 0.5645 433 227 499 361
chair 0.4583 0 204 39 367
chair 0.3007 402 198 469 247
chair 0.2745 0 310 21 371
chair 0.1555 432 224 499 294
chair 0.1479 466 300 500 369
chair 0.0816 0 231 21 371
chair 0.0726 0 205 27 308
chair 0.0438 0 168 29 217
chair 0.0376 476 331 499 368
chair 0.0289 0 187 42 295
chair 0.0232 0 195 81 366
chair 0.0177 0 286 17 356
chair 0.0143 398 192 486 279
chair 0.0135 461 298 498 338
chair 0.0121 458 202 499 227
chair 0.0120 431 223 499 257
chair 0.0109 453 233 498 315
chair 0.0099 403 194 500 229
chair 0.0078 0 309 19 333
chair 0.0075 0 214 7 291
chair 0.0075 0 145 51 323
chair 0.0074 0 206 19 259
chair 0.0063 479 345 500 372
chair 0.0062 0 140 29 204
chair 0.0060 0 181 33 257
chair 0.0058 0 84 30 220
chair 0.0055 88 149 122 219
chair 0.0052 91 210 110 246
chair 0.0050 361 175 483 320
chair 0.0046 0 213 5 232
chair 0.0043 125 -2 478 371
chair 0.0042 1 199 29 219
chair 0.0040 0 238 6 306
chair 0.0040 6 122 67 268
chair 0.0039 456 264 500 341
chair 0.0036 0 285 17 311
chair 0.0036 0 208 15 237
chair 0.0036 0 162 16 173
chair 0.0035 14 54 88 303
chair 0.0035 0 151 25 181
chair 0.0034 100 154 132 206
chair 0.0033 0 212 7 241
chair 0.0033 479 359 499 372
chair 0.0032 0 210 9 258
chair 0.0031 451 278 474 302
chair 0.0030 0 286 6 309
chair 0.0030 72 206 95 279
chair 0.0029 9 194 97 296
chair 0.0028 0 133 7 165
chair 0.0028 475 326 499 342
chair 0.0027 86 172 114 211
chair 0.0027 0 265 19 319
chair 0.0024 48 174 115 271
chair 0.0023 473 310 499 343
chair 0.0022 291 156 485 364
chair 0.0021 399 192 470 218
chair 0.0021 0 280 4 304
chair 0.0020 92 184 117 216
chair 0.0020 0 201 29 244
chair 0.0020 476 246 499 315
chair 0.0019 0 156 17 171
chair 0.0019 10 145 30 195
chair 0.0019 105 185 118 210
chair 0.0017 441 199 501 268
chair 0.0017 0 128 14 173
chair 0.0016 0 209 5 223
chair 0.0016 0 206 16 222
chair 0.0016 395 188 493 209
chair 0.0015 429 286 498 372
chair 0.0015 123 355 139 375
chair 0.0015 5 288 31 354
chair 0.0015 0 163 8 175
chair 0.0015 458 222 499 241
chair 0.0015 115 158 134 199
chair 0.0014 446 269 482 302
chair 0.0014 20 157 108 334
chair 0.0014 468 224 500 233
chair 0.0013 12 73 126 362
chair 0.0013 0 292 19 326
chair 0.0013 4 222 48 304
chair 0.0013 325 261 493 371
chair 0.0012 406 238 490 319
chair 0.0012 8 171 29 198
chair 0.0011 7 192 30 213
chair 0.0011 272 181 394 275
chair 0.0011 84 183 98 203
chair 0.0011 428 225 469 260
chair 0.0010 6 203 48 268
chair 0.0010 83 200 112 243
chair 0.0010 204 195 300 264
chair 0.0010 4 158 48 250
chair 0.0010 87 182 109 203
sofa 0.0145 0 168 29 218
sofa 0.0080 0 187 42 295
sofa 0.0042 0 204 39 367
sofa 0.0031 24 5 464 379
sofa 0.0028 430 228 500 355
sofa 0.0025 0 205 27 308
sofa 0.0021 402 198 468 249
sofa 0.0020 204 195 300 264
sofa 0.0014 13 53 103 345
sofa 0.0013 0 145 51 323
sofa 0.0012 5 179 485 369
sofa 0.0011 0 140 29 204
sofa 0.0011 6 197 99 306
pottedplant 0.1608 0 83 27 179
pottedplant 0.1124 96 95 132 136
pottedplant 0.1083 118 12 190 118
pottedplant 0.0602 102 13 189 187
pottedplant 0.0274 0 82 23 134
pottedplant 0.0185 0 168 29 217
pottedplant 0.0162 90 92 135 202
pottedplant 0.0151 2 106 23 159
pottedplant 0.0122 103 123 114 140
pottedplant 0.0109 94 99 118 130
pottedplant 0.0094 109 122 120 140
pottedplant 0.0070 0 81 16 113
pottedplant 0.0060 0 128 11 165
pottedplant 0.0054 0 103 9 140
pottedplant 0.0053 98 105 131 178
pottedplant 0.0049 6 91 29 140
pottedplant 0.0045 0 119 16 158
pottedplant 0.0044 0 125 7 158
pottedplant 0.0038 0 110 22 132
pottedplant 0.0032 0 140 29 204
pottedplant 0.0032 0 85 12 133
pottedplant 0.0030 5 119 20 148
pottedplant 0.0030 16 50 103 305
pottedplant 0.0029 58 74 129 238
pottedplant 0.0029 111 106 127 151
pottedplant 0.0028 112 98 132 136
pottedplant 0.0028 98 120 112 140
pottedplant 0.0024 130 43 189 97
pottedplant 0.0022 0 156 17 171
pottedplant 0.0022 117 104 132 157
pottedplant 0.0022 116 10 227 151
pottedplant 0.0020 0 112 6 130
pottedplant 0.0020 126 47 191 156
pottedplant 0.0018 96 0 187 84
pottedplant 0.0017 92 99 108 128
pottedplant 0.0015 100 154 132 206
pottedplant 0.0015 92 149 117 210
pottedplant 0.0014 0 118 5 136
pottedplant 0.0014 122 102 132 121
pottedplant 0.0013 426 225 503 359
pottedplant 0.0012 88 103 114 154
pottedplant 0.0012 113 122 122 146
pottedplant 0.0012 377 42 414 119
pottedplant 0.0012 2 122 26 182
pottedplant 0.0011 139 13 186 92
pottedplant 0.0011 8 109 28 170
pottedplant 0.0011 0 152 7 171
pottedplant 0.0011 102 123 117 153
pottedplant 0.0011 108 143 119 164
pottedplant 0.0010 8 85 34 199
diningtable 0.0364 431 224 499 287
diningtable 0.0214 478 338 499 369
diningtable 0.0142 467 299 500 369
diningtable 0.0141 438 233 499 364
diningtable 0.0116 402 198 469 247
diningtable 0.0106 0 306 21 369
diningtable 0.0080 0 159 16 172
diningtable 0.0072 92 149 117 210
diningtable 0.0064 20 60 110 326
diningtable 0.0061 0 166 29 216
diningtable 0.0061 90 196 114 244
diningtable 0.0047 48 174 115 271
diningtable 0.0040 0 148 25 191
diningtable 0.0037 86 208 110 248
diningtable 0.0032 91 184 117 217
diningtable 0.0029 0 226 30 371
diningtable 0.0026 401 195 480 279
diningtable 0.0024 92 197 112 226
diningtable 0.0022 204 195 300 264
diningtable 0.0022 0 261 491 373
diningtable 0.0022 0 163 9 175
diningtable 0.0022 100 154 132 206
diningtable 0.0020 403 194 500 229
diningtable 0.0020 449 298 500 344
diningtable 0.0018 416 210 498 261
diningtable 0.0017 6 197 99 306
diningtable 0.0017 79 149 120 258
diningtable 0.0017 479 358 499 373
diningtable 0.0016 15 7 471 378
diningtable 0.0016 451 201 499 228
diningtable 0.0015 396 207 500 309
diningtable 0.0015 453 229 498 311
diningtable 0.0014 86 172 114 211
diningtable 0.0013 74 199 94 261
diningtable 0.0012 92 164 115 189
diningtable 0.0011 92 205 111 217
diningtable 0.0011 110 156 133 186
diningtable 0.0011 -1 77 28 225
diningtable 0.0011 395 188 493 209
diningtable 0.0010 0 286 17 356
diningtable 0.0010 71 208 100 275
diningtable 0.0010 46 97 163 329
tvmonitor 0.0045 377 41 417 119
tvmonitor 0.0043 364 22 501 134
tvmonitor 0.0039 48 3 129 65
tvmonitor 0.0028 409 35 474 125
tvmonitor 0.0026 434 39 468 123
tvmonitor 0.0015 463 33 500 126
tvmonitor 0.0010 204 195 300 264
