person 0.8721 333 33 358 100
person 0.7977 112 63 208 185
person 0.7966 439 29 468 101
person 0.7681 263 48 290 123
person 0.7043 173 58 198 113
person 0.6690 204 57 233 116
person 0.5762 236 60 253 92
person 0.5401 397 34 416 80
person 0.4936 257 34 282 121
person 0.4649 413 28 434 96
person 0.3027 166 106 210 173
person 0.2118 203 61 215 86
person 0.1564 412 28 429 63
person 0.1076 235 62 257 112
person 0.0939 418 27 444 102
person 0.0936 220 57 235 90
person 0.0802 458 41 499 129
person 0.0799 452 32 471 101
person 0.0648 241 62 289 119
person 0.0594 199 62 219 99
person 0.0567 182 119 208 168
person 0.0455 257 36 286 84
person 0.0429 213 76 261 117
person 0.0356 412 34 427 79
person 0.0342 196 69 211 95
person 0.0338 283 34 294 47
person 0.0297 436 30 448 59
person 0.0291 478 45 487 58
person 0.0290 211 57 233 93
person 0.0276 190 61 225 116
person 0.0264 433 30 446 102
person 0.0263 180 60 208 113
person 0.0260 5 33 23 56
person 0.0239 172 61 188 100
person 0.0229 183 31 191 62
person 0.0204 226 66 239 96
person 0.0200 171 110 193 144
person 0.0191 225 63 235 88
person 0.0184 254 46 271 105
person 0.0177 376 22 395 48
person 0.0165 248 56 268 117
person 0.0159 11 32 30 57
person 0.0151 180 61 201 91
person 0.0145 236 71 255 99
person 0.0141 458 33 477 102
person 0.0136 408 111 441 192
person 0.0132 22 34 32 56
person 0.0126 476 43 488 70
person 0.0124 458 35 470 63
person 0.0121 416 27 431 52
person 0.0120 257 42 270 82
person 0.0120 395 33 422 102
person 0.0110 102 120 173 183
person 0.0106 206 61 214 74
person 0.0103 184 32 190 47
person 0.0102 58 34 76 55
person 0.0098 189 126 207 144
person 0.0097 221 55 233 78
person 0.0086 113 32 120 47
person 0.0084 436 30 447 47
person 0.0081 158 66 192 111
person 0.0080 266 61 287 86
person 0.0077 404 34 415 46
person 0.0074 481 37 499 106
person 0.0072 189 127 201 139
person 0.0068 412 31 443 163
person 0.0067 113 42 133 58
person 0.0067 179 121 203 142
person 0.0067 410 29 424 48
person 0.0061 446 34 468 62
person 0.0060 113 33 129 51
person 0.0057 189 64 205 86
person 0.0056 144 66 213 154
person 0.0056 284 37 306 47
person 0.0055 206 66 226 98
person 0.0053 113 31 125 43
person 0.0051 260 35 281 69
person 0.0051 472 43 486 63
person 0.0050 392 25 404 47
person 0.0049 3 26 31 58
person 0.0049 175 30 193 74
person 0.0049 427 27 444 61
person 0.0047 479 34 489 66
person 0.0047 402 34 415 56
person 0.0047 51 32 69 55
person 0.0047 173 66 184 93
person 0.0046 396 31 411 58
person 0.0046 439 37 451 62
person 0.0042 125 27 134 43
person 0.0040 183 41 196 76
person 0.0038 175 60 194 84
person 0.0037 5 30 18 50
person 0.0037 470 40 488 83
person 0.0036 64 21 78 53
person 0.0036 211 132 441 264
person 0.0034 54 28 66 49
person 0.0034 438 30 457 86
person 0.0033 460 36 469 54
person 0.0032 130 147 238 223
person 0.0032 475 39 494 100
bicycle 0.0054 202 133 437 265
bicycle 0.0019 146 166 231 219
bicycle 0.0018 240 68 264 116
bicycle 0.0018 101 127 168 187
bicycle 0.0011 113 156 237 245
bicycle 0.0010 235 62 257 112
bicycle 0.0010 458 43 500 129
car 0.0014 112 42 133 58
car 0.0014 413 28 434 96
car 0.0012 236 57 255 105
car 0.0011 173 59 198 113
car 0.0011 238 58 263 117
motorbike 0.0015 202 133 437 263
motorbike 0.0013 238 58 263 117
bird 0.0013 215 152 236 170
cat 0.0075 171 110 193 144
cat 0.0072 165 105 209 170
cat 0.0030 111 65 211 182
cat 0.0029 215 151 236 170
dog 0.0870 203 133 437 265
dog 0.0295 171 110 193 144
dog 0.0257 165 105 209 170
dog 0.0103 111 65 211 182
dog 0.0047 172 60 198 113
dog 0.0046 175 111 192 127
dog 0.0030 179 121 203 142
dog 0.0025 215 151 236 169
dog 0.0024 211 150 246 176
dog 0.0021 189 127 201 139
dog 0.0017 195 144 345 254
dog 0.0016 181 111 193 123
dog 0.0015 458 46 500 129
dog 0.0015 146 166 231 219
dog 0.0010 155 69 204 152
horse 0.7099 203 133 437 265
horse 0.0088 458 43 500 129
horse 0.0069 98 145 393 252
horse 0.0025 141 160 293 233
horse 0.0016 111 65 211 182
horse 0.0016 439 29 467 102
horse 0.0014 168 151 249 214
horse 0.0012 172 60 198 113
horse 0.0011 461 89 500 128
sheep 0.0042 202 133 437 263
cow 0.0108 202 133 437 263
cow 0.0026 458 42 500 129
bottle 0.0063 171 111 195 142
bottle 0.0038 165 106 210 170
bottle 0.0035 175 111 192 127
bottle 0.0031 183 123 201 140
bottle 0.0024 214 152 237 171
bottle 0.0015 479 44 486 58
bottle 0.0011 199 65 216 94
bottle 0.0011 189 127 200 139
bottle 0.0010 125 27 134 43
bottle 0.0010 267 59 286 80
bottle 0.0010 182 112 193 122
chair 0.0595 172 59 197 113
chair 0.0569 103 119 174 181
chair 0.0356 112 63 208 185
chair 0.0307 223 84 259 116
chair 0.0221 235 62 257 112
chair 0.0196 97 124 126 168
chair 0.0172 203 55 234 117
chair 0.0167 236 60 253 93
chair 0.0139 98 124 120 152
chair 0.0098 183 90 201 112
chair 0.0096 113 44 133 59
chair 0.0094 158 66 192 111
chair 0.0087 241 62 289 119
chair 0.0077 200 63 214 85
chair 0.0070 97 125 180 218
chair 0.0068 236 71 255 99
chair 0.0063 166 106 210 173
chair 0.0061 239 78 264 116
chair 0.0054 192 61 224 116
chair 0.0052 196 72 210 98
chair 0.0052 117 136 163 175
chair 0.0052 209 67 261 118
chair 0.0043 58 39 77 57
chair 0.0038 155 69 204 152
chair 0.0036 166 78 197 142
chair 0.0033 102 122 232 233
chair 0.0032 248 56 268 118
chair 0.0031 227 74 240 96
chair 0.0027 150 82 189 112
chair 0.0027 121 60 161 90
chair 0.0024 132 77 191 117
chair 0.0023 123 54 140 77
chair 0.0022 260 37 289 122
chair 0.0021 202 82 252 113
chair 0.0021 145 96 172 121
chair 0.0019 143 99 175 136
chair 0.0019 243 75 260 99
chair 0.0019 58 48 77 58
chair 0.0018 192 90 210 110
chair 0.0018 125 63 184 106
chair 0.0017 51 33 75 57
chair 0.0016 194 88 219 115
chair 0.0016 210 86 229 110
chair 0.0016 180 60 208 113
chair 0.0015 174 86 197 112
chair 0.0014 250 77 266 109
chair 0.0014 220 70 248 110
chair 0.0013 170 63 185 89
chair 0.0013 232 93 257 116
chair 0.0013 169 74 191 108
chair 0.0013 111 43 141 73
chair 0.0012 199 62 219 99
chair 0.0011 206 92 224 115
chair 0.0011 131 63 158 80
chair 0.0011 53 40 68 57
chair 0.0011 229 78 253 106
chair 0.0011 127 48 139 65
chair 0.0010 62 33 77 53
sofa 0.0033 112 63 208 185
sofa 0.0019 164 109 210 175
sofa 0.0012 172 60 198 112
sofa 0.0011 203 58 233 116
pottedplant 0.0307 215 151 236 170
pottedplant 0.0208 179 174 231 217
pottedplant 0.0124 169 111 209 176
pottedplant 0.0121 136 171 229 226
pottedplant 0.0098 168 151 249 214
pottedplant 0.0088 156 177 210 221
pottedplant 0.0063 141 160 293 233
pottedplant 0.0056 211 150 246 176
pottedplant 0.0050 142 183 199 212
pottedplant 0.0048 109 142 255 249
pottedplant 0.0047 98 145 393 252
pottedplant 0.0021 177 178 208 214
pottedplant 0.0017 94 124 172 270
pottedplant 0.0014 6 33 28 57
pottedplant 0.0013 376 21 395 46
pottedplant 0.0011 195 178 222 208
pottedplant 0.0011 145 183 177 207
diningtable 0.0210 198 59 226 114
diningtable 0.0204 196 72 210 98
diningtable 0.0072 199 62 219 99
diningtable 0.0068 221 76 260 116
diningtable 0.0043 113 45 133 57
diningtable 0.0028 200 63 214 85
diningtable 0.0025 173 59 198 113
diningtable 0.0018 236 60 253 93
diningtable 0.0017 241 62 289 119
diningtable 0.0013 235 62 257 112
diningtable 0.0011 213 94 258 118
