person 0.8195 155 5 502 370
person 0.7398 0 69 184 371
person 0.0648 7 73 349 374
person 0.0215 476 286 499 371
person 0.0093 0 262 54 371
person 0.0028 134 200 190 257
person 0.0022 325 3 499 371
person 0.0021 0 0 134 151
person 0.0018 57 125 268 363
person 0.0013 462 158 499 372
person 0.0011 0 0 19 153
chair 0.0133 478 287 499 372
chair 0.0057 -1 71 305 368
chair 0.0042 0 0 20 152
chair 0.0030 0 262 55 372
chair 0.0027 0 263 164 371
chair 0.0025 89 268 158 371
chair 0.0019 144 264 174 334
chair 0.0016 143 245 185 292
chair 0.0013 145 201 188 253
chair 0.0011 0 3 45 148
chair 0.0011 84 198 240 359
sofa 0.0025 477 287 499 372
sofa 0.0012 0 0 19 153
pottedplant 0.0038 4 0 137 86
diningtable 0.0064 478 287 499 372
tvmonitor 0.0015 0 0 20 152
