person 0.9227 203 55 345 197
person 0.9042 384 83 500 248
person 0.8493 379 250 500 373
person 0.8122 9 148 244 369
person 0.5412 0 52 87 341
person 0.0555 486 86 500 152
person 0.0349 493 84 500 122
person 0.0279 389 266 430 317
person 0.0270 437 255 499 373
person 0.0218 130 212 208 314
person 0.0214 114 178 220 349
person 0.0191 469 114 499 253
person 0.0191 135 231 170 289
person 0.0163 0 100 37 334
person 0.0137 156 242 190 299
person 0.0127 0 298 11 373
person 0.0121 364 264 455 375
person 0.0080 -3 126 60 356
person 0.0077 486 99 499 242
person 0.0059 381 122 422 188
person 0.0058 179 192 239 248
person 0.0053 0 49 86 187
person 0.0052 0 8 17 44
person 0.0052 85 149 178 316
person 0.0051 391 288 450 364
person 0.0047 26 0 68 56
person 0.0046 479 81 499 141
person 0.0043 0 154 23 357
person 0.0043 485 119 499 157
person 0.0042 178 189 248 302
person 0.0041 128 163 169 300
person 0.0041 0 229 22 317
person 0.0040 1 98 158 350
person 0.0040 467 90 499 154
person 0.0036 420 233 493 320
person 0.0036 420 230 449 281
person 0.0033 2 136 134 250
person 0.0031 100 161 280 315
person 0.0031 0 241 13 372
person 0.0029 0 60 49 261
person 0.0028 425 151 501 250
person 0.0025 477 161 500 250
person 0.0025 489 95 499 123
person 0.0024 452 247 500 299
person 0.0023 388 305 439 351
person 0.0023 0 105 24 281
person 0.0021 444 248 496 274
person 0.0020 0 11 10 32
person 0.0019 125 241 191 309
person 0.0019 433 312 498 376
person 0.0018 417 230 451 324
person 0.0018 391 250 470 335
person 0.0016 237 184 263 226
person 0.0016 0 4 28 56
person 0.0015 485 81 500 123
person 0.0015 0 101 42 218
person 0.0014 0 27 21 56
person 0.0014 277 191 342 230
person 0.0013 179 180 340 345
person 0.0012 10 124 86 284
person 0.0012 0 134 34 248
person 0.0012 167 182 264 360
person 0.0011 0 47 148 256
person 0.0011 57 65 90 145
person 0.0011 0 172 21 207
person 0.0011 493 104 499 125
person 0.0010 133 221 163 272
person 0.0010 158 238 212 303
person 0.0010 0 293 9 318
person 0.0010 116 233 160 279
person 0.0010 192 180 476 350
boat 0.0011 360 203 425 227
bottle 0.0782 384 218 407 269
bottle 0.0225 388 264 429 318
bottle 0.0147 372 220 389 251
bottle 0.0085 420 229 451 280
bottle 0.0046 489 85 500 146
bottle 0.0045 236 185 262 228
bottle 0.0042 372 215 408 259
bottle 0.0021 393 48 408 84
bottle 0.0018 25 0 67 56
bottle 0.0018 394 64 407 84
bottle 0.0016 379 250 499 373
bottle 0.0016 333 200 376 233
bottle 0.0015 383 227 433 313
bottle 0.0013 493 84 500 122
bottle 0.0011 343 250 391 292
bottle 0.0011 365 202 421 229
chair 0.1994 338 180 389 206
chair 0.1689 0 297 12 373
chair 0.1582 382 120 421 189
chair 0.1556 139 250 216 342
chair 0.1490 173 320 221 357
chair 0.1276 156 243 190 299
chair 0.0856 164 297 221 359
chair 0.0844 236 186 261 228
chair 0.0831 179 192 238 243
chair 0.0709 129 203 205 322
chair 0.0652 132 235 179 295
chair 0.0577 9 148 243 370
chair 0.0570 332 192 379 231
chair 0.0473 383 84 500 243
chair 0.0352 362 200 423 231
chair 0.0284 178 187 247 301
chair 0.0245 484 98 500 157
chair 0.0214 112 166 248 344
chair 0.0202 205 57 343 192
chair 0.0199 132 236 161 284
chair 0.0185 381 130 399 187
chair 0.0174 139 234 166 272
chair 0.0159 156 288 215 334
chair 0.0141 0 242 21 317
chair 0.0141 0 132 37 349
chair 0.0140 393 120 424 171
chair 0.0139 321 189 371 217
chair 0.0125 466 135 499 249
chair 0.0102 485 120 499 150
chair 0.0088 483 113 499 251
chair 0.0080 0 245 17 369
chair 0.0077 490 81 500 144
chair 0.0073 0 179 26 330
chair 0.0070 493 84 500 122
chair 0.0069 160 253 185 290
chair 0.0068 176 321 251 371
chair 0.0067 487 109 500 193
chair 0.0066 407 174 431 199
chair 0.0061 172 318 216 341
chair 0.0061 216 172 309 203
chair 0.0059 158 238 212 303
chair 0.0058 0 88 70 344
chair 0.0056 155 240 246 360
chair 0.0053 300 185 381 234
chair 0.0052 167 182 264 360
chair 0.0051 334 158 395 210
chair 0.0051 139 182 167 283
chair 0.0048 425 151 501 250
chair 0.0046 277 191 343 228
chair 0.0046 217 342 258 369
chair 0.0045 164 238 191 283
chair 0.0045 0 294 11 324
chair 0.0044 341 191 388 209
chair 0.0041 115 142 193 327
chair 0.0039 7 276 246 373
chair 0.0037 293 178 397 205
chair 0.0037 270 182 306 203
chair 0.0037 143 249 176 304
chair 0.0036 368 182 440 224
chair 0.0035 382 120 450 211
chair 0.0029 479 185 499 250
chair 0.0028 0 280 29 375
chair 0.0028 170 247 204 297
chair 0.0026 188 326 223 363
chair 0.0026 198 131 336 196
chair 0.0026 246 174 296 190
chair 0.0025 240 163 316 188
chair 0.0025 185 193 290 313
chair 0.0025 209 350 256 374
chair 0.0024 488 125 499 163
chair 0.0024 209 236 279 273
chair 0.0023 2 303 19 371
chair 0.0022 441 190 499 253
chair 0.0021 258 177 302 193
chair 0.0021 367 153 456 227
chair 0.0021 262 165 300 186
chair 0.0020 134 238 153 269
chair 0.0019 467 90 499 154
chair 0.0019 241 177 277 194
chair 0.0019 409 176 445 203
chair 0.0018 284 182 328 207
chair 0.0018 202 330 259 371
chair 0.0018 183 187 338 368
chair 0.0018 103 316 235 374
chair 0.0017 297 181 312 197
chair 0.0017 387 140 428 214
chair 0.0016 130 267 190 340
chair 0.0016 392 90 437 177
chair 0.0015 289 182 304 200
chair 0.0014 143 211 162 237
chair 0.0014 240 277 297 308
chair 0.0014 142 215 164 252
chair 0.0013 231 180 274 208
chair 0.0013 235 180 262 195
chair 0.0013 205 214 311 345
chair 0.0013 492 143 499 161
chair 0.0013 0 239 20 282
chair 0.0013 176 270 277 375
chair 0.0012 175 249 199 281
chair 0.0012 0 226 37 372
sofa 0.0212 0 297 12 373
sofa 0.0137 382 120 421 188
sofa 0.0104 484 98 500 157
sofa 0.0094 384 83 500 250
sofa 0.0071 0 242 21 317
sofa 0.0044 0 88 70 344
sofa 0.0041 0 100 37 334
sofa 0.0032 425 151 501 250
sofa 0.0027 338 180 389 206
sofa 0.0027 468 139 500 250
sofa 0.0026 486 119 499 150
sofa 0.0024 6 148 242 369
sofa 0.0018 483 102 500 208
sofa 0.0017 490 81 500 144
sofa 0.0016 0 154 23 357
sofa 0.0013 203 60 349 209
sofa 0.0012 393 120 424 171
pottedplant 0.0065 486 86 500 152
pottedplant 0.0016 484 119 499 160
diningtable 0.7959 181 187 473 367
diningtable 0.1611 266 247 413 349
diningtable 0.1113 314 272 385 348
diningtable 0.0415 283 216 376 278
diningtable 0.0323 334 246 389 289
diningtable 0.0185 183 192 331 378
diningtable 0.0143 274 207 484 343
diningtable 0.0141 277 191 342 230
diningtable 0.0060 256 218 275 248
diningtable 0.0059 238 185 263 229
diningtable 0.0054 364 233 493 372
diningtable 0.0050 326 193 375 241
diningtable 0.0044 241 182 481 285
diningtable 0.0042 358 203 426 225
diningtable 0.0039 388 265 430 319
diningtable 0.0031 300 185 381 234
diningtable 0.0030 219 253 318 323
diningtable 0.0030 0 299 12 372
diningtable 0.0028 380 216 409 265
diningtable 0.0027 230 188 376 241
diningtable 0.0026 0 241 21 316
diningtable 0.0025 337 179 389 207
diningtable 0.0025 419 230 451 281
diningtable 0.0024 485 120 499 150
diningtable 0.0023 0 241 13 372
diningtable 0.0023 175 188 249 350
diningtable 0.0019 150 247 201 302
diningtable 0.0018 148 245 218 353
diningtable 0.0018 358 274 390 306
diningtable 0.0018 5 75 137 331
diningtable 0.0018 484 98 500 157
diningtable 0.0017 0 89 26 323
diningtable 0.0016 198 232 288 300
diningtable 0.0016 214 258 270 275
diningtable 0.0015 313 269 348 323
diningtable 0.0015 383 84 500 243
diningtable 0.0015 309 269 339 302
diningtable 0.0015 0 294 11 324
diningtable 0.0014 359 216 415 279
diningtable 0.0014 391 234 446 306
diningtable 0.0012 0 88 70 344
diningtable 0.0012 6 148 242 369
diningtable 0.0010 231 271 293 310
diningtable 0.0010 214 165 419 250
diningtable 0.0010 125 201 229 349
tvmonitor 0.0035 0 3 24 49
tvmonitor 0.0028 18 1 68 57
tvmonitor 0.0011 493 84 500 122
tvmonitor 0.0010 0 1 45 57
