person 0.0118 440 115 473 128
person 0.0078 440 115 450 127
person 0.0032 464 116 475 128
person 0.0014 452 112 475 126
person 0.0013 439 114 457 128
person 0.0013 437 98 477 127
bicycle 0.0021 40 62 247 227
bicycle 0.0012 440 115 475 128
bicycle 0.0011 3 48 287 333
car 0.0010 440 115 475 128
aeroplane 0.0012 440 115 476 128
boat 0.1164 440 115 475 128
boat 0.0080 438 98 477 127
boat 0.0061 439 60 477 128
boat 0.0033 439 114 457 128
boat 0.0032 447 111 478 126
boat 0.0017 464 116 475 128
boat 0.0014 440 118 451 128
boat 0.0012 452 118 476 128
bird 0.0065 440 115 450 127
bird 0.0052 440 115 476 128
bird 0.0030 465 118 475 128
cat 0.8806 40 63 246 227
cat 0.0049 5 45 283 331
chair 0.0374 1 146 294 332
chair 0.0079 440 115 475 128
chair 0.0028 41 62 248 229
pottedplant 0.0015 440 52 476 128
diningtable 0.0412 1 147 295 331
diningtable 0.0028 440 115 475 128
diningtable 0.0019 42 62 247 229
