person 0.3783 1 0 133 50
person 0.0527 239 86 429 245
person 0.0298 227 20 491 295
person 0.0216 52 0 95 33
person 0.0107 54 0 127 38
person 0.0091 154 19 487 173
person 0.0088 0 1 89 39
person 0.0079 18 5 499 317
person 0.0047 0 4 111 187
person 0.0046 173 32 330 136
person 0.0046 382 67 499 312
person 0.0038 50 0 173 47
person 0.0034 176 0 494 88
person 0.0026 245 37 285 79
person 0.0017 219 27 301 110
person 0.0014 -1 42 102 295
person 0.0014 101 4 414 136
person 0.0013 147 70 434 284
person 0.0013 47 -1 118 23
bicycle 0.0029 6 22 474 323
car 0.0071 175 58 298 136
car 0.0065 18 5 499 317
car 0.0016 136 14 449 139
car 0.0014 240 84 428 240
motorbike 0.0021 176 58 297 136
aeroplane 0.0016 168 32 335 137
aeroplane 0.0011 18 5 499 317
bird 0.0188 239 86 428 246
bird 0.0031 0 28 102 240
cat 0.3830 0 25 100 237
cat 0.1353 238 83 430 240
cat 0.0374 229 28 489 287
cat 0.0037 17 20 498 325
cat 0.0029 -2 -1 135 52
cat 0.0018 157 17 487 175
cat 0.0015 -11 -8 138 186
cat 0.0014 0 194 30 231
cat 0.0012 -4 0 253 264
cat 0.0011 377 60 496 307
dog 0.4195 0 26 99 237
dog 0.1220 239 86 428 246
dog 0.0064 229 28 489 287
dog 0.0027 0 188 34 230
dog 0.0019 1 0 133 50
dog 0.0012 -11 -8 138 186
dog 0.0011 168 42 333 138
dog 0.0011 17 20 498 325
horse 0.0023 0 31 99 216
sheep 0.0014 0 26 100 238
sheep 0.0010 238 87 429 245
cow 0.0019 0 22 100 235
bottle 0.0011 -2 0 132 50
chair 0.0044 227 20 491 295
chair 0.0037 240 84 428 240
chair 0.0017 17 20 498 325
chair 0.0014 0 0 134 50
chair 0.0011 381 70 498 313
sofa 0.0022 240 84 428 240
sofa 0.0015 377 60 496 307
sofa 0.0014 0 0 134 50
sofa 0.0011 0 18 98 269
sofa 0.0010 18 5 499 317
diningtable 0.0169 18 5 499 317
diningtable 0.0028 240 84 428 240
diningtable 0.0020 184 -1 491 67
diningtable 0.0015 58 177 423 325
diningtable 0.0013 254 14 495 313
diningtable 0.0012 104 2 462 138
diningtable 0.0010 147 223 384 328
tvmonitor 0.0148 7 3 478 316
tvmonitor 0.0094 240 84 428 240
tvmonitor 0.0046 136 14 449 139
tvmonitor 0.0016 3 23 274 281
tvmonitor 0.0014 181 18 496 258
