person 0.7884 323 217 359 281
person 0.1649 414 218 441 262
person 0.0495 450 252 459 267
person 0.0233 400 234 410 253
person 0.0119 333 263 497 304
person 0.0081 458 250 469 267
person 0.0068 420 220 438 241
person 0.0067 207 233 228 259
person 0.0058 173 205 230 263
person 0.0055 105 217 134 252
person 0.0054 412 278 429 300
person 0.0051 355 276 384 300
person 0.0050 344 219 365 261
person 0.0049 407 227 424 258
person 0.0041 451 249 465 266
person 0.0041 366 272 480 300
person 0.0040 429 219 441 263
person 0.0039 399 233 416 256
person 0.0038 308 235 384 308
person 0.0035 173 261 498 371
person 0.0033 419 269 438 300
person 0.0031 424 220 440 236
person 0.0029 202 238 219 258
person 0.0027 321 236 359 313
person 0.0024 493 255 499 275
person 0.0023 367 246 386 265
person 0.0018 170 200 207 258
person 0.0017 356 274 372 298
person 0.0017 325 261 499 349
person 0.0016 351 230 365 261
person 0.0015 320 230 334 263
person 0.0015 357 234 375 257
person 0.0013 253 216 289 248
person 0.0012 420 234 442 264
person 0.0012 364 238 378 258
person 0.0012 423 220 443 249
person 0.0011 323 233 334 243
person 0.0011 0 255 107 340
person 0.0011 320 222 338 281
person 0.0011 331 216 363 253
person 0.0011 323 175 335 197
person 0.0010 404 231 413 245
person 0.0010 463 212 470 228
person 0.0010 328 218 338 232
person 0.0010 328 175 337 197
person 0.0010 323 222 344 259
car 0.8254 170 262 498 371
car 0.5193 0 255 107 339
car 0.0352 323 263 502 303
car 0.0201 321 219 360 284
car 0.0195 366 246 387 265
car 0.0088 138 270 360 370
car 0.0078 477 276 499 312
car 0.0076 0 176 518 373
car 0.0070 2 255 75 280
car 0.0062 371 253 387 265
car 0.0057 325 261 499 349
car 0.0049 154 304 281 371
car 0.0034 6 255 101 296
car 0.0034 70 281 111 333
car 0.0031 34 257 110 314
car 0.0029 253 219 289 252
car 0.0029 167 200 234 261
car 0.0026 0 255 46 349
car 0.0024 449 252 459 267
car 0.0024 369 243 385 258
car 0.0023 357 244 398 267
car 0.0021 484 289 499 313
car 0.0020 308 235 384 308
car 0.0020 0 253 58 305
car 0.0017 64 208 100 249
car 0.0017 355 261 369 269
car 0.0015 460 272 501 314
car 0.0014 366 272 480 300
car 0.0014 483 292 500 332
car 0.0014 202 241 217 258
car 0.0014 366 248 417 264
car 0.0013 413 220 441 264
car 0.0013 355 230 381 264
car 0.0012 401 234 413 257
car 0.0012 355 253 366 268
car 0.0011 472 271 499 299
car 0.0011 441 258 498 296
car 0.0010 80 298 111 332
car 0.0010 357 253 382 272
car 0.0010 489 275 499 307
bus 0.0084 253 216 289 252
bus 0.0049 163 200 231 262
bus 0.0034 323 217 361 279
bus 0.0025 25 84 503 324
bus 0.0010 0 255 107 337
train 0.0018 251 212 290 254
train 0.0017 25 84 503 324
train 0.0014 160 200 232 262
train 0.0014 216 32 499 127
bottle 0.0070 328 175 337 197
bottle 0.0050 323 175 335 197
bottle 0.0028 463 212 470 229
bottle 0.0016 450 254 458 267
chair 0.0101 1 254 108 344
sofa 0.0285 0 254 108 357
sofa 0.0013 170 262 497 371
diningtable 0.0013 0 257 108 365
tvmonitor 0.3157 163 200 231 262
tvmonitor 0.2445 254 216 289 253
tvmonitor 0.0293 235 208 293 257
tvmonitor 0.0277 65 206 102 247
tvmonitor 0.0161 87 171 135 201
tvmonitor 0.0136 0 162 32 255
tvmonitor 0.0132 52 140 464 317
tvmonitor 0.0127 157 200 304 267
tvmonitor 0.0104 45 175 88 201
tvmonitor 0.0088 44 171 124 206
tvmonitor 0.0069 157 172 218 197
tvmonitor 0.0066 243 174 274 195
tvmonitor 0.0064 147 174 237 232
tvmonitor 0.0060 88 186 382 283
tvmonitor 0.0053 49 177 74 199
tvmonitor 0.0040 105 217 133 252
tvmonitor 0.0038 204 233 228 259
tvmonitor 0.0032 196 203 230 259
tvmonitor 0.0032 170 204 206 245
tvmonitor 0.0024 114 268 166 335
tvmonitor 0.0021 177 204 214 228
tvmonitor 0.0019 29 165 146 232
tvmonitor 0.0019 129 149 285 262
tvmonitor 0.0016 200 237 221 258
tvmonitor 0.0015 0 255 108 342
tvmonitor 0.0013 218 171 281 197
tvmonitor 0.0012 175 174 213 191
tvmonitor 0.0010 29 147 147 297
tvmonitor 0.0010 193 228 226 257
tvmonitor 0.0010 2 40 525 326
