person 0.5778 242 9 248 24
person 0.0667 485 185 499 215
person 0.0573 482 160 500 215
person 0.0426 460 14 499 220
person 0.0333 486 186 499 287
person 0.0215 481 39 500 218
person 0.0193 237 8 248 24
person 0.0113 466 0 490 9
person 0.0100 469 12 485 18
person 0.0076 241 4 248 18
person 0.0061 245 1 261 9
person 0.0055 412 3 419 12
person 0.0054 486 96 499 221
person 0.0045 446 2 454 8
person 0.0044 413 7 418 13
person 0.0042 472 14 483 19
person 0.0041 244 9 251 22
person 0.0039 410 1 419 7
person 0.0034 492 0 499 9
person 0.0034 484 12 500 22
person 0.0033 401 0 414 5
person 0.0032 241 22 249 26
person 0.0031 383 0 401 7
person 0.0030 242 0 263 16
person 0.0029 489 136 500 209
person 0.0027 455 0 493 14
person 0.0027 395 0 409 6
person 0.0025 202 107 308 233
person 0.0023 405 2 418 11
person 0.0023 274 9 283 16
person 0.0022 470 10 500 21
person 0.0021 352 3 366 10
person 0.0021 471 171 500 279
person 0.0021 491 0 499 18
person 0.0020 482 2 499 18
person 0.0020 228 2 239 15
person 0.0020 250 1 264 11
person 0.0020 229 0 246 20
person 0.0020 480 177 499 330
person 0.0019 447 1 467 8
person 0.0018 283 8 299 14
person 0.0017 485 0 496 8
person 0.0017 224 1 230 13
person 0.0017 491 204 500 332
person 0.0017 277 8 292 16
person 0.0017 369 1 384 8
person 0.0015 346 2 357 11
person 0.0015 272 6 283 14
person 0.0014 461 10 488 18
person 0.0014 471 126 500 241
person 0.0014 454 1 471 8
person 0.0014 358 1 370 7
person 0.0014 447 0 480 9
person 0.0013 342 2 354 12
person 0.0013 493 271 500 282
person 0.0012 488 191 500 252
person 0.0011 412 0 422 7
person 0.0010 204 3 213 12
person 0.0010 237 2 251 27
person 0.0010 244 15 250 26
person 0.0010 232 9 243 18
car 0.0445 466 0 491 8
car 0.0211 484 12 500 22
car 0.0108 384 0 404 6
car 0.0091 446 2 457 8
car 0.0089 474 6 500 21
car 0.0083 453 0 495 14
car 0.0068 447 1 468 8
car 0.0036 395 0 409 6
car 0.0031 283 7 301 14
car 0.0029 245 0 263 9
car 0.0024 262 0 280 8
car 0.0018 401 0 414 5
car 0.0016 482 2 499 18
car 0.0016 463 0 487 12
car 0.0014 351 4 367 11
car 0.0014 364 1 384 8
car 0.0014 258 1 283 12
car 0.0013 485 0 496 8
aeroplane 0.0168 460 0 493 12
aeroplane 0.0096 484 12 500 22
aeroplane 0.0067 474 6 500 21
aeroplane 0.0041 449 1 496 17
aeroplane 0.0027 465 11 490 19
aeroplane 0.0016 463 -2 499 25
aeroplane 0.0015 467 0 492 8
bus 0.0011 460 0 493 12
boat 0.0418 484 12 500 22
boat 0.0117 241 8 249 25
boat 0.0081 245 0 261 10
boat 0.0069 470 10 499 21
boat 0.0065 465 11 490 19
boat 0.0048 283 8 299 14
boat 0.0046 475 3 498 20
boat 0.0038 258 1 283 12
boat 0.0034 464 0 495 13
boat 0.0027 468 0 491 8
boat 0.0026 247 0 287 15
boat 0.0025 262 0 280 8
boat 0.0025 241 0 267 16
boat 0.0020 472 14 483 19
boat 0.0019 383 0 401 7
boat 0.0018 274 7 297 15
boat 0.0016 226 2 242 16
boat 0.0015 167 1 218 17
boat 0.0015 201 104 307 235
boat 0.0015 244 1 255 8
boat 0.0015 490 0 499 18
boat 0.0014 449 1 496 17
boat 0.0013 154 3 169 16
boat 0.0013 224 1 231 14
boat 0.0013 101 4 164 19
boat 0.0013 153 0 180 16
boat 0.0012 209 2 220 11
boat 0.0012 204 3 213 12
boat 0.0011 151 11 166 17
boat 0.0011 264 5 292 16
boat 0.0010 229 0 246 20
boat 0.0010 214 1 228 13
boat 0.0010 157 0 172 15
boat 0.0010 277 8 292 16
bird 0.0051 485 190 499 217
bird 0.0029 202 107 308 233
bird 0.0026 241 9 248 25
bird 0.0026 482 160 500 215
bird 0.0021 485 183 499 285
bird 0.0010 241 22 249 26
bird 0.0010 469 12 485 18
cat 0.0035 202 106 307 233
cat 0.0029 484 190 499 217
cat 0.0020 486 186 499 287
cat 0.0010 483 167 499 214
dog 0.9150 202 106 307 233
dog 0.0102 484 181 499 288
dog 0.0071 195 164 372 232
dog 0.0064 485 185 499 215
dog 0.0061 257 170 280 196
dog 0.0030 482 160 500 215
dog 0.0029 236 184 357 232
dog 0.0018 242 9 248 24
dog 0.0012 217 156 295 214
horse 0.0052 484 185 499 215
horse 0.0042 486 186 499 287
horse 0.0023 482 160 500 215
horse 0.0012 202 107 307 232
sheep 0.0040 485 185 499 215
sheep 0.0028 485 183 499 285
sheep 0.0020 202 106 307 233
cow 0.0048 485 185 499 215
cow 0.0031 485 183 499 285
cow 0.0026 482 160 500 215
cow 0.0012 202 107 307 232
chair 0.0068 465 0 491 9
chair 0.0024 484 12 500 22
chair 0.0011 474 6 500 21
