person 0.0035 0 108 485 368
person 0.0025 479 135 499 254
person 0.0017 83 259 493 371
person 0.0011 462 132 499 259
cat 0.4074 21 100 494 304
cat 0.0058 89 176 503 373
cat 0.0023 43 110 302 293
dog 0.0344 81 111 492 345
dog 0.0021 91 242 501 372
chair 0.0070 21 100 494 304
chair 0.0068 83 259 493 371
chair 0.0037 470 132 500 258
chair 0.0025 480 131 499 228
chair 0.0017 1 214 145 371
chair 0.0016 464 67 500 125
chair 0.0012 417 134 465 183
chair 0.0011 38 170 502 372
sofa 0.0705 79 252 493 371
sofa 0.0655 21 100 494 304
sofa 0.0090 -5 169 484 371
sofa 0.0055 0 213 146 371
tvmonitor 0.0032 464 67 500 125
tvmonitor 0.0031 479 131 500 229
