person 0.7326 0 6 58 245
person 0.0281 0 2 55 82
person 0.0231 20 46 61 211
person 0.0172 0 4 80 355
person 0.0076 52 0 99 96
person 0.0071 0 1 46 21
person 0.0058 0 32 51 99
person 0.0058 22 84 58 171
person 0.0053 0 57 39 342
person 0.0050 0 0 52 38
person 0.0031 19 0 99 135
person 0.0014 0 246 11 318
person 0.0012 0 207 45 318
person 0.0011 1 86 55 198
bicycle 0.0079 16 -1 504 373
bicycle 0.0023 14 0 500 154
bicycle 0.0023 0 0 59 240
bicycle 0.0017 0 240 44 324
car 0.1058 4 0 502 371
car 0.0059 20 1 463 147
car 0.0015 430 154 500 270
motorbike 0.7665 19 0 501 372
motorbike 0.0061 20 1 463 147
motorbike 0.0049 0 6 59 348
motorbike 0.0034 56 169 503 375
motorbike 0.0027 0 240 44 324
aeroplane 0.0018 16 -1 504 373
bus 0.0017 16 -1 504 373
bus 0.0010 20 1 463 147
train 0.0031 4 0 502 371
train 0.0015 430 154 500 270
horse 0.0012 19 0 501 372
chair 0.0044 0 240 44 324
chair 0.0035 0 3 59 251
chair 0.0028 22 84 58 171
chair 0.0023 20 46 61 211
chair 0.0011 0 226 11 319
