person 0.7576 167 4 314 201
person 0.0571 64 3 364 216
person 0.0230 456 199 500 308
person 0.0094 151 82 242 166
person 0.0075 18 10 469 283
person 0.0019 155 145 175 210
person 0.0012 323 178 349 226
person 0.0011 218 164 243 212
car 0.0018 43 3 469 305
car 0.0013 400 212 418 232
car 0.0012 168 3 313 202
car 0.0011 106 109 132 140
train 0.0012 168 3 313 202
boat 0.0054 -7 58 487 318
boat 0.0034 225 164 261 222
boat 0.0025 53 142 454 293
boat 0.0019 168 3 313 202
bird 0.0033 262 204 315 254
bird 0.0014 93 202 129 272
cat 0.0060 262 204 315 254
cat 0.0044 456 199 500 308
cat 0.0027 172 122 217 151
cat 0.0023 123 115 178 153
dog 0.0029 456 199 500 308
bottle 0.6507 155 147 175 210
bottle 0.1921 205 214 230 258
bottle 0.1568 95 206 129 271
bottle 0.0764 275 163 296 208
bottle 0.0636 322 179 350 225
bottle 0.0623 167 204 212 262
bottle 0.0622 228 170 259 224
bottle 0.0463 335 215 365 263
bottle 0.0424 231 219 258 264
bottle 0.0277 132 231 168 266
bottle 0.0241 329 194 369 242
bottle 0.0237 345 168 370 208
bottle 0.0138 218 164 243 212
bottle 0.0127 337 206 376 249
bottle 0.0125 172 120 216 151
bottle 0.0116 48 175 448 306
bottle 0.0100 146 121 181 205
bottle 0.0097 218 157 261 215
bottle 0.0096 97 236 123 270
bottle 0.0070 109 108 132 137
bottle 0.0067 111 107 160 143
bottle 0.0067 167 200 208 228
bottle 0.0042 106 217 162 266
bottle 0.0039 220 157 260 189
bottle 0.0037 374 225 408 263
bottle 0.0037 238 154 252 184
bottle 0.0036 64 105 255 229
bottle 0.0030 34 55 333 275
bottle 0.0028 108 219 130 271
bottle 0.0021 245 194 306 252
bottle 0.0021 123 115 178 153
bottle 0.0019 75 35 485 297
bottle 0.0016 332 231 358 263
bottle 0.0014 105 199 159 225
bottle 0.0014 313 220 331 248
bottle 0.0014 193 127 217 152
bottle 0.0013 151 82 242 166
bottle 0.0013 80 135 114 154
bottle 0.0011 156 157 174 188
bottle 0.0010 265 211 322 257
chair 0.1322 456 200 499 308
chair 0.0148 0 195 94 308
chair 0.0064 56 4 373 216
chair 0.0054 438 229 467 253
chair 0.0051 70 2 241 162
chair 0.0036 125 112 179 153
chair 0.0032 168 3 313 202
chair 0.0022 108 107 132 136
chair 0.0022 111 107 160 143
chair 0.0019 30 107 260 217
chair 0.0019 177 17 473 238
chair 0.0015 19 13 459 318
chair 0.0014 0 -1 71 152
chair 0.0014 28 130 165 209
chair 0.0014 344 168 369 207
chair 0.0013 155 143 178 209
chair 0.0011 77 136 113 153
chair 0.0011 338 206 376 246
chair 0.0010 470 184 499 268
sofa 0.3864 45 18 476 283
sofa 0.1882 156 2 334 201
sofa 0.1869 456 200 499 308
sofa 0.0494 215 161 261 217
sofa 0.0142 57 38 327 247
sofa 0.0120 275 154 299 210
sofa 0.0109 67 5 243 137
sofa 0.0107 56 0 385 150
sofa 0.0090 170 120 217 151
sofa 0.0079 53 142 454 293
sofa 0.0079 123 114 178 154
sofa 0.0075 154 141 177 209
sofa 0.0074 151 82 242 166
sofa 0.0063 438 229 467 253
sofa 0.0063 30 107 260 217
sofa 0.0048 0 194 94 308
sofa 0.0029 214 163 249 196
sofa 0.0029 344 168 369 207
sofa 0.0029 168 202 208 261
sofa 0.0026 166 128 346 215
sofa 0.0021 227 18 481 235
sofa 0.0019 260 205 317 256
sofa 0.0015 167 200 208 228
sofa 0.0012 328 197 375 248
sofa 0.0011 473 203 499 265
sofa 0.0011 111 107 160 143
sofa 0.0011 113 151 271 263
sofa 0.0011 107 201 157 224
sofa 0.0011 322 181 349 222
sofa 0.0010 289 119 411 231
pottedplant 0.0023 264 205 315 250
pottedplant 0.0013 93 202 129 272
diningtable 0.2986 1 196 95 307
diningtable 0.1087 43 217 476 310
diningtable 0.0750 15 129 467 294
diningtable 0.0418 260 204 318 257
diningtable 0.0292 227 169 261 223
diningtable 0.0288 457 200 499 308
diningtable 0.0285 167 203 212 262
diningtable 0.0035 94 205 128 271
diningtable 0.0031 40 157 303 288
diningtable 0.0026 69 174 196 268
diningtable 0.0025 31 108 253 215
diningtable 0.0022 105 199 159 225
diningtable 0.0017 231 217 261 263
diningtable 0.0017 106 217 162 266
diningtable 0.0017 123 188 243 265
diningtable 0.0014 203 215 233 262
diningtable 0.0014 24 123 171 206
diningtable 0.0012 284 237 327 259
diningtable 0.0012 17 193 134 289
diningtable 0.0010 332 231 358 263
tvmonitor 0.0011 456 200 499 308
