person 0.1592 271 128 282 142
person 0.0346 385 134 392 155
person 0.0271 261 129 270 142
person 0.0255 429 161 439 170
person 0.0236 383 133 395 156
person 0.0193 313 127 327 163
person 0.0155 425 160 434 170
person 0.0143 315 124 326 152
person 0.0137 315 143 325 164
person 0.0136 275 128 285 140
person 0.0135 265 125 280 141
person 0.0131 422 141 430 151
person 0.0131 258 130 266 142
person 0.0115 271 134 283 144
person 0.0110 423 146 439 170
person 0.0109 423 141 431 158
person 0.0104 164 64 462 207
person 0.0080 298 123 321 162
person 0.0075 380 133 401 160
person 0.0067 404 145 411 154
person 0.0057 272 125 281 138
person 0.0055 8 143 22 152
person 0.0053 62 139 74 153
person 0.0051 65 141 77 156
person 0.0050 490 143 499 174
person 0.0048 465 145 470 153
person 0.0045 427 143 436 151
person 0.0041 413 142 435 170
person 0.0039 426 142 436 157
person 0.0038 445 142 450 159
person 0.0038 316 144 332 167
person 0.0037 429 145 445 171
person 0.0037 423 160 429 170
person 0.0036 65 137 72 148
person 0.0035 394 159 402 169
person 0.0035 387 136 398 154
person 0.0034 10 139 20 147
person 0.0033 67 131 77 152
person 0.0032 268 123 276 140
person 0.0032 70 139 76 152
person 0.0031 0 144 20 153
person 0.0031 444 142 449 151
person 0.0027 311 122 324 144
person 0.0027 366 132 441 170
person 0.0025 284 129 294 142
person 0.0025 421 144 430 170
person 0.0023 286 123 309 148
person 0.0023 261 135 271 143
person 0.0023 389 110 400 120
person 0.0023 255 126 273 144
person 0.0021 328 39 351 67
person 0.0021 442 143 452 170
person 0.0021 407 164 416 171
person 0.0021 433 161 440 171
person 0.0020 221 104 226 110
person 0.0019 437 153 499 199
person 0.0019 425 156 441 171
person 0.0018 268 120 284 149
person 0.0018 254 124 285 150
person 0.0017 433 142 451 169
person 0.0015 437 142 447 149
person 0.0015 393 143 421 157
person 0.0014 114 140 121 150
person 0.0014 397 140 411 154
person 0.0014 486 142 500 191
person 0.0013 247 130 258 142
person 0.0013 244 130 253 142
person 0.0013 492 141 499 151
person 0.0012 262 122 272 140
person 0.0012 393 138 450 169
person 0.0012 464 145 472 157
person 0.0011 447 174 470 193
person 0.0011 472 141 499 197
person 0.0011 323 152 334 167
person 0.0011 434 142 447 159
person 0.0011 403 145 414 163
person 0.0011 444 148 453 167
person 0.0010 406 145 417 156
car 0.0547 0 144 21 155
car 0.0262 23 143 43 154
car 0.0260 8 143 22 152
car 0.0141 24 143 38 151
car 0.0140 18 143 65 155
car 0.0125 0 145 10 155
car 0.0109 10 144 29 154
car 0.0081 124 135 311 208
car 0.0061 109 139 139 156
car 0.0053 0 140 7 149
car 0.0051 65 141 77 156
car 0.0044 0 152 5 160
car 0.0044 0 147 13 157
car 0.0034 28 140 39 147
car 0.0029 34 144 70 154
car 0.0026 112 139 134 151
car 0.0025 2 138 27 153
car 0.0024 70 139 76 152
car 0.0024 114 140 121 150
car 0.0022 62 139 74 153
car 0.0022 116 144 166 159
car 0.0018 104 140 126 155
car 0.0016 10 139 20 147
car 0.0015 94 141 134 157
car 0.0015 138 140 251 195
car 0.0013 120 140 141 151
car 0.0013 2 137 67 158
car 0.0011 7 148 21 156
car 0.0011 134 148 159 160
car 0.0011 440 152 500 200
car 0.0011 0 137 4 146
car 0.0010 -3 113 478 328
car 0.0010 0 154 6 165
car 0.0010 21 147 45 156
aeroplane 0.0233 185 14 446 200
bus 0.0034 174 35 451 202
bus 0.0020 0 143 23 155
bus 0.0011 108 139 140 156
train 0.1716 174 35 451 202
train 0.0191 127 107 331 209
train 0.0046 103 92 474 241
train 0.0023 12 45 426 224
train 0.0015 365 129 438 171
boat 0.2643 184 14 446 201
boat 0.2590 439 144 499 197
boat 0.0957 439 171 498 198
boat 0.0274 488 142 500 187
boat 0.0092 365 129 438 171
boat 0.0055 444 173 478 195
boat 0.0051 483 175 500 197
boat 0.0041 375 130 413 166
boat 0.0037 385 137 486 182
boat 0.0036 481 150 499 197
boat 0.0035 0 144 21 155
boat 0.0034 471 177 497 196
boat 0.0032 458 138 495 190
boat 0.0032 208 71 494 182
boat 0.0028 474 140 497 188
boat 0.0026 443 183 499 197
boat 0.0025 75 44 405 213
boat 0.0024 421 146 441 170
boat 0.0023 405 142 441 171
boat 0.0022 491 142 499 160
boat 0.0020 103 92 474 241
boat 0.0020 492 141 499 151
boat 0.0018 390 137 452 170
boat 0.0016 232 127 491 179
boat 0.0016 375 146 430 168
boat 0.0015 380 133 401 160
boat 0.0013 127 107 331 209
boat 0.0013 463 143 492 173
boat 0.0012 489 179 499 197
boat 0.0011 429 150 440 171
boat 0.0010 429 160 439 170
boat 0.0010 378 117 496 195
boat 0.0010 7 143 22 153
boat 0.0010 415 145 477 191
boat 0.0010 356 92 457 176
