person 0.0112 0 286 20 374
person 0.0095 0 252 10 366
car 0.0011 -2 91 500 348
bird 0.0020 262 55 280 63
cat 0.0020 103 179 133 202
cat 0.0012 0 293 15 374
bottle 0.0253 0 288 12 368
bottle 0.0037 0 299 21 376
bottle 0.0027 0 68 60 142
bottle 0.0011 0 343 23 374
bottle 0.0010 0 285 8 347
chair 0.0793 0 138 55 261
chair 0.0155 0 252 10 366
chair 0.0130 0 139 48 207
chair 0.0116 0 269 18 373
chair 0.0071 4 88 494 352
chair 0.0051 22 152 63 209
chair 0.0031 0 151 37 301
chair 0.0031 0 137 46 175
chair 0.0026 0 176 18 211
chair 0.0024 0 164 21 200
chair 0.0021 0 68 60 143
chair 0.0017 -1 80 61 212
chair 0.0017 3 314 221 371
chair 0.0017 0 174 20 259
chair 0.0016 37 164 64 203
chair 0.0013 0 155 34 202
chair 0.0012 0 168 19 187
chair 0.0011 0 185 20 324
sofa 0.7918 4 88 494 352
sofa 0.0052 0 252 10 366
sofa 0.0029 0 269 18 373
sofa 0.0029 0 139 56 285
sofa 0.0024 23 96 480 229
sofa 0.0023 4 231 491 360
sofa 0.0011 3 314 221 371
pottedplant 0.0056 0 68 60 143
pottedplant 0.0016 0 269 13 373
diningtable 0.0037 3 314 221 371
diningtable 0.0030 0 139 54 257
diningtable 0.0021 0 269 18 373
diningtable 0.0013 0 252 10 366
