person 0.0031 136 95 234 290
person 0.0028 363 95 376 117
person 0.0016 330 99 342 116
bird 0.0042 136 95 234 290
cat 0.0042 136 98 235 290
dog 0.9167 136 98 235 290
dog 0.0032 330 100 342 117
dog 0.0025 360 96 375 118
dog 0.0024 147 132 185 171
dog 0.0024 154 134 176 168
horse 0.4170 360 96 375 118
horse 0.2234 330 99 342 116
horse 0.0174 391 97 398 104
horse 0.0130 327 99 359 118
horse 0.0040 136 95 234 290
horse 0.0032 368 96 376 118
horse 0.0015 391 97 408 104
horse 0.0013 343 97 378 118
horse 0.0011 359 95 369 113
sheep 0.0651 136 95 234 290
sheep 0.0427 330 99 342 114
sheep 0.0148 360 96 375 118
sheep 0.0022 391 97 398 104
sheep 0.0014 327 99 359 118
cow 0.6066 360 96 375 118
cow 0.5327 330 100 342 117
cow 0.0611 392 97 398 104
cow 0.0375 136 95 234 290
cow 0.0190 327 99 359 118
cow 0.0131 391 97 408 104
cow 0.0072 368 96 376 118
cow 0.0038 343 97 378 118
cow 0.0031 367 96 375 104
cow 0.0029 361 97 371 103
cow 0.0024 359 95 369 113
cow 0.0023 398 97 412 108
cow 0.0023 391 98 400 106
cow 0.0019 411 99 423 111
cow 0.0018 337 105 365 117
cow 0.0018 390 96 397 102
cow 0.0018 324 99 337 109
