person 0.6739 227 26 393 202
person 0.5149 97 128 163 178
person 0.4618 182 131 233 172
person 0.2999 181 132 213 165
person 0.0793 26 170 36 182
person 0.0483 96 130 131 172
person 0.0435 15 175 24 182
person 0.0390 204 135 233 168
person 0.0297 2 175 11 182
person 0.0285 194 136 234 194
person 0.0133 168 131 205 170
person 0.0107 17 172 37 183
person 0.0102 78 196 92 231
person 0.0096 15 172 26 181
person 0.0070 59 199 73 227
person 0.0066 65 205 74 228
person 0.0061 121 130 164 152
person 0.0050 1 176 8 182
person 0.0049 25 172 40 185
person 0.0049 147 128 268 288
person 0.0048 194 136 222 166
person 0.0047 98 127 145 158
person 0.0046 49 199 69 229
person 0.0038 7 172 36 185
person 0.0036 176 132 200 160
person 0.0034 52 145 171 288
person 0.0033 66 129 170 208
person 0.0033 95 133 120 162
person 0.0032 133 132 167 165
person 0.0029 164 135 232 202
person 0.0028 47 204 62 228
person 0.0028 12 176 25 184
person 0.0025 290 31 388 168
person 0.0021 127 132 169 184
person 0.0020 50 212 60 228
person 0.0013 72 198 89 230
person 0.0013 142 132 169 152
person 0.0012 234 116 246 141
person 0.0012 53 190 76 228
person 0.0011 80 200 98 241
person 0.0011 3 172 13 181
person 0.0010 227 108 484 308
person 0.0010 27 193 64 231
person 0.0010 0 179 54 237
car 0.0010 0 179 55 236
bus 0.0016 0 179 56 236
horse 0.9142 228 108 484 309
horse 0.8857 51 146 172 291
horse 0.8068 135 145 235 299
horse 0.1008 97 127 164 181
horse 0.0645 162 132 282 301
horse 0.0374 228 28 428 224
horse 0.0080 79 196 94 234
horse 0.0076 79 134 180 245
horse 0.0067 188 110 336 299
horse 0.0065 182 130 234 179
horse 0.0059 107 152 178 288
horse 0.0054 0 182 51 237
horse 0.0029 220 177 284 303
horse 0.0027 127 132 169 184
horse 0.0025 68 181 102 256
horse 0.0023 161 134 249 242
horse 0.0017 441 343 496 405
horse 0.0016 55 199 74 228
horse 0.0015 164 135 232 202
horse 0.0015 69 196 91 231
horse 0.0015 15 174 25 183
horse 0.0014 166 143 203 172
horse 0.0014 82 176 159 282
horse 0.0014 202 132 235 193
horse 0.0014 51 187 95 236
horse 0.0013 25 170 36 182
horse 0.0013 63 129 147 198
horse 0.0012 17 172 37 183
horse 0.0012 123 133 216 249
horse 0.0012 132 144 177 260
cow 0.0015 53 144 166 288
cow 0.0012 133 142 237 298
pottedplant 0.0011 25 170 36 181
pottedplant 0.0010 17 172 37 183
