person 0.9269 216 31 356 269
person 0.0048 217 81 315 251
person 0.0016 160 124 307 237
person 0.0014 228 78 280 212
person 0.0013 217 118 272 188
person 0.0011 194 157 214 217
person 0.0010 236 68 303 173
bicycle 0.8645 111 123 274 250
bicycle 0.0737 163 141 241 247
bicycle 0.0572 192 172 209 209
bicycle 0.0313 194 157 214 217
bicycle 0.0071 207 92 339 266
bicycle 0.0054 178 126 305 255
bicycle 0.0036 205 111 283 226
bicycle 0.0030 174 136 219 230
bicycle 0.0026 184 171 213 222
bicycle 0.0025 110 124 175 231
bicycle 0.0023 196 126 249 164
bicycle 0.0018 169 123 267 216
bicycle 0.0015 187 125 254 187
car 0.0020 163 141 241 247
car 0.0013 191 174 216 215
motorbike 0.0031 142 139 258 244
bus 0.0033 111 124 279 252
boat 0.0048 388 158 498 217
bird 0.0019 192 177 208 200
bottle 0.3614 142 139 258 244
bottle 0.2936 194 177 216 211
bottle 0.0179 192 177 210 201
bottle 0.0083 176 149 237 239
bottle 0.0056 184 171 213 222
bottle 0.0049 199 189 219 220
bottle 0.0020 190 179 224 231
bottle 0.0012 190 172 223 203
bottle 0.0012 317 112 330 131
bottle 0.0011 316 118 327 140
pottedplant 0.0013 115 122 274 246
