person 0.2480 2 -1 377 478
person 0.0349 -1 3 183 482
person 0.0270 1 382 279 499
person 0.0187 76 173 169 364
person 0.0111 148 84 370 489
person 0.0108 4 246 359 476
person 0.0061 137 312 232 392
person 0.0039 93 284 273 405
person 0.0022 81 234 167 298
person 0.0016 0 0 26 118
person 0.0013 -5 18 65 503
person 0.0011 6 1 378 114
person 0.0011 267 226 344 293
person 0.0011 244 140 361 364
person 0.0010 63 328 374 499
bicycle 0.0032 291 383 374 498
bicycle 0.0027 239 433 318 499
bicycle 0.0011 205 395 355 501
car 0.0047 1 379 369 498
car 0.0030 291 383 374 499
car 0.0028 239 432 319 499
car 0.0010 166 413 349 499
motorbike 0.0015 2 379 370 498
motorbike 0.0014 243 434 320 500
motorbike 0.0013 235 398 377 498
bird 0.0011 139 28 369 480
cat 0.0741 3 4 379 445
cat 0.0646 1 320 299 499
cat 0.0177 0 4 167 501
cat 0.0169 5 392 250 499
cat 0.0107 140 73 368 487
cat 0.0055 56 154 150 254
cat 0.0049 9 254 357 462
cat 0.0042 221 -1 374 439
cat 0.0038 81 234 168 298
cat 0.0036 137 315 227 392
cat 0.0031 2 2 313 271
cat 0.0026 39 125 166 277
cat 0.0026 76 173 169 364
cat 0.0014 17 33 228 354
cat 0.0014 48 0 310 84
cat 0.0013 268 229 345 290
cat 0.0011 128 322 188 377
cat 0.0010 17 222 171 339
dog 0.0673 138 28 370 481
dog 0.0176 -1 7 185 481
dog 0.0152 -4 8 367 381
dog 0.0041 1 382 279 499
dog 0.0018 56 154 150 254
dog 0.0014 81 234 168 298
dog 0.0013 76 173 169 364
dog 0.0012 154 153 365 372
dog 0.0011 -2 323 379 498
dog 0.0011 269 228 343 299
dog 0.0010 39 125 166 277
horse 0.0011 2 -1 377 478
sheep 0.0022 139 28 369 480
cow 0.0037 -3 0 375 482
cow 0.0014 -1 7 185 481
cow 0.0014 148 84 370 489
chair 0.0053 243 434 320 500
chair 0.0030 264 408 375 500
chair 0.0022 -2 7 374 498
chair 0.0013 0 0 26 118
chair 0.0011 298 382 374 481
sofa 0.0051 -2 8 374 498
sofa 0.0015 0 0 26 120
diningtable 0.0036 -2 8 374 498
diningtable 0.0019 291 398 375 496
diningtable 0.0013 -2 323 379 498
tvmonitor 0.0011 -2 8 374 498
