person 0.0026 2 7 491 359
person 0.0015 8 0 155 107
person 0.0014 137 154 331 282
person 0.0010 74 105 359 310
cat 0.0140 137 161 326 273
cat 0.0016 228 185 331 278
cat 0.0014 116 181 170 207
cat 0.0012 113 162 195 209
dog 0.8652 137 155 332 280
dog 0.0971 74 105 359 310
dog 0.0124 228 185 331 278
dog 0.0096 23 30 495 365
dog 0.0078 116 181 170 207
dog 0.0014 98 174 214 210
chair 0.0107 4 9 476 365
chair 0.0083 79 99 358 311
chair 0.0056 137 154 331 282
chair 0.0023 111 182 154 206
chair 0.0021 20 183 326 369
chair 0.0015 0 227 40 370
chair 0.0010 0 158 27 234
sofa 0.5391 11 31 512 357
sofa 0.3513 140 155 329 282
sofa 0.1992 79 99 358 311
sofa 0.0123 116 181 170 207
sofa 0.0043 31 172 411 373
sofa 0.0040 98 174 214 210
sofa 0.0027 0 227 40 370
sofa 0.0027 147 3 501 272
sofa 0.0019 5 49 162 389
sofa 0.0016 -19 -3 492 178
sofa 0.0013 13 67 287 371
diningtable 0.0031 11 31 512 357
