person 0.9212 371 4 498 361
person 0.8190 0 2 107 362
person 0.7761 373 0 437 131
person 0.4341 268 26 332 107
person 0.4242 143 6 392 361
person 0.2303 0 193 60 366
person 0.1659 291 20 333 63
person 0.1421 0 306 25 372
person 0.1106 68 304 141 372
person 0.0413 151 8 377 197
person 0.0372 0 202 40 250
person 0.0346 282 30 304 59
person 0.0295 134 40 200 103
person 0.0238 0 239 31 371
person 0.0223 375 0 496 123
person 0.0166 273 25 289 56
person 0.0149 135 46 170 103
person 0.0147 73 304 211 370
person 0.0136 -1 -3 209 362
person 0.0128 300 20 336 99
person 0.0116 422 0 500 83
person 0.0100 171 38 202 100
person 0.0099 207 30 234 335
person 0.0088 231 5 495 363
person 0.0087 492 312 500 373
person 0.0083 0 276 55 373
person 0.0072 377 80 413 311
person 0.0065 111 309 267 373
person 0.0063 339 51 446 339
person 0.0063 371 -5 460 186
person 0.0061 266 36 360 134
person 0.0057 303 21 329 56
person 0.0052 239 323 313 372
person 0.0051 492 0 500 15
person 0.0049 137 309 206 371
person 0.0041 281 28 315 72
person 0.0039 490 0 500 29
person 0.0033 379 0 437 70
person 0.0033 488 1 499 61
person 0.0031 52 100 458 368
person 0.0029 383 178 404 236
person 0.0026 313 0 418 135
person 0.0025 0 230 20 334
person 0.0025 112 138 152 164
person 0.0025 138 67 165 101
person 0.0023 282 15 311 58
person 0.0023 369 114 496 279
person 0.0021 387 142 406 261
person 0.0019 264 61 330 113
person 0.0018 203 101 231 256
person 0.0018 482 0 499 81
person 0.0016 265 6 386 115
person 0.0016 169 19 287 174
person 0.0016 365 25 411 203
person 0.0016 309 17 337 63
person 0.0015 47 228 142 369
person 0.0015 28 116 130 350
person 0.0014 290 49 339 105
person 0.0014 163 77 399 270
person 0.0014 281 4 329 57
person 0.0014 413 2 499 191
person 0.0014 291 27 314 56
person 0.0014 111 43 319 287
person 0.0014 250 18 303 99
person 0.0013 373 42 420 123
person 0.0012 -2 278 111 373
person 0.0012 464 194 499 368
person 0.0012 0 0 37 89
person 0.0011 0 47 39 339
person 0.0011 -4 114 84 344
person 0.0010 374 165 404 248
person 0.0010 49 158 224 370
person 0.0010 423 211 441 228
person 0.0010 283 19 426 350
person 0.0010 374 189 410 269
person 0.0010 271 16 286 51
person 0.0010 456 13 503 352
bicycle 0.0213 60 146 409 372
bicycle 0.0071 122 293 288 373
bicycle 0.0021 101 236 321 371
bicycle 0.0016 239 323 313 372
bicycle 0.0011 192 299 323 374
bicycle 0.0011 159 314 268 373
bicycle 0.0010 373 186 410 268
car 0.0018 103 103 195 160
car 0.0011 112 138 152 164
motorbike 0.0027 75 99 484 367
horse 0.1044 47 133 411 369
horse 0.0132 159 125 278 330
horse 0.0016 135 4 432 365
horse 0.0010 207 147 404 358
bottle 0.0499 0 203 39 249
bottle 0.0326 373 183 410 273
bottle 0.0129 425 211 441 228
bottle 0.0126 404 212 413 228
bottle 0.0094 383 181 404 236
bottle 0.0058 369 229 391 271
bottle 0.0056 378 242 412 272
bottle 0.0044 387 207 414 247
bottle 0.0041 370 240 384 269
bottle 0.0040 362 39 504 364
bottle 0.0031 380 195 405 261
bottle 0.0027 387 142 406 261
bottle 0.0024 397 208 416 229
bottle 0.0024 384 206 402 236
bottle 0.0020 111 137 153 163
bottle 0.0020 456 211 471 229
bottle 0.0018 388 185 403 218
bottle 0.0013 293 19 335 99
bottle 0.0011 377 80 413 311
bottle 0.0010 0 306 25 372
chair 0.0130 55 133 449 369
chair 0.0123 108 130 155 163
chair 0.0066 492 312 500 373
chair 0.0065 103 103 195 160
chair 0.0040 0 306 25 372
chair 0.0037 127 312 282 373
chair 0.0036 338 112 378 142
chair 0.0028 221 172 396 363
chair 0.0022 125 4 399 366
chair 0.0019 0 203 57 370
chair 0.0017 239 323 313 372
chair 0.0015 0 203 40 249
chair 0.0014 139 312 215 372
chair 0.0013 133 51 184 106
chair 0.0013 311 108 374 139
chair 0.0013 373 194 412 269
chair 0.0012 353 120 377 144
chair 0.0011 0 239 31 371
chair 0.0011 128 61 166 105
sofa 0.0064 492 312 500 373
sofa 0.0057 108 130 155 163
sofa 0.0030 105 108 183 160
sofa 0.0019 0 306 25 372
sofa 0.0016 52 100 458 368
sofa 0.0013 0 203 57 370
sofa 0.0011 372 132 499 358
sofa 0.0010 374 189 410 269
diningtable 0.0032 293 22 336 104
diningtable 0.0030 319 109 378 143
diningtable 0.0027 0 304 26 373
diningtable 0.0020 46 100 409 367
diningtable 0.0012 492 312 500 373
tvmonitor 0.0018 0 0 36 91
tvmonitor 0.0010 295 19 335 79
