person 0.2624 117 55 170 137
person 0.0049 222 109 252 191
person 0.0024 193 130 280 202
person 0.0011 112 56 139 81
bicycle 0.9219 23 146 241 284
bicycle 0.8956 243 125 467 273
bicycle 0.2193 184 129 293 217
bicycle 0.0845 403 168 476 224
bicycle 0.0529 196 126 253 201
bicycle 0.0362 382 149 475 242
bicycle 0.0186 234 123 357 264
bicycle 0.0101 211 136 270 206
bicycle 0.0051 218 110 252 195
bicycle 0.0050 184 132 325 261
bicycle 0.0040 142 127 248 235
bicycle 0.0021 172 135 246 211
bicycle 0.0018 253 170 304 191
bicycle 0.0018 387 137 459 188
bicycle 0.0017 237 130 306 243
bicycle 0.0014 419 164 479 259
bicycle 0.0014 247 125 310 187
bicycle 0.0013 228 123 344 201
bicycle 0.0013 345 132 470 265
bicycle 0.0012 244 143 322 208
motorbike 0.0028 237 124 466 274
motorbike 0.0024 25 146 239 281
motorbike 0.0011 400 165 475 222
boat 0.0010 25 146 239 281
bottle 0.0021 30 146 218 275
bottle 0.0010 111 204 125 223
chair 0.0017 400 171 475 222
pottedplant 0.0031 378 156 471 267
pottedplant 0.0017 237 124 466 274
pottedplant 0.0016 25 146 239 281
pottedplant 0.0016 171 132 296 254
pottedplant 0.0012 402 168 476 223
