person 0.0013 358 16 504 323
car 0.0033 60 15 461 340
bird 0.0593 361 122 416 196
bird 0.0483 271 28 503 325
bird 0.0269 350 62 471 266
bird 0.0108 353 122 465 201
bird 0.0023 296 77 464 216
bird 0.0011 46 119 209 341
bird 0.0010 51 123 199 239
cat 0.4253 46 119 209 341
cat 0.1113 46 120 193 237
cat 0.0183 269 29 504 325
cat 0.0043 350 62 471 266
cat 0.0041 352 123 424 202
cat 0.0025 36 42 358 343
dog 0.0023 46 119 209 341
bottle 0.0042 46 119 209 341
bottle 0.0015 279 152 461 336
chair 0.0010 279 152 461 336
sofa 0.0095 60 15 461 340
pottedplant 0.2484 60 15 461 340
pottedplant 0.2366 358 16 504 323
pottedplant 0.1036 46 122 209 341
pottedplant 0.0814 278 151 462 333
pottedplant 0.0655 297 48 480 274
pottedplant 0.0502 275 16 498 197
pottedplant 0.0385 48 119 194 239
pottedplant 0.0312 351 122 429 198
pottedplant 0.0237 460 35 500 321
pottedplant 0.0180 202 30 364 330
pottedplant 0.0144 259 42 424 343
pottedplant 0.0096 145 24 314 336
pottedplant 0.0094 357 112 486 197
pottedplant 0.0081 359 15 500 160
pottedplant 0.0036 51 91 333 318
pottedplant 0.0036 160 10 472 235
pottedplant 0.0024 428 -6 501 327
pottedplant 0.0024 411 54 498 154
pottedplant 0.0023 473 124 500 329
pottedplant 0.0022 278 182 384 331
pottedplant 0.0018 323 43 440 224
pottedplant 0.0014 389 86 475 330
pottedplant 0.0013 142 105 247 335
pottedplant 0.0013 174 41 355 208
pottedplant 0.0012 368 154 463 317
pottedplant 0.0010 377 120 451 188
diningtable 0.0971 7 177 486 374
diningtable 0.0223 34 28 463 346
diningtable 0.0106 24 271 486 372
diningtable 0.0022 77 129 360 327
diningtable 0.0015 276 164 383 334
diningtable 0.0010 46 127 210 344
