person 0.0043 -4 -5 389 472
person 0.0025 343 144 374 335
person 0.0017 68 -1 375 261
person 0.0010 0 285 58 364
bottle 0.0016 331 0 374 16
bottle 0.0013 342 141 375 338
chair 0.0315 342 141 375 338
chair 0.0058 11 0 375 435
chair 0.0029 69 1 374 256
chair 0.0022 279 137 374 341
chair 0.0012 1 5 116 383
chair 0.0012 328 88 372 488
sofa 0.0090 11 0 375 435
sofa 0.0043 343 144 374 335
pottedplant 0.0293 1 121 374 458
pottedplant 0.0079 0 9 113 377
pottedplant 0.0037 237 309 370 497
pottedplant 0.0036 331 0 374 16
pottedplant 0.0032 345 136 374 333
pottedplant 0.0031 87 162 341 409
pottedplant 0.0024 192 278 312 385
pottedplant 0.0011 18 -15 168 434
diningtable 0.0295 68 -1 375 261
diningtable 0.0171 8 -3 378 439
diningtable 0.0150 -3 326 378 496
diningtable 0.0036 31 267 329 449
diningtable 0.0028 51 0 379 135
diningtable 0.0026 111 323 216 386
diningtable 0.0017 345 136 374 333
diningtable 0.0015 8 411 374 499
