person 0.4132 145 156 307 418
person 0.2833 170 159 270 368
person 0.0491 199 352 244 417
person 0.0309 14 205 376 500
person 0.0222 120 246 335 472
person 0.0179 196 423 231 465
person 0.0112 196 167 266 293
person 0.0097 86 391 319 483
person 0.0082 191 336 246 460
person 0.0050 20 359 361 504
person 0.0046 176 416 247 491
person 0.0032 219 201 238 232
person 0.0024 142 413 284 496
person 0.0018 98 361 120 407
person 0.0016 141 245 264 429
person 0.0015 195 434 236 483
person 0.0013 219 197 255 240
person 0.0012 72 493 101 499
person 0.0012 191 252 248 425
person 0.0011 169 329 245 412
person 0.0010 105 84 323 350
person 0.0010 198 445 222 471
bicycle 0.4354 131 181 342 434
bicycle 0.0579 138 160 269 365
bicycle 0.0276 14 205 376 500
bicycle 0.0067 223 275 337 437
bicycle 0.0032 196 352 245 417
bicycle 0.0030 134 254 262 356
bicycle 0.0029 134 226 260 431
bicycle 0.0016 179 161 302 404
bicycle 0.0012 170 277 331 387
car 0.0050 28 210 369 498
car 0.0020 169 155 307 389
car 0.0012 -1 467 152 500
motorbike 0.0042 14 205 376 500
motorbike 0.0015 122 223 342 439
bus 0.0044 169 155 307 389
bus 0.0029 28 210 369 498
bus 0.0020 194 174 273 302
bus 0.0013 0 471 157 499
train 0.0103 6 354 358 501
train 0.0050 169 155 307 389
train 0.0039 0 471 157 499
train 0.0027 183 157 272 334
train 0.0013 86 391 319 483
train 0.0011 28 210 369 498
boat 0.0027 28 210 369 498
bird 0.0013 183 108 220 132
bottle 0.0066 361 442 374 471
bottle 0.0032 247 429 371 500
bottle 0.0014 362 442 374 457
bottle 0.0013 352 438 373 472
chair 0.0072 125 389 155 408
chair 0.0029 57 176 351 489
chair 0.0027 6 467 153 500
chair 0.0012 107 227 302 432
sofa 0.0015 0 471 157 499
tvmonitor 0.0017 125 388 155 408
