person 0.4360 178 181 197 209
person 0.0472 170 179 205 212
person 0.0377 28 128 373 285
person 0.0305 194 179 215 201
person 0.0234 171 180 188 208
person 0.0158 191 177 203 203
person 0.0128 180 179 189 194
person 0.0088 203 183 215 200
person 0.0070 252 151 268 177
person 0.0066 181 190 197 212
person 0.0030 471 187 474 191
person 0.0027 192 178 200 194
person 0.0020 182 179 194 191
person 0.0015 177 173 190 191
person 0.0014 277 149 294 171
person 0.0010 242 148 262 176
person 0.0010 243 149 277 188
person 0.0010 192 170 217 195
person 0.0010 110 133 400 238
person 0.0010 229 159 263 185
car 0.0012 471 187 474 191
aeroplane 0.6182 39 135 383 278
aeroplane 0.0319 170 179 205 212
aeroplane 0.0031 60 167 291 249
aeroplane 0.0028 297 138 386 271
aeroplane 0.0017 353 135 478 263
aeroplane 0.0010 339 142 412 252
aeroplane 0.0010 495 163 499 168
boat 0.0017 76 166 87 171
bird 0.0011 77 166 87 171
