person 0.0056 140 179 185 224
person 0.0054 450 101 469 132
person 0.0030 177 128 187 151
person 0.0026 127 123 202 166
person 0.0025 148 139 158 157
person 0.0024 136 140 147 157
person 0.0020 183 132 195 152
person 0.0019 140 126 174 161
person 0.0017 139 142 151 157
person 0.0016 172 132 191 152
person 0.0014 150 134 162 156
person 0.0013 188 135 197 152
person 0.0013 134 130 145 151
person 0.0011 284 239 364 331
person 0.0010 152 126 165 151
bicycle 0.0016 139 179 184 225
bicycle 0.0011 55 223 267 330
bird 0.0145 139 179 183 224
bird 0.0030 351 238 365 256
bird 0.0013 427 124 448 139
cat 0.0073 139 179 183 224
cat 0.0045 428 293 473 333
cat 0.0010 449 102 471 134
dog 0.0033 139 179 183 224
horse 0.0032 139 179 183 224
bottle 0.6534 450 100 469 133
bottle 0.0353 364 315 375 332
bottle 0.0054 478 121 499 133
bottle 0.0052 429 120 454 143
bottle 0.0036 461 103 474 134
bottle 0.0030 440 107 472 139
bottle 0.0026 444 115 468 142
bottle 0.0013 244 235 272 269
bottle 0.0013 251 252 265 268
bottle 0.0010 428 293 472 332
chair 0.8703 284 240 364 331
chair 0.1835 62 225 274 331
chair 0.0713 179 244 235 301
chair 0.0684 232 265 311 330
chair 0.0397 52 283 120 331
chair 0.0264 167 243 271 328
chair 0.0214 144 183 195 224
chair 0.0171 188 242 234 257
chair 0.0170 227 282 279 331
chair 0.0161 268 267 314 332
chair 0.0158 158 194 204 223
chair 0.0154 214 241 230 252
chair 0.0148 189 239 236 277
chair 0.0129 259 280 281 331
chair 0.0128 71 316 86 332
chair 0.0128 240 231 276 269
chair 0.0111 196 262 287 333
chair 0.0096 305 240 364 291
chair 0.0090 60 313 95 333
chair 0.0089 218 260 367 326
chair 0.0058 153 199 211 247
chair 0.0047 59 306 115 333
chair 0.0046 45 293 100 334
chair 0.0037 190 232 233 263
chair 0.0035 250 254 267 269
chair 0.0033 458 317 500 332
chair 0.0032 0 320 28 332
chair 0.0032 52 289 75 332
chair 0.0030 436 310 500 332
chair 0.0029 136 176 198 256
chair 0.0028 154 225 240 300
chair 0.0027 237 255 254 270
chair 0.0026 210 240 237 254
chair 0.0024 264 290 289 333
chair 0.0024 183 221 227 258
chair 0.0023 286 311 354 333
chair 0.0023 284 278 352 332
chair 0.0023 161 207 207 223
chair 0.0022 203 243 236 267
chair 0.0022 188 233 283 288
chair 0.0021 205 294 271 332
chair 0.0021 228 262 266 310
chair 0.0021 263 292 277 330
chair 0.0021 0 310 30 331
chair 0.0020 58 267 123 310
chair 0.0020 207 241 264 277
chair 0.0020 217 247 272 327
chair 0.0017 54 309 72 332
chair 0.0017 52 252 159 322
chair 0.0016 286 275 313 327
chair 0.0015 91 201 250 297
chair 0.0015 81 267 111 300
chair 0.0015 221 247 235 292
chair 0.0015 478 121 500 134
chair 0.0015 326 239 364 322
chair 0.0014 350 269 431 333
chair 0.0014 -1 288 92 333
chair 0.0013 164 204 190 223
chair 0.0012 464 64 499 133
chair 0.0012 144 217 217 262
chair 0.0011 0 170 25 319
chair 0.0011 114 115 216 228
chair 0.0011 0 324 19 332
chair 0.0010 257 266 298 328
chair 0.0010 428 293 473 333
chair 0.0010 207 251 246 300
sofa 0.0391 61 225 274 332
sofa 0.0026 436 310 500 332
sofa 0.0024 283 238 363 331
sofa 0.0023 50 284 126 332
sofa 0.0022 229 263 315 330
sofa 0.0018 175 243 247 311
sofa 0.0012 460 64 501 134
sofa 0.0012 53 281 270 336
sofa 0.0012 240 231 276 269
pottedplant 0.7885 53 225 268 332
pottedplant 0.4763 429 294 474 331
pottedplant 0.3205 242 232 275 268
pottedplant 0.0621 249 252 268 269
pottedplant 0.0545 436 309 499 331
pottedplant 0.0448 417 295 508 334
pottedplant 0.0405 230 262 311 332
pottedplant 0.0189 428 122 454 142
pottedplant 0.0186 236 255 255 270
pottedplant 0.0178 430 305 458 332
pottedplant 0.0149 175 243 247 311
pottedplant 0.0107 141 180 187 224
pottedplant 0.0104 181 239 284 331
pottedplant 0.0078 447 293 470 327
pottedplant 0.0071 440 107 472 139
pottedplant 0.0063 222 241 271 272
pottedplant 0.0039 51 283 121 332
pottedplant 0.0032 81 0 103 38
pottedplant 0.0031 188 233 283 288
pottedplant 0.0030 236 230 297 281
pottedplant 0.0028 136 176 198 256
pottedplant 0.0028 207 220 317 307
pottedplant 0.0027 430 313 474 331
pottedplant 0.0027 450 101 469 132
pottedplant 0.0026 431 322 496 332
pottedplant 0.0025 435 291 496 326
pottedplant 0.0023 240 235 261 267
pottedplant 0.0023 445 322 474 332
pottedplant 0.0021 91 201 250 297
pottedplant 0.0020 220 281 275 332
pottedplant 0.0020 428 146 466 288
pottedplant 0.0019 259 250 278 266
pottedplant 0.0018 153 199 211 247
pottedplant 0.0018 114 115 216 228
pottedplant 0.0018 154 225 240 300
pottedplant 0.0017 452 323 467 332
pottedplant 0.0017 53 246 189 330
pottedplant 0.0016 427 126 447 137
pottedplant 0.0015 427 305 446 332
pottedplant 0.0014 129 217 230 275
pottedplant 0.0014 165 290 268 333
pottedplant 0.0013 157 309 257 334
pottedplant 0.0013 117 239 173 321
pottedplant 0.0013 80 138 242 339
pottedplant 0.0012 246 232 271 251
pottedplant 0.0011 212 299 266 333
pottedplant 0.0011 53 281 270 336
pottedplant 0.0011 124 257 266 332
pottedplant 0.0010 433 294 460 326
pottedplant 0.0010 149 194 169 225
pottedplant 0.0010 436 323 456 331
diningtable 0.2255 229 264 312 330
diningtable 0.0192 196 262 287 333
diningtable 0.0191 281 238 364 331
diningtable 0.0188 250 255 267 269
diningtable 0.0145 240 231 276 269
diningtable 0.0121 175 243 247 311
diningtable 0.0114 229 266 313 286
diningtable 0.0108 62 225 274 331
diningtable 0.0090 218 260 368 325
diningtable 0.0079 231 263 309 276
diningtable 0.0077 436 310 500 332
diningtable 0.0067 225 245 315 307
diningtable 0.0061 460 317 500 332
diningtable 0.0042 230 279 279 332
diningtable 0.0035 236 255 255 270
diningtable 0.0030 258 270 300 332
diningtable 0.0028 237 260 292 272
diningtable 0.0027 189 239 237 277
diningtable 0.0023 430 293 473 332
diningtable 0.0021 50 284 118 332
diningtable 0.0020 156 244 271 332
diningtable 0.0019 237 275 268 291
diningtable 0.0017 235 246 281 284
diningtable 0.0016 232 267 272 304
diningtable 0.0015 193 240 234 257
diningtable 0.0015 159 298 266 332
diningtable 0.0014 188 233 283 288
diningtable 0.0013 167 222 297 314
diningtable 0.0012 248 239 271 267
diningtable 0.0012 232 272 286 290
diningtable 0.0011 234 265 253 274
diningtable 0.0011 53 281 270 336
diningtable 0.0011 207 241 264 277
diningtable 0.0010 269 264 314 327
diningtable 0.0010 0 320 28 332
tvmonitor 0.1187 0 169 22 322
tvmonitor 0.0150 0 123 24 170
tvmonitor 0.0143 114 95 212 232
tvmonitor 0.0088 118 107 210 172
tvmonitor 0.0060 475 64 499 105
tvmonitor 0.0047 132 172 193 224
tvmonitor 0.0042 1 89 29 333
tvmonitor 0.0031 465 63 499 132
tvmonitor 0.0021 427 141 475 296
tvmonitor 0.0016 128 143 206 228
tvmonitor 0.0015 138 128 203 163
tvmonitor 0.0013 129 121 190 156
tvmonitor 0.0013 0 92 36 200
