person 0.6004 104 11 390 327
person 0.1288 0 179 131 324
person 0.1011 387 192 483 326
person 0.0121 26 138 98 229
person 0.0075 0 140 51 208
person 0.0049 12 138 203 323
person 0.0040 0 141 30 323
person 0.0034 35 138 80 210
person 0.0029 493 94 499 140
person 0.0024 3 151 365 327
person 0.0023 0 250 14 304
person 0.0022 43 109 234 247
person 0.0020 98 137 184 214
person 0.0017 0 141 76 233
person 0.0017 418 86 501 150
person 0.0015 35 138 148 223
person 0.0014 357 191 399 274
person 0.0011 388 115 500 311
bottle 0.0011 388 194 482 326
chair 0.1838 0 179 131 324
chair 0.1725 0 141 46 208
chair 0.1493 35 138 144 223
chair 0.1207 35 138 80 210
chair 0.0241 0 249 13 301
chair 0.0201 2 139 92 219
chair 0.0101 9 137 201 324
chair 0.0059 93 135 338 325
chair 0.0039 0 270 112 327
chair 0.0033 108 139 176 209
chair 0.0030 0 140 43 313
chair 0.0025 35 137 67 189
chair 0.0024 44 70 152 141
chair 0.0023 -2 13 358 334
chair 0.0022 46 140 136 191
chair 0.0018 183 146 312 313
chair 0.0017 0 141 41 178
chair 0.0016 87 193 129 236
chair 0.0016 74 184 141 239
chair 0.0014 491 232 500 265
chair 0.0013 304 242 373 328
chair 0.0013 154 63 187 123
chair 0.0013 388 189 484 326
chair 0.0013 83 188 134 312
chair 0.0012 223 181 291 261
chair 0.0012 -2 126 97 296
chair 0.0012 43 109 234 247
chair 0.0011 482 226 499 265
chair 0.0011 0 142 20 208
chair 0.0010 468 222 499 280
sofa 0.0139 0 179 131 324
sofa 0.0091 3 149 364 325
sofa 0.0065 34 139 147 218
sofa 0.0032 0 249 15 302
sofa 0.0029 0 141 45 208
sofa 0.0023 11 138 199 323
sofa 0.0017 63 11 393 327
diningtable 0.0019 0 179 131 324
diningtable 0.0015 35 138 144 223
diningtable 0.0011 0 249 13 301
diningtable 0.0010 35 138 80 210
tvmonitor 0.5455 46 69 152 140
tvmonitor 0.3456 49 9 143 74
tvmonitor 0.0618 154 63 187 123
tvmonitor 0.0149 70 72 123 120
tvmonitor 0.0115 101 69 152 130
tvmonitor 0.0075 46 75 99 135
tvmonitor 0.0060 33 139 148 224
tvmonitor 0.0039 39 3 151 137
tvmonitor 0.0022 151 1 243 43
tvmonitor 0.0020 0 141 45 208
tvmonitor 0.0015 387 140 495 327
tvmonitor 0.0011 420 86 499 150
