person 0.2549 2 -1 175 203
person 0.2169 -9 22 364 441
person 0.1374 177 0 336 140
person 0.1029 138 -2 355 330
person 0.0381 4 122 345 341
person 0.0314 -4 0 354 213
person 0.0232 0 4 237 320
person 0.0056 17 -1 171 108
person 0.0053 9 1 263 134
person 0.0051 4 75 171 164
person 0.0028 275 7 358 146
person 0.0027 77 2 166 96
person 0.0022 306 0 328 4
person 0.0010 2 18 136 439
person 0.0010 168 15 309 228
cat 0.0063 4 122 345 341
cat 0.0060 -9 22 364 441
dog 0.0649 -9 22 364 441
dog 0.0391 4 122 345 341
dog 0.0012 2 18 192 405
chair 0.0245 -4 -10 359 415
chair 0.0096 284 1 357 154
chair 0.0043 -4 282 358 499
chair 0.0035 4 122 345 341
chair 0.0016 287 0 307 15
chair 0.0014 148 15 212 97
chair 0.0014 175 0 331 141
chair 0.0014 303 0 328 4
chair 0.0011 83 9 214 99
sofa 0.3147 -4 -10 359 415
sofa 0.0760 0 2 349 182
sofa 0.0614 283 4 357 140
sofa 0.0528 -4 282 358 499
sofa 0.0306 4 122 345 341
sofa 0.0166 175 0 331 141
sofa 0.0113 155 0 356 325
sofa 0.0088 13 1 256 130
sofa 0.0073 2 14 193 409
sofa 0.0045 146 14 208 98
sofa 0.0034 0 1 148 119
sofa 0.0029 84 8 214 100
sofa 0.0029 97 0 342 98
sofa 0.0024 113 77 359 497
sofa 0.0020 1 -1 176 204
sofa 0.0013 5 193 356 423
sofa 0.0013 301 0 328 4
sofa 0.0012 4 41 284 275
sofa 0.0011 212 86 357 392
diningtable 0.0138 -4 282 358 499
diningtable 0.0029 2 410 362 498
