person 0.5860 411 169 418 185
person 0.2121 405 170 410 182
person 0.1898 307 242 314 262
person 0.1785 308 240 318 261
person 0.1493 404 180 410 201
person 0.1324 315 240 322 256
person 0.1002 305 239 314 258
person 0.0572 311 237 319 256
person 0.0506 309 249 314 262
person 0.0438 403 169 411 189
person 0.0398 411 196 422 205
person 0.0251 486 323 498 334
person 0.0251 371 211 378 225
person 0.0250 406 194 413 204
person 0.0226 315 241 328 259
person 0.0199 405 167 410 178
person 0.0196 491 281 499 294
person 0.0194 425 276 431 287
person 0.0179 383 300 395 318
person 0.0170 412 196 432 205
person 0.0165 375 161 402 181
person 0.0145 0 160 75 195
person 0.0142 493 145 499 155
person 0.0139 404 168 420 184
person 0.0129 302 239 310 253
person 0.0119 495 144 500 169
person 0.0117 409 194 450 208
person 0.0111 262 311 355 334
person 0.0111 426 278 432 290
person 0.0111 492 283 499 304
person 0.0104 123 194 129 209
person 0.0101 149 197 158 214
person 0.0100 288 236 297 250
person 0.0099 468 322 496 334
person 0.0095 419 276 427 286
person 0.0094 405 138 415 145
person 0.0093 368 208 380 225
person 0.0091 383 308 392 317
person 0.0087 304 234 315 249
person 0.0082 396 150 404 158
person 0.0080 394 180 403 189
person 0.0079 422 273 431 289
person 0.0076 417 131 427 136
person 0.0075 358 214 366 223
person 0.0068 121 187 126 206
person 0.0068 389 178 404 188
person 0.0068 152 200 162 215
person 0.0067 494 163 500 172
person 0.0061 283 235 295 249
person 0.0060 377 179 389 185
person 0.0059 424 131 430 136
person 0.0057 494 288 499 307
person 0.0055 381 136 390 140
person 0.0055 469 255 498 287
person 0.0054 465 257 480 281
person 0.0054 323 242 333 256
person 0.0054 440 274 450 293
person 0.0051 415 132 423 135
person 0.0051 279 236 290 248
person 0.0051 378 177 404 186
person 0.0049 124 198 128 208
person 0.0049 483 139 498 154
person 0.0048 408 178 418 197
person 0.0047 491 141 499 154
person 0.0046 488 225 500 256
person 0.0045 406 269 415 283
person 0.0044 409 150 423 163
person 0.0044 360 212 369 224
person 0.0044 404 194 409 203
person 0.0043 378 166 408 186
person 0.0041 381 215 399 228
person 0.0040 0 172 7 191
person 0.0038 310 231 317 243
person 0.0038 435 309 441 318
person 0.0037 270 232 285 246
person 0.0036 465 139 492 159
person 0.0035 489 275 499 292
person 0.0034 485 245 499 285
person 0.0033 148 201 154 212
person 0.0033 315 238 321 248
person 0.0032 443 277 451 292
person 0.0032 10 170 20 177
person 0.0031 484 145 497 156
person 0.0031 412 175 421 187
person 0.0029 328 242 344 261
person 0.0028 486 136 498 148
person 0.0028 373 219 381 228
person 0.0028 38 182 76 197
person 0.0027 377 168 385 183
person 0.0026 408 269 429 286
person 0.0026 433 171 444 186
person 0.0025 386 298 396 312
person 0.0025 304 231 313 241
person 0.0024 428 307 438 315
person 0.0024 359 218 366 230
person 0.0024 440 162 481 192
person 0.0023 491 145 500 163
person 0.0023 433 170 439 185
person 0.0023 401 181 416 204
person 0.0023 475 145 490 159
bicycle 0.1795 308 247 314 262
bicycle 0.1428 466 260 481 280
bicycle 0.1043 306 241 314 262
bicycle 0.0444 309 240 317 261
bicycle 0.0377 465 256 497 283
bicycle 0.0280 303 241 311 258
bicycle 0.0221 316 241 323 257
bicycle 0.0175 411 169 418 186
bicycle 0.0154 384 306 395 317
bicycle 0.0131 270 237 278 246
bicycle 0.0127 285 236 296 249
bicycle 0.0125 411 196 423 205
bicycle 0.0113 304 239 321 261
bicycle 0.0107 313 239 321 256
bicycle 0.0096 272 235 285 247
bicycle 0.0096 270 232 281 245
bicycle 0.0096 149 200 159 214
bicycle 0.0086 271 233 292 248
bicycle 0.0079 279 236 290 248
bicycle 0.0075 381 298 397 318
bicycle 0.0073 404 180 410 201
bicycle 0.0067 411 196 433 206
bicycle 0.0050 490 281 499 294
bicycle 0.0043 351 289 369 308
bicycle 0.0040 404 169 411 188
bicycle 0.0037 309 254 313 263
bicycle 0.0037 403 176 410 190
bicycle 0.0031 384 304 402 319
bicycle 0.0031 155 203 162 215
bicycle 0.0031 287 243 293 250
bicycle 0.0030 485 253 496 285
bicycle 0.0029 405 170 410 182
bicycle 0.0025 461 252 480 266
bicycle 0.0024 461 234 499 276
bicycle 0.0024 260 303 356 333
bicycle 0.0023 385 298 396 312
bicycle 0.0023 352 290 383 311
bicycle 0.0022 302 250 313 262
bicycle 0.0021 316 246 326 260
bicycle 0.0020 492 283 499 304
bicycle 0.0020 442 273 452 292
bicycle 0.0019 410 195 449 207
bicycle 0.0019 324 243 336 259
bicycle 0.0019 365 293 393 316
bicycle 0.0019 344 290 363 307
bicycle 0.0016 486 324 498 334
bicycle 0.0015 406 194 413 204
bicycle 0.0015 329 247 338 259
bicycle 0.0015 323 248 333 259
bicycle 0.0014 265 262 290 280
bicycle 0.0013 302 235 310 248
bicycle 0.0012 479 260 498 289
bicycle 0.0012 493 163 500 171
bicycle 0.0012 304 234 315 250
bicycle 0.0012 425 276 431 287
bicycle 0.0012 426 278 432 290
bicycle 0.0012 338 296 347 304
bicycle 0.0011 419 276 427 286
bicycle 0.0010 408 178 418 197
bicycle 0.0010 370 294 438 323
bicycle 0.0010 247 251 257 260
car 0.7814 261 305 358 333
car 0.7229 414 194 448 209
car 0.6693 410 151 423 162
car 0.6636 40 181 78 197
car 0.5225 405 138 414 144
car 0.3312 380 135 390 140
car 0.3208 464 149 489 160
car 0.2726 463 140 490 160
car 0.2672 396 150 404 158
car 0.1385 493 145 499 155
car 0.1315 472 144 492 159
car 0.1208 477 152 488 159
car 0.1170 469 139 496 155
car 0.1024 435 157 479 192
car 0.0927 494 163 500 172
car 0.0717 367 149 377 159
car 0.0672 491 141 499 154
car 0.0652 449 143 486 161
car 0.0642 4 171 79 196
car 0.0621 483 139 498 154
car 0.0599 484 144 497 156
car 0.0595 468 321 487 333
car 0.0573 373 135 390 141
car 0.0561 465 259 493 282
car 0.0536 456 149 479 162
car 0.0450 51 179 77 193
car 0.0423 404 139 418 147
car 0.0370 495 144 500 169
car 0.0369 461 150 474 161
car 0.0289 465 257 480 281
car 0.0277 404 146 420 159
car 0.0241 371 135 386 139
car 0.0232 411 196 433 206
car 0.0207 486 136 498 148
car 0.0198 374 159 404 182
car 0.0196 386 122 395 127
car 0.0190 422 132 429 136
car 0.0189 367 150 387 160
car 0.0181 370 150 401 162
car 0.0178 491 145 500 163
car 0.0176 417 131 427 136
car 0.0170 457 226 499 255
car 0.0163 389 149 408 162
car 0.0156 432 195 452 209
car 0.0155 442 172 494 193
car 0.0152 367 135 376 141
car 0.0151 486 324 498 334
car 0.0146 415 132 423 135
car 0.0130 410 169 419 185
car 0.0114 475 138 496 149
car 0.0104 461 234 499 276
car 0.0101 367 133 375 139
car 0.0099 490 281 499 294
car 0.0094 461 252 480 266
car 0.0090 437 152 457 162
car 0.0082 488 228 500 256
car 0.0072 55 176 76 186
car 0.0070 374 159 401 171
car 0.0069 377 176 406 186
car 0.0064 444 153 487 176
car 0.0063 485 245 499 285
car 0.0063 403 136 416 145
car 0.0062 368 136 374 146
car 0.0060 482 151 497 159
car 0.0058 451 146 471 160
car 0.0058 491 157 499 171
car 0.0053 413 188 450 216
car 0.0050 447 149 458 159
car 0.0049 373 120 378 127
car 0.0047 458 173 478 191
car 0.0046 465 134 491 153
car 0.0043 459 177 496 199
car 0.0043 471 323 496 334
car 0.0040 457 152 489 169
car 0.0039 459 125 488 155
car 0.0038 452 171 473 192
car 0.0037 361 126 370 133
car 0.0037 427 132 434 137
car 0.0036 377 179 389 185
car 0.0036 404 168 409 182
car 0.0035 402 139 412 145
car 0.0035 446 158 494 184
car 0.0035 464 174 475 191
car 0.0034 432 136 489 160
car 0.0034 463 251 492 268
car 0.0032 378 121 394 127
car 0.0031 404 168 420 184
car 0.0031 364 151 374 159
car 0.0029 424 130 430 137
car 0.0029 458 138 474 158
car 0.0027 412 155 424 164
car 0.0027 404 135 414 140
car 0.0026 453 165 484 191
car 0.0026 477 179 492 199
car 0.0024 424 196 462 210
car 0.0024 463 154 482 167
car 0.0022 407 143 424 177
car 0.0022 411 196 469 224
car 0.0021 434 152 462 181
car 0.0020 451 139 494 173
motorbike 0.0357 466 259 492 282
motorbike 0.0124 465 257 480 281
motorbike 0.0068 411 169 418 186
motorbike 0.0061 384 306 395 317
motorbike 0.0032 486 324 498 334
motorbike 0.0029 494 163 500 172
motorbike 0.0027 485 253 496 285
motorbike 0.0027 308 247 314 262
motorbike 0.0021 396 150 404 158
motorbike 0.0020 381 298 397 318
motorbike 0.0017 381 136 390 140
motorbike 0.0016 306 241 314 262
motorbike 0.0016 491 281 499 294
motorbike 0.0016 405 170 410 182
motorbike 0.0014 405 138 415 145
motorbike 0.0012 266 303 359 329
motorbike 0.0012 409 150 423 163
motorbike 0.0011 385 298 396 312
motorbike 0.0010 492 283 499 304
motorbike 0.0010 493 145 499 155
motorbike 0.0010 468 322 486 333
motorbike 0.0010 411 196 422 205
bus 0.7764 0 162 74 194
bus 0.6336 434 156 476 192
bus 0.2078 375 161 403 182
bus 0.1323 461 139 491 160
bus 0.1237 232 187 475 287
bus 0.1138 40 180 77 197
bus 0.0510 261 304 359 333
bus 0.0233 469 139 496 155
bus 0.0205 409 151 423 162
bus 0.0185 449 143 486 161
bus 0.0133 1 178 78 197
bus 0.0112 463 126 481 154
bus 0.0111 372 158 402 173
bus 0.0103 378 166 408 186
bus 0.0103 486 136 498 148
bus 0.0102 455 224 499 253
bus 0.0081 457 121 491 161
bus 0.0074 51 179 77 193
bus 0.0070 377 176 406 186
bus 0.0067 55 175 76 186
bus 0.0064 411 193 450 212
bus 0.0062 482 137 499 152
bus 0.0061 464 255 498 285
bus 0.0060 468 124 479 138
bus 0.0058 491 140 499 154
bus 0.0056 437 131 490 163
bus 0.0054 465 134 491 153
bus 0.0051 34 174 78 194
bus 0.0044 488 226 499 259
bus 0.0044 394 150 404 160
bus 0.0044 461 234 499 276
bus 0.0042 451 139 494 173
bus 0.0040 405 138 415 145
bus 0.0037 475 138 496 149
bus 0.0036 370 150 401 162
bus 0.0034 472 144 492 159
bus 0.0034 434 152 462 181
bus 0.0034 364 150 384 161
bus 0.0031 493 145 499 155
bus 0.0029 319 203 466 285
bus 0.0028 409 168 418 184
bus 0.0026 461 144 473 160
bus 0.0025 383 164 403 178
bus 0.0025 437 121 484 153
bus 0.0025 461 149 488 162
bus 0.0025 473 127 491 138
bus 0.0023 368 160 392 181
bus 0.0023 389 149 408 162
bus 0.0021 366 210 389 227
bus 0.0020 443 148 462 160
bus 0.0019 345 165 441 241
bus 0.0019 369 150 422 183
bus 0.0019 433 152 497 221
bus 0.0018 385 121 396 127
bus 0.0018 380 135 390 140
bus 0.0017 367 150 378 159
bus 0.0016 482 132 497 142
bus 0.0016 437 151 457 162
bus 0.0015 349 160 403 180
bus 0.0015 376 167 387 183
bus 0.0015 434 171 445 186
bus 0.0014 411 196 469 224
bus 0.0014 442 150 478 162
bus 0.0013 469 114 479 134
bus 0.0013 302 160 471 270
bus 0.0013 446 158 494 184
bus 0.0013 422 217 497 253
bus 0.0013 434 161 458 189
bus 0.0013 436 145 461 161
bus 0.0013 445 166 473 192
bus 0.0012 3 158 74 180
bus 0.0012 473 133 499 160
bus 0.0011 442 172 494 193
bus 0.0011 375 185 408 231
bus 0.0011 457 173 499 233
bus 0.0011 373 154 416 205
bus 0.0011 441 139 466 156
bus 0.0010 376 213 404 231
bus 0.0010 377 178 392 186
bus 0.0010 433 159 447 183
train 0.0504 232 188 474 286
train 0.0154 0 162 74 194
train 0.0096 261 305 359 333
train 0.0045 434 158 477 193
train 0.0022 374 161 403 182
boat 0.0135 260 304 356 332
boat 0.0012 0 162 74 194
boat 0.0011 374 160 404 184
boat 0.0011 240 189 476 286
boat 0.0010 410 151 423 162
chair 0.0336 271 232 286 246
chair 0.0304 278 234 289 247
chair 0.0173 285 235 296 248
chair 0.0043 321 243 334 258
chair 0.0032 328 243 337 259
chair 0.0018 316 241 323 257
chair 0.0015 268 230 279 243
chair 0.0014 258 233 273 243
chair 0.0012 332 243 346 260
chair 0.0010 383 308 392 317
chair 0.0010 382 300 393 317
pottedplant 0.0042 4 140 16 159
pottedplant 0.0011 0 162 74 194
pottedplant 0.0010 384 306 395 317
pottedplant 0.0010 494 163 500 172
pottedplant 0.0010 285 235 296 248
diningtable 0.0015 271 232 286 246
diningtable 0.0015 285 235 296 248
diningtable 0.0012 279 236 290 248
tvmonitor 0.0010 260 304 356 332
