person 0.3414 373 119 397 138
person 0.1880 64 67 77 97
person 0.1420 437 79 470 113
person 0.1348 438 83 458 111
person 0.1145 56 64 109 100
person 0.0867 298 103 461 172
person 0.0840 109 69 132 87
person 0.0763 252 92 493 215
person 0.0705 67 67 76 86
person 0.0519 69 66 83 96
person 0.0371 173 78 196 96
person 0.0273 184 72 194 82
person 0.0269 181 71 190 82
person 0.0260 174 76 186 95
person 0.0258 174 75 183 88
person 0.0256 442 81 459 93
person 0.0255 173 75 225 95
person 0.0253 176 74 191 84
person 0.0223 210 109 230 125
person 0.0220 0 66 13 89
person 0.0210 182 106 198 123
person 0.0192 43 72 68 95
person 0.0174 122 76 133 87
person 0.0169 116 66 130 85
person 0.0166 48 75 59 92
person 0.0164 239 75 257 88
person 0.0163 220 111 237 125
person 0.0162 231 74 250 89
person 0.0151 444 71 499 116
person 0.0149 109 77 123 86
person 0.0144 117 67 127 78
person 0.0140 176 74 183 83
person 0.0140 354 120 393 138
person 0.0138 240 73 251 82
person 0.0135 62 67 139 94
person 0.0128 2 99 22 116
person 0.0120 129 77 139 87
person 0.0119 131 98 147 116
person 0.0118 2 92 61 118
person 0.0117 222 74 243 89
person 0.0115 123 92 152 116
person 0.0111 61 66 92 83
person 0.0105 70 67 80 81
person 0.0097 51 75 63 96
person 0.0089 437 84 452 101
person 0.0086 224 115 241 125
person 0.0081 374 72 433 93
person 0.0081 381 121 401 141
person 0.0079 190 72 204 80
person 0.0077 197 74 249 90
person 0.0077 426 81 438 95
person 0.0073 72 66 93 96
person 0.0071 198 109 226 124
person 0.0070 18 97 57 113
person 0.0068 57 70 82 99
person 0.0065 232 73 248 81
person 0.0064 97 70 176 94
person 0.0063 245 74 258 82
person 0.0060 144 75 181 92
person 0.0060 177 69 213 89
person 0.0059 63 85 174 112
person 0.0059 208 108 225 120
person 0.0058 131 76 144 86
person 0.0058 317 74 337 89
person 0.0056 400 72 416 81
person 0.0055 420 81 434 94
person 0.0054 27 68 89 98
person 0.0054 123 76 145 87
person 0.0053 337 74 358 90
person 0.0052 175 70 194 90
person 0.0050 160 74 179 86
person 0.0049 165 75 182 94
person 0.0048 430 80 461 106
person 0.0047 191 73 203 84
person 0.0045 315 74 352 91
person 0.0045 397 72 418 86
person 0.0043 88 61 155 90
person 0.0043 321 74 334 82
person 0.0041 56 73 169 105
person 0.0041 336 109 361 134
person 0.0041 0 90 62 146
person 0.0041 434 80 449 95
person 0.0040 332 110 351 133
person 0.0040 118 88 168 114
person 0.0038 371 83 385 93
person 0.0038 353 77 377 94
person 0.0037 121 98 132 116
person 0.0036 381 78 445 96
person 0.0035 112 97 143 116
person 0.0035 137 100 149 116
person 0.0034 91 91 156 112
person 0.0034 396 74 411 89
person 0.0034 0 100 10 114
person 0.0033 31 99 47 111
person 0.0033 407 72 418 80
person 0.0032 37 98 49 112
person 0.0031 225 75 261 90
person 0.0031 183 66 189 75
person 0.0031 79 77 140 88
person 0.0030 372 81 406 95
bicycle 0.0024 439 87 456 115
bicycle 0.0012 101 70 135 87
car 0.9184 255 90 492 213
car 0.7908 0 90 62 149
car 0.7364 7 86 179 171
car 0.6921 92 91 313 193
car 0.4999 280 74 355 109
car 0.3709 353 77 375 94
car 0.3610 442 71 494 116
car 0.3589 337 75 375 93
car 0.3068 371 78 437 96
car 0.2907 187 74 241 92
car 0.2767 482 85 500 117
car 0.2511 337 74 357 90
car 0.2416 54 63 115 101
car 0.2384 242 75 298 94
car 0.2228 240 75 335 107
car 0.1603 281 72 324 88
car 0.1573 138 76 179 92
car 0.1376 309 75 355 97
car 0.1355 22 78 56 92
car 0.1115 0 66 13 88
car 0.1001 37 65 144 126
car 0.0986 298 103 461 172
car 0.0918 151 74 177 86
car 0.0856 174 76 224 94
car 0.0842 0 84 57 99
car 0.0669 359 81 401 94
car 0.0650 204 74 250 89
car 0.0586 245 75 286 88
car 0.0576 316 74 340 89
car 0.0545 173 78 196 96
car 0.0543 367 117 400 142
car 0.0525 0 88 56 108
car 0.0513 438 78 469 113
car 0.0500 62 67 139 94
car 0.0500 276 73 323 100
car 0.0447 225 75 261 90
car 0.0445 56 73 169 105
car 0.0437 63 85 174 112
car 0.0414 107 70 135 87
car 0.0400 11 82 51 91
car 0.0393 222 74 244 89
car 0.0343 195 74 223 90
car 0.0336 2 92 61 118
car 0.0324 182 77 277 93
car 0.0308 48 75 59 93
car 0.0307 242 76 261 87
car 0.0306 328 76 354 91
car 0.0302 82 73 139 88
car 0.0301 373 82 395 94
car 0.0285 238 77 257 89
car 0.0278 253 74 314 89
car 0.0271 57 65 88 99
car 0.0267 371 82 386 93
car 0.0256 34 74 57 91
car 0.0252 191 72 227 84
car 0.0237 1 70 55 95
car 0.0236 40 72 71 95
car 0.0219 356 77 379 88
car 0.0209 97 70 176 94
car 0.0205 230 79 249 90
car 0.0194 160 75 186 95
car 0.0184 192 68 249 86
car 0.0183 180 79 246 97
car 0.0174 51 75 63 96
car 0.0167 287 70 327 81
car 0.0159 176 72 219 88
car 0.0159 486 81 500 103
car 0.0159 273 84 323 107
car 0.0157 20 82 41 89
car 0.0156 438 83 458 111
car 0.0145 122 74 174 88
car 0.0136 465 91 499 118
car 0.0129 420 81 435 94
car 0.0127 207 72 248 83
car 0.0126 264 75 289 88
car 0.0121 321 74 334 82
car 0.0121 125 76 150 87
car 0.0117 380 72 430 91
car 0.0117 254 76 277 86
car 0.0116 60 70 77 99
car 0.0116 11 78 42 89
car 0.0115 103 77 128 87
car 0.0114 224 72 245 82
car 0.0114 58 80 147 100
car 0.0112 488 82 500 92
car 0.0110 139 71 178 85
car 0.0109 224 81 298 96
car 0.0108 135 71 182 100
car 0.0097 0 66 28 89
car 0.0090 176 74 191 85
car 0.0087 192 73 214 81
car 0.0082 174 76 186 95
car 0.0080 27 68 89 98
car 0.0080 375 82 420 95
car 0.0078 131 76 144 86
car 0.0078 247 77 272 89
car 0.0077 196 69 231 80
car 0.0074 359 82 379 95
car 0.0073 307 80 355 111
car 0.0073 210 76 235 87
motorbike 0.0067 437 79 470 113
motorbike 0.0060 439 88 456 115
motorbike 0.0050 230 79 249 90
motorbike 0.0046 101 70 135 87
motorbike 0.0036 239 75 257 88
motorbike 0.0035 225 75 261 90
motorbike 0.0031 55 67 144 94
motorbike 0.0026 173 78 196 96
motorbike 0.0025 444 71 499 116
motorbike 0.0024 196 74 251 90
motorbike 0.0024 173 75 225 95
motorbike 0.0020 252 93 492 215
motorbike 0.0020 56 64 109 100
motorbike 0.0018 236 76 291 91
motorbike 0.0018 111 76 132 87
motorbike 0.0018 4 91 68 148
motorbike 0.0015 369 79 427 96
motorbike 0.0012 438 82 458 105
motorbike 0.0012 0 66 13 89
aeroplane 0.0034 447 36 500 86
bus 0.0712 0 66 13 89
bus 0.0289 444 70 498 116
bus 0.0142 55 63 127 101
bus 0.0136 371 77 433 96
bus 0.0132 446 36 500 96
bus 0.0124 -1 66 28 90
bus 0.0083 16 79 55 92
bus 0.0048 190 73 243 91
bus 0.0030 1 70 55 95
bus 0.0030 11 78 42 89
bus 0.0027 11 72 171 170
bus 0.0023 483 86 500 118
bus 0.0021 175 76 237 94
bus 0.0021 37 65 144 126
bus 0.0020 192 68 249 86
bus 0.0019 252 93 492 215
bus 0.0019 387 71 429 87
bus 0.0019 57 65 91 99
bus 0.0017 0 75 17 91
bus 0.0017 2 85 59 105
bus 0.0017 337 74 358 90
bus 0.0015 279 73 354 110
bus 0.0015 25 74 58 91
bus 0.0014 21 82 49 91
bus 0.0013 82 73 139 88
bus 0.0012 0 90 62 146
bus 0.0011 437 77 474 113
bus 0.0010 64 66 78 98
bus 0.0010 127 75 177 91
bus 0.0010 8 73 33 89
train 0.0031 446 36 499 88
train 0.0013 0 66 12 89
boat 0.0021 2 92 65 151
boat 0.0020 256 85 489 212
cat 0.0011 373 119 397 138
dog 0.0141 373 119 397 138
dog 0.0055 438 84 456 113
dog 0.0013 144 232 174 257
horse 0.0062 438 84 456 113
horse 0.0016 438 78 469 113
sheep 0.0011 438 83 458 111
cow 0.0054 438 84 456 113
cow 0.0023 438 78 469 113
bottle 0.0012 145 236 173 256
chair 0.9127 163 183 254 266
chair 0.0032 146 229 175 258
chair 0.0028 141 224 217 262
chair 0.0027 174 82 194 95
chair 0.0026 169 186 215 268
chair 0.0020 177 189 253 233
chair 0.0020 173 79 215 95
chair 0.0019 204 191 255 257
chair 0.0012 171 222 212 267
sofa 0.0040 252 93 492 215
sofa 0.0015 164 183 252 267
sofa 0.0010 6 87 178 172
diningtable 0.0036 163 184 252 267
tvmonitor 0.0031 252 93 492 215
