person 0.8262 57 352 124 444
person 0.1674 33 429 148 463
person 0.1200 86 401 124 444
person 0.0617 322 352 329 361
person 0.0123 66 390 124 440
person 0.0120 40 358 47 363
person 0.0066 79 425 134 454
person 0.0039 58 355 95 435
person 0.0022 63 360 68 365
person 0.0020 320 351 328 360
person 0.0019 91 389 121 417
person 0.0019 96 413 126 444
person 0.0018 93 384 126 435
person 0.0017 287 413 304 420
person 0.0013 85 360 134 434
person 0.0010 94 401 120 420
aeroplane 0.0038 3 97 18 103
aeroplane 0.0036 257 166 277 175
aeroplane 0.0020 97 134 118 141
aeroplane 0.0012 82 -7 278 452
bus 0.0018 82 -7 278 452
boat 0.5809 32 432 144 463
boat 0.3381 82 -6 278 452
boat 0.0685 63 360 68 365
boat 0.0351 78 439 145 462
boat 0.0259 40 358 47 363
boat 0.0194 19 359 28 364
boat 0.0067 56 353 124 443
boat 0.0066 256 164 279 176
boat 0.0062 36 357 47 364
boat 0.0061 23 359 38 364
boat 0.0052 4 359 19 364
boat 0.0040 79 425 134 454
boat 0.0038 15 359 29 364
boat 0.0038 0 358 10 363
boat 0.0036 -24 -26 231 487
boat 0.0035 10 426 302 468
boat 0.0032 41 358 50 364
boat 0.0029 32 433 91 462
boat 0.0027 322 352 329 361
boat 0.0024 84 407 123 443
boat 0.0023 5 146 305 469
boat 0.0018 47 359 63 364
boat 0.0015 36 336 313 449
boat 0.0014 28 395 146 471
boat 0.0013 76 310 103 333
boat 0.0013 114 -8 254 305
bird 0.1159 3 97 18 103
bird 0.0526 287 94 292 98
bird 0.0126 63 360 68 365
bird 0.0104 3 96 19 107
bird 0.0088 97 134 118 141
bird 0.0046 286 93 294 98
bird 0.0026 287 94 292 100
bird 0.0018 40 358 47 363
bird 0.0015 257 166 278 175
bird 0.0015 296 78 302 84
dog 0.0066 85 406 123 443
dog 0.0019 44 431 142 464
tvmonitor 0.0017 31 432 143 463
