person 0.8716 350 129 429 281
person 0.8674 283 230 411 371
person 0.8643 197 287 318 373
person 0.8451 69 83 215 315
person 0.8079 56 119 97 175
person 0.7959 10 129 52 184
person 0.7953 436 110 491 178
person 0.6764 0 143 39 373
person 0.6477 278 196 373 296
person 0.2232 318 197 394 312
person 0.1140 10 134 63 272
person 0.0697 2 137 82 376
person 0.0607 319 196 364 241
person 0.0570 489 162 500 178
person 0.0281 276 246 315 291
person 0.0277 57 133 81 173
person 0.0267 0 145 29 291
person 0.0261 457 131 497 179
person 0.0257 8 174 130 309
person 0.0239 135 109 215 304
person 0.0221 0 144 7 168
person 0.0207 462 178 484 191
person 0.0203 426 133 494 202
person 0.0194 0 298 32 373
person 0.0187 485 163 500 185
person 0.0180 23 166 111 211
person 0.0162 0 142 10 178
person 0.0152 1 282 50 371
person 0.0151 46 157 56 187
person 0.0134 14 166 123 248
person 0.0125 481 157 500 180
person 0.0124 244 288 380 372
person 0.0122 320 166 426 326
person 0.0103 466 132 488 175
person 0.0099 387 219 498 276
person 0.0096 436 112 463 177
person 0.0095 486 345 500 375
person 0.0084 460 165 495 201
person 0.0083 12 166 37 211
person 0.0080 493 272 500 286
person 0.0078 95 84 139 149
person 0.0078 62 99 157 266
person 0.0075 481 200 489 219
person 0.0073 13 183 36 202
person 0.0067 173 124 219 284
person 0.0066 398 155 440 184
person 0.0066 480 255 500 286
person 0.0063 479 227 499 287
person 0.0063 478 131 499 173
person 0.0060 82 129 97 164
person 0.0059 33 150 48 182
person 0.0058 386 206 435 238
person 0.0057 483 179 499 192
person 0.0057 383 292 410 318
person 0.0057 21 168 31 184
person 0.0056 1 225 62 340
person 0.0051 4 127 29 179
person 0.0048 10 263 99 367
person 0.0048 485 218 499 236
person 0.0048 0 338 11 374
person 0.0047 299 199 466 359
person 0.0045 86 284 352 373
person 0.0044 34 136 52 171
person 0.0043 0 142 15 189
person 0.0043 277 224 369 339
person 0.0042 0 231 32 366
person 0.0042 34 143 122 224
person 0.0041 464 218 500 283
person 0.0040 487 264 500 289
person 0.0039 39 150 52 175
person 0.0038 448 139 489 193
person 0.0037 436 244 495 280
person 0.0037 79 133 136 254
person 0.0036 34 98 142 205
person 0.0036 59 115 118 193
person 0.0035 11 148 39 186
person 0.0033 447 179 494 218
person 0.0033 368 136 448 213
person 0.0033 0 143 5 158
person 0.0033 316 324 345 373
person 0.0032 60 137 94 186
person 0.0031 488 145 499 178
person 0.0029 418 259 430 279
person 0.0029 1 121 21 268
person 0.0028 443 140 481 176
person 0.0028 185 159 208 233
person 0.0027 50 154 61 175
person 0.0027 486 217 500 259
person 0.0026 11 112 110 200
person 0.0025 15 277 66 365
person 0.0025 477 198 487 219
person 0.0025 494 291 499 310
person 0.0024 482 173 499 210
person 0.0024 377 284 400 326
person 0.0023 93 95 125 161
person 0.0022 7 182 73 303
person 0.0022 29 161 51 210
person 0.0022 105 177 127 188
person 0.0022 26 149 42 176
person 0.0022 472 253 499 300
boat 0.0015 487 219 499 236
boat 0.0014 483 182 500 191
boat 0.0011 369 259 503 364
bottle 0.6551 47 158 56 186
bottle 0.3706 418 259 431 278
bottle 0.3351 22 169 30 185
bottle 0.2896 467 197 477 218
bottle 0.2210 479 200 488 219
bottle 0.2185 473 197 482 218
bottle 0.2099 456 191 467 214
bottle 0.1466 433 175 444 191
bottle 0.0966 39 171 46 188
bottle 0.0908 454 177 467 209
bottle 0.0827 487 345 500 374
bottle 0.0818 11 130 50 187
bottle 0.0583 29 170 37 186
bottle 0.0526 457 198 470 217
bottle 0.0462 456 176 480 199
bottle 0.0457 435 267 444 280
bottle 0.0391 41 171 50 188
bottle 0.0367 444 264 454 280
bottle 0.0330 47 170 55 187
bottle 0.0267 36 163 46 185
bottle 0.0264 413 256 437 287
bottle 0.0249 457 189 482 218
bottle 0.0237 450 177 460 199
bottle 0.0231 16 175 27 185
bottle 0.0228 30 174 40 187
bottle 0.0225 50 165 57 188
bottle 0.0222 466 189 478 209
bottle 0.0205 446 184 474 219
bottle 0.0194 50 154 61 175
bottle 0.0175 58 146 81 178
bottle 0.0163 451 177 484 213
bottle 0.0154 436 263 458 278
bottle 0.0153 451 176 467 195
bottle 0.0152 430 266 441 280
bottle 0.0151 465 197 486 219
bottle 0.0150 15 159 36 184
bottle 0.0140 432 272 441 279
bottle 0.0137 413 267 479 308
bottle 0.0111 113 167 123 180
bottle 0.0106 455 179 470 200
bottle 0.0103 77 158 86 173
bottle 0.0102 15 178 23 185
bottle 0.0092 437 110 493 180
bottle 0.0084 420 257 430 272
bottle 0.0083 410 253 444 272
bottle 0.0081 436 165 444 186
bottle 0.0081 13 183 36 202
bottle 0.0081 247 143 258 164
bottle 0.0078 481 202 491 221
bottle 0.0077 114 164 127 180
bottle 0.0070 428 343 456 374
bottle 0.0069 40 151 52 174
bottle 0.0068 56 120 96 176
bottle 0.0066 47 157 54 172
bottle 0.0060 108 178 126 189
bottle 0.0060 461 176 484 191
bottle 0.0060 431 187 444 206
bottle 0.0056 33 150 47 181
bottle 0.0055 40 161 57 190
bottle 0.0053 438 144 451 174
bottle 0.0053 440 260 469 280
bottle 0.0052 462 177 491 200
bottle 0.0047 450 191 495 234
bottle 0.0045 474 197 491 220
bottle 0.0043 51 157 57 178
bottle 0.0043 485 218 499 237
bottle 0.0041 445 260 456 276
bottle 0.0041 448 200 457 211
bottle 0.0040 469 192 483 208
bottle 0.0039 464 206 474 218
bottle 0.0038 454 158 469 174
bottle 0.0038 29 161 51 210
bottle 0.0036 66 170 77 179
bottle 0.0036 38 175 101 201
bottle 0.0036 9 183 17 202
bottle 0.0035 444 184 456 205
bottle 0.0034 240 145 254 167
bottle 0.0034 18 165 42 195
bottle 0.0033 454 207 465 217
bottle 0.0032 462 293 489 321
bottle 0.0030 413 262 430 302
bottle 0.0030 494 291 499 310
bottle 0.0029 392 248 472 278
bottle 0.0029 212 156 244 180
bottle 0.0028 411 168 466 213
bottle 0.0027 63 174 90 195
bottle 0.0026 87 146 96 160
bottle 0.0025 74 162 85 177
bottle 0.0025 5 147 57 232
bottle 0.0024 414 260 475 281
bottle 0.0024 78 152 89 169
bottle 0.0023 439 255 483 277
bottle 0.0023 379 235 488 282
bottle 0.0021 490 163 500 177
bottle 0.0021 248 143 257 155
bottle 0.0021 442 150 478 181
bottle 0.0021 481 195 496 210
bottle 0.0020 450 133 491 179
bottle 0.0020 489 199 499 218
bottle 0.0019 394 169 499 241
chair 0.5459 15 265 101 370
chair 0.5032 100 228 150 310
chair 0.4565 107 284 228 373
chair 0.4186 15 277 66 365
chair 0.1351 462 293 489 321
chair 0.0854 277 250 308 293
chair 0.0851 317 323 346 374
chair 0.0837 411 277 480 311
chair 0.0432 1 284 47 370
chair 0.0363 0 150 50 371
chair 0.0308 278 196 367 294
chair 0.0307 399 155 441 181
chair 0.0282 6 171 112 369
chair 0.0263 6 263 78 330
chair 0.0214 287 274 307 289
chair 0.0212 489 162 500 178
chair 0.0204 409 309 451 337
chair 0.0196 284 281 307 300
chair 0.0180 14 284 67 321
chair 0.0162 281 232 408 373
chair 0.0162 97 222 203 308
chair 0.0146 188 165 351 266
chair 0.0145 403 171 437 189
chair 0.0136 389 221 497 303
chair 0.0110 281 284 314 311
chair 0.0107 15 174 132 276
chair 0.0104 322 323 368 373
chair 0.0099 236 289 389 373
chair 0.0098 437 110 493 180
chair 0.0098 280 261 308 309
chair 0.0097 395 153 465 187
chair 0.0095 494 272 500 286
chair 0.0091 72 221 167 315
chair 0.0090 1 225 62 340
chair 0.0089 68 93 214 314
chair 0.0075 96 207 139 252
chair 0.0074 24 187 153 321
chair 0.0072 418 260 431 282
chair 0.0071 84 190 135 243
chair 0.0068 485 149 500 177
chair 0.0068 465 131 490 176
chair 0.0066 45 240 181 367
chair 0.0066 197 188 236 252
chair 0.0065 20 304 52 361
chair 0.0063 485 163 500 185
chair 0.0061 213 157 243 179
chair 0.0060 0 304 31 374
chair 0.0056 210 197 326 253
chair 0.0053 196 287 321 374
chair 0.0052 485 270 499 286
chair 0.0050 128 349 210 374
chair 0.0050 469 135 485 158
chair 0.0048 229 204 305 244
chair 0.0046 478 252 499 287
chair 0.0045 375 262 491 357
chair 0.0045 11 141 58 271
chair 0.0044 12 129 52 186
chair 0.0043 15 205 93 334
chair 0.0041 47 157 56 187
chair 0.0041 490 290 500 313
chair 0.0040 0 136 30 271
chair 0.0038 328 342 378 373
chair 0.0038 329 321 347 365
chair 0.0038 462 178 484 191
chair 0.0037 13 183 36 201
chair 0.0036 99 226 140 256
chair 0.0035 474 137 488 170
chair 0.0034 478 131 499 173
chair 0.0034 396 208 502 253
chair 0.0034 188 174 216 236
chair 0.0033 409 263 500 334
chair 0.0033 460 165 495 201
chair 0.0032 373 142 444 219
chair 0.0032 465 245 499 289
chair 0.0032 433 175 443 192
chair 0.0032 132 214 199 283
chair 0.0031 56 212 100 267
chair 0.0031 184 181 298 255
chair 0.0031 443 253 487 280
chair 0.0030 337 180 355 199
chair 0.0029 432 261 504 304
chair 0.0028 491 264 500 285
chair 0.0027 0 231 32 366
chair 0.0027 86 284 352 373
chair 0.0027 351 130 429 280
chair 0.0027 202 182 219 197
chair 0.0026 494 291 499 310
chair 0.0026 312 299 354 373
chair 0.0026 6 257 76 300
chair 0.0025 135 109 215 304
chair 0.0025 432 150 496 204
chair 0.0025 286 286 348 373
chair 0.0024 485 219 500 237
chair 0.0024 341 170 365 199
chair 0.0024 338 163 364 186
chair 0.0024 411 150 449 175
chair 0.0023 484 182 500 191
chair 0.0023 392 248 472 278
chair 0.0023 282 281 319 333
chair 0.0023 1 279 56 315
sofa 0.0030 369 259 503 364
sofa 0.0025 462 293 489 321
sofa 0.0024 107 284 228 373
sofa 0.0016 399 150 440 183
sofa 0.0015 409 309 451 337
sofa 0.0014 434 111 486 177
pottedplant 0.0034 212 156 244 180
pottedplant 0.0029 247 143 257 164
diningtable 0.4333 388 172 497 267
diningtable 0.3002 13 174 131 276
diningtable 0.2967 388 218 495 270
diningtable 0.2555 199 157 357 257
diningtable 0.2170 366 273 506 381
diningtable 0.1311 410 311 450 337
diningtable 0.1133 427 342 456 375
diningtable 0.0678 31 178 108 206
diningtable 0.0573 403 213 497 246
diningtable 0.0562 351 130 429 280
diningtable 0.0536 408 199 434 209
diningtable 0.0455 30 170 122 218
diningtable 0.0422 10 135 62 271
diningtable 0.0404 396 308 470 342
diningtable 0.0361 384 295 413 317
diningtable 0.0354 395 153 465 187
diningtable 0.0335 6 168 114 369
diningtable 0.0286 203 153 344 205
diningtable 0.0281 298 166 354 188
diningtable 0.0272 458 293 488 324
diningtable 0.0256 432 150 496 204
diningtable 0.0241 454 178 468 213
diningtable 0.0233 446 184 474 219
diningtable 0.0221 384 153 498 221
diningtable 0.0212 68 93 214 314
diningtable 0.0205 56 121 98 190
diningtable 0.0200 46 182 93 195
diningtable 0.0200 392 248 472 278
diningtable 0.0198 10 129 52 185
diningtable 0.0187 379 235 488 282
diningtable 0.0171 421 218 488 240
diningtable 0.0169 432 175 444 191
diningtable 0.0166 290 237 469 367
diningtable 0.0165 409 290 497 374
diningtable 0.0160 412 183 476 235
diningtable 0.0153 0 145 44 373
diningtable 0.0152 485 218 499 236
diningtable 0.0150 14 181 44 199
diningtable 0.0143 348 280 457 354
diningtable 0.0142 241 161 308 176
diningtable 0.0139 17 138 118 228
diningtable 0.0130 105 283 227 373
diningtable 0.0130 397 247 500 312
diningtable 0.0126 414 260 475 281
diningtable 0.0119 321 195 364 238
diningtable 0.0116 105 177 127 188
diningtable 0.0116 44 189 87 205
diningtable 0.0115 398 215 436 231
diningtable 0.0110 411 168 466 213
diningtable 0.0105 430 198 479 231
diningtable 0.0103 451 176 470 195
diningtable 0.0100 489 162 500 176
diningtable 0.0097 464 200 480 218
diningtable 0.0096 34 190 106 209
diningtable 0.0090 402 206 452 235
diningtable 0.0090 213 157 243 179
diningtable 0.0087 438 210 455 217
diningtable 0.0086 407 266 484 309
diningtable 0.0086 399 150 440 183
diningtable 0.0085 456 191 467 214
diningtable 0.0084 53 182 78 194
diningtable 0.0084 418 259 432 279
diningtable 0.0081 447 179 494 218
diningtable 0.0081 277 196 363 293
diningtable 0.0078 216 187 303 251
diningtable 0.0078 23 265 101 372
diningtable 0.0076 22 105 143 246
diningtable 0.0072 479 199 491 219
diningtable 0.0071 21 168 31 184
diningtable 0.0068 363 181 501 313
diningtable 0.0065 483 179 499 192
diningtable 0.0063 194 141 468 265
diningtable 0.0063 52 195 77 205
diningtable 0.0062 450 191 495 234
diningtable 0.0061 281 130 464 222
diningtable 0.0059 438 171 484 205
diningtable 0.0058 410 249 499 286
diningtable 0.0057 452 206 465 217
diningtable 0.0056 205 149 417 217
diningtable 0.0055 409 323 453 342
diningtable 0.0055 47 159 56 187
diningtable 0.0054 57 173 97 196
diningtable 0.0053 29 161 51 210
diningtable 0.0052 435 213 485 233
diningtable 0.0048 41 171 50 188
diningtable 0.0048 461 176 484 191
diningtable 0.0048 222 149 350 185
diningtable 0.0047 485 163 500 185
diningtable 0.0046 29 170 37 186
diningtable 0.0046 58 180 75 191
diningtable 0.0044 101 227 152 310
diningtable 0.0044 15 277 66 365
diningtable 0.0044 358 238 489 326
diningtable 0.0043 460 165 495 201
diningtable 0.0043 87 174 128 198
diningtable 0.0041 79 133 136 254
diningtable 0.0041 240 160 315 203
diningtable 0.0041 1 133 34 281
diningtable 0.0040 30 174 40 187
diningtable 0.0039 277 248 309 292
tvmonitor 0.2255 163 75 244 153
tvmonitor 0.0109 242 75 325 158
tvmonitor 0.0022 316 75 341 101
tvmonitor 0.0020 212 156 244 180
tvmonitor 0.0019 158 75 320 153
tvmonitor 0.0014 54 119 93 176
