person 0.7579 12 13 479 363
person 0.4853 115 149 138 175
person 0.4524 76 146 94 172
person 0.3401 0 142 15 169
person 0.2900 96 148 115 173
person 0.2677 62 147 79 172
person 0.2359 26 150 45 170
person 0.1269 154 154 173 176
person 0.1130 34 151 51 170
person 0.1008 127 147 147 175
person 0.0770 147 148 179 176
person 0.0659 0 228 13 264
person 0.0503 32 258 50 275
person 0.0465 157 162 168 176
person 0.0403 70 151 89 172
person 0.0401 141 155 167 177
person 0.0394 0 242 12 272
person 0.0334 23 153 36 170
person 0.0317 87 146 105 172
person 0.0258 133 159 147 176
person 0.0257 17 150 31 169
person 0.0236 0 152 11 169
person 0.0235 13 144 48 169
person 0.0226 102 148 128 174
person 0.0223 38 256 55 275
person 0.0181 152 138 170 173
person 0.0158 114 146 131 170
person 0.0149 160 153 181 178
person 0.0136 32 243 57 275
person 0.0129 35 140 55 169
person 0.0128 132 143 159 177
person 0.0126 13 77 207 272
person 0.0123 25 248 46 274
person 0.0111 0 256 12 273
person 0.0109 5 152 28 170
person 0.0100 136 162 154 176
person 0.0099 148 161 167 178
person 0.0096 0 226 10 248
person 0.0093 98 157 117 174
person 0.0072 83 141 99 166
person 0.0070 42 148 56 170
person 0.0063 0 199 18 225
person 0.0061 26 142 43 163
person 0.0056 79 142 92 160
person 0.0056 40 154 62 171
person 0.0056 24 240 61 282
person 0.0054 20 210 45 233
person 0.0053 29 259 43 275
person 0.0051 43 246 60 275
person 0.0051 0 233 21 274
person 0.0048 122 138 142 163
person 0.0047 1 224 481 374
person 0.0047 13 224 51 271
person 0.0045 0 198 10 219
person 0.0045 64 140 80 162
person 0.0045 0 252 21 273
person 0.0044 0 130 15 155
person 0.0043 19 255 34 274
person 0.0042 38 234 65 274
person 0.0041 104 140 124 169
person 0.0040 131 134 150 166
person 0.0039 31 136 50 163
person 0.0038 152 136 166 161
person 0.0030 0 136 21 165
person 0.0030 1 229 39 271
person 0.0029 16 248 30 274
person 0.0029 112 138 128 163
person 0.0028 52 146 69 171
person 0.0028 47 260 59 276
person 0.0026 0 227 8 236
person 0.0026 47 209 271 372
person 0.0025 6 198 24 218
person 0.0024 99 137 118 164
person 0.0023 90 140 103 160
person 0.0023 143 138 165 171
person 0.0022 50 236 71 273
person 0.0022 51 97 228 215
person 0.0021 76 159 91 173
person 0.0020 43 139 60 164
person 0.0020 8 121 181 186
person 0.0019 154 132 184 178
person 0.0018 6 216 73 290
person 0.0018 152 136 163 151
person 0.0017 14 199 25 215
person 0.0016 0 200 29 233
person 0.0016 0 124 15 145
person 0.0015 65 160 79 172
person 0.0015 423 12 498 368
person 0.0014 93 139 109 162
person 0.0013 269 5 502 363
person 0.0013 0 204 85 351
person 0.0013 10 198 53 225
person 0.0012 68 138 83 158
person 0.0012 134 166 148 178
person 0.0011 131 128 148 147
person 0.0011 82 137 94 152
person 0.0011 126 132 141 150
person 0.0011 58 230 75 261
person 0.0011 0 158 14 175
person 0.0010 2 -3 504 200
car 0.0010 0 318 44 346
bus 0.0298 0 98 218 314
bus 0.0200 110 149 140 173
bus 0.0049 71 145 99 172
bus 0.0029 3 17 412 369
bus 0.0023 147 148 179 176
bottle 0.0011 164 6 484 366
