person 0.0059 0 1 77 122
person 0.0031 38 -3 479 360
person 0.0015 173 5 352 236
person 0.0013 227 87 333 204
person 0.0013 272 108 317 170
person 0.0011 0 0 53 43
bird 0.0175 0 2 80 130
bird 0.0048 23 0 488 356
bird 0.0025 0 211 43 264
bird 0.0024 173 5 352 236
bird 0.0021 0 -1 116 219
bird 0.0017 227 87 333 204
bird 0.0017 1 0 184 279
bird 0.0014 95 20 428 260
bird 0.0010 390 0 440 64
cat 0.0375 73 -1 440 242
cat 0.0232 173 5 352 236
cat 0.0130 227 87 333 204
cat 0.0055 0 0 76 112
cat 0.0033 187 0 503 311
cat 0.0024 0 4 97 246
cat 0.0014 272 108 317 170
dog 0.0029 0 0 76 112
dog 0.0023 73 -1 440 242
dog 0.0015 173 5 352 236
cow 0.0011 0 1 79 117
chair 0.0012 0 196 50 264
chair 0.0011 0 -8 237 292
sofa 0.0011 6 -5 483 357
pottedplant 0.0631 2 179 497 367
pottedplant 0.0498 281 -8 499 304
pottedplant 0.0468 23 0 488 356
pottedplant 0.0297 0 -4 271 301
pottedplant 0.0234 0 1 119 250
pottedplant 0.0211 137 -1 434 212
pottedplant 0.0110 171 57 386 239
pottedplant 0.0071 227 87 333 204
pottedplant 0.0056 0 7 84 151
pottedplant 0.0032 374 1 499 252
pottedplant 0.0031 209 0 363 172
pottedplant 0.0028 223 16 288 150
pottedplant 0.0021 66 17 353 261
pottedplant 0.0019 0 3 60 247
pottedplant 0.0017 296 123 490 271
pottedplant 0.0016 234 23 268 113
pottedplant 0.0013 0 85 90 264
pottedplant 0.0012 242 56 477 387
pottedplant 0.0010 234 80 265 111
diningtable 0.0046 -4 183 491 368
diningtable 0.0023 6 -5 483 357
tvmonitor 0.0022 39 -4 438 249
