person 0.0043 441 56 500 215
person 0.0031 283 0 499 70
person 0.0019 76 -4 497 332
person 0.0016 429 0 499 60
person 0.0012 105 -2 509 94
person 0.0011 452 163 500 211
car 0.0018 69 180 496 376
car 0.0010 119 0 182 25
cat 0.0258 451 168 499 213
cat 0.0112 445 93 499 210
cat 0.0030 105 6 498 277
cat 0.0014 474 175 499 212
dog 0.7063 84 5 491 282
dog 0.0660 452 163 500 211
dog 0.0483 448 95 499 211
dog 0.0069 72 18 293 276
dog 0.0036 474 175 499 212
dog 0.0015 401 93 499 206
dog 0.0013 104 -3 508 153
dog 0.0010 70 139 493 376
chair 0.0671 0 47 68 248
chair 0.0270 76 -4 497 332
chair 0.0132 76 12 196 250
chair 0.0065 1 93 43 235
chair 0.0059 63 4 316 268
chair 0.0054 69 180 496 376
chair 0.0039 0 153 28 183
chair 0.0037 0 126 30 206
chair 0.0031 287 0 498 69
chair 0.0025 0 37 28 230
chair 0.0022 -1 9 182 271
chair 0.0021 0 95 24 190
chair 0.0019 0 149 38 224
chair 0.0016 0 140 24 176
chair 0.0016 0 103 19 157
chair 0.0015 80 14 166 178
chair 0.0014 -11 10 349 379
chair 0.0014 118 0 180 27
chair 0.0012 39 0 432 153
sofa 0.2113 76 -4 497 332
sofa 0.0260 69 180 496 376
sofa 0.0131 288 0 498 69
sofa 0.0083 64 -4 502 166
sofa 0.0035 102 0 512 72
sofa 0.0030 63 4 316 268
sofa 0.0024 269 0 504 216
sofa 0.0018 429 0 499 60
sofa 0.0016 47 143 430 287
sofa 0.0016 0 44 65 248
sofa 0.0015 -3 5 187 256
sofa 0.0011 79 17 180 178
diningtable 0.0179 0 46 68 248
diningtable 0.0026 0 37 28 230
diningtable 0.0026 76 -4 497 332
diningtable 0.0016 1 93 43 235
diningtable 0.0013 0 101 23 179
tvmonitor 0.0013 117 0 179 26
