person 0.8991 364 199 419 338
person 0.8796 160 243 188 306
person 0.8540 206 202 285 367
person 0.8178 473 234 498 295
person 0.8160 41 259 55 291
person 0.7981 20 257 33 290
person 0.7728 428 251 441 288
person 0.6564 13 257 23 287
person 0.6010 441 255 458 288
person 0.3520 429 252 453 288
person 0.1806 269 254 279 281
person 0.1543 408 256 418 286
person 0.1400 365 249 380 284
person 0.0977 323 264 332 281
person 0.0654 493 254 500 276
person 0.0601 434 255 448 280
person 0.0473 134 267 145 282
person 0.0435 492 247 500 268
person 0.0424 114 269 145 283
person 0.0314 471 253 478 278
person 0.0240 110 266 121 281
person 0.0225 267 260 277 285
person 0.0210 16 257 23 267
person 0.0205 204 275 221 321
person 0.0204 455 258 463 276
person 0.0192 109 268 129 282
person 0.0176 472 245 484 275
person 0.0173 270 19 284 54
person 0.0157 457 255 465 279
person 0.0148 246 30 255 52
person 0.0146 266 263 274 280
person 0.0144 174 255 190 290
person 0.0143 186 271 205 282
person 0.0140 245 16 260 52
person 0.0130 460 252 478 281
person 0.0123 23 257 32 267
person 0.0120 37 258 50 289
person 0.0107 475 262 498 296
person 0.0106 472 242 498 266
person 0.0100 178 253 189 277
person 0.0099 366 231 389 290
person 0.0094 271 265 279 280
person 0.0093 253 18 267 52
person 0.0091 492 264 500 290
person 0.0087 444 256 457 272
person 0.0086 440 256 453 270
person 0.0084 14 257 22 274
person 0.0078 364 249 375 276
person 0.0077 166 249 187 285
person 0.0076 411 255 423 285
person 0.0072 206 218 254 348
person 0.0071 260 247 279 307
person 0.0068 225 17 240 52
person 0.0066 493 242 500 258
person 0.0063 210 291 223 328
person 0.0058 471 247 479 271
person 0.0057 484 243 499 264
person 0.0057 45 257 55 278
person 0.0057 204 254 226 316
person 0.0053 364 234 401 317
person 0.0053 215 230 265 318
person 0.0052 472 259 485 283
person 0.0051 297 273 304 281
person 0.0049 253 275 267 306
person 0.0049 259 20 282 55
person 0.0047 160 254 169 275
person 0.0045 178 265 189 282
person 0.0043 248 254 272 326
person 0.0040 318 259 325 279
person 0.0038 407 267 417 289
person 0.0038 396 246 417 306
person 0.0038 402 257 415 294
person 0.0038 366 240 380 270
person 0.0036 435 265 445 287
person 0.0036 127 260 140 274
person 0.0034 205 290 216 320
person 0.0032 46 257 53 263
person 0.0032 199 272 210 282
person 0.0029 258 263 271 292
person 0.0029 380 207 418 306
person 0.0026 13 257 55 290
person 0.0026 478 255 498 285
person 0.0026 357 255 373 282
person 0.0026 105 268 117 282
person 0.0025 12 275 21 287
person 0.0025 160 277 186 304
person 0.0025 109 260 116 278
person 0.0025 22 256 33 274
person 0.0024 479 239 499 259
person 0.0023 268 41 277 55
person 0.0023 173 248 186 274
person 0.0023 495 232 500 252
person 0.0022 8 258 19 284
person 0.0022 181 270 191 281
person 0.0022 405 246 420 282
person 0.0022 436 255 446 269
person 0.0018 181 252 187 270
person 0.0018 238 241 268 297
person 0.0018 257 18 266 41
person 0.0018 182 259 204 275
bicycle 0.0783 476 264 498 296
bicycle 0.0526 473 232 498 297
bicycle 0.0457 478 269 490 296
bicycle 0.0282 269 255 278 281
bicycle 0.0178 492 264 500 290
bicycle 0.0150 482 280 493 296
bicycle 0.0145 475 266 486 291
bicycle 0.0140 407 263 418 289
bicycle 0.0102 268 265 277 280
bicycle 0.0100 479 279 489 296
bicycle 0.0097 110 266 122 281
bicycle 0.0082 365 249 380 284
bicycle 0.0070 112 269 143 282
bicycle 0.0069 257 273 268 298
bicycle 0.0046 367 273 379 292
bicycle 0.0038 262 259 279 286
bicycle 0.0037 322 263 332 282
bicycle 0.0037 484 289 494 296
bicycle 0.0036 460 252 478 281
bicycle 0.0036 494 260 500 278
bicycle 0.0034 489 272 499 295
bicycle 0.0031 472 259 485 283
bicycle 0.0029 470 261 478 277
bicycle 0.0025 441 254 459 289
bicycle 0.0023 258 263 271 292
bicycle 0.0023 266 263 274 280
bicycle 0.0022 260 247 279 307
bicycle 0.0020 186 271 205 282
bicycle 0.0019 205 274 221 320
bicycle 0.0018 457 260 466 278
bicycle 0.0017 271 265 279 280
bicycle 0.0017 127 269 145 282
bicycle 0.0017 12 258 22 289
bicycle 0.0016 236 276 251 303
bicycle 0.0016 467 264 481 285
bicycle 0.0015 20 257 33 289
bicycle 0.0015 360 199 423 335
bicycle 0.0013 105 268 117 282
bicycle 0.0012 473 251 496 284
bicycle 0.0012 206 291 223 326
bicycle 0.0012 481 289 489 295
bicycle 0.0011 12 275 21 287
bicycle 0.0011 205 290 216 320
bicycle 0.0010 419 271 428 283
bicycle 0.0010 428 251 441 288
bicycle 0.0010 297 272 304 281
car 0.4772 186 271 205 282
car 0.1464 114 269 145 283
car 0.0467 194 271 210 281
car 0.0273 109 268 133 282
car 0.0191 160 242 188 306
car 0.0130 134 267 145 282
car 0.0093 181 270 191 281
car 0.0079 177 265 192 284
car 0.0078 185 260 206 278
car 0.0063 268 254 278 280
car 0.0053 174 253 190 293
car 0.0052 199 266 213 283
car 0.0048 457 260 465 279
car 0.0040 441 254 458 289
car 0.0038 110 266 122 281
car 0.0031 265 262 274 280
car 0.0030 493 254 500 276
car 0.0029 455 258 463 276
car 0.0029 198 275 209 283
car 0.0028 174 234 216 322
car 0.0023 202 258 221 312
car 0.0021 473 232 498 297
car 0.0021 183 274 198 282
car 0.0018 471 253 478 277
car 0.0018 366 200 419 336
car 0.0017 460 252 478 281
car 0.0014 178 253 189 277
car 0.0013 492 264 500 290
car 0.0012 492 245 500 265
car 0.0012 272 254 279 274
car 0.0011 475 263 498 296
car 0.0010 178 252 216 287
car 0.0010 365 249 380 284
motorbike 0.0059 269 255 278 281
motorbike 0.0044 473 232 498 297
motorbike 0.0034 114 269 145 283
motorbike 0.0029 365 252 379 287
motorbike 0.0028 476 264 498 296
motorbike 0.0027 110 266 122 281
motorbike 0.0023 109 268 133 282
motorbike 0.0017 441 254 459 289
motorbike 0.0013 186 271 205 282
motorbike 0.0013 322 263 331 281
motorbike 0.0012 494 260 500 278
bus 0.0022 113 269 143 282
bird 0.0011 296 273 304 281
bird 0.0010 118 210 133 217
dog 0.0021 134 268 146 282
dog 0.0014 209 203 287 369
dog 0.0010 409 256 419 286
dog 0.0010 206 291 223 326
horse 0.0011 408 256 419 287
horse 0.0011 428 250 441 288
bottle 0.0213 236 276 251 302
bottle 0.0201 208 205 289 373
bottle 0.0196 257 280 266 297
bottle 0.0126 407 267 417 289
bottle 0.0103 205 294 215 320
bottle 0.0063 408 256 418 287
bottle 0.0051 209 292 223 326
bottle 0.0049 240 278 263 303
bottle 0.0041 322 264 332 282
bottle 0.0034 268 265 277 280
bottle 0.0028 253 275 267 306
bottle 0.0028 366 254 380 289
bottle 0.0027 269 255 278 281
bottle 0.0017 256 266 268 292
bottle 0.0015 244 284 259 302
bottle 0.0013 365 238 384 280
bottle 0.0011 367 272 381 292
bottle 0.0010 206 278 222 322
bottle 0.0010 297 272 304 282
chair 0.0022 114 269 137 282
chair 0.0018 134 268 146 282
chair 0.0016 268 257 278 281
chair 0.0014 112 268 122 282
pottedplant 0.1011 317 216 334 281
pottedplant 0.0135 268 252 278 280
pottedplant 0.0057 322 263 332 282
pottedplant 0.0057 225 17 240 52
pottedplant 0.0041 282 19 307 56
pottedplant 0.0030 261 223 279 275
pottedplant 0.0026 270 18 284 55
pottedplant 0.0022 303 214 340 281
diningtable 0.0015 114 269 145 283
