person 0.8838 83 158 130 273
person 0.0557 82 164 105 253
person 0.0172 82 175 99 211
person 0.0094 137 132 147 145
person 0.0092 0 153 6 211
person 0.0083 82 215 93 255
person 0.0071 28 174 33 187
person 0.0069 46 177 52 188
person 0.0058 82 167 125 213
person 0.0054 44 153 53 187
person 0.0044 0 77 3 100
person 0.0038 0 90 12 128
person 0.0037 24 142 35 184
person 0.0035 0 77 5 117
person 0.0031 113 178 130 210
person 0.0029 0 99 11 215
person 0.0026 16 169 22 184
person 0.0026 104 167 130 213
person 0.0024 0 181 5 212
person 0.0024 1 150 11 192
person 0.0021 437 104 458 130
person 0.0021 84 202 95 234
person 0.0020 46 171 53 189
person 0.0018 13 170 20 182
person 0.0016 0 156 6 183
person 0.0015 0 169 11 187
person 0.0015 22 126 39 186
person 0.0014 85 187 102 242
person 0.0014 2 110 17 128
person 0.0014 45 114 58 130
person 0.0013 0 80 17 175
person 0.0013 43 81 54 105
person 0.0013 27 127 48 186
person 0.0012 3 136 25 195
person 0.0011 81 182 95 238
person 0.0011 37 145 50 186
person 0.0011 2 108 33 202
person 0.0010 130 133 147 162
person 0.0010 25 80 37 106
car 0.0013 0 153 6 211
car 0.0011 82 166 125 215
motorbike 0.0011 25 79 37 104
bus 0.0064 0 153 6 211
bus 0.0051 0 99 11 215
train 0.0021 0 99 11 215
train 0.0014 0 153 6 211
bird 0.0059 186 19 197 31
bird 0.0042 181 17 198 37
bird 0.0033 158 15 172 22
bird 0.0030 164 39 176 48
bird 0.0022 187 30 200 42
bird 0.0021 144 27 244 60
bird 0.0020 160 16 198 30
bird 0.0019 157 35 173 44
bird 0.0019 158 14 182 24
bird 0.0019 106 14 117 26
bird 0.0018 110 50 118 59
bird 0.0017 38 0 84 63
bird 0.0015 123 30 248 77
bird 0.0014 17 203 25 209
bird 0.0013 187 35 203 42
bird 0.0013 186 22 197 42
bird 0.0012 25 79 37 104
bird 0.0010 177 18 197 27
bird 0.0010 156 20 181 42
dog 0.0019 82 215 93 255
tvmonitor 0.0061 437 103 458 130
