person 0.9405 133 69 399 308
person 0.8781 3 101 152 307
person 0.7925 147 118 200 226
person 0.7497 7 128 46 174
person 0.1619 312 140 342 196
person 0.1455 93 129 150 215
person 0.1300 292 147 341 202
person 0.1057 28 128 46 153
person 0.0605 152 135 225 215
person 0.0569 73 174 93 214
person 0.0440 23 128 47 166
person 0.0397 110 144 146 177
person 0.0264 178 153 225 203
person 0.0261 55 145 134 213
person 0.0206 35 105 151 223
person 0.0183 7 165 22 176
person 0.0177 318 161 373 216
person 0.0142 5 163 21 184
person 0.0123 78 162 145 216
person 0.0122 119 156 151 216
person 0.0114 320 155 341 190
person 0.0098 298 113 342 195
person 0.0086 142 104 243 233
person 0.0071 185 146 219 191
person 0.0070 5 154 27 186
person 0.0061 7 143 32 177
person 0.0058 8 154 34 172
person 0.0047 4 169 14 191
person 0.0045 0 149 10 305
person 0.0045 193 155 211 175
person 0.0038 12 124 74 179
person 0.0034 7 163 33 177
person 0.0030 3 121 53 268
person 0.0028 5 150 46 187
person 0.0026 38 129 52 151
person 0.0025 171 126 196 194
person 0.0023 30 127 48 139
person 0.0022 1 140 28 307
person 0.0021 17 131 41 157
person 0.0021 332 183 394 232
person 0.0020 293 122 389 227
person 0.0020 175 196 192 210
person 0.0019 69 129 193 232
person 0.0018 2 134 39 230
person 0.0018 83 170 105 214
person 0.0018 314 177 380 204
person 0.0018 53 161 101 207
person 0.0016 185 107 221 201
person 0.0016 280 80 341 197
person 0.0016 308 161 336 196
person 0.0015 231 95 391 246
person 0.0015 13 140 41 171
person 0.0015 183 154 193 177
person 0.0015 154 169 213 235
person 0.0013 34 131 51 157
person 0.0013 84 114 137 194
person 0.0013 131 155 150 176
person 0.0013 1 166 8 192
person 0.0013 0 242 6 312
person 0.0013 106 142 122 165
person 0.0011 119 133 156 197
person 0.0011 325 162 341 199
person 0.0011 144 159 151 174
person 0.0011 137 160 152 210
person 0.0010 152 75 374 207
car 0.0015 7 165 21 175
bus 0.0011 424 181 451 261
horse 0.0022 7 128 47 183
bottle 0.0018 109 144 146 176
bottle 0.0011 173 196 192 211
chair 0.7504 424 184 451 261
chair 0.5174 377 169 393 225
chair 0.2081 56 242 153 310
chair 0.2039 333 186 393 230
chair 0.1280 474 220 500 299
chair 0.0662 101 245 153 311
chair 0.0626 370 227 462 309
chair 0.0589 334 188 380 204
chair 0.0470 454 213 500 309
chair 0.0413 422 186 496 308
chair 0.0315 7 165 20 175
chair 0.0216 472 143 499 284
chair 0.0193 6 165 20 184
chair 0.0144 318 161 373 216
chair 0.0140 351 198 393 230
chair 0.0124 421 185 478 264
chair 0.0110 7 129 44 181
chair 0.0092 365 210 395 230
chair 0.0078 377 169 389 202
chair 0.0078 372 229 450 257
chair 0.0065 7 163 33 177
chair 0.0065 386 181 457 261
chair 0.0065 419 193 457 297
chair 0.0063 4 168 17 190
chair 0.0047 476 223 498 260
chair 0.0046 359 180 394 234
chair 0.0044 201 204 312 310
chair 0.0043 307 178 400 223
chair 0.0041 5 154 27 186
chair 0.0040 315 141 341 194
chair 0.0038 372 168 433 234
chair 0.0035 356 178 388 215
chair 0.0034 376 168 407 233
chair 0.0032 175 196 191 210
chair 0.0032 314 177 380 204
chair 0.0028 7 285 57 312
chair 0.0027 321 159 341 192
chair 0.0025 337 191 363 202
chair 0.0023 401 260 461 310
chair 0.0022 158 213 517 310
chair 0.0021 295 152 340 200
chair 0.0021 40 242 273 311
chair 0.0018 489 226 499 303
chair 0.0018 311 163 411 249
chair 0.0015 364 188 381 206
chair 0.0015 370 188 391 214
chair 0.0014 353 215 452 272
chair 0.0014 222 209 273 310
chair 0.0013 52 245 108 311
chair 0.0013 330 197 402 257
chair 0.0013 490 295 499 312
chair 0.0012 74 174 93 212
chair 0.0012 0 149 10 305
chair 0.0012 87 244 189 312
chair 0.0012 4 101 151 307
chair 0.0011 283 188 446 298
chair 0.0011 3 225 384 311
chair 0.0011 326 192 374 208
chair 0.0010 0 242 6 312
chair 0.0010 352 189 416 249
chair 0.0010 409 229 433 250
chair 0.0010 493 287 499 311
sofa 0.0041 371 227 463 309
sofa 0.0040 475 221 499 308
sofa 0.0039 56 240 152 310
sofa 0.0029 333 184 391 219
sofa 0.0021 424 181 452 262
sofa 0.0011 332 188 384 205
sofa 0.0010 3 225 384 311
diningtable 0.0651 369 228 462 310
diningtable 0.0503 475 221 499 308
diningtable 0.0352 333 186 393 230
diningtable 0.0339 55 241 151 311
diningtable 0.0274 333 187 383 201
diningtable 0.0258 454 213 500 309
diningtable 0.0227 472 143 499 284
diningtable 0.0110 424 185 452 263
diningtable 0.0103 422 186 496 308
diningtable 0.0085 372 229 450 257
diningtable 0.0051 472 144 499 184
diningtable 0.0046 327 171 391 216
diningtable 0.0029 376 169 393 225
diningtable 0.0025 333 191 378 209
diningtable 0.0024 155 212 521 310
diningtable 0.0022 476 221 499 253
diningtable 0.0019 174 196 192 210
diningtable 0.0019 471 144 498 164
diningtable 0.0016 7 166 20 174
diningtable 0.0016 314 177 380 204
diningtable 0.0016 462 266 499 311
diningtable 0.0014 421 185 478 264
diningtable 0.0013 370 177 451 266
diningtable 0.0012 489 226 499 303
diningtable 0.0012 4 168 17 190
diningtable 0.0011 311 163 411 249
diningtable 0.0011 419 189 457 302
tvmonitor 0.0010 424 181 451 261
