person 0.8319 367 242 428 324
person 0.7202 234 247 285 324
person 0.4645 213 258 301 331
person 0.2643 352 273 442 332
person 0.0076 248 253 285 288
person 0.0052 489 302 499 336
person 0.0052 367 252 401 316
person 0.0041 232 246 264 314
person 0.0032 255 255 286 309
person 0.0022 397 246 427 323
person 0.0020 368 245 425 288
person 0.0017 365 264 394 297
person 0.0014 235 250 259 291
person 0.0010 365 238 476 334
bicycle 0.8240 212 271 305 331
bicycle 0.7458 352 277 446 333
bicycle 0.2429 234 248 287 325
bicycle 0.0989 489 301 499 333
bicycle 0.0496 366 242 429 325
bicycle 0.0063 211 275 256 330
bicycle 0.0045 218 259 266 323
bicycle 0.0027 352 298 503 341
bicycle 0.0019 366 258 403 321
bicycle 0.0018 364 271 395 306
bicycle 0.0017 379 266 422 329
bicycle 0.0017 485 299 498 326
bicycle 0.0016 221 269 248 304
bicycle 0.0014 389 297 439 329
bicycle 0.0014 487 317 499 336
bicycle 0.0012 348 258 493 337
bicycle 0.0011 399 289 415 319
bicycle 0.0011 349 286 412 330
bicycle 0.0010 471 318 499 339
bicycle 0.0010 142 251 474 337
car 0.0015 489 302 499 328
car 0.0012 236 248 285 315
motorbike 0.0159 234 247 286 324
motorbike 0.0142 212 271 302 331
motorbike 0.0069 489 301 499 329
motorbike 0.0046 363 282 449 334
motorbike 0.0015 366 242 429 325
bird 0.0012 367 242 428 323
dog 0.0058 367 242 428 323
horse 0.0023 367 242 428 323
bottle 0.0021 366 281 446 328
bottle 0.0012 238 248 282 326
chair 0.0787 489 301 499 333
chair 0.0015 487 317 499 336
chair 0.0014 356 266 437 331
chair 0.0012 485 299 498 326
chair 0.0012 476 302 501 338
chair 0.0010 492 324 499 336
diningtable 0.0033 489 302 499 328
