person 0.0461 95 0 120 23
person 0.0201 5 1 37 25
person 0.0048 93 0 109 17
person 0.0042 4 0 50 42
person 0.0026 0 110 3 117
person 0.0025 17 0 45 26
person 0.0021 95 5 109 23
person 0.0016 111 0 126 18
person 0.0012 1 0 17 30
boat 0.0086 135 43 172 71
boat 0.0013 4 24 50 58
boat 0.0010 42 16 70 48
boat 0.0010 4 0 50 42
bird 0.0026 41 101 46 108
bird 0.0023 0 107 2 117
cat 0.0027 241 128 411 365
cat 0.0011 133 77 205 129
dog 0.0059 241 128 411 365
dog 0.0016 133 77 205 128
dog 0.0014 69 72 197 148
horse 0.0048 247 130 407 374
horse 0.0013 69 72 197 148
horse 0.0013 130 77 203 129
sheep 0.1253 246 130 401 370
sheep 0.0025 246 5 475 369
sheep 0.0018 68 72 203 147
cow 0.8684 68 72 203 147
cow 0.8343 246 131 403 369
cow 0.1756 130 77 203 129
cow 0.0243 135 44 173 71
cow 0.0108 174 25 468 376
cow 0.0039 68 72 145 138
cow 0.0019 116 88 201 148
cow 0.0016 129 76 194 106
cow 0.0011 111 84 174 135
bottle 0.0012 102 246 127 268
bottle 0.0011 95 1 113 23
chair 0.0022 42 0 83 14
pottedplant 0.0266 135 43 172 71
pottedplant 0.0023 136 45 168 56
pottedplant 0.0015 5 25 48 58
