person 0.0162 0 26 500 324
person 0.0023 1 57 308 293
person 0.0021 205 55 485 216
person 0.0018 3 216 497 329
person 0.0017 7 0 495 71
person 0.0016 -4 0 484 173
person 0.0010 473 36 499 48
bird 0.0010 1 57 308 293
cat 0.2087 1 57 308 293
cat 0.0412 0 26 500 324
cat 0.0098 209 56 490 209
dog 0.7449 208 56 491 209
dog 0.1793 -2 9 500 319
dog 0.0863 1 57 308 293
dog 0.0012 83 30 393 251
chair 0.0147 1 0 496 326
chair 0.0015 7 0 495 71
sofa 0.1325 1 0 496 326
sofa 0.0222 -8 0 484 77
sofa 0.0046 2 166 495 325
sofa 0.0034 0 105 53 208
sofa 0.0024 209 57 492 215
sofa 0.0023 -5 4 451 148
sofa 0.0017 2 246 494 331
sofa 0.0014 380 8 500 83
sofa 0.0011 1 57 308 293
diningtable 0.0028 1 0 496 326
