person 0.0652 109 54 127 72
person 0.0567 101 47 122 71
person 0.0372 118 55 132 72
person 0.0166 98 44 114 69
person 0.0123 71 45 91 63
person 0.0110 84 44 98 61
person 0.0106 152 54 169 72
person 0.0103 8 35 247 127
person 0.0079 87 45 109 67
person 0.0070 19 45 62 59
person 0.0061 165 52 184 72
person 0.0060 148 49 177 71
person 0.0060 103 45 113 62
person 0.0048 47 40 187 98
person 0.0044 107 45 127 69
person 0.0039 212 104 239 122
person 0.0033 145 40 205 74
person 0.0027 36 47 50 57
person 0.0020 121 57 138 74
person 0.0020 279 105 287 120
person 0.0019 144 48 163 70
person 0.0017 272 95 284 104
person 0.0014 88 42 99 56
person 0.0014 78 47 95 62
person 0.0014 84 40 124 71
person 0.0013 103 57 118 72
person 0.0013 94 43 111 63
person 0.0012 12 33 283 74
person 0.0012 105 44 120 61
person 0.0011 70 40 99 67
person 0.0011 38 46 57 59
person 0.0011 156 59 169 71
person 0.0010 168 60 184 73
car 0.5623 5 35 287 129
car 0.0125 6 40 63 85
car 0.0062 218 95 287 122
car 0.0044 212 106 242 123
car 0.0040 252 98 288 122
car 0.0037 8 41 64 62
car 0.0029 272 95 286 105
car 0.0017 103 50 128 71
car 0.0014 24 44 56 59
car 0.0014 212 96 243 118
car 0.0012 112 33 279 82
car 0.0011 112 55 130 72
aeroplane 0.0022 5 35 287 129
bus 0.0176 5 35 271 129
boat 0.0016 5 35 287 129
dog 0.0025 22 88 59 114
dog 0.0012 101 47 122 71
dog 0.0011 159 108 186 133
dog 0.0010 109 55 130 72
