person 0.0066 0 164 218 369
person 0.0056 441 276 499 371
person 0.0025 18 219 493 373
person 0.0012 429 115 499 294
person 0.0011 4 57 328 374
person 0.0011 0 15 181 359
person 0.0010 44 281 424 372
person 0.0010 0 37 19 195
cat 0.6792 145 56 491 356
cat 0.0066 162 49 329 343
cat 0.0045 7 174 506 377
cat 0.0037 2 44 388 366
cat 0.0021 16 268 495 372
cat 0.0010 26 11 501 250
dog 0.0063 143 55 492 356
chair 0.0145 0 35 30 193
chair 0.0089 56 46 480 354
chair 0.0085 0 15 181 359
chair 0.0059 0 34 15 156
chair 0.0031 0 164 218 369
chair 0.0017 441 275 499 372
chair 0.0016 0 85 22 172
chair 0.0016 0 33 11 114
chair 0.0014 0 30 114 227
chair 0.0014 0 119 29 194
chair 0.0010 -1 38 51 220
sofa 0.0340 56 46 480 354
sofa 0.0144 0 164 218 369
sofa 0.0091 7 174 506 377
sofa 0.0026 16 268 495 372
sofa 0.0025 222 1 498 249
sofa 0.0024 2 58 295 374
sofa 0.0011 441 276 499 371
diningtable 0.0060 26 26 510 352
diningtable 0.0041 439 276 499 371
diningtable 0.0019 -9 21 494 202
diningtable 0.0015 25 3 499 120
tvmonitor 0.1239 142 0 252 36
tvmonitor 0.0082 84 0 150 16
tvmonitor 0.0013 89 0 225 29
tvmonitor 0.0012 109 7 273 50
tvmonitor 0.0010 145 0 216 26
tvmonitor 0.0010 89 11 148 31
