person 0.0064 140 2 370 206
person 0.0026 6 467 143 500
person 0.0015 2 0 133 148
person 0.0011 69 472 126 500
person 0.0010 -8 2 379 486
person 0.0010 124 0 226 192
cat 0.0039 30 470 148 499
cat 0.0018 73 472 131 499
cat 0.0012 1 454 129 499
cat 0.0011 207 49 335 391
dog 0.0010 58 472 145 499
bottle 0.6575 207 49 335 391
bottle 0.5205 51 57 173 356
bottle 0.2113 0 2 35 215
bottle 0.1037 286 12 374 232
bottle 0.0984 3 0 130 146
bottle 0.0421 2 -2 65 157
bottle 0.0347 140 1 370 206
bottle 0.0140 234 56 339 272
bottle 0.0105 62 68 173 229
bottle 0.0077 46 9 112 146
bottle 0.0068 132 143 189 193
bottle 0.0064 14 32 93 145
bottle 0.0059 204 47 290 294
bottle 0.0054 8 48 378 496
bottle 0.0046 27 -6 163 217
bottle 0.0037 36 49 200 502
bottle 0.0031 62 -7 143 166
bottle 0.0027 51 46 89 123
bottle 0.0025 0 99 32 213
bottle 0.0022 2 459 128 499
bottle 0.0017 113 0 149 161
bottle 0.0014 316 65 374 241
bottle 0.0014 100 12 357 377
bottle 0.0014 194 77 266 378
bottle 0.0011 53 0 122 61
chair 0.0052 158 8 374 205
chair 0.0032 302 360 373 500
chair 0.0022 286 12 374 232
chair 0.0019 0 454 122 499
pottedplant 0.0011 270 6 376 234
diningtable 0.3594 -8 2 379 486
diningtable 0.0540 0 189 64 408
diningtable 0.0345 0 47 67 480
diningtable 0.0331 331 216 375 280
diningtable 0.0148 44 19 181 497
diningtable 0.0108 0 281 45 384
diningtable 0.0084 172 36 350 491
diningtable 0.0058 7 265 382 501
diningtable 0.0042 0 451 119 500
diningtable 0.0040 1 261 112 481
diningtable 0.0030 290 203 375 492
diningtable 0.0028 18 432 374 500
diningtable 0.0026 0 370 116 484
diningtable 0.0022 264 476 326 500
diningtable 0.0021 322 156 374 418
diningtable 0.0021 122 0 228 192
diningtable 0.0018 131 141 191 194
diningtable 0.0018 158 8 374 205
diningtable 0.0016 88 -4 373 328
diningtable 0.0016 270 6 376 234
diningtable 0.0015 3 70 82 318
diningtable 0.0013 302 360 374 502
diningtable 0.0011 324 211 374 344
diningtable 0.0011 16 -18 173 229
diningtable 0.0011 241 70 363 333
diningtable 0.0010 2 0 131 146
diningtable 0.0010 57 465 347 499
tvmonitor 0.0013 158 8 374 205
