person 0.9199 45 55 96 201
person 0.0030 0 93 4 139
person 0.0015 452 46 458 68
person 0.0011 112 33 123 58
person 0.0010 289 118 445 239
bicycle 0.0019 84 148 101 169
bicycle 0.0015 55 138 99 202
bicycle 0.0010 76 143 100 176
bicycle 0.0010 180 140 362 293
car 0.0057 172 39 202 57
car 0.0042 172 37 237 60
car 0.0041 75 35 127 70
car 0.0035 89 32 125 60
car 0.0033 1 103 45 138
car 0.0025 79 43 125 63
car 0.0025 0 55 19 63
car 0.0024 113 33 124 60
car 0.0022 0 93 4 139
car 0.0020 77 51 102 60
car 0.0019 21 106 28 112
car 0.0015 73 50 105 66
car 0.0014 495 55 499 71
car 0.0013 217 38 236 46
car 0.0012 0 58 10 64
car 0.0012 0 94 9 139
car 0.0011 137 35 207 58
car 0.0011 122 41 150 54
car 0.0010 0 120 41 158
car 0.0010 0 59 7 65
motorbike 0.8772 2 180 228 353
motorbike 0.8018 177 140 364 292
motorbike 0.7447 274 120 447 241
motorbike 0.5209 383 115 490 208
motorbike 0.0138 270 122 419 183
motorbike 0.0081 162 115 426 253
motorbike 0.0074 210 163 312 211
motorbike 0.0063 103 173 207 235
motorbike 0.0060 4 193 161 243
motorbike 0.0058 4 167 211 256
motorbike 0.0031 0 193 139 335
motorbike 0.0030 416 143 489 205
motorbike 0.0030 0 194 73 242
motorbike 0.0028 254 124 404 290
motorbike 0.0027 350 117 438 239
motorbike 0.0026 182 148 332 241
motorbike 0.0024 298 116 479 173
motorbike 0.0022 40 123 386 295
motorbike 0.0021 218 161 286 194
motorbike 0.0021 260 133 324 171
motorbike 0.0016 193 128 396 197
motorbike 0.0015 0 196 64 331
motorbike 0.0013 260 130 361 206
motorbike 0.0012 83 146 101 169
motorbike 0.0011 111 173 248 262
motorbike 0.0011 316 121 393 171
motorbike 0.0011 418 110 486 189
bird 0.0010 84 147 101 169
cat 0.0012 84 148 101 169
dog 0.0239 84 148 101 169
dog 0.0017 72 145 100 177
dog 0.0014 63 139 101 196
