person 0.5862 0 59 235 286
person 0.0893 75 116 228 285
person 0.0749 0 67 109 285
person 0.0117 79 63 315 282
person 0.0067 65 222 156 286
person 0.0047 94 73 303 193
person 0.0015 3 -3 330 166
person 0.0014 213 79 303 170
car 0.0013 0 -4 297 283
bird 0.0152 0 62 101 292
bird 0.0115 75 116 229 285
bird 0.0020 -2 50 245 286
bird 0.0015 65 222 156 286
cat 0.0013 -1 70 233 286
cat 0.0010 -1 69 110 289
dog 0.1462 -1 70 233 286
dog 0.0315 78 116 227 285
dog 0.0267 0 66 99 287
dog 0.0012 210 78 302 169
sheep 0.0018 75 116 229 285
cow 0.0023 -2 69 234 285
bottle 0.0025 14 1 312 278
bottle 0.0011 93 73 304 194
pottedplant 0.0010 66 219 160 286
diningtable 0.0012 0 -4 297 283
tvmonitor 0.0157 3 -3 304 160
