person 0.6001 0 289 93 380
person 0.1090 1 257 149 380
person 0.1044 0 244 37 363
person 0.0708 47 290 100 354
person 0.0653 66 293 98 342
person 0.0591 18 270 112 361
person 0.0362 259 48 287 84
person 0.0192 476 344 499 361
person 0.0113 13 241 55 288
person 0.0104 0 348 46 381
person 0.0088 -5 233 60 355
person 0.0072 271 47 292 81
person 0.0067 237 43 290 84
person 0.0060 26 292 94 337
person 0.0054 457 9 497 76
person 0.0048 0 319 52 382
person 0.0043 63 307 95 359
person 0.0043 37 293 121 374
person 0.0040 0 368 32 382
person 0.0016 -4 331 85 383
person 0.0013 42 293 78 335
person 0.0012 242 54 273 83
person 0.0012 247 140 278 223
person 0.0010 227 39 267 76
person 0.0010 254 41 284 73
person 0.0010 31 288 76 368
bicycle 0.0021 163 94 378 230
boat 0.0013 149 98 386 231
bird 0.0030 260 46 291 83
bird 0.0023 224 31 286 81
bird 0.0017 0 244 35 361
bird 0.0014 476 344 499 361
cat 0.0248 0 243 35 362
cat 0.0048 56 288 101 340
cat 0.0034 18 270 112 361
cat 0.0029 0 289 94 380
cat 0.0026 245 46 291 82
cat 0.0022 0 250 146 384
cat 0.0019 -1 241 83 366
cat 0.0013 13 241 55 288
cat 0.0011 223 37 283 83
cat 0.0010 348 261 409 313
dog 0.0076 0 245 36 364
dog 0.0036 0 289 93 380
dog 0.0022 245 46 291 82
dog 0.0018 56 288 101 340
dog 0.0015 223 37 283 83
dog 0.0012 18 270 112 361
dog 0.0011 476 344 499 361
horse 0.0026 0 245 36 364
horse 0.0019 225 37 267 79
horse 0.0019 231 40 288 84
horse 0.0010 258 46 290 83
bottle 0.0067 65 306 96 356
bottle 0.0044 0 199 14 251
bottle 0.0034 0 223 14 249
bottle 0.0026 30 239 52 272
bottle 0.0024 476 343 500 362
bottle 0.0019 70 321 94 350
bottle 0.0015 48 290 100 355
bottle 0.0012 1 283 99 380
chair 0.0420 0 281 102 381
chair 0.0307 128 221 456 366
chair 0.0179 0 243 35 362
chair 0.0160 155 95 382 233
chair 0.0155 37 271 127 366
chair 0.0147 64 292 98 343
chair 0.0056 85 187 132 267
chair 0.0034 56 72 464 323
chair 0.0029 13 241 55 288
chair 0.0027 244 148 279 220
chair 0.0025 165 106 290 228
chair 0.0017 12 250 146 348
chair 0.0016 143 304 470 375
chair 0.0014 0 348 46 381
chair 0.0014 -5 233 60 355
chair 0.0014 31 244 51 271
chair 0.0013 0 230 14 250
chair 0.0011 10 188 82 271
chair 0.0011 15 212 65 271
sofa 0.4844 127 219 457 358
sofa 0.2313 1 257 149 380
sofa 0.1262 37 271 127 366
sofa 0.1249 64 292 98 343
sofa 0.0454 149 98 386 231
sofa 0.0238 -3 153 476 367
sofa 0.0203 0 244 34 361
sofa 0.0113 0 289 94 380
sofa 0.0043 90 85 435 302
sofa 0.0040 13 241 55 288
sofa 0.0037 -5 233 60 355
sofa 0.0022 63 307 95 359
sofa 0.0022 14 256 147 324
sofa 0.0018 143 304 470 375
sofa 0.0017 68 266 155 381
sofa 0.0014 -9 256 283 379
sofa 0.0013 161 101 262 231
sofa 0.0012 244 148 279 220
sofa 0.0011 22 234 58 272
sofa 0.0011 10 187 83 271
pottedplant 0.6005 0 39 135 268
pottedplant 0.3655 164 94 378 230
pottedplant 0.1091 160 99 268 229
pottedplant 0.0491 9 163 79 273
pottedplant 0.0370 67 72 253 231
pottedplant 0.0336 12 205 69 273
pottedplant 0.0295 0 34 60 95
pottedplant 0.0291 22 234 58 272
pottedplant 0.0270 5 103 101 288
pottedplant 0.0253 276 97 386 231
pottedplant 0.0219 70 71 191 155
pottedplant 0.0136 158 107 217 232
pottedplant 0.0117 31 243 51 271
pottedplant 0.0102 0 243 35 362
pottedplant 0.0063 193 192 225 231
pottedplant 0.0055 60 114 130 161
pottedplant 0.0049 14 139 118 227
pottedplant 0.0048 -1 241 83 366
pottedplant 0.0047 0 198 16 250
pottedplant 0.0046 86 187 133 267
pottedplant 0.0046 56 72 464 323
pottedplant 0.0039 51 97 140 176
pottedplant 0.0038 0 31 86 195
pottedplant 0.0038 20 68 162 194
pottedplant 0.0036 48 144 84 221
pottedplant 0.0032 54 217 89 266
pottedplant 0.0032 13 241 55 288
pottedplant 0.0031 0 250 146 384
pottedplant 0.0031 122 98 232 237
pottedplant 0.0030 31 163 101 234
pottedplant 0.0029 244 148 279 220
pottedplant 0.0028 56 288 101 340
pottedplant 0.0027 0 223 15 251
pottedplant 0.0026 178 173 231 235
pottedplant 0.0024 18 270 112 361
pottedplant 0.0022 67 67 190 115
pottedplant 0.0019 14 203 56 249
pottedplant 0.0016 47 193 82 229
pottedplant 0.0016 1 32 104 125
pottedplant 0.0016 56 200 73 220
pottedplant 0.0015 245 46 291 82
pottedplant 0.0014 21 223 81 269
pottedplant 0.0014 42 126 93 207
pottedplant 0.0013 0 103 48 265
pottedplant 0.0012 43 193 89 249
pottedplant 0.0011 53 176 78 215
pottedplant 0.0011 223 37 283 83
pottedplant 0.0011 0 289 93 380
pottedplant 0.0011 59 41 371 243
pottedplant 0.0010 16 201 63 230
pottedplant 0.0010 10 168 82 225
diningtable 0.0018 130 222 454 366
diningtable 0.0017 4 260 149 381
diningtable 0.0017 65 293 99 347
diningtable 0.0014 149 98 386 231
tvmonitor 0.0033 58 67 193 176
tvmonitor 0.0016 0 250 146 384
