person 0.8607 152 90 398 368
person 0.7785 431 148 470 219
person 0.6814 336 147 357 183
person 0.6060 383 144 424 224
person 0.5954 383 146 425 185
person 0.1943 399 179 453 231
person 0.0935 199 210 232 269
person 0.0829 89 136 340 346
person 0.0712 81 286 251 373
person 0.0393 347 181 406 219
person 0.0368 266 160 284 183
person 0.0226 82 179 133 252
person 0.0134 240 163 285 189
person 0.0132 53 180 132 279
person 0.0132 367 144 462 226
person 0.0096 395 167 422 228
person 0.0093 268 171 284 183
person 0.0084 3 221 233 372
person 0.0082 441 154 495 210
person 0.0078 151 186 232 274
person 0.0073 341 147 400 217
person 0.0072 485 133 499 161
person 0.0071 231 163 277 202
person 0.0067 96 214 268 368
person 0.0062 145 162 160 175
person 0.0060 339 145 371 184
person 0.0052 358 165 377 183
person 0.0044 315 115 382 194
person 0.0039 145 192 196 277
person 0.0038 427 140 442 161
person 0.0037 322 143 376 189
person 0.0036 95 176 134 202
person 0.0036 344 157 379 206
person 0.0035 -1 275 172 372
person 0.0033 440 178 467 219
person 0.0032 0 321 81 373
person 0.0030 438 150 472 195
person 0.0028 377 172 417 225
person 0.0028 341 135 359 176
person 0.0027 0 179 7 201
person 0.0026 403 238 500 364
person 0.0024 139 164 161 182
person 0.0023 340 135 352 161
person 0.0023 0 175 8 220
person 0.0022 421 134 464 181
person 0.0022 414 170 468 227
person 0.0022 200 149 406 242
person 0.0021 450 179 482 218
person 0.0021 113 178 241 236
person 0.0021 398 154 432 186
person 0.0020 344 163 375 183
person 0.0018 410 143 503 224
person 0.0017 233 155 279 183
person 0.0016 225 85 302 188
person 0.0016 84 178 121 226
person 0.0015 333 142 348 176
person 0.0015 425 158 446 213
person 0.0015 143 160 156 172
person 0.0014 145 158 153 167
person 0.0014 428 146 439 164
person 0.0013 0 168 37 226
person 0.0013 466 185 500 223
person 0.0012 363 163 387 184
person 0.0012 73 177 114 206
person 0.0012 149 179 215 234
person 0.0012 59 184 126 230
person 0.0011 382 163 391 182
person 0.0011 22 168 69 230
person 0.0011 349 150 362 182
person 0.0010 158 167 199 186
person 0.0010 90 171 142 232
car 0.0010 417 221 502 250
bottle 0.1103 379 164 384 183
bottle 0.0102 380 162 385 176
bottle 0.0092 363 163 387 184
bottle 0.0068 385 144 425 223
bottle 0.0054 427 133 443 159
bottle 0.0037 354 168 406 199
bottle 0.0037 384 146 424 185
bottle 0.0026 269 171 284 183
bottle 0.0026 199 207 228 271
bottle 0.0024 358 165 377 183
bottle 0.0023 268 158 283 183
bottle 0.0018 159 188 234 271
bottle 0.0016 382 163 391 182
bottle 0.0015 376 159 385 175
bottle 0.0012 158 167 199 186
bottle 0.0011 145 158 153 166
bottle 0.0011 358 170 368 182
bottle 0.0010 0 179 10 227
chair 0.8826 55 182 132 286
chair 0.8509 408 244 499 371
chair 0.7723 485 133 499 161
chair 0.7708 403 180 456 230
chair 0.6510 189 168 226 187
chair 0.5996 22 168 69 230
chair 0.5572 150 184 233 273
chair 0.5048 66 163 96 194
chair 0.4055 443 189 469 223
chair 0.3122 166 183 238 235
chair 0.2992 185 195 232 273
chair 0.2955 158 167 200 186
chair 0.2890 95 175 140 200
chair 0.2096 0 168 37 226
chair 0.2056 345 182 402 218
chair 0.1903 146 192 195 276
chair 0.1857 134 165 161 185
chair 0.1773 433 148 471 222
chair 0.1745 179 167 233 204
chair 0.1551 408 222 502 255
chair 0.1391 94 165 141 181
chair 0.1369 95 168 167 196
chair 0.1251 0 177 10 226
chair 0.1105 229 165 273 190
chair 0.1098 126 166 204 188
chair 0.0995 46 173 71 229
chair 0.0954 212 181 244 210
chair 0.0940 346 183 384 207
chair 0.0871 58 165 111 225
chair 0.0750 212 172 263 215
chair 0.0584 110 173 219 231
chair 0.0567 42 165 93 213
chair 0.0566 462 183 500 223
chair 0.0553 113 187 203 278
chair 0.0546 172 172 219 188
chair 0.0532 82 179 132 235
chair 0.0518 268 158 283 183
chair 0.0500 225 184 247 222
chair 0.0489 145 162 160 175
chair 0.0439 0 179 7 201
chair 0.0421 200 180 243 198
chair 0.0411 44 168 84 256
chair 0.0410 183 171 208 187
chair 0.0394 335 148 364 194
chair 0.0372 393 230 440 374
chair 0.0364 356 165 378 184
chair 0.0360 73 177 114 206
chair 0.0344 55 181 77 229
chair 0.0337 99 177 123 199
chair 0.0302 159 164 198 176
chair 0.0300 86 177 106 200
chair 0.0296 268 171 284 183
chair 0.0295 343 224 433 372
chair 0.0269 231 167 274 209
chair 0.0265 227 181 251 210
chair 0.0261 452 179 481 218
chair 0.0255 0 167 37 189
chair 0.0254 144 171 171 186
chair 0.0253 144 162 166 179
chair 0.0250 191 219 421 372
chair 0.0239 383 147 424 203
chair 0.0214 201 206 231 258
chair 0.0205 221 181 242 201
chair 0.0203 95 163 136 172
chair 0.0200 243 167 269 187
chair 0.0199 88 165 147 208
chair 0.0198 366 183 415 223
chair 0.0188 75 167 101 201
chair 0.0185 93 183 111 200
chair 0.0172 219 185 241 231
chair 0.0171 92 183 127 207
chair 0.0169 230 164 274 174
chair 0.0168 386 162 421 227
chair 0.0154 107 181 211 205
chair 0.0143 246 160 286 185
chair 0.0138 192 184 237 215
chair 0.0138 245 172 281 191
chair 0.0135 166 164 234 190
chair 0.0134 126 111 335 360
chair 0.0133 0 217 10 228
chair 0.0132 144 160 156 171
chair 0.0128 196 201 232 237
chair 0.0128 85 185 111 208
chair 0.0124 17 168 69 192
chair 0.0123 0 200 11 227
chair 0.0118 141 203 167 281
chair 0.0113 463 185 479 220
chair 0.0108 362 214 409 377
chair 0.0102 145 158 153 166
chair 0.0101 363 163 387 184
chair 0.0098 118 166 150 181
chair 0.0096 -1 168 48 200
chair 0.0096 426 133 442 160
chair 0.0085 228 178 270 223
chair 0.0085 81 286 251 372
chair 0.0083 96 166 124 178
chair 0.0082 20 191 35 228
chair 0.0080 222 168 250 183
chair 0.0080 1 166 36 177
chair 0.0079 378 164 385 183
sofa 0.0100 485 133 499 161
sofa 0.0063 465 184 499 223
sofa 0.0046 0 321 81 373
sofa 0.0019 151 186 232 274
sofa 0.0019 160 166 199 185
sofa 0.0015 408 244 499 371
sofa 0.0015 55 182 132 286
sofa 0.0014 89 136 340 346
sofa 0.0014 410 223 499 252
sofa 0.0013 433 148 471 222
sofa 0.0011 403 180 456 230
sofa 0.0011 113 178 241 236
sofa 0.0011 95 172 140 200
sofa 0.0010 198 210 230 269
sofa 0.0010 60 285 232 372
sofa 0.0010 443 189 469 223
pottedplant 0.1822 465 185 500 225
pottedplant 0.1078 426 131 442 160
pottedplant 0.0318 34 -24 391 266
pottedplant 0.0243 224 80 293 175
pottedplant 0.0237 357 164 378 182
pottedplant 0.0128 433 148 471 221
pottedplant 0.0106 233 155 279 183
pottedplant 0.0087 426 131 442 146
pottedplant 0.0073 384 146 424 186
pottedplant 0.0069 141 95 179 165
pottedplant 0.0068 234 84 336 188
pottedplant 0.0068 73 38 259 212
pottedplant 0.0050 123 161 163 183
pottedplant 0.0049 120 14 402 183
pottedplant 0.0049 175 53 309 228
pottedplant 0.0049 227 166 271 187
pottedplant 0.0047 444 189 472 223
pottedplant 0.0046 138 156 186 184
pottedplant 0.0040 220 124 272 184
pottedplant 0.0040 160 160 201 182
pottedplant 0.0038 421 134 464 181
pottedplant 0.0037 429 142 442 161
pottedplant 0.0031 206 40 309 172
pottedplant 0.0031 0 170 37 228
pottedplant 0.0031 457 160 500 204
pottedplant 0.0029 363 163 387 184
pottedplant 0.0028 226 89 265 167
pottedplant 0.0024 86 177 106 200
pottedplant 0.0021 226 168 266 210
pottedplant 0.0020 124 93 206 194
pottedplant 0.0020 467 207 500 224
pottedplant 0.0018 353 157 398 185
pottedplant 0.0017 335 146 359 183
pottedplant 0.0017 190 158 233 182
pottedplant 0.0015 212 146 241 170
pottedplant 0.0015 354 163 384 197
pottedplant 0.0014 425 131 439 141
pottedplant 0.0014 73 177 114 206
pottedplant 0.0013 186 83 225 168
pottedplant 0.0013 415 130 441 160
pottedplant 0.0013 245 159 287 192
pottedplant 0.0012 264 160 284 183
pottedplant 0.0012 220 150 270 174
pottedplant 0.0012 67 163 97 196
pottedplant 0.0011 196 148 221 171
pottedplant 0.0011 189 168 227 188
pottedplant 0.0011 230 164 274 174
pottedplant 0.0011 92 160 139 183
pottedplant 0.0010 227 168 254 184
pottedplant 0.0010 268 160 279 180
pottedplant 0.0010 221 107 290 214
pottedplant 0.0010 93 174 139 203
pottedplant 0.0010 73 91 143 171
pottedplant 0.0010 208 68 396 192
diningtable 0.4300 0 322 81 373
diningtable 0.3517 409 222 500 253
diningtable 0.2849 0 168 37 226
diningtable 0.2616 110 173 219 231
diningtable 0.2302 347 180 405 215
diningtable 0.2092 17 169 70 229
diningtable 0.1975 116 181 220 273
diningtable 0.1689 158 167 200 186
diningtable 0.1176 154 178 231 238
diningtable 0.1154 96 174 151 201
diningtable 0.1051 126 166 204 188
diningtable 0.1007 383 147 424 203
diningtable 0.0943 137 165 163 186
diningtable 0.0888 0 166 34 176
diningtable 0.0879 229 165 273 190
diningtable 0.0842 0 168 39 184
diningtable 0.0732 408 218 500 361
diningtable 0.0707 173 167 227 187
diningtable 0.0638 107 181 211 205
diningtable 0.0609 94 165 141 181
diningtable 0.0572 142 193 195 278
diningtable 0.0519 54 182 132 286
diningtable 0.0511 110 184 182 252
diningtable 0.0458 0 177 10 226
diningtable 0.0457 403 181 456 230
diningtable 0.0439 349 167 409 200
diningtable 0.0410 356 165 378 184
diningtable 0.0409 464 185 500 223
diningtable 0.0358 159 164 198 176
diningtable 0.0282 88 173 133 235
diningtable 0.0273 230 164 274 174
diningtable 0.0268 212 172 263 215
diningtable 0.0260 67 163 97 196
diningtable 0.0244 335 148 364 194
diningtable 0.0237 366 183 415 223
diningtable 0.0230 -1 168 48 200
diningtable 0.0218 377 165 386 184
diningtable 0.0191 370 180 410 199
diningtable 0.0190 144 171 171 186
diningtable 0.0185 0 179 7 201
diningtable 0.0182 356 178 414 190
diningtable 0.0182 107 182 196 194
diningtable 0.0172 433 148 471 222
diningtable 0.0171 97 176 167 192
diningtable 0.0166 16 168 69 192
diningtable 0.0163 95 175 162 238
diningtable 0.0145 363 163 387 184
diningtable 0.0136 0 166 67 180
diningtable 0.0132 129 199 170 279
diningtable 0.0129 216 166 269 181
diningtable 0.0129 443 190 468 224
diningtable 0.0129 427 221 502 242
diningtable 0.0125 109 166 159 184
diningtable 0.0125 403 222 500 286
diningtable 0.0124 346 183 384 207
diningtable 0.0120 377 182 402 216
diningtable 0.0120 208 175 247 199
diningtable 0.0117 124 93 375 371
diningtable 0.0114 179 167 233 204
diningtable 0.0113 354 163 384 197
diningtable 0.0109 455 161 499 196
diningtable 0.0104 379 181 404 190
diningtable 0.0103 385 205 445 375
diningtable 0.0102 485 133 499 161
diningtable 0.0101 95 163 136 172
diningtable 0.0095 0 217 10 228
diningtable 0.0094 58 14 366 258
diningtable 0.0091 353 157 398 185
diningtable 0.0090 243 167 269 187
diningtable 0.0090 408 184 502 264
diningtable 0.0087 73 177 114 206
diningtable 0.0087 58 165 111 225
diningtable 0.0086 442 154 496 208
diningtable 0.0085 183 171 208 187
diningtable 0.0084 412 235 502 270
diningtable 0.0083 383 184 409 229
diningtable 0.0083 264 160 284 183
diningtable 0.0083 355 176 386 188
diningtable 0.0082 138 175 190 187
diningtable 0.0081 225 168 257 184
diningtable 0.0080 173 182 239 218
diningtable 0.0077 353 204 422 374
diningtable 0.0075 378 181 401 197
diningtable 0.0074 45 170 71 228
diningtable 0.0072 437 193 495 232
diningtable 0.0071 0 197 14 229
diningtable 0.0070 212 181 244 210
diningtable 0.0070 95 162 166 206
diningtable 0.0064 0 170 15 197
diningtable 0.0063 380 176 430 229
diningtable 0.0063 145 162 160 175
diningtable 0.0059 -6 167 118 236
diningtable 0.0058 245 159 287 192
diningtable 0.0057 0 161 49 173
diningtable 0.0056 120 175 174 188
diningtable 0.0055 86 176 105 199
diningtable 0.0055 144 162 166 179
diningtable 0.0055 222 165 259 202
diningtable 0.0054 245 172 281 191
diningtable 0.0051 159 188 234 271
