person 0.0220 376 146 389 153
person 0.0127 245 166 311 194
person 0.0114 423 69 427 75
person 0.0100 293 182 306 202
person 0.0088 119 47 126 58
person 0.0064 41 52 48 62
person 0.0056 364 18 368 25
person 0.0051 238 85 285 104
person 0.0045 321 40 328 47
person 0.0036 495 48 499 60
person 0.0035 493 73 499 80
person 0.0034 114 47 124 55
person 0.0030 494 16 500 27
person 0.0029 441 53 452 61
person 0.0028 28 58 35 65
person 0.0028 40 52 50 65
person 0.0026 381 19 386 28
person 0.0021 490 48 499 55
person 0.0020 119 47 125 52
person 0.0020 121 47 130 59
person 0.0016 255 41 262 50
person 0.0015 39 50 69 65
person 0.0015 355 61 366 69
person 0.0014 495 55 499 68
person 0.0014 491 9 499 27
person 0.0014 296 8 300 16
person 0.0014 249 41 260 50
person 0.0013 314 38 329 47
person 0.0013 325 15 330 20
person 0.0013 94 50 107 60
person 0.0013 349 1 353 8
person 0.0013 236 43 242 50
person 0.0012 189 45 204 57
person 0.0012 27 55 37 65
person 0.0012 115 47 128 60
person 0.0012 364 15 370 24
person 0.0012 192 49 202 56
person 0.0012 495 68 500 79
person 0.0011 472 6 484 17
person 0.0011 461 50 475 59
person 0.0011 414 6 425 16
person 0.0011 242 42 250 50
person 0.0011 137 48 144 57
person 0.0011 0 6 7 14
person 0.0010 237 42 246 50
person 0.0010 55 48 80 66
person 0.0010 444 52 457 61
bicycle 0.0010 376 147 389 155
car 0.8504 244 167 310 195
car 0.7083 236 85 285 105
car 0.0140 493 74 499 80
car 0.0117 236 94 256 106
car 0.0075 321 40 328 47
car 0.0069 288 36 326 49
car 0.0053 237 89 261 105
car 0.0046 314 38 328 47
car 0.0041 427 50 494 61
car 0.0039 490 2 499 25
car 0.0034 459 51 471 59
car 0.0033 377 146 389 153
car 0.0029 246 166 309 181
car 0.0028 490 48 499 55
car 0.0025 453 50 478 60
car 0.0024 495 48 499 60
car 0.0023 305 35 325 46
car 0.0023 418 6 487 27
car 0.0023 403 57 420 65
car 0.0022 -28 79 486 267
car 0.0022 326 43 343 47
car 0.0021 18 69 444 153
car 0.0019 441 54 451 61
car 0.0017 437 52 457 62
car 0.0017 494 16 500 27
car 0.0015 120 47 127 56
car 0.0014 355 61 365 69
car 0.0014 249 87 279 102
car 0.0012 292 181 309 199
car 0.0011 322 42 330 47
car 0.0011 495 68 500 79
car 0.0011 452 51 468 59
car 0.0010 413 6 426 15
car 0.0010 189 45 204 57
motorbike 0.0023 245 166 311 194
motorbike 0.0018 376 146 389 154
motorbike 0.0013 237 85 285 105
aeroplane 0.0011 80 61 501 126
bus 0.2058 3 99 304 142
bus 0.0460 212 46 499 120
bus 0.0201 235 84 285 106
bus 0.0117 -3 79 476 168
bus 0.0113 332 48 486 72
bus 0.0072 414 4 480 26
bus 0.0061 219 45 500 78
bus 0.0051 490 2 499 25
bus 0.0046 68 64 493 135
bus 0.0023 226 81 405 116
bus 0.0022 427 50 494 61
bus 0.0020 95 105 265 138
bus 0.0017 244 167 310 195
bus 0.0017 355 54 418 70
bus 0.0012 480 1 500 25
bus 0.0010 364 58 404 70
train 0.1046 3 99 304 142
train 0.0705 212 46 499 120
train 0.0232 414 4 480 26
train 0.0120 337 49 496 70
train 0.0099 219 45 500 78
train 0.0072 489 0 500 26
train 0.0043 -3 79 476 168
train 0.0025 443 48 496 61
train 0.0022 413 1 471 18
train 0.0016 165 77 471 118
train 0.0015 480 0 500 28
train 0.0015 238 83 289 104
train 0.0014 413 5 426 15
train 0.0013 68 64 493 135
train 0.0011 453 50 478 60
train 0.0011 413 5 440 19
boat 0.0102 413 6 490 25
boat 0.0022 490 2 499 25
boat 0.0013 424 17 482 29
dog 0.0077 376 146 389 153
horse 0.0051 376 146 389 153
cow 0.0026 376 146 389 153
chair 0.0011 377 146 389 153
