person 0.3733 176 116 197 139
person 0.1766 405 142 414 167
person 0.1255 393 142 400 162
person 0.1137 283 96 299 116
person 0.1110 271 96 296 116
person 0.1008 203 101 231 136
person 0.0784 416 148 424 161
person 0.0709 401 140 412 166
person 0.0699 397 142 403 162
person 0.0665 130 56 386 206
person 0.0597 287 95 306 114
person 0.0484 293 97 308 117
person 0.0456 430 153 446 173
person 0.0445 409 146 423 163
person 0.0365 211 101 231 126
person 0.0316 428 145 450 171
person 0.0296 151 108 180 138
person 0.0289 145 111 169 138
person 0.0234 164 105 196 140
person 0.0222 389 133 398 164
person 0.0163 478 143 485 154
person 0.0160 407 149 420 164
person 0.0159 272 87 296 110
person 0.0155 334 108 347 122
person 0.0155 215 104 233 138
person 0.0152 196 106 222 137
person 0.0143 420 147 429 159
person 0.0139 174 120 198 151
person 0.0121 410 141 421 157
person 0.0120 178 102 200 135
person 0.0116 329 108 339 122
person 0.0105 402 146 409 164
person 0.0104 473 153 490 181
person 0.0096 436 157 447 178
person 0.0090 265 88 284 112
person 0.0087 328 98 340 122
person 0.0086 397 130 406 159
person 0.0083 192 114 215 136
person 0.0083 162 112 184 143
person 0.0081 294 95 307 109
person 0.0071 435 144 488 182
person 0.0070 199 101 223 125
person 0.0068 266 99 286 115
person 0.0066 483 156 492 179
person 0.0066 338 99 349 123
person 0.0062 429 148 459 180
person 0.0062 184 92 245 145
person 0.0054 495 150 499 159
person 0.0049 145 110 162 130
person 0.0049 479 158 489 180
person 0.0048 322 110 334 121
person 0.0047 238 89 248 107
person 0.0047 321 97 337 122
person 0.0044 160 105 179 132
person 0.0041 423 150 432 166
person 0.0041 391 148 398 165
person 0.0040 407 139 413 150
person 0.0040 472 155 484 176
person 0.0039 149 101 197 149
person 0.0039 316 110 328 121
person 0.0035 271 84 284 101
person 0.0033 185 102 204 130
person 0.0031 340 112 350 123
person 0.0028 309 94 327 119
person 0.0028 389 138 405 164
person 0.0027 144 111 156 135
person 0.0026 169 104 189 134
person 0.0025 176 101 196 124
person 0.0025 476 148 489 173
person 0.0025 184 91 292 128
person 0.0024 424 144 471 172
person 0.0024 305 94 318 112
person 0.0023 413 151 426 166
person 0.0022 382 130 393 165
person 0.0022 329 93 338 104
person 0.0021 348 108 359 124
person 0.0019 309 92 320 106
person 0.0018 156 124 188 146
person 0.0018 215 98 229 114
person 0.0017 147 98 172 129
person 0.0016 483 149 497 176
person 0.0016 188 122 212 140
person 0.0016 323 91 334 103
person 0.0015 421 143 433 156
person 0.0015 331 94 349 116
person 0.0013 407 139 424 166
person 0.0013 411 138 421 146
person 0.0013 311 105 331 121
person 0.0012 147 124 168 140
person 0.0012 239 84 257 106
person 0.0012 343 105 368 124
person 0.0012 270 78 289 102
person 0.0012 254 91 278 113
person 0.0012 352 109 365 125
person 0.0012 350 101 359 121
person 0.0011 428 157 436 171
person 0.0011 219 99 244 133
person 0.0011 489 153 499 180
person 0.0011 351 99 366 121
person 0.0011 283 95 319 118
bicycle 0.0370 417 150 425 161
bicycle 0.0212 406 143 414 166
bicycle 0.0195 406 149 420 165
bicycle 0.0039 402 146 409 164
bicycle 0.0027 413 151 426 166
bicycle 0.0025 397 142 403 162
bicycle 0.0023 429 144 451 169
bicycle 0.0018 430 151 447 173
bicycle 0.0018 406 154 413 166
bicycle 0.0013 392 145 398 163
bicycle 0.0011 410 155 419 166
car 0.4404 432 144 488 182
car 0.1899 428 144 455 171
car 0.0356 429 148 445 171
car 0.0275 495 150 499 160
car 0.0266 483 156 492 179
car 0.0125 428 144 447 163
car 0.0112 416 148 425 161
car 0.0100 473 153 490 181
car 0.0082 132 56 382 206
car 0.0064 492 149 500 161
car 0.0063 483 149 497 176
car 0.0061 489 153 499 180
car 0.0048 416 143 424 158
car 0.0048 405 143 415 165
car 0.0047 420 147 429 159
car 0.0042 476 147 489 174
car 0.0040 429 141 480 167
car 0.0040 479 158 489 180
car 0.0037 409 145 423 163
car 0.0032 436 157 448 178
car 0.0032 472 153 484 172
car 0.0028 483 149 499 158
car 0.0025 427 145 440 155
car 0.0024 423 150 432 166
car 0.0020 478 142 487 156
car 0.0018 430 144 462 157
car 0.0016 483 159 498 181
car 0.0011 421 143 433 156
car 0.0011 428 157 436 171
car 0.0011 416 139 424 147
motorbike 0.0133 429 154 441 172
motorbike 0.0103 429 144 451 169
motorbike 0.0066 436 157 448 178
motorbike 0.0037 417 150 424 161
motorbike 0.0029 405 143 415 165
motorbike 0.0026 429 148 459 180
motorbike 0.0018 435 144 488 182
motorbike 0.0015 428 157 436 171
motorbike 0.0012 420 147 429 159
motorbike 0.0012 430 161 441 173
motorbike 0.0010 478 156 490 178
motorbike 0.0010 469 153 487 179
bus 0.9091 132 57 383 206
bus 0.0128 436 145 487 182
bus 0.0022 428 143 457 172
train 0.0016 130 57 386 206
boat 0.0015 130 57 386 206
