person 0.6642 106 123 258 339
person 0.4902 348 156 484 313
person 0.3165 199 184 461 497
person 0.1519 93 110 267 500
person 0.1431 412 191 472 220
person 0.0442 487 160 498 253
person 0.0412 347 155 428 282
person 0.0387 461 144 497 341
person 0.0326 343 150 488 474
person 0.0263 433 159 497 314
person 0.0258 185 174 229 220
person 0.0185 472 156 498 277
person 0.0177 374 174 488 259
person 0.0170 142 133 398 447
person 0.0150 399 186 497 355
person 0.0131 492 159 498 238
person 0.0109 226 198 383 293
person 0.0101 168 182 396 340
person 0.0073 489 159 498 189
person 0.0049 441 160 491 255
person 0.0044 178 191 335 448
person 0.0043 156 166 273 442
person 0.0041 147 165 222 245
person 0.0036 407 198 462 234
person 0.0033 95 87 108 122
person 0.0030 241 151 478 371
person 0.0025 454 195 499 467
person 0.0025 458 193 472 216
person 0.0024 479 160 498 347
person 0.0023 394 234 472 312
person 0.0023 105 44 473 395
person 0.0019 212 267 253 287
person 0.0018 388 171 446 275
person 0.0017 485 155 498 199
person 0.0016 259 179 393 443
person 0.0015 409 194 475 261
person 0.0014 484 194 498 316
person 0.0014 104 270 426 501
person 0.0014 186 205 273 386
person 0.0013 412 213 495 462
person 0.0012 346 0 454 40
person 0.0010 337 151 475 243
person 0.0010 4 405 165 500
person 0.0010 480 197 497 462
bird 0.0010 349 0 399 34
dog 0.0010 94 144 265 466
sheep 0.0010 183 203 477 499
sheep 0.0010 428 414 496 500
cow 0.0016 428 414 496 500
bottle 0.0311 185 184 225 218
bottle 0.0182 105 111 260 345
bottle 0.0157 78 95 84 120
bottle 0.0048 82 97 94 120
bottle 0.0047 79 91 105 121
bottle 0.0040 77 74 87 123
bottle 0.0039 76 52 93 103
bottle 0.0037 95 87 108 122
bottle 0.0034 88 56 96 69
bottle 0.0026 172 165 211 216
bottle 0.0025 81 54 96 76
bottle 0.0020 210 265 252 285
bottle 0.0018 77 67 102 125
bottle 0.0017 411 190 470 218
bottle 0.0014 214 270 240 286
bottle 0.0013 86 50 99 96
bottle 0.0012 76 55 90 76
bottle 0.0010 347 158 485 289
chair 0.5646 16 178 198 502
chair 0.3929 411 191 472 219
chair 0.1544 15 176 119 397
chair 0.1241 142 184 436 497
chair 0.1072 3 367 194 499
chair 0.0715 74 128 265 501
chair 0.0397 351 149 488 287
chair 0.0108 403 182 496 251
chair 0.0108 0 404 129 499
chair 0.0096 34 168 237 379
chair 0.0075 -1 174 84 490
chair 0.0068 176 191 308 450
chair 0.0052 407 198 462 234
chair 0.0049 50 182 158 360
chair 0.0030 88 167 191 390
chair 0.0028 109 275 358 500
chair 0.0027 106 119 258 347
chair 0.0023 409 212 428 223
chair 0.0023 171 204 391 374
chair 0.0021 86 180 128 337
chair 0.0021 211 264 253 287
chair 0.0019 184 259 299 376
chair 0.0018 99 225 261 389
chair 0.0018 11 172 125 226
chair 0.0017 435 158 497 315
chair 0.0015 273 180 489 497
chair 0.0015 99 206 159 348
chair 0.0015 352 166 481 232
chair 0.0013 458 193 472 216
chair 0.0012 7 135 129 286
chair 0.0012 102 180 126 230
chair 0.0012 491 161 498 245
chair 0.0012 77 288 205 500
chair 0.0012 441 160 491 255
chair 0.0011 162 309 269 497
chair 0.0011 488 159 498 184
chair 0.0010 135 245 287 431
chair 0.0010 386 198 494 483
sofa 0.0065 94 144 265 466
sofa 0.0065 411 190 470 218
sofa 0.0047 351 151 485 293
sofa 0.0040 3 367 194 499
sofa 0.0038 170 188 453 496
sofa 0.0032 28 172 230 501
sofa 0.0023 15 176 119 397
sofa 0.0016 374 174 488 259
sofa 0.0011 412 213 495 462
sofa 0.0011 491 161 498 245
pottedplant 0.0047 343 0 476 42
diningtable 0.0021 409 190 470 218
diningtable 0.0019 161 204 475 499
diningtable 0.0017 89 305 433 498
diningtable 0.0013 27 173 229 500
diningtable 0.0011 94 271 183 419
diningtable 0.0010 0 180 70 494
tvmonitor 0.0010 411 190 470 218
