person 0.0013 88 90 132 132
person 0.0012 89 59 247 136
bird 0.3062 89 59 248 137
bird 0.0132 88 90 128 129
bird 0.0117 139 67 250 115
bird 0.0023 196 85 217 99
bird 0.0013 85 81 151 135
bird 0.0013 177 88 218 103
cat 0.0541 89 60 247 136
cat 0.0038 88 90 133 129
dog 0.2239 89 60 247 136
dog 0.0151 88 90 133 129
dog 0.0033 85 81 151 135
horse 0.0052 89 59 247 136
horse 0.0043 88 90 133 129
sheep 0.2060 89 59 248 137
sheep 0.0040 88 90 133 129
sheep 0.0032 164 73 236 111
sheep 0.0012 139 64 251 116
cow 0.0145 89 59 247 136
cow 0.0015 88 90 132 132
