person 0.4442 170 44 495 330
person 0.0986 173 56 316 315
person 0.0633 226 80 393 328
person 0.0113 291 152 366 319
person 0.0103 0 137 22 171
person 0.0085 0 158 20 331
person 0.0082 64 112 118 193
person 0.0063 94 124 118 161
person 0.0060 161 132 187 181
person 0.0057 372 101 499 180
person 0.0056 1 99 172 327
person 0.0044 0 110 14 137
person 0.0039 100 124 116 151
person 0.0035 74 119 111 165
person 0.0030 0 109 19 152
person 0.0028 28 92 150 244
person 0.0026 0 125 37 327
person 0.0025 31 101 111 201
person 0.0023 378 94 498 326
person 0.0017 483 102 499 128
person 0.0017 162 135 184 162
person 0.0012 55 108 81 159
person 0.0011 98 131 171 203
person 0.0010 436 119 499 328
person 0.0010 196 125 289 318
person 0.0010 15 37 380 325
person 0.0010 85 119 119 177
car 0.0015 0 133 25 327
car 0.0010 0 136 24 173
motorbike 0.0010 0 160 22 331
aeroplane 0.0010 0 138 22 173
train 0.0010 0 123 25 304
bird 0.0012 170 45 496 330
bird 0.0010 0 138 22 171
bottle 0.0067 0 159 21 330
chair 0.0106 0 159 21 330
chair 0.0014 0 137 22 172
chair 0.0010 0 125 37 327
pottedplant 0.0048 0 159 21 330
tvmonitor 0.0023 0 123 25 304
