person 0.8350 4 14 349 469
person 0.0163 257 338 350 466
person 0.0034 113 337 251 466
person 0.0027 260 0 301 25
person 0.0025 288 22 349 463
person 0.0024 170 337 347 466
person 0.0018 1 61 145 424
person 0.0016 0 274 7 320
person 0.0015 137 372 182 442
person 0.0015 0 160 136 323
person 0.0014 0 264 54 464
person 0.0014 54 434 121 466
bicycle 0.0048 258 338 349 467
motorbike 0.0051 262 336 350 468
bird 0.0041 108 338 183 458
bird 0.0019 138 373 182 441
bottle 0.0224 96 318 180 461
bottle 0.0049 137 372 182 442
bottle 0.0023 55 433 122 467
bottle 0.0016 129 339 234 466
bottle 0.0014 57 450 87 467
bottle 0.0012 265 435 280 467
bottle 0.0012 262 336 350 468
bottle 0.0011 266 456 279 467
chair 0.0338 256 337 353 468
chair 0.0016 0 197 132 320
chair 0.0015 2 16 354 469
chair 0.0015 -1 268 357 464
chair 0.0012 0 264 54 464
chair 0.0011 165 325 346 466
chair 0.0010 93 318 178 461
sofa 0.0027 -1 7 348 465
sofa 0.0017 0 160 136 323
sofa 0.0016 258 338 349 467
pottedplant 0.0148 264 339 351 466
pottedplant 0.0027 309 334 349 465
pottedplant 0.0016 260 0 301 25
pottedplant 0.0014 315 421 350 466
