person 0.1501 301 155 332 203
person 0.0270 305 154 326 187
person 0.0040 290 164 308 203
person 0.0039 296 145 322 173
person 0.0029 313 155 340 196
person 0.0029 294 163 307 183
person 0.0019 314 155 334 171
person 0.0016 294 166 306 176
person 0.0016 303 154 322 175
person 0.0016 117 122 130 142
person 0.0015 323 149 339 171
person 0.0015 308 147 322 159
person 0.0011 308 146 349 202
person 0.0011 288 176 301 202
person 0.0010 323 156 337 166
bicycle 0.0030 331 167 401 326
bicycle 0.0013 290 238 487 330
bicycle 0.0011 156 173 171 211
car 0.0011 337 167 400 315
car 0.0010 175 150 194 166
motorbike 0.0254 328 168 400 322
bus 0.0047 0 104 65 327
bottle 0.0023 70 227 84 251
bottle 0.0016 118 121 131 143
bottle 0.0012 370 86 376 102
bottle 0.0011 179 150 195 165
bottle 0.0010 69 223 84 241
chair 0.3586 298 156 337 205
chair 0.1116 337 167 400 315
chair 0.0683 66 281 84 322
chair 0.0409 293 173 325 205
chair 0.0348 318 171 339 203
chair 0.0215 193 167 222 200
chair 0.0165 305 154 326 187
chair 0.0135 174 173 203 208
chair 0.0124 293 165 313 202
chair 0.0112 290 222 411 329
chair 0.0108 441 242 499 322
chair 0.0107 369 145 385 162
chair 0.0106 287 310 399 331
chair 0.0106 294 166 306 176
chair 0.0100 387 152 470 195
chair 0.0097 89 146 111 172
chair 0.0094 294 163 307 183
chair 0.0094 340 168 400 244
chair 0.0088 324 168 496 329
chair 0.0087 377 152 394 176
chair 0.0086 289 172 303 203
chair 0.0084 303 176 340 206
chair 0.0083 313 155 340 196
chair 0.0082 324 165 353 205
chair 0.0078 62 159 87 166
chair 0.0073 333 139 362 201
chair 0.0069 204 163 223 188
chair 0.0068 154 168 173 210
chair 0.0060 343 154 362 189
chair 0.0060 327 155 339 166
chair 0.0060 362 144 382 163
chair 0.0058 387 234 499 330
chair 0.0057 324 178 344 208
chair 0.0056 390 143 405 154
chair 0.0054 402 185 495 216
chair 0.0053 377 148 389 168
chair 0.0052 179 150 195 165
chair 0.0052 182 167 214 198
chair 0.0051 323 149 339 171
chair 0.0047 62 173 111 223
chair 0.0047 397 140 437 154
chair 0.0046 308 147 322 159
chair 0.0046 61 160 89 178
chair 0.0044 194 155 210 164
chair 0.0043 295 145 322 174
chair 0.0043 206 170 222 202
chair 0.0042 345 166 362 182
chair 0.0042 308 146 349 202
chair 0.0041 288 274 487 330
chair 0.0041 165 159 216 207
chair 0.0039 388 152 403 178
chair 0.0038 162 148 187 166
chair 0.0037 316 146 328 162
chair 0.0037 388 119 442 153
chair 0.0035 290 159 306 192
chair 0.0034 68 153 111 178
chair 0.0033 340 164 362 198
chair 0.0033 351 133 391 164
chair 0.0032 151 148 169 205
chair 0.0031 67 175 111 189
chair 0.0031 299 146 309 161
chair 0.0031 341 139 360 181
chair 0.0030 321 160 340 189
chair 0.0029 62 164 92 186
chair 0.0029 332 145 380 213
chair 0.0029 421 180 471 200
chair 0.0028 192 159 215 174
chair 0.0027 194 161 222 180
chair 0.0026 151 150 166 173
chair 0.0024 152 162 166 173
chair 0.0024 314 155 334 171
chair 0.0023 286 144 304 169
chair 0.0023 375 255 462 331
chair 0.0023 478 187 499 205
chair 0.0023 152 159 175 176
chair 0.0022 462 316 499 333
chair 0.0022 155 147 187 174
chair 0.0022 303 146 315 160
chair 0.0022 396 196 498 300
chair 0.0021 204 170 246 200
chair 0.0021 323 151 335 166
chair 0.0020 389 148 449 177
chair 0.0020 391 164 498 226
chair 0.0020 160 171 179 211
chair 0.0020 107 147 137 163
chair 0.0019 420 188 439 203
chair 0.0019 267 182 303 205
chair 0.0019 492 218 500 245
chair 0.0019 359 156 381 171
chair 0.0019 191 165 215 189
chair 0.0019 294 157 307 172
chair 0.0017 193 156 216 168
chair 0.0017 167 151 197 171
chair 0.0017 162 171 197 210
chair 0.0016 303 154 322 175
chair 0.0016 396 209 498 251
chair 0.0016 370 154 386 169
chair 0.0016 329 151 342 166
chair 0.0016 379 154 430 183
chair 0.0016 442 303 499 333
sofa 0.0046 300 156 339 205
sofa 0.0026 66 280 84 322
sofa 0.0021 383 151 470 194
pottedplant 0.0128 251 94 259 107
diningtable 0.0323 168 168 214 206
diningtable 0.0222 193 167 222 200
diningtable 0.0172 62 170 109 218
diningtable 0.0159 168 152 218 191
diningtable 0.0131 175 177 203 207
diningtable 0.0094 395 211 499 248
diningtable 0.0081 396 196 498 300
diningtable 0.0066 192 159 215 174
diningtable 0.0064 442 242 499 316
diningtable 0.0058 166 151 197 171
diningtable 0.0048 195 161 222 180
diningtable 0.0042 62 174 108 190
diningtable 0.0036 162 171 197 210
diningtable 0.0036 401 203 490 217
diningtable 0.0034 175 158 219 179
diningtable 0.0030 412 184 499 216
diningtable 0.0030 155 147 187 174
diningtable 0.0028 284 310 421 332
diningtable 0.0027 401 236 498 324
diningtable 0.0025 191 165 215 189
diningtable 0.0022 391 164 498 226
diningtable 0.0020 204 170 246 200
diningtable 0.0017 63 178 111 250
diningtable 0.0016 187 169 207 194
diningtable 0.0015 303 153 340 200
diningtable 0.0014 154 167 174 211
diningtable 0.0013 160 158 198 174
diningtable 0.0013 193 154 212 166
diningtable 0.0012 66 280 84 322
diningtable 0.0012 289 303 486 332
diningtable 0.0011 152 150 206 212
diningtable 0.0011 414 183 478 204
diningtable 0.0011 390 152 474 204
diningtable 0.0011 211 173 246 190
diningtable 0.0011 175 162 205 187
diningtable 0.0011 323 156 337 166
diningtable 0.0010 317 162 339 188
diningtable 0.0010 88 162 158 244
diningtable 0.0010 323 166 495 330
tvmonitor 0.5599 180 150 195 165
tvmonitor 0.1533 162 148 193 166
tvmonitor 0.0985 219 92 237 102
tvmonitor 0.0348 263 125 288 141
tvmonitor 0.0227 444 242 499 315
tvmonitor 0.0202 155 95 207 148
tvmonitor 0.0129 471 126 499 176
tvmonitor 0.0084 0 103 66 331
tvmonitor 0.0076 194 155 210 164
tvmonitor 0.0072 166 151 197 171
tvmonitor 0.0057 178 146 196 174
tvmonitor 0.0050 189 154 211 167
tvmonitor 0.0050 262 123 289 190
tvmonitor 0.0047 276 126 289 141
tvmonitor 0.0030 151 148 170 169
tvmonitor 0.0028 185 152 207 164
tvmonitor 0.0026 336 139 360 183
tvmonitor 0.0023 389 217 500 328
tvmonitor 0.0022 163 158 220 203
tvmonitor 0.0020 247 92 261 108
tvmonitor 0.0020 155 147 187 174
tvmonitor 0.0019 490 131 499 170
tvmonitor 0.0019 170 140 199 168
tvmonitor 0.0018 339 139 360 164
tvmonitor 0.0017 362 144 382 163
tvmonitor 0.0015 88 146 112 172
tvmonitor 0.0015 470 134 499 208
tvmonitor 0.0013 46 124 59 139
tvmonitor 0.0012 104 148 142 166
tvmonitor 0.0012 369 145 385 162
tvmonitor 0.0012 300 145 314 158
tvmonitor 0.0010 390 152 474 204
tvmonitor 0.0010 295 143 322 160
tvmonitor 0.0010 191 158 222 190
