person 0.0215 173 1 304 145
person 0.0035 99 15 452 331
person 0.0035 152 0 210 77
person 0.0021 -3 13 231 324
person 0.0016 446 294 499 330
person 0.0016 132 0 362 62
person 0.0013 241 87 397 328
person 0.0012 159 0 385 207
car 0.0016 421 0 500 200
bird 0.2739 111 127 263 238
bird 0.2318 176 0 305 148
bird 0.2217 107 38 387 306
bird 0.1810 245 143 390 332
bird 0.0349 166 0 392 200
bird 0.0180 2 -15 446 328
bird 0.0142 77 83 307 257
bird 0.0083 299 71 378 148
bird 0.0082 10 43 260 318
bird 0.0049 205 57 443 315
bird 0.0044 241 53 405 153
bird 0.0043 53 91 211 207
bird 0.0029 67 147 453 329
bird 0.0029 230 4 301 140
bird 0.0018 132 0 362 62
bird 0.0017 53 162 266 329
bird 0.0012 113 165 159 205
cat 0.0163 176 0 305 148
cat 0.0040 145 23 471 328
cat 0.0036 241 87 397 328
cat 0.0027 131 5 387 243
cat 0.0014 -3 13 231 324
cat 0.0012 112 128 265 237
cat 0.0010 107 93 384 309
dog 0.0199 176 0 305 148
dog 0.0056 132 3 386 244
dog 0.0041 145 23 471 328
dog 0.0029 245 143 390 332
dog 0.0025 -3 13 231 324
dog 0.0016 107 93 384 309
dog 0.0013 112 128 265 237
horse 0.0016 171 0 307 146
sheep 0.0065 173 1 304 145
sheep 0.0029 132 3 386 244
cow 0.0011 176 0 305 148
bottle 0.0362 0 3 72 324
bottle 0.0323 -1 -1 71 144
bottle 0.0189 152 0 210 77
bottle 0.0102 0 0 33 133
bottle 0.0021 0 139 52 257
bottle 0.0015 0 161 45 330
bottle 0.0014 174 0 303 144
bottle 0.0013 40 0 76 97
bottle 0.0011 111 81 395 324
bottle 0.0011 110 0 275 134
chair 0.0021 176 0 305 148
chair 0.0012 152 0 210 77
chair 0.0011 172 -1 365 47
sofa 0.0010 172 -1 365 47
pottedplant 0.0022 171 0 307 146
pottedplant 0.0012 218 0 494 322
diningtable 0.0130 103 29 390 317
diningtable 0.0053 112 123 286 241
diningtable 0.0034 151 0 203 80
diningtable 0.0030 3 0 265 106
diningtable 0.0021 -1 0 98 327
diningtable 0.0017 -2 13 231 327
diningtable 0.0013 35 -1 358 144
tvmonitor 0.0165 251 0 361 41
tvmonitor 0.0059 173 -1 363 48
tvmonitor 0.0012 152 25 493 328
