person 0.0181 458 136 499 269
person 0.0053 459 223 499 270
person 0.0012 219 43 243 127
person 0.0011 192 44 216 125
boat 0.0044 81 142 186 228
bottle 0.8695 219 43 243 127
bottle 0.8682 191 43 215 127
bottle 0.3954 195 44 234 125
bottle 0.0057 201 44 261 127
bottle 0.0038 266 142 304 208
bottle 0.0023 197 43 210 67
bottle 0.0017 220 75 242 98
bottle 0.0017 192 72 215 94
bottle 0.0012 196 43 212 88
chair 0.1344 162 43 498 263
chair 0.0599 458 136 499 269
chair 0.0073 459 223 499 270
chair 0.0055 374 38 500 190
chair 0.0043 266 142 304 208
chair 0.0021 154 130 355 267
chair 0.0017 -1 243 100 270
chair 0.0012 490 0 500 71
chair 0.0010 332 43 501 264
chair 0.0010 425 122 499 265
sofa 0.7646 163 43 498 263
sofa 0.0841 459 136 499 269
sofa 0.0471 267 141 304 209
sofa 0.0060 154 130 355 267
sofa 0.0043 365 37 502 189
sofa 0.0035 80 143 186 226
sofa 0.0035 74 106 420 266
sofa 0.0032 30 -11 510 221
sofa 0.0030 460 223 499 269
pottedplant 0.7917 81 141 186 228
pottedplant 0.0031 191 44 216 126
pottedplant 0.0030 219 44 243 125
pottedplant 0.0023 267 141 304 209
pottedplant 0.0020 89 142 181 191
diningtable 0.0131 459 136 499 269
diningtable 0.0032 106 131 471 258
diningtable 0.0024 0 242 105 269
diningtable 0.0022 30 -11 510 221
diningtable 0.0019 266 142 304 209
tvmonitor 0.0010 459 136 499 269
