person 0.0556 462 200 471 209
person 0.0212 478 338 499 372
person 0.0197 440 199 473 227
person 0.0161 30 203 36 216
person 0.0139 13 205 20 214
person 0.0136 339 198 431 231
person 0.0109 454 199 471 208
person 0.0092 242 207 250 219
person 0.0060 202 206 244 226
person 0.0059 183 200 246 227
person 0.0057 67 185 71 199
person 0.0048 7 205 20 214
person 0.0040 138 201 155 216
person 0.0039 35 203 43 212
person 0.0039 146 203 158 214
person 0.0038 238 208 249 223
person 0.0037 127 199 152 217
person 0.0036 35 204 46 216
person 0.0033 63 202 99 223
person 0.0032 149 201 208 227
person 0.0032 237 209 247 218
person 0.0028 146 200 156 210
person 0.0028 108 203 120 211
person 0.0027 454 188 460 197
person 0.0025 276 202 320 225
person 0.0025 245 203 289 226
person 0.0024 121 207 147 225
person 0.0023 155 202 164 211
person 0.0021 231 210 248 225
person 0.0021 36 207 57 222
person 0.0020 419 199 446 228
person 0.0020 214 205 232 223
person 0.0019 489 342 499 373
person 0.0017 279 203 298 222
person 0.0017 38 198 58 212
person 0.0017 280 206 343 228
person 0.0016 33 205 44 219
person 0.0016 159 203 172 211
person 0.0016 36 208 76 226
person 0.0015 465 204 499 228
person 0.0015 265 206 287 224
person 0.0014 146 205 158 224
person 0.0014 30 202 39 218
person 0.0014 282 199 306 211
person 0.0014 65 197 77 206
person 0.0014 273 201 294 217
person 0.0013 150 204 166 213
person 0.0013 135 199 156 212
person 0.0013 103 205 124 220
person 0.0012 265 200 303 219
person 0.0012 17 138 24 152
person 0.0012 209 204 221 222
person 0.0012 183 191 241 216
person 0.0011 100 202 115 210
person 0.0011 452 192 460 198
person 0.0011 173 192 186 199
person 0.0011 99 206 145 225
person 0.0011 16 207 21 214
person 0.0011 119 200 130 208
person 0.0011 65 199 71 209
person 0.0010 336 206 360 215
person 0.0010 154 204 173 214
person 0.0010 46 199 61 210
bicycle 0.0164 478 338 499 372
bicycle 0.0014 489 342 499 373
car 0.8356 99 206 146 225
car 0.7653 37 207 80 226
car 0.7484 275 205 343 228
car 0.7407 148 202 208 227
car 0.6919 65 203 101 224
car 0.6881 465 204 500 228
car 0.6690 246 204 291 225
car 0.6288 340 199 431 232
car 0.5058 199 206 244 227
car 0.2547 439 200 473 228
car 0.2521 417 199 446 228
car 0.2015 121 207 147 225
car 0.1783 177 200 242 227
car 0.1500 260 202 317 226
car 0.0905 336 206 358 219
car 0.0696 124 198 155 218
car 0.0604 97 202 112 213
car 0.0521 253 198 300 222
car 0.0464 179 187 216 197
car 0.0421 92 202 121 220
car 0.0411 100 202 115 211
car 0.0377 99 204 118 214
car 0.0374 219 209 245 226
car 0.0300 182 202 209 226
car 0.0284 178 188 238 206
car 0.0256 179 192 238 216
car 0.0241 103 205 124 220
car 0.0228 478 338 499 373
car 0.0226 172 192 185 200
car 0.0209 152 203 177 216
car 0.0206 230 210 248 225
car 0.0202 61 204 87 224
car 0.0188 265 206 287 224
car 0.0177 96 205 111 222
car 0.0163 13 206 20 214
car 0.0160 80 203 106 218
car 0.0152 108 203 120 211
car 0.0144 143 205 168 225
car 0.0144 275 203 308 223
car 0.0140 462 200 472 209
car 0.0138 240 208 251 224
car 0.0138 93 200 107 207
car 0.0136 150 204 166 213
car 0.0123 257 198 298 212
car 0.0119 325 207 361 228
car 0.0118 7 205 20 214
car 0.0115 145 203 158 215
car 0.0113 147 203 182 226
car 0.0110 205 207 228 225
car 0.0110 244 208 263 225
car 0.0107 167 197 216 212
car 0.0102 155 202 164 211
car 0.0092 137 205 155 223
car 0.0092 36 207 52 224
car 0.0090 138 201 155 216
car 0.0088 123 198 150 209
car 0.0087 278 199 301 212
car 0.0085 303 207 346 227
car 0.0082 132 199 158 212
car 0.0082 146 205 158 224
car 0.0079 391 199 442 229
car 0.0076 54 212 81 226
car 0.0071 159 203 172 211
car 0.0069 163 201 179 213
car 0.0062 38 208 62 225
car 0.0060 35 204 46 215
car 0.0059 145 200 157 211
car 0.0055 273 201 294 217
car 0.0045 30 204 35 217
car 0.0043 167 191 197 204
car 0.0042 470 199 499 215
car 0.0039 320 207 344 226
car 0.0039 109 205 132 223
car 0.0036 265 209 306 225
car 0.0036 171 194 185 204
car 0.0036 96 198 111 205
car 0.0035 179 198 204 211
car 0.0032 486 205 499 225
car 0.0032 196 206 220 225
car 0.0031 160 203 179 221
car 0.0030 190 199 213 223
car 0.0030 214 206 239 222
car 0.0030 171 191 215 201
car 0.0029 321 207 343 215
car 0.0029 187 209 231 225
car 0.0028 83 203 98 212
car 0.0028 122 198 139 207
car 0.0025 77 208 102 224
car 0.0025 474 204 500 220
car 0.0025 341 200 397 226
car 0.0024 478 202 499 212
car 0.0023 119 194 158 209
car 0.0023 242 207 250 219
car 0.0023 237 209 247 218
car 0.0022 181 187 204 195
car 0.0021 147 186 228 232
car 0.0021 357 199 371 210
car 0.0021 176 189 190 197
car 0.0021 94 196 116 209
car 0.0020 16 207 21 214
motorbike 0.0133 478 338 499 373
motorbike 0.0014 207 207 245 226
aeroplane 0.0013 381 135 501 162
bus 0.0095 180 187 236 207
bus 0.0092 418 198 446 228
bus 0.0076 179 195 239 226
bus 0.0054 340 199 434 232
bus 0.0054 440 200 473 229
bus 0.0053 248 199 304 225
bus 0.0046 274 203 343 228
bus 0.0045 122 198 156 213
bus 0.0038 463 204 500 228
bus 0.0034 148 201 210 228
bus 0.0032 65 203 101 224
bus 0.0030 37 208 79 226
bus 0.0023 178 187 220 201
bus 0.0021 117 205 149 226
bus 0.0021 257 198 298 212
bus 0.0014 184 187 214 196
boat 0.0014 478 338 499 373
bird 0.0058 478 337 499 372
bird 0.0013 302 292 325 344
dog 0.0026 478 337 499 372
bottle 0.0023 478 338 499 372
chair 0.0017 478 338 499 373
pottedplant 0.0014 5 204 20 214
pottedplant 0.0012 13 206 20 214
