person 0.5516 80 15 504 368
person 0.0237 -16 12 341 372
person 0.0190 0 76 174 372
person 0.0084 -11 209 335 370
person 0.0073 35 248 172 371
person 0.0063 0 92 71 231
person 0.0029 -1 79 77 358
person 0.0012 0 201 14 249
person 0.0011 0 129 55 326
person 0.0010 0 250 44 365
bottle 0.7871 0 251 44 366
bottle 0.1322 36 246 171 371
bottle 0.1155 0 201 14 243
bottle 0.0221 0 239 9 276
bottle 0.0187 9 315 63 373
bottle 0.0159 190 343 231 374
bottle 0.0115 0 205 12 272
bottle 0.0103 0 174 13 236
bottle 0.0095 153 333 236 373
bottle 0.0088 29 322 73 374
bottle 0.0077 0 249 45 302
bottle 0.0076 0 249 7 278
bottle 0.0062 13 224 252 370
bottle 0.0060 26 285 81 373
bottle 0.0056 0 328 6 339
bottle 0.0046 236 277 255 305
bottle 0.0045 0 243 28 277
bottle 0.0042 9 250 45 278
bottle 0.0040 145 331 168 372
bottle 0.0034 0 175 16 211
bottle 0.0029 0 329 13 342
bottle 0.0028 0 223 40 289
bottle 0.0027 38 244 131 324
bottle 0.0023 -2 146 180 375
bottle 0.0019 0 303 32 366
bottle 0.0019 0 333 26 373
bottle 0.0017 0 177 13 200
bottle 0.0017 30 196 139 345
bottle 0.0016 28 331 54 374
bottle 0.0016 0 253 14 285
bottle 0.0015 0 197 48 313
bottle 0.0012 52 259 133 360
bottle 0.0011 -5 247 87 369
chair 0.0051 35 256 162 371
chair 0.0035 0 92 71 231
sofa 0.0070 0 92 71 231
diningtable 0.0025 0 92 71 231
diningtable 0.0024 151 331 236 374
diningtable 0.0023 0 203 14 255
diningtable 0.0020 -1 79 77 358
diningtable 0.0016 35 248 172 371
diningtable 0.0012 188 340 232 373
diningtable 0.0011 9 222 267 370
diningtable 0.0010 0 249 45 337
tvmonitor 0.0018 35 248 172 371
