person 0.8555 0 113 168 373
person 0.7803 345 65 499 364
person 0.0394 0 306 74 372
person 0.0346 493 346 499 375
person 0.0067 0 176 70 370
person 0.0061 113 177 193 320
person 0.0053 113 186 181 265
person 0.0027 224 242 258 353
person 0.0025 1 290 183 371
person 0.0015 70 168 135 321
person 0.0014 413 291 481 373
person 0.0012 491 335 499 369
person 0.0012 184 257 227 360
person 0.0010 0 104 36 385
person 0.0010 485 343 500 375
motorbike 0.0011 413 290 482 374
bird 0.0017 336 255 415 357
bottle 0.6738 224 242 259 345
bottle 0.0707 257 239 277 299
bottle 0.0489 172 205 187 256
bottle 0.0475 254 235 333 353
bottle 0.0429 268 236 299 295
bottle 0.0406 201 230 218 285
bottle 0.0383 225 236 257 302
bottle 0.0354 239 226 260 290
bottle 0.0344 272 234 291 270
bottle 0.0320 184 202 200 261
bottle 0.0315 181 221 203 292
bottle 0.0211 174 206 185 238
bottle 0.0197 241 227 253 265
bottle 0.0193 235 246 268 311
bottle 0.0182 206 232 215 264
bottle 0.0174 222 242 243 279
bottle 0.0161 235 323 306 374
bottle 0.0145 283 312 306 373
bottle 0.0141 297 313 319 370
bottle 0.0137 266 235 324 300
bottle 0.0118 168 214 182 267
bottle 0.0117 381 351 422 375
bottle 0.0109 184 258 227 359
bottle 0.0107 335 343 364 374
bottle 0.0094 138 226 393 376
bottle 0.0094 166 211 175 256
bottle 0.0089 187 229 219 297
bottle 0.0077 493 345 499 374
bottle 0.0077 307 348 339 374
bottle 0.0076 256 265 312 367
bottle 0.0075 216 243 231 288
bottle 0.0072 181 233 201 271
bottle 0.0068 324 249 417 373
bottle 0.0068 186 194 197 242
bottle 0.0068 114 184 196 315
bottle 0.0062 269 292 305 369
bottle 0.0061 144 192 204 290
bottle 0.0058 296 299 335 367
bottle 0.0055 173 229 255 344
bottle 0.0054 249 227 273 295
bottle 0.0053 226 242 243 265
bottle 0.0053 245 238 261 303
bottle 0.0053 285 311 302 349
bottle 0.0046 226 235 250 274
bottle 0.0045 258 246 286 331
bottle 0.0045 173 230 193 264
bottle 0.0044 204 258 221 292
bottle 0.0043 253 249 271 304
bottle 0.0037 182 255 206 314
bottle 0.0036 215 245 239 298
bottle 0.0035 171 231 184 263
bottle 0.0031 202 254 226 306
bottle 0.0031 258 238 283 269
bottle 0.0029 272 266 339 369
bottle 0.0027 277 234 294 259
bottle 0.0026 164 201 189 244
bottle 0.0026 303 206 345 298
bottle 0.0025 167 232 178 262
bottle 0.0024 127 204 298 324
bottle 0.0023 186 248 221 321
bottle 0.0022 184 226 199 255
bottle 0.0021 165 211 174 237
bottle 0.0021 158 209 177 257
bottle 0.0021 128 186 188 244
bottle 0.0019 155 223 172 254
bottle 0.0019 161 223 175 244
bottle 0.0019 413 291 481 374
bottle 0.0018 150 232 169 260
bottle 0.0018 261 256 299 309
bottle 0.0018 157 232 171 246
bottle 0.0017 150 214 168 256
bottle 0.0017 226 303 257 363
bottle 0.0017 254 279 302 337
bottle 0.0017 201 233 213 269
bottle 0.0016 156 232 174 263
bottle 0.0016 381 352 404 374
bottle 0.0015 175 193 185 230
bottle 0.0014 152 247 164 262
bottle 0.0013 158 246 173 262
bottle 0.0013 311 303 336 350
bottle 0.0012 269 232 404 368
bottle 0.0012 258 263 271 299
bottle 0.0011 154 252 164 261
bottle 0.0011 148 247 160 262
bottle 0.0011 187 211 198 245
bottle 0.0011 184 262 204 295
bottle 0.0011 151 195 178 238
bottle 0.0011 213 251 228 298
bottle 0.0011 153 227 167 251
bottle 0.0010 177 198 186 223
bottle 0.0010 283 203 364 356
bottle 0.0010 228 257 245 286
chair 0.0137 283 174 335 235
chair 0.0123 493 345 499 374
chair 0.0071 317 205 344 261
chair 0.0070 304 180 352 245
chair 0.0062 0 113 193 375
chair 0.0052 0 305 72 372
chair 0.0050 320 204 346 238
chair 0.0048 114 172 194 323
chair 0.0040 413 290 482 374
chair 0.0032 286 174 343 276
chair 0.0030 112 185 182 272
chair 0.0029 321 182 341 236
chair 0.0025 326 174 360 233
chair 0.0020 352 68 503 374
chair 0.0020 113 183 132 266
chair 0.0020 334 175 360 214
chair 0.0016 224 242 259 354
chair 0.0015 334 210 358 234
chair 0.0014 324 249 417 373
chair 0.0013 79 222 110 249
chair 0.0012 235 323 301 374
chair 0.0012 109 183 149 272
chair 0.0011 330 216 359 251
chair 0.0011 269 176 326 257
chair 0.0011 89 242 109 249
chair 0.0011 306 206 347 291
chair 0.0010 273 178 290 256
chair 0.0010 80 202 122 256
chair 0.0010 1 290 183 371
chair 0.0010 266 237 337 300
chair 0.0010 185 258 228 359
chair 0.0010 355 264 413 327
sofa 0.0090 0 305 72 372
sofa 0.0047 1 290 183 371
sofa 0.0014 493 345 499 374
sofa 0.0013 235 323 301 374
sofa 0.0010 0 176 70 370
sofa 0.0010 -1 101 169 382
pottedplant 0.2041 257 230 345 363
pottedplant 0.0516 303 206 345 298
pottedplant 0.0467 283 203 364 356
pottedplant 0.0453 268 232 406 368
pottedplant 0.0449 324 249 417 373
pottedplant 0.0354 266 235 324 300
pottedplant 0.0209 199 249 377 373
pottedplant 0.0194 317 205 344 261
pottedplant 0.0159 267 211 345 311
pottedplant 0.0125 255 239 311 327
pottedplant 0.0101 315 207 354 280
pottedplant 0.0099 286 174 343 276
pottedplant 0.0084 296 299 335 367
pottedplant 0.0077 308 207 378 303
pottedplant 0.0068 256 265 312 367
pottedplant 0.0061 326 248 403 299
pottedplant 0.0057 329 250 388 274
pottedplant 0.0051 224 242 259 354
pottedplant 0.0048 260 235 295 299
pottedplant 0.0041 271 232 301 286
pottedplant 0.0033 285 251 340 358
pottedplant 0.0025 235 323 306 374
pottedplant 0.0025 302 278 381 366
pottedplant 0.0024 0 113 193 375
pottedplant 0.0021 261 163 354 291
pottedplant 0.0019 280 248 338 306
pottedplant 0.0018 317 241 377 351
pottedplant 0.0013 310 294 337 351
diningtable 0.0846 235 323 301 374
diningtable 0.0762 224 242 259 354
diningtable 0.0570 109 314 236 372
diningtable 0.0488 138 226 393 376
diningtable 0.0453 118 311 382 371
diningtable 0.0425 184 258 227 359
diningtable 0.0317 254 232 342 363
diningtable 0.0286 229 310 262 368
diningtable 0.0220 69 263 293 373
diningtable 0.0149 158 313 184 327
diningtable 0.0119 413 291 482 374
diningtable 0.0061 493 345 499 374
diningtable 0.0061 124 314 188 334
diningtable 0.0057 264 229 413 368
diningtable 0.0052 296 299 335 367
diningtable 0.0052 143 314 187 328
diningtable 0.0051 381 352 424 375
diningtable 0.0047 337 288 486 373
diningtable 0.0046 240 307 375 372
diningtable 0.0045 173 229 255 344
diningtable 0.0040 307 348 339 374
diningtable 0.0040 327 255 415 373
diningtable 0.0034 111 310 202 351
diningtable 0.0033 130 296 204 339
diningtable 0.0031 1 302 278 372
diningtable 0.0027 0 113 193 375
diningtable 0.0026 25 153 400 362
diningtable 0.0019 143 290 463 381
diningtable 0.0016 123 199 191 322
diningtable 0.0014 280 203 364 358
diningtable 0.0014 131 262 235 351
diningtable 0.0014 182 233 211 312
diningtable 0.0013 160 309 255 369
diningtable 0.0012 335 344 364 374
diningtable 0.0011 225 236 257 302
diningtable 0.0011 127 204 298 324
diningtable 0.0011 88 183 216 349
tvmonitor 0.0072 286 177 332 227
tvmonitor 0.0063 116 184 194 285
tvmonitor 0.0022 120 186 177 246
tvmonitor 0.0016 126 192 178 225
