person 0.7347 45 65 57 97
person 0.5266 28 65 42 99
person 0.3282 5 63 16 89
person 0.3182 69 65 78 88
person 0.2816 34 65 57 98
person 0.1833 16 67 25 89
person 0.1585 28 48 37 62
person 0.1448 39 45 47 57
person 0.1248 4 57 14 70
person 0.1242 33 67 46 100
person 0.1236 239 87 272 127
person 0.1039 53 40 61 57
person 0.0743 23 67 38 96
person 0.0727 49 66 59 95
person 0.0644 58 69 68 85
person 0.0577 72 65 82 82
person 0.0554 78 66 86 82
person 0.0549 230 86 258 122
person 0.0513 8 66 20 89
person 0.0503 50 40 59 56
person 0.0470 2 56 17 77
person 0.0457 42 44 51 56
person 0.0437 34 45 44 61
person 0.0409 48 -8 466 300
person 0.0406 21 64 34 91
person 0.0396 0 65 11 85
person 0.0299 26 54 38 70
person 0.0286 28 63 40 84
person 0.0261 132 74 153 93
person 0.0240 252 93 271 124
person 0.0240 432 49 499 152
person 0.0217 20 58 37 70
person 0.0216 125 72 156 99
person 0.0200 103 25 109 33
person 0.0192 53 38 62 70
person 0.0178 21 60 35 78
person 0.0163 40 68 52 99
person 0.0154 11 64 27 92
person 0.0144 439 94 453 110
person 0.0129 160 49 171 62
person 0.0127 239 87 300 130
person 0.0115 250 86 266 112
person 0.0113 44 40 64 67
person 0.0106 349 2 356 14
person 0.0096 18 61 29 71
person 0.0092 57 67 67 79
person 0.0091 65 65 79 94
person 0.0089 443 96 457 111
person 0.0088 61 49 79 79
person 0.0083 196 7 332 114
person 0.0077 32 63 46 79
person 0.0077 102 22 108 32
person 0.0070 23 75 33 96
person 0.0069 493 98 499 115
person 0.0066 73 62 82 75
person 0.0063 26 48 40 66
person 0.0060 202 67 274 128
person 0.0060 40 64 51 81
person 0.0057 79 63 88 74
person 0.0056 35 43 56 59
person 0.0050 60 46 74 55
person 0.0050 115 76 153 106
person 0.0048 46 38 66 53
person 0.0044 176 86 202 115
person 0.0043 33 60 47 70
person 0.0043 82 64 91 77
person 0.0041 67 51 83 77
person 0.0040 14 63 65 97
person 0.0039 39 58 51 69
person 0.0038 13 42 141 88
person 0.0033 37 37 75 75
person 0.0033 255 104 272 127
person 0.0032 58 50 71 80
person 0.0032 173 54 205 66
person 0.0032 48 39 57 47
person 0.0032 382 5 392 17
person 0.0031 440 98 479 116
person 0.0030 140 75 157 90
person 0.0030 187 17 455 167
person 0.0030 170 48 186 61
person 0.0028 2 56 10 65
person 0.0027 251 94 285 130
person 0.0026 117 76 141 100
person 0.0025 487 100 500 115
person 0.0025 55 49 66 79
person 0.0025 342 3 347 12
person 0.0025 428 92 497 136
person 0.0024 46 51 57 77
person 0.0023 56 56 65 74
person 0.0023 9 51 95 94
person 0.0022 22 45 44 81
person 0.0022 447 100 465 113
person 0.0021 47 57 56 70
person 0.0021 7 56 18 66
person 0.0020 54 37 62 46
person 0.0020 77 64 93 83
person 0.0019 57 42 75 70
person 0.0019 40 49 64 79
person 0.0018 30 46 37 54
person 0.0017 69 31 152 61
bicycle 0.0026 3 60 16 88
bicycle 0.0018 46 67 57 99
bicycle 0.0015 28 64 42 99
bicycle 0.0013 0 65 11 85
bicycle 0.0011 16 66 25 90
car 0.6149 45 26 457 299
car 0.4591 323 67 439 148
car 0.4391 432 52 499 152
car 0.2951 66 32 157 68
car 0.0914 172 53 206 66
car 0.0560 429 96 497 148
car 0.0484 17 34 156 86
car 0.0416 46 65 57 98
car 0.0323 57 69 68 86
car 0.0258 319 11 448 140
car 0.0246 68 66 78 87
car 0.0229 3 15 158 66
car 0.0177 31 65 57 98
car 0.0164 238 88 278 130
car 0.0163 28 63 43 99
car 0.0153 9 51 95 94
car 0.0138 0 65 11 86
car 0.0126 203 7 325 102
car 0.0104 49 67 59 94
car 0.0084 2 63 17 88
car 0.0077 82 46 158 67
car 0.0076 171 48 200 60
car 0.0074 14 63 65 97
car 0.0072 139 7 497 172
car 0.0069 323 74 384 115
car 0.0065 198 6 463 114
car 0.0064 57 67 67 79
car 0.0062 169 30 215 65
car 0.0051 23 67 38 96
car 0.0051 62 47 75 54
car 0.0049 252 48 437 147
car 0.0046 126 73 156 98
car 0.0045 106 41 231 67
car 0.0044 31 64 46 80
car 0.0044 325 65 421 116
car 0.0043 53 39 63 58
car 0.0039 78 33 152 50
car 0.0037 439 86 499 129
car 0.0035 437 94 456 112
car 0.0031 181 49 209 62
car 0.0031 5 62 47 94
car 0.0030 23 75 33 96
car 0.0028 399 80 502 156
car 0.0028 53 49 86 80
car 0.0027 28 63 40 85
car 0.0025 33 68 46 100
car 0.0023 443 78 496 111
car 0.0022 29 48 37 65
car 0.0022 442 96 463 114
car 0.0022 21 60 35 78
car 0.0021 20 58 37 71
car 0.0021 174 60 200 86
car 0.0021 40 64 52 82
car 0.0021 439 93 450 109
car 0.0021 60 43 82 72
car 0.0020 1 57 16 73
car 0.0020 340 68 426 97
car 0.0020 26 53 38 70
car 0.0020 157 48 172 63
car 0.0019 440 98 479 116
car 0.0018 59 41 71 55
car 0.0018 40 67 73 97
car 0.0018 32 60 48 71
car 0.0017 161 10 228 65
car 0.0017 16 66 25 90
car 0.0016 457 87 495 105
car 0.0016 39 38 74 66
car 0.0016 169 48 188 62
car 0.0015 208 14 243 53
car 0.0015 493 94 499 112
car 0.0014 34 45 44 61
car 0.0013 171 45 207 73
car 0.0013 202 67 274 128
car 0.0013 67 51 83 77
car 0.0013 79 65 88 83
car 0.0012 196 49 210 62
car 0.0012 436 97 475 127
car 0.0012 37 58 53 70
car 0.0012 457 98 493 116
car 0.0012 28 44 53 61
car 0.0012 38 46 46 61
car 0.0012 486 82 500 109
car 0.0011 72 42 158 87
car 0.0011 323 109 339 120
car 0.0010 54 179 462 313
car 0.0010 85 38 195 62
motorbike 0.0364 5 63 16 89
motorbike 0.0348 0 65 12 86
motorbike 0.0111 27 66 42 100
motorbike 0.0097 16 66 25 90
motorbike 0.0079 23 68 37 95
motorbike 0.0075 325 70 422 132
motorbike 0.0032 31 65 57 98
motorbike 0.0030 432 53 499 152
motorbike 0.0016 3 57 15 77
motorbike 0.0015 8 66 21 89
motorbike 0.0014 69 66 77 90
motorbike 0.0014 45 65 57 98
motorbike 0.0012 428 92 497 136
motorbike 0.0012 57 70 68 88
motorbike 0.0011 2 57 13 69
motorbike 0.0010 323 74 384 115
aeroplane 0.0036 0 0 87 43
aeroplane 0.0019 320 70 434 144
aeroplane 0.0016 2 28 149 82
aeroplane 0.0014 433 50 499 153
bus 0.0341 433 49 499 153
bus 0.0022 187 6 464 114
bus 0.0015 6 35 151 86
bus 0.0015 203 7 328 102
bus 0.0014 317 12 449 110
bus 0.0014 65 34 155 73
bus 0.0014 323 67 440 148
bus 0.0011 173 52 205 66
bus 0.0011 63 14 451 282
train 0.0017 432 50 499 152
train 0.0010 0 0 143 44
boat 0.0033 433 49 499 153
boat 0.0016 322 68 440 149
dog 0.0015 324 69 444 148
dog 0.0012 329 110 412 153
horse 0.0018 324 69 444 148
cow 0.0046 324 69 444 148
chair 0.0013 3 65 15 89
tvmonitor 0.0014 322 68 440 149
