person 0.8665 408 6 499 230
person 0.0040 0 158 16 293
person 0.0033 173 142 274 328
person 0.0031 377 59 430 115
person 0.0022 0 250 14 292
person 0.0018 211 146 271 202
person 0.0015 0 32 22 79
person 0.0015 416 0 499 38
person 0.0013 382 0 424 51
person 0.0010 370 1 425 117
bicycle 0.0010 146 -6 367 206
bird 0.0064 136 176 267 362
bird 0.0012 210 145 270 202
cat 0.1360 173 172 265 327
cat 0.0758 211 146 271 202
cat 0.0121 166 140 272 227
cat 0.0023 171 110 341 233
cat 0.0021 195 137 252 167
cat 0.0018 209 139 263 175
cat 0.0012 0 157 17 290
dog 0.7769 150 163 270 358
dog 0.1483 211 146 271 202
dog 0.0204 178 144 277 307
dog 0.0197 177 142 275 227
dog 0.0042 171 110 341 233
dog 0.0021 208 147 272 272
dog 0.0011 156 110 343 344
horse 0.0014 211 148 271 203
sheep 0.0015 136 176 267 362
sheep 0.0010 211 146 271 202
cow 0.0016 211 146 271 202
cow 0.0010 168 176 262 350
bottle 0.0414 90 216 129 307
bottle 0.0198 0 250 14 292
bottle 0.0075 92 217 118 270
bottle 0.0037 94 224 114 255
bottle 0.0037 93 267 102 276
bottle 0.0036 147 81 166 112
bottle 0.0035 92 260 104 277
bottle 0.0034 152 81 165 105
bottle 0.0030 96 220 115 245
bottle 0.0027 92 236 107 292
bottle 0.0027 92 255 107 264
bottle 0.0026 70 117 115 166
bottle 0.0020 100 219 118 237
bottle 0.0020 0 157 16 244
bottle 0.0017 85 170 122 298
bottle 0.0017 217 99 232 119
bottle 0.0017 0 31 23 82
bottle 0.0016 95 235 111 252
bottle 0.0016 146 81 159 105
bottle 0.0015 156 81 163 92
bottle 0.0015 70 130 102 164
bottle 0.0015 0 156 26 286
bottle 0.0012 201 97 209 108
bottle 0.0010 103 218 117 228
bottle 0.0010 92 249 107 263
chair 0.0134 376 49 429 115
chair 0.0052 384 27 429 98
chair 0.0047 403 51 424 81
chair 0.0040 210 145 271 205
chair 0.0039 168 176 262 350
chair 0.0037 0 155 26 287
chair 0.0034 165 142 273 229
chair 0.0033 370 1 425 117
chair 0.0030 0 157 16 244
chair 0.0029 414 2 499 228
chair 0.0027 0 31 23 82
chair 0.0025 57 49 104 116
chair 0.0022 89 216 131 309
chair 0.0010 193 137 254 168
sofa 0.0168 165 148 272 230
sofa 0.0077 210 145 271 205
sofa 0.0037 414 2 499 228
sofa 0.0035 376 49 429 115
sofa 0.0017 156 106 342 273
sofa 0.0014 167 151 273 336
sofa 0.0013 0 157 16 244
sofa 0.0013 0 155 26 287
sofa 0.0011 193 136 249 168
sofa 0.0010 0 31 23 82
pottedplant 0.0930 146 -6 367 206
pottedplant 0.0353 318 68 365 95
pottedplant 0.0145 180 77 307 181
pottedplant 0.0108 129 0 291 150
pottedplant 0.0093 205 142 271 201
pottedplant 0.0063 295 46 365 102
pottedplant 0.0057 148 82 177 127
pottedplant 0.0043 210 97 275 160
pottedplant 0.0040 337 70 365 92
pottedplant 0.0040 194 127 238 162
pottedplant 0.0037 257 11 371 123
pottedplant 0.0037 148 80 216 130
pottedplant 0.0034 124 47 140 81
pottedplant 0.0033 191 71 341 238
pottedplant 0.0032 147 56 233 154
pottedplant 0.0031 212 98 243 136
pottedplant 0.0026 330 66 342 76
pottedplant 0.0025 148 92 215 160
pottedplant 0.0023 315 61 369 115
pottedplant 0.0022 150 80 170 115
pottedplant 0.0020 0 159 30 295
pottedplant 0.0019 216 93 336 167
pottedplant 0.0019 130 12 217 130
pottedplant 0.0019 216 98 232 119
pottedplant 0.0018 217 14 380 175
pottedplant 0.0016 157 93 183 127
pottedplant 0.0014 207 120 273 174
pottedplant 0.0013 206 118 228 149
pottedplant 0.0012 145 82 186 147
pottedplant 0.0012 317 64 352 88
pottedplant 0.0011 0 157 16 244
pottedplant 0.0010 162 105 177 125
diningtable 0.0094 0 224 81 373
diningtable 0.0023 -1 23 121 371
diningtable 0.0023 0 32 22 79
diningtable 0.0022 0 10 55 287
diningtable 0.0021 377 61 428 110
diningtable 0.0021 58 51 105 119
diningtable 0.0020 165 142 273 227
diningtable 0.0020 66 56 128 309
diningtable 0.0015 0 152 40 258
diningtable 0.0014 210 145 271 205
diningtable 0.0013 395 2 499 229
diningtable 0.0012 0 155 16 252
diningtable 0.0011 400 51 425 85
tvmonitor 0.0029 0 31 24 80
tvmonitor 0.0014 412 0 502 35
tvmonitor 0.0013 1 231 71 373
