person 0.0167 15 188 19 195
person 0.0068 28 190 33 197
person 0.0060 105 327 115 340
person 0.0053 0 187 5 193
person 0.0034 493 364 499 374
person 0.0028 42 193 48 199
person 0.0027 425 299 437 315
person 0.0022 433 314 442 327
person 0.0019 429 305 440 321
person 0.0018 70 199 75 206
person 0.0015 433 307 445 326
person 0.0014 386 195 391 205
person 0.0013 421 295 436 311
person 0.0012 1 186 7 194
person 0.0012 494 177 499 191
person 0.0011 16 188 21 195
person 0.0010 83 201 89 207
person 0.0010 487 365 498 375
car 0.0196 481 344 497 364
car 0.0101 484 329 497 366
car 0.0086 479 339 498 371
car 0.0083 478 351 497 366
car 0.0074 492 361 500 375
car 0.0065 488 346 499 361
car 0.0050 476 356 496 374
car 0.0044 7 356 59 373
car 0.0041 49 214 336 373
car 0.0038 487 338 498 358
car 0.0025 487 332 498 346
car 0.0023 491 348 500 372
car 0.0014 487 365 498 375
car 0.0012 485 325 498 353
car 0.0011 489 328 499 343
car 0.0010 471 330 498 374
car 0.0010 200 128 352 240
aeroplane 0.0012 200 128 352 240
bus 0.0701 197 125 355 240
bus 0.0020 49 214 336 373
train 0.7829 197 125 355 240
train 0.0032 49 214 336 373
train 0.0023 80 113 455 375
train 0.0021 199 135 482 248
train 0.0018 6 151 320 304
train 0.0017 6 356 60 373
train 0.0012 352 166 495 265
train 0.0011 218 125 326 141
boat 0.0013 50 214 334 373
