person 0.8916 371 226 491 372
person 0.8508 0 166 48 370
person 0.7166 228 208 461 373
person 0.6726 134 153 180 209
person 0.6456 255 163 301 208
person 0.6199 74 206 275 372
person 0.4142 306 227 369 298
person 0.3309 200 153 247 214
person 0.3185 269 223 409 316
person 0.1206 142 181 189 258
person 0.1083 227 201 332 368
person 0.0690 293 144 336 212
person 0.0350 289 180 320 215
person 0.0287 299 232 436 369
person 0.0275 303 227 350 262
person 0.0228 37 95 258 340
person 0.0222 305 225 376 363
person 0.0220 305 161 354 213
person 0.0218 0 309 15 369
person 0.0209 118 186 208 291
person 0.0193 402 227 450 262
person 0.0180 6 45 364 355
person 0.0164 323 173 360 216
person 0.0148 144 169 196 230
person 0.0145 122 58 449 282
person 0.0145 228 203 306 313
person 0.0139 178 196 357 324
person 0.0137 166 264 275 372
person 0.0124 299 137 329 189
person 0.0115 329 145 379 216
person 0.0112 283 154 325 215
person 0.0108 146 183 184 222
person 0.0104 77 122 263 245
person 0.0104 76 215 182 371
person 0.0101 295 175 335 215
person 0.0101 2 158 98 374
person 0.0095 0 169 19 224
person 0.0092 214 142 250 203
person 0.0083 213 171 249 215
person 0.0076 82 240 144 322
person 0.0075 155 168 182 210
person 0.0073 58 192 426 370
person 0.0071 336 229 369 291
person 0.0064 334 234 397 367
person 0.0057 347 155 384 211
person 0.0056 333 157 362 212
person 0.0055 235 160 282 208
person 0.0054 311 180 350 216
person 0.0052 229 156 262 211
person 0.0052 189 67 487 390
person 0.0049 336 177 357 213
person 0.0047 195 156 231 201
person 0.0046 98 273 121 296
person 0.0045 282 168 305 202
person 0.0042 400 229 458 284
person 0.0042 323 290 364 375
person 0.0041 179 172 210 209
person 0.0039 93 206 174 300
person 0.0038 137 215 203 360
person 0.0035 96 264 123 309
person 0.0035 154 190 178 214
person 0.0035 140 152 178 184
person 0.0035 0 267 15 358
person 0.0033 119 161 183 246
person 0.0033 156 152 181 196
person 0.0032 131 177 178 210
person 0.0032 326 140 357 203
person 0.0032 86 202 257 303
person 0.0030 284 113 391 213
person 0.0029 287 137 322 194
person 0.0028 127 151 161 207
person 0.0028 80 300 99 328
person 0.0027 200 142 236 193
person 0.0026 150 205 215 279
person 0.0026 185 172 239 216
person 0.0026 1 224 48 313
person 0.0025 307 188 337 215
person 0.0025 335 253 373 313
person 0.0024 299 137 323 170
person 0.0023 431 240 447 259
person 0.0023 166 264 199 367
person 0.0022 352 182 380 215
person 0.0022 163 156 189 211
person 0.0021 220 140 247 178
person 0.0020 0 185 27 368
person 0.0020 371 220 470 291
person 0.0020 303 129 357 194
person 0.0020 332 329 363 374
person 0.0020 192 171 244 251
person 0.0019 219 54 254 89
person 0.0019 1 209 33 252
person 0.0018 113 266 201 371
person 0.0017 208 173 237 207
person 0.0017 313 176 339 208
person 0.0016 -1 168 31 242
person 0.0016 285 176 301 194
person 0.0015 454 307 498 373
person 0.0015 329 185 354 217
person 0.0015 298 191 328 232
person 0.0014 270 174 310 213
bicycle 0.0012 454 308 500 372
car 0.0599 455 307 499 373
car 0.0150 372 230 493 372
car 0.0149 376 302 500 371
car 0.0029 46 35 475 365
car 0.0016 219 54 254 89
car 0.0013 256 163 302 210
car 0.0013 134 152 182 208
motorbike 0.0019 453 308 499 372
motorbike 0.0011 381 304 499 373
bus 0.2552 3 39 468 352
bus 0.0909 256 163 301 208
bus 0.0706 199 150 248 212
bus 0.0406 134 152 182 208
bus 0.0106 141 181 190 257
bus 0.0098 19 108 299 334
bus 0.0082 372 230 493 372
bus 0.0064 104 153 424 361
bus 0.0055 275 149 345 217
bus 0.0045 220 88 438 292
bus 0.0042 178 196 357 324
bus 0.0034 225 205 321 364
bus 0.0025 144 169 196 230
bus 0.0025 189 67 487 390
bus 0.0022 68 95 242 295
bus 0.0021 94 181 237 299
bus 0.0017 12 5 465 208
bus 0.0014 281 223 467 373
bus 0.0014 454 306 499 372
bus 0.0014 305 161 354 213
bus 0.0010 106 44 425 258
train 0.0376 46 35 475 365
train 0.0053 256 163 302 210
train 0.0048 134 152 182 208
train 0.0045 19 71 282 337
train 0.0027 372 230 493 372
train 0.0026 199 150 248 212
train 0.0020 268 62 538 346
train 0.0016 225 205 321 364
train 0.0011 104 153 424 361
train 0.0010 12 5 465 208
boat 0.0039 46 35 475 365
boat 0.0017 453 308 499 372
bird 0.0022 257 50 286 74
bottle 0.0116 80 301 99 326
bottle 0.0062 101 270 122 294
bottle 0.0025 106 272 120 286
bottle 0.0017 82 300 99 311
bottle 0.0012 82 281 113 315
bottle 0.0011 374 269 385 287
chair 0.0275 454 308 499 372
chair 0.0052 379 296 499 372
chair 0.0037 3 304 88 374
chair 0.0014 372 229 493 373
sofa 0.0042 454 308 499 372
sofa 0.0013 1 303 90 373
diningtable 0.0022 36 299 95 313
diningtable 0.0017 81 300 98 328
diningtable 0.0014 3 304 88 374
diningtable 0.0014 457 314 499 373
diningtable 0.0011 380 295 498 373
diningtable 0.0011 22 294 112 329
