person 0.7950 427 235 499 370
person 0.0110 400 224 406 233
person 0.0104 167 224 190 243
person 0.0095 476 272 499 366
person 0.0039 168 232 195 244
person 0.0018 167 212 195 244
person 0.0010 169 229 183 240
person 0.0010 178 235 196 245
boat 0.6031 167 152 191 242
boat 0.2218 168 212 196 243
boat 0.0871 400 225 406 233
boat 0.0839 166 231 197 244
boat 0.0683 167 224 190 243
boat 0.0335 168 234 190 242
boat 0.0119 169 229 183 240
boat 0.0066 178 235 196 245
boat 0.0066 169 235 182 242
boat 0.0063 167 201 190 237
boat 0.0054 165 189 197 245
boat 0.0049 170 186 190 210
boat 0.0046 207 211 216 217
boat 0.0043 174 238 195 244
boat 0.0029 233 213 246 218
boat 0.0028 208 210 224 216
boat 0.0024 210 211 231 217
boat 0.0023 165 151 214 243
boat 0.0023 19 213 25 217
boat 0.0017 242 205 256 213
boat 0.0014 238 211 253 218
boat 0.0014 169 239 188 243
boat 0.0013 217 212 235 218
boat 0.0013 149 200 162 206
boat 0.0013 243 213 258 220
boat 0.0012 170 200 193 221
boat 0.0012 172 177 188 202
boat 0.0011 49 211 62 215
boat 0.0011 428 236 499 370
boat 0.0011 251 215 267 220
boat 0.0011 264 178 272 187
boat 0.0010 19 216 25 220
boat 0.0010 177 196 199 211
bird 0.0072 427 236 498 370
bird 0.0071 400 225 406 233
bird 0.0016 424 194 435 201
cat 0.0010 427 235 499 370
dog 0.0238 427 235 499 370
horse 0.0633 427 237 498 370
sheep 0.0012 428 236 499 370
cow 0.0159 427 237 498 370
chair 0.0010 428 237 499 370
pottedplant 0.0046 165 149 192 242
