person 0.9175 288 138 352 319
person 0.8443 208 112 281 221
person 0.8321 338 152 389 316
person 0.0635 92 175 145 241
person 0.0293 103 178 145 211
person 0.0234 0 176 3 198
person 0.0198 149 112 163 126
person 0.0192 45 175 227 317
person 0.0145 361 181 390 236
person 0.0102 401 127 413 147
person 0.0086 457 270 479 308
person 0.0085 398 145 413 168
person 0.0082 125 182 145 211
person 0.0082 88 175 167 295
person 0.0079 413 123 427 143
person 0.0077 398 125 409 145
person 0.0071 491 280 499 306
person 0.0063 393 112 403 126
person 0.0055 486 279 499 313
person 0.0051 397 162 412 180
person 0.0044 134 185 147 212
person 0.0043 362 161 373 182
person 0.0042 384 111 394 128
person 0.0042 85 171 97 200
person 0.0041 395 113 408 139
person 0.0041 413 133 429 159
person 0.0040 146 114 165 155
person 0.0040 372 241 401 278
person 0.0040 0 192 3 207
person 0.0038 94 177 128 213
person 0.0038 311 153 368 285
person 0.0037 169 112 183 126
person 0.0035 43 177 142 251
person 0.0034 197 146 281 315
person 0.0033 387 118 406 144
person 0.0033 384 111 402 134
person 0.0033 150 113 181 126
person 0.0032 66 181 87 212
person 0.0031 26 188 52 209
person 0.0029 409 145 429 163
person 0.0029 395 144 411 161
person 0.0029 63 194 74 208
person 0.0028 0 197 4 221
person 0.0028 338 169 357 275
person 0.0028 341 183 381 233
person 0.0026 355 184 401 305
person 0.0025 0 181 8 214
person 0.0024 123 186 152 231
person 0.0023 0 219 5 254
person 0.0023 376 113 392 138
person 0.0023 362 146 371 175
person 0.0023 408 120 419 136
person 0.0022 373 143 386 166
person 0.0022 132 110 150 137
person 0.0021 295 152 304 171
person 0.0020 120 124 133 157
person 0.0020 135 112 160 155
person 0.0020 71 183 84 202
person 0.0020 363 157 379 182
person 0.0019 388 145 410 168
person 0.0019 379 147 387 165
person 0.0018 415 121 428 136
person 0.0017 394 127 403 145
person 0.0017 0 175 8 199
person 0.0017 134 109 145 130
person 0.0017 389 142 402 162
person 0.0017 65 185 80 206
person 0.0017 405 118 415 136
person 0.0016 398 132 414 164
person 0.0016 360 129 373 163
person 0.0015 116 176 141 206
person 0.0015 374 123 387 141
person 0.0015 64 189 72 206
person 0.0015 420 123 433 141
person 0.0015 264 135 291 193
person 0.0015 331 180 361 310
person 0.0015 372 161 393 182
person 0.0015 345 109 359 126
person 0.0015 378 163 391 179
person 0.0015 384 107 393 122
person 0.0015 373 120 385 136
person 0.0014 411 102 421 120
person 0.0014 92 180 112 209
person 0.0014 362 125 377 147
person 0.0014 125 171 156 204
person 0.0014 85 180 96 206
person 0.0014 386 147 395 163
person 0.0014 354 148 371 171
person 0.0014 65 173 82 203
person 0.0013 417 148 438 172
person 0.0013 384 118 394 144
person 0.0013 420 96 433 122
person 0.0013 94 179 107 199
person 0.0013 399 131 411 152
person 0.0013 54 103 317 332
person 0.0013 83 175 104 210
person 0.0012 422 128 434 147
person 0.0012 421 169 435 180
person 0.0012 422 102 431 119
person 0.0012 80 142 234 282
bicycle 0.6396 13 196 64 302
bicycle 0.5122 426 194 470 258
bicycle 0.4450 452 200 496 258
bicycle 0.3727 480 199 500 253
bicycle 0.1011 472 213 498 258
bicycle 0.0985 483 219 500 258
bicycle 0.0907 454 218 485 258
bicycle 0.0672 1 194 51 263
bicycle 0.0659 0 213 6 255
bicycle 0.0656 0 211 13 256
bicycle 0.0594 414 213 442 257
bicycle 0.0509 443 212 476 259
bicycle 0.0492 0 208 32 259
bicycle 0.0403 12 189 109 300
bicycle 0.0382 434 207 461 261
bicycle 0.0345 414 229 437 252
bicycle 0.0322 26 188 55 209
bicycle 0.0239 483 197 500 213
bicycle 0.0235 470 196 500 235
bicycle 0.0225 486 208 499 242
bicycle 0.0206 20 196 63 254
bicycle 0.0205 15 236 53 303
bicycle 0.0201 482 200 500 228
bicycle 0.0190 420 199 453 261
bicycle 0.0167 408 192 492 261
bicycle 0.0166 443 223 464 258
bicycle 0.0141 4 187 51 211
bicycle 0.0135 467 223 487 257
bicycle 0.0127 36 198 78 252
bicycle 0.0108 0 197 6 241
bicycle 0.0091 8 203 45 249
bicycle 0.0089 488 198 500 208
bicycle 0.0063 0 205 4 232
bicycle 0.0061 0 200 5 221
bicycle 0.0060 415 209 438 242
bicycle 0.0059 407 228 439 265
bicycle 0.0054 316 235 351 316
bicycle 0.0050 9 213 32 247
bicycle 0.0047 436 226 457 258
bicycle 0.0045 30 194 71 222
bicycle 0.0042 487 237 500 257
bicycle 0.0036 470 205 489 224
bicycle 0.0035 30 182 126 265
bicycle 0.0035 485 239 499 273
bicycle 0.0035 413 196 436 215
bicycle 0.0035 0 192 9 227
bicycle 0.0035 462 236 479 257
bicycle 0.0034 454 201 492 230
bicycle 0.0033 461 197 498 217
bicycle 0.0032 315 239 335 314
bicycle 0.0029 293 160 361 313
bicycle 0.0029 433 229 449 259
bicycle 0.0026 -1 186 45 239
bicycle 0.0021 473 254 496 281
bicycle 0.0021 441 196 476 232
bicycle 0.0020 50 201 90 249
bicycle 0.0020 412 189 440 223
bicycle 0.0020 17 191 54 234
bicycle 0.0020 333 219 351 308
bicycle 0.0020 467 208 489 243
bicycle 0.0018 42 191 93 232
bicycle 0.0017 448 215 470 246
bicycle 0.0017 46 192 108 255
bicycle 0.0016 338 152 388 316
bicycle 0.0016 426 224 439 250
bicycle 0.0016 33 205 262 330
bicycle 0.0015 0 205 11 235
bicycle 0.0015 439 214 463 245
bicycle 0.0015 47 211 81 262
bicycle 0.0015 57 203 84 234
bicycle 0.0015 337 255 392 314
bicycle 0.0014 460 253 481 279
bicycle 0.0014 379 181 477 273
bicycle 0.0014 42 202 62 235
bicycle 0.0013 448 256 460 279
bicycle 0.0012 338 238 349 288
bicycle 0.0012 43 214 61 245
bicycle 0.0012 372 241 401 278
bicycle 0.0012 463 208 482 233
bicycle 0.0011 485 247 499 261
bicycle 0.0011 476 238 490 259
bicycle 0.0011 491 256 500 278
bicycle 0.0011 450 236 466 257
bicycle 0.0010 469 239 486 257
bicycle 0.0010 445 235 461 258
bicycle 0.0010 438 238 453 258
bicycle 0.0010 340 241 349 272
bicycle 0.0010 425 216 442 245
bicycle 0.0010 470 200 489 213
car 0.5308 26 188 53 208
car 0.0512 4 187 51 211
car 0.0270 0 197 4 221
car 0.0188 24 190 71 210
car 0.0169 0 192 3 207
car 0.0151 5 188 61 250
car 0.0150 26 194 48 213
car 0.0147 0 188 45 226
car 0.0137 28 194 72 222
car 0.0087 0 182 3 202
car 0.0062 0 192 9 227
car 0.0051 12 193 46 218
car 0.0051 12 194 63 300
car 0.0050 17 191 54 234
car 0.0047 24 187 97 251
car 0.0045 25 186 50 199
car 0.0036 0 181 8 214
car 0.0031 0 189 5 209
car 0.0031 0 173 4 196
car 0.0028 42 191 93 232
car 0.0027 35 194 81 209
car 0.0026 21 189 38 208
car 0.0025 38 195 64 216
car 0.0025 1 182 39 204
car 0.0025 0 197 6 241
car 0.0021 40 194 61 208
car 0.0020 12 189 109 300
car 0.0019 0 205 4 232
car 0.0019 0 203 13 254
car 0.0019 32 195 72 244
car 0.0017 22 196 36 214
car 0.0014 0 190 18 230
car 0.0013 495 306 500 318
car 0.0013 0 175 8 199
car 0.0013 0 196 38 256
car 0.0012 58 185 86 212
car 0.0011 27 197 51 226
car 0.0011 42 177 141 247
car 0.0010 391 143 402 160
car 0.0010 42 198 62 229
motorbike 0.7985 35 192 272 332
motorbike 0.3347 14 195 71 302
motorbike 0.0406 17 187 134 301
motorbike 0.0223 20 196 63 254
motorbike 0.0192 26 188 52 210
motorbike 0.0083 7 204 47 257
motorbike 0.0065 1 191 56 269
motorbike 0.0063 30 195 98 280
motorbike 0.0060 87 205 252 299
motorbike 0.0051 135 172 295 325
motorbike 0.0049 90 177 146 252
motorbike 0.0038 0 209 29 254
motorbike 0.0037 197 146 281 315
motorbike 0.0036 54 103 317 332
motorbike 0.0030 0 213 6 255
motorbike 0.0028 33 204 69 283
motorbike 0.0027 37 208 120 327
motorbike 0.0027 39 197 92 251
motorbike 0.0025 0 211 15 256
motorbike 0.0022 232 189 291 316
motorbike 0.0021 42 177 141 247
motorbike 0.0018 17 191 54 234
motorbike 0.0017 4 187 51 211
motorbike 0.0015 91 187 148 312
motorbike 0.0014 60 202 95 234
motorbike 0.0012 0 197 6 241
motorbike 0.0012 38 196 65 244
motorbike 0.0011 28 194 72 222
motorbike 0.0011 484 223 500 258
motorbike 0.0010 450 204 487 258
motorbike 0.0010 317 245 350 317
bus 0.0014 26 188 52 208
bus 0.0011 0 173 4 196
dog 0.0028 90 177 146 252
dog 0.0024 45 175 227 317
bottle 0.0031 85 171 97 200
bottle 0.0023 297 88 308 106
bottle 0.0020 345 109 354 126
bottle 0.0020 420 199 453 261
bottle 0.0013 72 180 85 199
bottle 0.0011 197 129 206 145
bottle 0.0011 400 145 414 162
bottle 0.0010 414 208 440 258
bottle 0.0010 414 230 437 252
chair 0.0017 16 202 60 287
pottedplant 0.0023 39 0 126 45
pottedplant 0.0020 36 0 81 39
pottedplant 0.0016 26 188 55 209
