bird 0.0226 116 31 128 40
bird 0.0155 146 19 158 29
bird 0.0068 97 51 113 68
bird 0.0026 126 77 145 86
bird 0.0025 11 134 23 147
bird 0.0021 52 24 312 252
bird 0.0014 51 97 63 107
bird 0.0013 12 97 39 123
bird 0.0012 95 48 111 62
bird 0.0012 103 56 113 67
bird 0.0011 0 177 13 188
cat 0.0044 45 27 316 256
dog 0.0313 52 24 312 252
sheep 0.4840 52 25 313 252
sheep 0.0532 95 49 112 67
sheep 0.0447 116 31 128 40
sheep 0.0138 145 19 158 29
sheep 0.0068 71 1 312 78
sheep 0.0034 126 76 146 87
sheep 0.0028 103 56 113 67
sheep 0.0020 94 48 108 58
sheep 0.0017 171 32 308 234
sheep 0.0016 141 12 154 23
sheep 0.0015 97 76 148 89
sheep 0.0013 47 19 309 109
sheep 0.0013 206 0 280 31
cow 0.0122 52 24 312 252
cow 0.0085 116 31 128 40
cow 0.0049 95 49 112 67
cow 0.0011 145 17 158 29
