person 0.9025 169 273 319 498
person 0.0264 156 298 165 318
person 0.0139 158 299 173 322
person 0.0101 158 298 166 311
person 0.0101 173 301 186 323
person 0.0063 150 301 168 324
person 0.0063 142 305 153 322
person 0.0057 161 301 180 324
person 0.0049 146 302 156 320
person 0.0046 182 341 247 479
person 0.0042 135 306 146 322
person 0.0018 281 330 317 489
person 0.0017 144 303 152 313
person 0.0014 149 301 158 313
person 0.0014 124 307 143 339
person 0.0014 164 300 176 313
person 0.0012 126 307 142 325
person 0.0011 182 301 208 329
bicycle 0.0010 114 320 134 355
car 0.0075 183 321 204 331
car 0.0063 184 300 210 327
car 0.0057 161 301 181 324
car 0.0037 171 301 186 324
car 0.0029 160 300 208 326
car 0.0025 184 313 206 333
car 0.0022 116 321 142 354
car 0.0021 125 325 145 352
car 0.0011 153 301 168 324
car 0.0011 154 311 180 326
train 0.0048 1 123 343 435
train 0.0013 111 315 143 352
train 0.0013 144 300 187 326
train 0.0010 160 300 208 326
bird 0.0033 192 0 232 39
bird 0.0022 2 0 243 43
bird 0.0010 222 204 238 218
bottle 0.0300 193 414 209 452
bottle 0.0012 191 365 220 483
chair 0.0023 286 411 308 498
chair 0.0011 114 322 144 357
pottedplant 0.0012 184 321 204 331
tvmonitor 0.0016 2 0 243 46
