person 0.9275 218 85 310 370
person 0.9262 135 96 235 372
person 0.9080 285 82 375 374
person 0.0146 190 88 269 372
person 0.0023 213 192 230 238
person 0.0023 135 49 171 105
person 0.0017 213 163 233 276
person 0.0015 0 1 99 115
person 0.0013 129 -2 192 349
person 0.0012 4 147 122 366
person 0.0012 480 198 496 233
person 0.0011 466 207 481 235
person 0.0010 205 178 229 222
bus 0.0012 0 0 100 115
bottle 0.3330 466 207 481 235
bottle 0.2074 479 198 495 233
bottle 0.0997 491 198 499 234
bottle 0.0843 458 206 470 223
bottle 0.0659 493 209 499 236
bottle 0.0361 459 202 477 227
bottle 0.0319 484 204 499 237
bottle 0.0164 467 197 480 227
bottle 0.0089 447 188 472 211
bottle 0.0084 373 209 380 218
bottle 0.0076 480 211 493 236
bottle 0.0037 457 212 469 231
bottle 0.0037 213 187 230 227
bottle 0.0036 380 202 402 217
bottle 0.0034 493 219 500 242
bottle 0.0034 450 203 476 236
bottle 0.0032 372 181 390 216
bottle 0.0027 458 200 494 235
bottle 0.0025 421 229 494 245
bottle 0.0023 425 193 446 215
bottle 0.0017 471 191 479 220
bottle 0.0016 325 115 340 128
bottle 0.0015 281 124 298 140
bottle 0.0015 422 223 466 241
bottle 0.0013 428 194 440 211
bottle 0.0013 276 122 283 134
bottle 0.0012 422 216 467 235
bottle 0.0012 275 116 284 135
bottle 0.0012 486 196 499 215
bottle 0.0012 368 227 424 242
bottle 0.0011 465 220 481 241
bottle 0.0011 283 111 296 140
bottle 0.0010 378 195 395 216
chair 0.0024 481 196 499 234
chair 0.0015 308 285 345 373
chair 0.0015 490 198 499 234
pottedplant 0.5832 371 181 390 216
pottedplant 0.4170 445 103 479 213
pottedplant 0.0224 373 207 383 218
pottedplant 0.0147 376 202 393 217
pottedplant 0.0140 447 182 473 217
pottedplant 0.0129 450 150 475 212
pottedplant 0.0127 366 202 428 242
pottedplant 0.0063 361 178 398 222
pottedplant 0.0044 446 77 494 195
pottedplant 0.0042 458 202 478 227
pottedplant 0.0042 469 196 499 233
pottedplant 0.0032 450 188 471 210
pottedplant 0.0027 399 100 494 215
pottedplant 0.0027 448 102 478 136
pottedplant 0.0026 435 191 478 229
pottedplant 0.0025 459 205 471 223
pottedplant 0.0025 370 190 454 230
pottedplant 0.0025 283 125 299 142
pottedplant 0.0021 296 88 384 374
pottedplant 0.0020 369 207 398 228
pottedplant 0.0015 367 191 385 227
pottedplant 0.0015 453 109 490 250
pottedplant 0.0015 466 207 481 235
pottedplant 0.0013 423 55 486 209
pottedplant 0.0013 467 196 480 227
pottedplant 0.0013 373 209 380 218
pottedplant 0.0012 377 194 397 216
pottedplant 0.0011 364 193 403 238
pottedplant 0.0011 369 166 390 205
pottedplant 0.0011 451 169 473 196
pottedplant 0.0011 448 13 501 223
pottedplant 0.0010 358 169 391 259
pottedplant 0.0010 410 219 497 246
pottedplant 0.0010 136 51 171 104
pottedplant 0.0010 383 185 489 251
pottedplant 0.0010 325 115 340 128
diningtable 0.0034 466 208 481 236
diningtable 0.0021 366 219 500 247
diningtable 0.0012 422 229 504 247
tvmonitor 0.0085 0 0 100 115
tvmonitor 0.0017 370 180 390 216
