person 0.8275 110 145 181 210
person 0.7533 380 91 496 251
person 0.6480 183 156 290 231
person 0.1012 0 181 80 222
person 0.0608 439 87 499 247
person 0.0325 0 147 79 219
person 0.0198 8 168 510 375
person 0.0190 332 98 395 227
person 0.0181 12 131 210 214
person 0.0176 188 155 239 214
person 0.0111 80 146 223 227
person 0.0102 67 151 317 247
person 0.0095 473 100 500 254
person 0.0087 380 95 427 219
person 0.0066 0 173 86 270
person 0.0061 160 123 184 181
person 0.0046 159 177 289 252
person 0.0041 142 146 244 217
person 0.0040 267 268 328 305
person 0.0032 345 80 501 328
person 0.0030 0 150 14 195
person 0.0030 202 234 275 289
person 0.0026 312 264 358 299
person 0.0026 175 145 327 297
person 0.0024 224 250 298 296
person 0.0023 67 74 492 336
person 0.0023 0 187 45 228
person 0.0023 493 112 500 137
person 0.0022 3 171 181 239
person 0.0022 397 96 468 191
person 0.0021 0 186 12 214
person 0.0021 492 190 500 250
person 0.0021 319 94 455 240
person 0.0020 418 97 498 333
person 0.0020 164 121 201 210
person 0.0018 214 116 271 214
person 0.0017 32 101 284 210
person 0.0016 457 102 499 330
person 0.0016 480 137 499 270
person 0.0015 485 158 499 251
person 0.0014 0 215 84 281
person 0.0014 493 33 499 68
person 0.0012 0 153 7 197
person 0.0011 210 207 361 297
person 0.0010 254 251 286 276
person 0.0010 385 87 498 166
person 0.0010 109 201 179 234
person 0.0010 268 237 379 270
bicycle 0.0010 0 181 78 218
car 0.0033 0 135 480 373
car 0.0019 380 91 496 251
car 0.0012 0 181 78 218
car 0.0010 180 156 285 233
motorbike 0.0024 -8 175 487 371
aeroplane 0.0014 8 168 510 375
bus 0.0018 0 135 480 373
bus 0.0017 180 156 285 233
train 0.0053 11 133 511 363
train 0.0030 177 156 299 254
boat 0.0268 8 168 510 375
boat 0.0011 61 85 497 327
boat 0.0011 177 156 299 254
bird 0.0021 0 182 83 223
cat 0.0576 0 181 80 222
cat 0.0078 0 147 79 219
cat 0.0053 0 216 77 270
cat 0.0035 0 186 12 214
cat 0.0028 0 179 87 257
cat 0.0014 0 187 45 228
cat 0.0010 0 245 56 298
dog 0.1253 0 181 80 222
dog 0.0154 0 148 85 228
dog 0.0054 0 214 80 272
dog 0.0048 0 179 87 257
dog 0.0024 0 186 12 214
dog 0.0014 0 187 45 228
horse 0.0084 0 179 82 220
horse 0.0018 0 147 71 218
cow 0.0055 0 181 78 218
cow 0.0015 0 147 71 218
bottle 0.0488 493 32 499 67
bottle 0.0029 395 316 413 344
bottle 0.0013 421 44 432 81
chair 0.0094 379 88 498 252
chair 0.0057 450 93 499 249
chair 0.0052 0 149 18 190
chair 0.0040 0 154 80 221
chair 0.0030 256 112 330 226
chair 0.0025 494 112 500 137
chair 0.0022 332 101 394 230
chair 0.0015 0 153 9 188
chair 0.0014 0 182 64 221
chair 0.0013 110 145 181 211
chair 0.0012 0 135 480 373
chair 0.0012 492 190 500 250
chair 0.0010 493 33 499 68
sofa 0.0073 382 91 496 252
sofa 0.0070 110 145 181 211
sofa 0.0068 0 135 480 373
sofa 0.0051 0 181 80 222
sofa 0.0019 450 93 499 249
sofa 0.0018 4 145 213 246
sofa 0.0015 0 144 80 219
pottedplant 0.0013 493 32 499 67
diningtable 0.0033 8 168 510 375
diningtable 0.0011 386 85 500 208
tvmonitor 0.0304 493 32 499 68
tvmonitor 0.0121 386 85 500 208
tvmonitor 0.0023 110 144 181 211
tvmonitor 0.0020 324 57 360 86
tvmonitor 0.0012 180 156 285 233
