person 0.8869 111 74 337 306
person 0.0056 49 92 107 152
person 0.0032 39 1 178 264
person 0.0027 125 129 246 288
person 0.0026 128 184 243 255
person 0.0019 64 439 348 499
person 0.0019 114 190 148 266
person 0.0017 44 87 105 198
person 0.0015 49 11 115 150
person 0.0013 1 490 23 500
person 0.0013 436 222 469 275
person 0.0012 373 236 410 305
person 0.0010 50 96 78 142
bicycle 0.0011 232 390 366 500
bottle 0.4404 373 236 410 305
bottle 0.1018 438 226 466 276
bottle 0.0456 114 192 146 267
bottle 0.0412 113 219 138 268
bottle 0.0176 437 243 460 274
bottle 0.0090 435 234 449 274
bottle 0.0079 154 219 255 321
bottle 0.0064 360 265 376 300
bottle 0.0056 335 271 361 301
bottle 0.0050 369 234 400 274
bottle 0.0050 367 135 478 230
bottle 0.0047 165 226 203 320
bottle 0.0044 362 241 395 301
bottle 0.0036 393 215 473 275
bottle 0.0035 290 213 453 312
bottle 0.0033 430 220 451 272
bottle 0.0030 441 244 471 277
bottle 0.0028 396 249 410 304
bottle 0.0027 347 271 363 299
bottle 0.0025 334 194 477 373
bottle 0.0025 359 265 376 277
bottle 0.0023 432 156 480 278
bottle 0.0020 398 279 408 302
bottle 0.0018 367 238 388 279
bottle 0.0017 351 233 402 285
bottle 0.0016 365 247 381 293
bottle 0.0015 429 148 480 198
bottle 0.0015 436 246 445 274
bottle 0.0015 378 255 407 281
bottle 0.0013 390 238 414 302
bottle 0.0012 442 252 462 273
bottle 0.0011 140 186 232 357
bottle 0.0011 204 229 222 255
bottle 0.0011 352 275 375 301
bottle 0.0011 381 238 412 283
bottle 0.0011 369 242 382 271
bottle 0.0011 370 256 381 276
bottle 0.0011 357 185 484 289
bottle 0.0011 318 255 389 297
bottle 0.0010 376 276 399 303
bottle 0.0010 366 262 380 278
chair 0.1633 289 213 377 303
chair 0.1282 64 439 348 499
chair 0.0810 232 395 364 500
chair 0.0197 81 311 375 503
chair 0.0142 265 391 481 499
chair 0.0093 188 337 466 500
chair 0.0093 48 269 99 494
chair 0.0092 373 237 410 305
chair 0.0068 290 143 406 300
chair 0.0055 440 414 480 496
chair 0.0042 311 233 368 301
chair 0.0041 438 223 475 274
chair 0.0033 263 164 365 305
chair 0.0030 1 489 24 500
chair 0.0030 280 177 470 312
chair 0.0029 364 134 483 302
chair 0.0027 25 184 115 496
chair 0.0026 270 200 398 333
chair 0.0025 438 292 480 340
chair 0.0019 439 361 480 441
chair 0.0017 393 215 473 275
chair 0.0015 432 154 480 280
chair 0.0015 438 395 481 461
chair 0.0014 318 255 389 297
chair 0.0014 110 75 354 303
chair 0.0014 59 382 326 501
chair 0.0012 117 156 436 315
chair 0.0012 297 154 367 235
chair 0.0011 104 120 459 456
chair 0.0010 293 215 381 256
chair 0.0010 366 175 480 258
chair 0.0010 258 335 451 411
sofa 0.0102 64 439 342 499
sofa 0.0011 1 490 23 500
pottedplant 0.0765 433 151 481 277
pottedplant 0.0711 431 149 481 202
pottedplant 0.0293 370 138 481 228
pottedplant 0.0172 437 221 475 275
pottedplant 0.0124 380 90 479 206
pottedplant 0.0097 385 147 476 201
pottedplant 0.0046 391 213 473 276
pottedplant 0.0038 458 153 481 200
pottedplant 0.0033 364 134 483 302
pottedplant 0.0026 447 189 481 276
pottedplant 0.0013 392 126 455 167
pottedplant 0.0012 387 106 461 182
pottedplant 0.0011 468 158 480 200
pottedplant 0.0010 438 204 478 257
diningtable 0.1477 77 291 466 500
diningtable 0.0098 230 383 365 501
diningtable 0.0058 99 275 374 443
diningtable 0.0052 16 227 347 505
diningtable 0.0048 64 439 348 499
diningtable 0.0042 67 360 369 499
diningtable 0.0033 364 134 483 302
diningtable 0.0031 149 123 508 502
diningtable 0.0025 285 171 464 312
diningtable 0.0023 373 237 410 305
diningtable 0.0022 238 341 471 498
diningtable 0.0019 289 213 378 303
diningtable 0.0019 393 215 473 275
diningtable 0.0017 438 293 480 338
diningtable 0.0017 246 336 432 390
diningtable 0.0014 1 490 23 500
diningtable 0.0012 269 408 482 500
diningtable 0.0011 366 175 480 258
diningtable 0.0010 32 180 98 498
tvmonitor 0.0060 364 134 483 302
tvmonitor 0.0055 289 212 376 303
tvmonitor 0.0019 366 175 480 258
tvmonitor 0.0016 366 215 478 269
tvmonitor 0.0010 155 212 250 321
tvmonitor 0.0010 289 142 404 300
