person 0.1628 254 188 275 244
person 0.0112 256 187 274 216
person 0.0082 116 184 122 197
person 0.0070 232 191 253 239
person 0.0045 229 194 243 220
person 0.0045 197 192 209 217
person 0.0037 245 192 270 248
person 0.0030 114 185 119 197
person 0.0026 209 220 229 247
person 0.0025 262 189 283 223
person 0.0024 354 143 371 171
person 0.0021 256 188 270 207
person 0.0020 212 195 227 219
person 0.0020 258 188 269 197
person 0.0019 261 187 276 207
person 0.0017 108 186 392 241
person 0.0016 163 165 172 179
person 0.0014 252 184 295 230
person 0.0013 111 186 115 198
person 0.0013 211 112 326 242
person 0.0012 195 195 214 228
person 0.0011 243 188 263 230
person 0.0011 199 224 226 257
person 0.0010 469 48 488 98
person 0.0010 214 219 227 240
person 0.0010 242 194 254 213
motorbike 0.0012 468 47 487 95
train 0.6026 4 98 357 244
train 0.0212 172 103 342 205
train 0.0177 1 160 177 228
train 0.0060 8 142 292 229
train 0.0049 -28 140 503 271
train 0.0032 257 186 286 244
train 0.0026 108 186 392 241
train 0.0018 0 206 5 227
train 0.0018 211 112 326 242
train 0.0013 233 185 349 245
train 0.0012 355 143 371 172
train 0.0011 249 184 298 232
bird 0.0011 361 34 371 41
