person 0.0425 173 123 205 157
person 0.0033 215 58 225 82
person 0.0019 0 212 15 265
person 0.0016 235 57 243 73
person 0.0010 187 215 198 234
car 0.0036 134 112 165 125
car 0.0029 131 96 164 124
car 0.0014 146 115 165 124
motorbike 0.0034 173 123 205 157
bird 0.0021 173 122 203 156
bird 0.0013 235 57 244 72
bird 0.0011 178 56 203 79
cat 0.0082 173 122 205 156
dog 0.0070 172 123 205 156
horse 0.0011 173 123 205 156
bottle 0.1582 440 211 451 240
bottle 0.1125 444 211 456 243
bottle 0.0983 434 212 448 241
bottle 0.0801 431 212 440 237
bottle 0.0289 446 210 454 228
bottle 0.0208 0 209 15 264
bottle 0.0072 442 209 453 222
bottle 0.0063 423 228 445 255
bottle 0.0054 186 216 197 234
bottle 0.0052 451 221 459 240
bottle 0.0022 439 210 446 221
bottle 0.0015 389 222 497 274
bottle 0.0013 430 216 436 232
bottle 0.0012 0 210 9 244
bottle 0.0010 183 221 194 242
chair 0.6120 326 162 445 276
chair 0.5755 388 229 502 280
chair 0.0460 456 215 499 246
chair 0.0204 482 214 500 246
chair 0.0140 396 228 453 258
chair 0.0057 0 208 15 264
chair 0.0046 212 125 244 154
chair 0.0043 384 255 476 278
chair 0.0033 121 154 323 249
chair 0.0032 384 230 460 271
chair 0.0027 173 123 205 157
chair 0.0025 368 218 453 256
chair 0.0021 425 216 497 273
chair 0.0017 445 219 457 243
chair 0.0015 223 214 300 238
chair 0.0013 390 227 433 246
chair 0.0012 492 267 500 279
chair 0.0010 467 237 500 279
sofa 0.9162 118 154 324 250
sofa 0.4358 388 229 502 280
sofa 0.3675 326 162 445 274
sofa 0.1078 177 216 263 249
sofa 0.0306 218 214 280 240
sofa 0.0171 235 215 295 236
sofa 0.0097 441 216 498 250
sofa 0.0093 400 231 456 259
sofa 0.0072 482 214 499 246
sofa 0.0035 397 252 497 279
sofa 0.0026 262 211 308 236
sofa 0.0019 368 218 453 256
sofa 0.0019 395 240 482 272
sofa 0.0013 196 213 328 266
sofa 0.0012 212 125 244 154
sofa 0.0010 442 216 460 247
pottedplant 0.0089 173 123 205 156
pottedplant 0.0046 445 210 457 241
pottedplant 0.0018 118 157 325 255
pottedplant 0.0015 0 208 15 264
pottedplant 0.0015 441 215 455 242
pottedplant 0.0011 92 120 109 139
pottedplant 0.0011 388 220 499 278
pottedplant 0.0010 187 215 198 234
diningtable 0.1442 387 225 502 281
diningtable 0.0301 203 234 241 253
diningtable 0.0284 171 208 316 278
diningtable 0.0257 145 167 321 259
diningtable 0.0202 217 217 303 244
diningtable 0.0201 400 231 456 259
diningtable 0.0149 188 225 299 260
diningtable 0.0112 223 218 279 238
diningtable 0.0069 443 220 458 243
diningtable 0.0053 416 228 448 256
diningtable 0.0025 121 189 331 290
diningtable 0.0018 408 234 483 262
diningtable 0.0018 336 163 497 284
diningtable 0.0015 203 231 278 254
diningtable 0.0014 441 216 498 250
diningtable 0.0013 0 208 15 264
diningtable 0.0013 177 216 263 249
diningtable 0.0010 189 225 214 239
tvmonitor 0.0021 455 215 499 246
