person 0.6162 458 148 472 167
person 0.5504 380 106 434 277
person 0.4056 484 118 499 214
person 0.0816 373 122 477 272
person 0.0766 490 147 499 214
person 0.0464 494 105 500 130
person 0.0387 227 116 235 129
person 0.0313 341 135 444 280
person 0.0279 455 150 481 212
person 0.0212 476 117 499 181
person 0.0210 491 104 500 157
person 0.0141 458 137 495 208
person 0.0117 382 192 434 279
person 0.0113 357 126 433 236
person 0.0112 0 159 5 181
person 0.0109 492 114 500 142
person 0.0095 486 117 500 169
person 0.0087 392 112 429 222
person 0.0077 392 164 466 263
person 0.0077 482 166 498 212
person 0.0070 0 158 8 197
person 0.0066 424 187 438 239
person 0.0063 214 117 221 128
person 0.0060 494 84 500 128
person 0.0059 471 125 489 171
person 0.0045 425 208 440 242
person 0.0039 493 76 499 108
person 0.0038 217 115 225 127
person 0.0038 437 147 484 235
person 0.0036 462 142 492 172
person 0.0035 481 142 496 205
person 0.0034 490 104 500 130
person 0.0030 487 127 499 155
person 0.0030 457 152 478 178
person 0.0028 491 152 499 181
person 0.0028 138 135 193 266
person 0.0027 165 177 189 253
person 0.0026 201 119 210 128
person 0.0025 191 118 207 128
person 0.0025 495 93 500 120
person 0.0020 494 68 499 92
person 0.0019 490 69 499 116
person 0.0019 210 142 384 293
person 0.0018 378 127 402 155
person 0.0018 494 185 499 214
person 0.0017 191 116 196 129
person 0.0017 494 63 499 78
person 0.0016 78 133 192 271
person 0.0016 398 192 441 254
person 0.0015 407 201 457 248
person 0.0015 461 136 477 159
person 0.0015 214 114 230 128
person 0.0014 448 149 464 170
person 0.0014 291 136 398 304
person 0.0014 470 141 483 166
person 0.0013 496 192 500 214
person 0.0013 232 118 238 129
person 0.0013 309 228 335 268
person 0.0012 366 162 425 280
person 0.0012 387 128 400 146
person 0.0010 457 143 469 161
person 0.0010 422 200 434 227
person 0.0010 195 145 290 281
person 0.0010 225 116 239 130
person 0.0010 282 102 297 110
bicycle 0.0019 380 102 433 278
car 0.0071 380 106 434 277
car 0.0013 487 148 500 214
car 0.0012 373 141 457 255
motorbike 0.0072 380 106 434 277
motorbike 0.0052 0 158 8 197
motorbike 0.0036 0 159 5 181
motorbike 0.0023 490 147 499 214
motorbike 0.0017 74 131 183 266
motorbike 0.0014 483 120 499 215
motorbike 0.0011 200 143 374 292
motorbike 0.0010 373 141 457 255
bus 0.0028 380 106 434 277
dog 0.0018 203 143 378 293
dog 0.0014 74 143 178 267
dog 0.0012 1 155 80 266
dog 0.0012 376 107 438 284
horse 0.2604 354 113 484 280
horse 0.2400 382 107 433 282
horse 0.0683 200 143 380 296
horse 0.0451 490 147 499 214
horse 0.0313 483 118 499 214
horse 0.0178 310 139 441 256
horse 0.0093 360 141 435 235
horse 0.0052 392 164 466 263
horse 0.0050 458 137 495 208
horse 0.0048 327 148 410 224
horse 0.0041 74 138 183 270
horse 0.0030 283 132 421 304
horse 0.0028 445 149 484 225
horse 0.0025 480 114 499 173
horse 0.0024 424 187 438 239
horse 0.0024 359 162 410 240
horse 0.0023 0 153 80 268
horse 0.0019 494 111 500 132
horse 0.0018 495 104 500 126
horse 0.0018 197 151 237 184
horse 0.0018 307 224 341 266
horse 0.0018 254 143 423 226
horse 0.0017 486 116 500 159
horse 0.0015 419 154 483 259
horse 0.0014 394 123 486 239
horse 0.0013 361 172 434 213
horse 0.0012 347 152 387 246
horse 0.0012 456 148 477 207
horse 0.0010 457 148 472 167
sheep 0.0021 1 155 80 266
sheep 0.0015 195 143 382 295
sheep 0.0015 73 137 190 268
sheep 0.0011 487 120 499 214
cow 0.8720 0 155 82 267
cow 0.8711 196 144 382 295
cow 0.8367 73 136 189 267
cow 0.0820 195 152 238 204
cow 0.0779 133 137 194 267
cow 0.0322 0 154 48 250
cow 0.0320 0 158 8 197
cow 0.0286 60 151 137 256
cow 0.0269 0 160 6 181
cow 0.0208 0 172 14 219
cow 0.0202 196 150 261 227
cow 0.0184 490 147 499 214
cow 0.0179 54 154 88 260
cow 0.0151 369 137 486 263
cow 0.0129 63 155 88 222
cow 0.0117 0 180 7 215
cow 0.0103 382 107 433 282
cow 0.0099 219 139 461 261
cow 0.0084 143 138 201 211
cow 0.0081 197 146 317 214
cow 0.0072 0 190 5 214
cow 0.0069 43 155 88 206
cow 0.0065 310 228 336 269
cow 0.0065 0 155 34 212
cow 0.0064 91 181 172 265
cow 0.0061 196 162 220 194
cow 0.0059 195 149 285 285
cow 0.0058 119 216 139 250
cow 0.0056 199 151 243 182
cow 0.0053 483 120 499 215
cow 0.0052 15 153 94 229
cow 0.0044 0 154 4 176
cow 0.0044 59 157 83 168
cow 0.0043 445 149 484 225
cow 0.0042 9 154 81 175
cow 0.0041 58 156 86 174
cow 0.0039 107 207 155 243
cow 0.0037 0 154 13 206
cow 0.0037 285 140 406 261
cow 0.0036 58 154 87 193
cow 0.0034 195 175 227 212
cow 0.0032 203 152 238 170
cow 0.0032 458 137 495 208
cow 0.0030 153 171 192 252
cow 0.0028 3 155 35 174
cow 0.0028 14 152 39 167
cow 0.0026 86 208 146 258
cow 0.0024 0 175 21 244
cow 0.0023 43 157 76 168
cow 0.0022 0 190 13 215
cow 0.0022 106 214 139 254
cow 0.0021 69 156 87 167
cow 0.0019 347 103 448 282
cow 0.0019 198 153 222 181
cow 0.0018 392 164 466 263
cow 0.0017 0 151 61 206
cow 0.0017 16 153 70 166
cow 0.0015 120 212 157 259
cow 0.0015 175 180 196 221
cow 0.0014 214 151 237 165
cow 0.0014 308 140 378 299
cow 0.0014 422 149 484 259
cow 0.0014 122 215 137 238
cow 0.0013 327 148 410 224
cow 0.0012 225 151 239 163
cow 0.0011 21 153 92 185
cow 0.0011 0 158 14 182
cow 0.0011 63 149 124 211
cow 0.0011 283 227 340 273
cow 0.0011 356 128 433 237
cow 0.0011 210 205 361 293
cow 0.0010 20 151 41 162
cow 0.0010 424 187 438 239
cow 0.0010 160 147 197 225
bottle 0.0014 226 116 233 128
chair 0.0205 482 152 498 214
chair 0.0161 489 151 500 216
chair 0.0046 482 178 497 207
chair 0.0019 494 185 499 214
chair 0.0011 481 122 500 225
diningtable 0.0018 482 152 498 214
diningtable 0.0010 489 151 500 216
