person 0.0141 12 38 472 370
person 0.0026 2 10 213 378
person 0.0026 235 69 476 367
person 0.0018 256 68 420 281
person 0.0016 0 195 113 367
person 0.0014 -13 222 493 368
person 0.0014 -1 193 224 367
car 0.0010 0 -25 461 340
cat 0.0272 -1 194 223 368
cat 0.0264 12 38 472 370
cat 0.0183 0 194 109 366
cat 0.0074 2 11 216 378
cat 0.0052 174 87 421 269
cat 0.0014 132 60 303 352
cat 0.0012 231 129 337 204
dog 0.4152 12 38 472 370
dog 0.0418 -1 193 224 367
dog 0.0270 152 85 428 310
dog 0.0101 0 195 113 367
dog 0.0073 256 68 420 281
dog 0.0069 235 69 476 367
dog 0.0034 2 11 216 378
dog 0.0033 132 60 303 352
dog 0.0030 180 119 363 233
dog 0.0019 231 129 337 204
chair 0.0083 235 67 476 366
chair 0.0069 430 105 499 370
chair 0.0054 12 38 472 370
chair 0.0015 2 11 216 378
sofa 0.0443 12 38 472 370
sofa 0.0147 235 67 476 366
sofa 0.0050 413 99 499 363
sofa 0.0041 2 11 216 378
sofa 0.0026 -13 222 493 368
sofa 0.0021 -1 3 461 134
sofa 0.0016 0 195 113 367
sofa 0.0012 -1 194 223 368
diningtable 0.0037 430 105 499 370
