person 0.2999 54 38 224 295
person 0.2893 121 43 221 172
person 0.2668 29 206 46 236
person 0.2520 2 188 15 214
person 0.2316 49 198 67 235
person 0.1911 30 206 42 225
person 0.1487 20 205 30 215
person 0.1180 41 93 143 321
person 0.0751 20 59 312 391
person 0.0692 30 207 40 219
person 0.0679 16 206 45 238
person 0.0439 17 204 34 218
person 0.0425 0 208 44 247
person 0.0332 19 205 41 226
person 0.0262 49 199 69 267
person 0.0260 48 213 64 239
person 0.0234 37 206 52 236
person 0.0146 32 196 61 238
person 0.0133 5 203 24 215
person 0.0110 88 39 318 281
person 0.0083 50 193 65 216
person 0.0079 33 207 45 219
person 0.0046 28 170 80 256
person 0.0046 67 89 102 136
person 0.0038 14 471 34 499
person 0.0037 42 215 57 236
person 0.0034 41 196 58 227
person 0.0033 48 113 100 323
person 0.0032 8 205 33 221
person 0.0027 82 88 100 125
person 0.0025 59 103 127 268
person 0.0025 84 380 94 406
person 0.0024 44 158 71 242
person 0.0022 51 189 79 315
person 0.0020 158 45 222 134
person 0.0017 2 197 17 226
person 0.0017 49 181 67 224
person 0.0016 37 193 73 253
person 0.0014 351 215 361 227
person 0.0013 0 189 7 212
person 0.0012 63 100 106 156
person 0.0012 0 183 34 216
person 0.0012 50 219 67 245
person 0.0012 56 49 168 229
person 0.0012 3 204 16 217
person 0.0011 43 193 57 213
person 0.0011 31 229 42 237
person 0.0010 19 129 119 292
car 0.0012 0 208 44 247
bird 0.0013 13 471 34 499
horse 0.7113 9 79 317 407
horse 0.0189 0 209 43 249
horse 0.0090 44 28 263 331
horse 0.0061 27 82 167 383
horse 0.0030 29 206 47 237
horse 0.0021 0 233 124 410
horse 0.0020 158 91 315 274
horse 0.0015 43 197 69 241
horse 0.0011 47 92 135 327
horse 0.0010 0 175 282 491
cow 0.0014 0 209 43 249
chair 0.0021 334 251 388 307
chair 0.0014 0 210 41 248
chair 0.0012 335 234 389 274
diningtable 0.0018 -6 418 392 500
diningtable 0.0015 334 253 387 306
