person 0.0412 261 93 501 231
person 0.0289 393 115 497 369
person 0.0266 451 240 498 368
person 0.0179 447 330 500 373
person 0.0151 290 93 425 137
person 0.0117 235 150 403 272
person 0.0110 252 97 499 358
person 0.0064 54 30 510 283
person 0.0063 455 134 500 374
person 0.0050 0 3 82 122
person 0.0040 177 85 462 277
person 0.0031 2 107 486 373
person 0.0027 454 191 499 245
person 0.0023 73 90 287 193
person 0.0023 279 89 431 181
person 0.0022 335 99 365 115
person 0.0021 485 202 500 240
person 0.0015 358 93 423 135
person 0.0014 491 197 499 234
person 0.0012 415 138 499 262
person 0.0011 141 56 489 200
person 0.0011 445 140 500 211
person 0.0010 410 222 498 371
boat 0.0011 4 87 499 366
bird 0.0431 7 72 509 335
bird 0.0376 235 150 402 272
bird 0.0077 88 95 292 194
bird 0.0040 70 77 398 267
bird 0.0020 232 97 500 252
cat 0.3819 66 91 288 194
cat 0.0315 235 148 403 273
cat 0.0275 53 91 162 152
cat 0.0115 41 69 436 278
cat 0.0086 52 108 115 152
cat 0.0049 234 102 498 281
cat 0.0017 290 93 425 137
cat 0.0014 198 110 284 169
cat 0.0012 6 111 495 374
cat 0.0011 447 330 499 373
dog 0.3330 235 148 403 273
dog 0.3201 59 91 286 195
dog 0.1633 232 97 500 252
dog 0.0840 50 90 164 158
dog 0.0399 4 87 499 366
dog 0.0222 52 108 116 150
dog 0.0083 221 113 508 365
dog 0.0063 70 77 398 267
dog 0.0022 290 93 425 137
dog 0.0011 0 6 81 171
horse 0.0014 233 149 404 272
sheep 0.0014 235 150 403 272
cow 0.0020 235 150 403 272
cow 0.0019 7 76 474 330
bottle 0.0250 52 108 115 152
bottle 0.0016 51 98 155 152
chair 0.2388 0 0 82 122
chair 0.0092 447 330 500 373
chair 0.0065 451 238 499 368
chair 0.0040 2 107 486 373
chair 0.0023 187 37 295 117
chair 0.0020 466 106 499 147
chair 0.0019 484 152 499 199
chair 0.0019 445 140 500 211
chair 0.0011 76 0 123 104
chair 0.0011 473 142 500 200
chair 0.0010 235 150 403 272
sofa 0.6720 0 1 82 122
sofa 0.0474 -1 91 482 369
sofa 0.0246 447 330 500 373
sofa 0.0080 449 237 499 367
sofa 0.0053 258 100 503 372
sofa 0.0039 235 150 403 272
sofa 0.0017 421 117 499 371
sofa 0.0014 54 30 510 283
sofa 0.0013 236 95 497 235
sofa 0.0013 76 0 123 104
sofa 0.0011 458 134 499 377
sofa 0.0010 0 0 64 27
diningtable 0.0193 447 329 499 372
diningtable 0.0128 6 111 495 374
diningtable 0.0069 449 237 499 367
diningtable 0.0020 0 253 480 371
tvmonitor 0.0303 408 1 492 141
tvmonitor 0.0116 310 5 383 44
tvmonitor 0.0113 484 29 499 61
tvmonitor 0.0096 312 9 350 44
tvmonitor 0.0094 482 5 499 59
tvmonitor 0.0092 453 2 497 138
tvmonitor 0.0057 473 6 499 128
tvmonitor 0.0047 480 14 500 97
tvmonitor 0.0045 304 60 392 91
tvmonitor 0.0037 398 0 414 46
tvmonitor 0.0030 479 65 499 104
tvmonitor 0.0017 405 1 456 127
tvmonitor 0.0016 307 23 402 85
tvmonitor 0.0012 384 0 399 41
tvmonitor 0.0012 489 32 499 52
tvmonitor 0.0012 386 1 408 44
tvmonitor 0.0012 471 70 499 128
tvmonitor 0.0011 310 0 396 29
tvmonitor 0.0011 490 9 499 43
