person 0.0144 388 138 400 169
person 0.0109 363 123 399 185
person 0.0108 375 152 399 218
person 0.0100 396 92 400 106
person 0.0049 309 63 339 86
person 0.0046 391 91 399 110
person 0.0045 254 60 283 88
person 0.0037 364 64 398 90
person 0.0034 166 57 189 80
person 0.0034 63 8 74 16
person 0.0029 384 89 400 104
person 0.0023 395 100 400 110
person 0.0021 0 128 42 301
person 0.0021 396 88 400 102
person 0.0020 385 111 399 144
person 0.0019 366 103 399 132
person 0.0019 364 91 398 105
person 0.0018 385 86 399 119
person 0.0016 387 74 399 103
person 0.0016 364 71 399 109
person 0.0014 77 107 122 159
person 0.0014 228 116 294 215
person 0.0014 394 131 399 143
person 0.0014 311 209 400 296
person 0.0014 382 89 398 98
person 0.0013 391 102 400 112
person 0.0013 364 107 399 150
person 0.0011 391 132 399 147
person 0.0010 389 130 399 156
person 0.0010 44 104 124 166
car 0.0012 128 87 184 135
car 0.0012 225 74 253 107
car 0.0010 180 80 231 120
cat 0.0025 374 149 400 213
cat 0.0010 388 138 400 169
dog 0.0027 388 138 400 169
dog 0.0013 374 149 400 213
bottle 0.0287 119 82 127 99
bottle 0.0175 128 78 136 98
bottle 0.0082 27 86 39 116
bottle 0.0038 29 108 39 121
bottle 0.0036 395 94 399 110
bottle 0.0032 116 75 129 97
bottle 0.0027 395 131 399 143
bottle 0.0027 24 95 37 122
bottle 0.0020 27 101 36 118
bottle 0.0020 28 78 38 104
bottle 0.0015 21 104 34 121
bottle 0.0015 0 77 24 108
bottle 0.0014 310 63 338 88
bottle 0.0013 0 91 4 107
bottle 0.0013 139 44 145 55
bottle 0.0012 19 103 29 125
bottle 0.0011 25 89 33 114
bottle 0.0011 365 63 397 92
bottle 0.0011 0 104 24 127
chair 0.8293 160 247 278 298
chair 0.7457 228 116 294 214
chair 0.7391 304 96 341 150
chair 0.7156 257 185 352 290
chair 0.6752 351 119 393 188
chair 0.3073 375 152 400 218
chair 0.2677 371 106 400 145
chair 0.2657 254 94 271 111
chair 0.1855 385 109 400 144
chair 0.1296 0 116 27 175
chair 0.1118 241 116 295 176
chair 0.0923 250 113 278 126
chair 0.0903 366 104 392 130
chair 0.0708 357 111 396 159
chair 0.0665 251 94 280 120
chair 0.0582 388 138 400 169
chair 0.0506 269 115 295 177
chair 0.0501 227 75 254 108
chair 0.0442 365 130 399 199
chair 0.0404 365 92 398 105
chair 0.0345 252 119 293 145
chair 0.0299 363 80 398 110
chair 0.0294 0 123 14 173
chair 0.0281 224 122 292 156
chair 0.0278 335 103 372 152
chair 0.0248 394 126 399 143
chair 0.0243 250 106 291 126
chair 0.0237 167 183 342 297
chair 0.0198 249 93 296 154
chair 0.0196 374 105 400 128
chair 0.0180 0 126 7 171
chair 0.0179 0 80 34 173
chair 0.0177 0 72 15 85
chair 0.0167 361 66 399 127
chair 0.0154 255 60 286 88
chair 0.0136 265 88 352 149
chair 0.0135 391 91 399 110
chair 0.0129 250 81 292 122
chair 0.0128 390 127 400 147
chair 0.0128 357 119 375 150
chair 0.0120 256 88 314 145
chair 0.0119 304 86 341 117
chair 0.0114 0 197 42 297
chair 0.0112 367 104 383 122
chair 0.0111 395 94 400 110
chair 0.0110 1 67 18 81
chair 0.0100 386 108 399 127
chair 0.0095 300 81 346 135
chair 0.0093 310 62 339 88
chair 0.0091 272 117 293 143
chair 0.0091 390 150 400 171
chair 0.0084 0 108 13 132
chair 0.0083 0 78 24 109
chair 0.0082 384 148 400 200
chair 0.0077 284 64 308 94
chair 0.0074 352 154 388 190
chair 0.0072 0 75 10 84
chair 0.0071 0 123 29 222
chair 0.0070 238 79 262 109
chair 0.0068 376 138 401 175
chair 0.0063 344 96 392 141
chair 0.0062 309 90 398 153
chair 0.0058 266 108 298 145
chair 0.0058 0 100 16 150
chair 0.0057 261 97 294 115
chair 0.0056 313 147 399 294
chair 0.0053 395 104 400 114
chair 0.0049 257 89 290 109
chair 0.0049 393 132 399 146
chair 0.0048 333 89 342 98
chair 0.0047 335 98 349 103
chair 0.0046 184 234 222 271
chair 0.0046 266 124 280 141
chair 0.0046 392 103 400 111
chair 0.0044 262 177 353 244
chair 0.0043 260 94 300 136
chair 0.0043 357 119 383 165
chair 0.0042 366 98 398 114
chair 0.0042 230 99 287 145
chair 0.0041 388 112 399 122
chair 0.0040 247 127 279 158
chair 0.0039 307 92 338 107
chair 0.0038 327 94 351 106
chair 0.0036 261 130 393 282
chair 0.0035 126 229 262 294
chair 0.0034 389 135 399 150
chair 0.0034 360 96 386 105
chair 0.0033 0 107 35 281
chair 0.0033 210 60 240 79
chair 0.0033 282 110 299 146
chair 0.0033 227 111 253 123
chair 0.0030 285 205 400 298
chair 0.0030 232 135 286 180
chair 0.0029 382 89 398 97
chair 0.0029 384 90 400 103
chair 0.0029 171 235 241 280
chair 0.0029 221 128 252 143
chair 0.0029 133 56 150 71
chair 0.0028 358 101 382 144
chair 0.0027 0 105 23 126
sofa 0.0481 375 153 399 217
sofa 0.0077 161 248 276 298
sofa 0.0059 388 138 400 169
sofa 0.0024 385 109 400 145
sofa 0.0019 352 120 396 188
sofa 0.0017 257 184 352 286
sofa 0.0016 311 209 400 296
sofa 0.0010 254 94 271 111
sofa 0.0010 364 91 398 104
sofa 0.0010 228 116 294 215
sofa 0.0010 0 195 40 297
diningtable 0.0810 303 96 341 150
diningtable 0.0590 310 209 399 295
diningtable 0.0521 98 169 169 203
diningtable 0.0330 337 230 398 292
diningtable 0.0299 273 82 346 131
diningtable 0.0202 375 152 399 218
diningtable 0.0201 304 84 342 119
diningtable 0.0184 303 89 337 99
diningtable 0.0176 365 104 398 145
diningtable 0.0159 270 89 338 102
diningtable 0.0145 335 97 381 152
diningtable 0.0136 13 149 287 230
diningtable 0.0126 364 71 399 109
diningtable 0.0121 271 92 313 102
diningtable 0.0121 257 89 303 123
diningtable 0.0115 -14 120 318 272
diningtable 0.0115 279 90 381 151
diningtable 0.0107 310 62 339 88
diningtable 0.0095 363 93 394 104
diningtable 0.0089 256 88 314 145
diningtable 0.0062 52 161 237 221
diningtable 0.0057 259 188 352 295
diningtable 0.0055 317 81 385 140
diningtable 0.0054 367 104 396 125
diningtable 0.0051 170 142 219 164
diningtable 0.0050 322 261 343 272
diningtable 0.0049 283 80 356 111
diningtable 0.0048 338 151 399 292
diningtable 0.0043 0 110 28 176
diningtable 0.0043 307 92 338 108
diningtable 0.0043 13 169 205 296
diningtable 0.0043 245 112 277 125
diningtable 0.0037 351 118 394 187
diningtable 0.0035 221 128 252 142
diningtable 0.0035 170 109 286 219
diningtable 0.0032 365 63 398 93
diningtable 0.0030 270 174 401 300
diningtable 0.0030 264 93 298 112
diningtable 0.0028 88 136 289 299
diningtable 0.0028 335 97 353 104
diningtable 0.0027 327 94 351 106
diningtable 0.0023 317 101 397 168
diningtable 0.0023 160 247 277 298
diningtable 0.0022 255 60 286 88
diningtable 0.0021 335 91 365 115
diningtable 0.0019 227 116 294 216
diningtable 0.0017 126 229 262 294
diningtable 0.0017 121 138 179 160
diningtable 0.0016 19 106 289 208
diningtable 0.0016 250 107 290 126
diningtable 0.0015 0 78 24 109
diningtable 0.0015 156 107 263 181
diningtable 0.0014 260 84 326 111
diningtable 0.0014 297 74 339 99
diningtable 0.0014 347 97 391 138
diningtable 0.0014 316 89 343 101
diningtable 0.0013 227 75 254 108
diningtable 0.0013 360 96 386 105
diningtable 0.0012 385 109 400 144
diningtable 0.0012 254 93 271 111
diningtable 0.0012 0 197 43 297
diningtable 0.0012 257 89 290 109
diningtable 0.0012 313 94 338 103
diningtable 0.0012 366 98 397 115
diningtable 0.0012 228 110 256 122
diningtable 0.0011 289 231 377 298
diningtable 0.0011 91 88 215 165
diningtable 0.0010 388 140 399 167
diningtable 0.0010 230 102 293 128
diningtable 0.0010 339 98 360 104
tvmonitor 0.8107 123 91 185 136
tvmonitor 0.8066 43 104 124 166
tvmonitor 0.7787 366 64 397 90
tvmonitor 0.7158 254 60 284 87
tvmonitor 0.6906 179 79 230 121
tvmonitor 0.5318 166 57 191 80
tvmonitor 0.5104 227 75 254 108
tvmonitor 0.4924 310 63 338 88
tvmonitor 0.3981 150 1 182 31
tvmonitor 0.2896 209 60 239 79
tvmonitor 0.2314 77 107 122 159
tvmonitor 0.1956 35 72 77 101
tvmonitor 0.1103 133 56 150 72
tvmonitor 0.0541 151 3 171 26
tvmonitor 0.0347 84 69 121 94
tvmonitor 0.0266 131 55 157 77
tvmonitor 0.0211 156 92 186 132
tvmonitor 0.0175 364 71 399 109
tvmonitor 0.0155 185 68 219 91
tvmonitor 0.0146 375 153 399 217
tvmonitor 0.0140 187 71 217 83
tvmonitor 0.0127 251 93 275 114
tvmonitor 0.0124 0 77 25 108
tvmonitor 0.0122 204 72 257 113
tvmonitor 0.0112 396 92 400 106
tvmonitor 0.0107 126 25 149 60
tvmonitor 0.0090 130 69 164 96
tvmonitor 0.0077 122 139 181 159
tvmonitor 0.0074 49 17 93 95
tvmonitor 0.0070 139 58 159 69
tvmonitor 0.0069 166 57 200 101
tvmonitor 0.0061 181 67 226 108
tvmonitor 0.0060 283 62 309 93
tvmonitor 0.0055 222 127 253 143
tvmonitor 0.0053 234 78 269 110
tvmonitor 0.0050 185 76 260 125
tvmonitor 0.0043 166 98 230 139
tvmonitor 0.0042 123 98 155 134
tvmonitor 0.0042 37 129 127 196
tvmonitor 0.0041 0 67 17 83
tvmonitor 0.0040 131 40 144 65
tvmonitor 0.0038 311 209 400 296
tvmonitor 0.0033 145 71 164 94
tvmonitor 0.0031 394 74 400 102
tvmonitor 0.0030 116 75 129 97
tvmonitor 0.0029 396 88 400 102
tvmonitor 0.0027 207 80 233 116
tvmonitor 0.0027 148 57 160 69
tvmonitor 0.0026 129 55 146 84
tvmonitor 0.0026 130 61 162 84
tvmonitor 0.0023 387 74 399 103
tvmonitor 0.0022 242 108 281 130
tvmonitor 0.0022 189 58 238 116
tvmonitor 0.0021 364 91 398 105
tvmonitor 0.0021 384 89 400 104
tvmonitor 0.0019 119 83 127 99
tvmonitor 0.0019 0 76 11 86
tvmonitor 0.0019 250 81 292 122
tvmonitor 0.0018 162 2 188 33
tvmonitor 0.0018 127 39 160 84
tvmonitor 0.0018 215 73 244 109
tvmonitor 0.0018 274 64 299 92
tvmonitor 0.0016 9 69 59 101
tvmonitor 0.0016 126 54 162 105
tvmonitor 0.0016 302 87 340 139
tvmonitor 0.0016 138 44 145 55
tvmonitor 0.0016 207 59 243 91
tvmonitor 0.0015 395 79 400 97
tvmonitor 0.0015 109 99 203 160
tvmonitor 0.0015 36 71 59 98
tvmonitor 0.0014 230 74 253 93
tvmonitor 0.0014 35 70 65 81
tvmonitor 0.0014 284 64 296 92
tvmonitor 0.0014 273 82 346 131
tvmonitor 0.0014 130 32 146 56
tvmonitor 0.0014 0 198 40 296
tvmonitor 0.0013 84 66 108 75
tvmonitor 0.0013 119 25 152 75
tvmonitor 0.0013 297 74 339 99
tvmonitor 0.0013 337 230 398 292
tvmonitor 0.0013 382 89 398 98
tvmonitor 0.0012 170 142 220 164
tvmonitor 0.0012 381 66 399 92
tvmonitor 0.0012 207 68 290 129
tvmonitor 0.0012 242 77 257 98
tvmonitor 0.0011 15 14 51 64
tvmonitor 0.0011 391 91 399 110
tvmonitor 0.0011 180 86 209 118
tvmonitor 0.0011 146 41 165 74
tvmonitor 0.0010 66 105 139 181
tvmonitor 0.0010 176 57 191 78
tvmonitor 0.0010 154 32 172 71
tvmonitor 0.0010 205 63 232 87
