person 0.8640 102 221 282 371
person 0.8391 331 107 487 371
person 0.8172 249 238 405 372
person 0.7717 64 34 178 365
person 0.7043 186 96 294 328
person 0.6564 252 72 355 264
person 0.5843 141 42 216 205
person 0.5820 475 143 500 197
person 0.1943 330 138 344 153
person 0.1632 463 159 498 199
person 0.1072 184 96 269 244
person 0.1000 481 144 499 179
person 0.0860 262 143 331 206
person 0.0373 481 245 499 362
person 0.0349 140 100 189 251
person 0.0347 280 162 309 185
person 0.0277 0 40 106 368
person 0.0277 457 185 500 231
person 0.0230 274 158 322 187
person 0.0222 484 186 499 220
person 0.0180 135 43 247 354
person 0.0161 468 221 499 368
person 0.0143 132 47 189 329
person 0.0133 486 143 500 167
person 0.0115 214 68 232 97
person 0.0112 100 178 368 398
person 0.0105 225 109 341 325
person 0.0092 463 293 499 371
person 0.0089 459 166 480 194
person 0.0082 485 149 499 192
person 0.0081 93 71 302 369
person 0.0072 256 163 308 190
person 0.0070 472 21 499 114
person 0.0067 252 150 353 233
person 0.0062 322 122 351 182
person 0.0050 208 115 403 366
person 0.0049 326 134 343 150
person 0.0048 473 116 499 182
person 0.0044 491 174 499 194
person 0.0043 492 165 499 190
person 0.0042 473 169 497 202
person 0.0040 230 74 243 97
person 0.0039 153 161 256 352
person 0.0039 204 87 220 105
person 0.0037 473 29 499 206
person 0.0036 210 76 230 100
person 0.0034 460 195 499 290
person 0.0033 155 38 250 178
person 0.0031 320 80 334 134
person 0.0031 195 80 336 247
person 0.0031 209 88 225 102
person 0.0029 266 71 342 172
person 0.0029 244 98 271 152
person 0.0029 78 83 91 110
person 0.0026 147 42 228 127
person 0.0026 491 183 500 200
person 0.0026 251 135 317 270
person 0.0023 201 76 222 108
person 0.0023 328 133 347 160
person 0.0023 258 106 276 149
person 0.0023 267 109 280 147
person 0.0021 483 182 498 202
person 0.0021 213 169 291 331
person 0.0021 474 110 495 145
person 0.0019 460 121 500 203
person 0.0019 287 163 425 371
person 0.0019 236 154 276 299
person 0.0019 161 61 293 201
person 0.0018 475 223 500 305
person 0.0017 192 78 280 179
person 0.0017 183 56 226 152
person 0.0016 391 154 485 371
person 0.0015 476 324 499 369
person 0.0015 291 238 370 369
person 0.0015 279 227 491 375
person 0.0015 171 215 296 345
person 0.0015 465 141 495 178
person 0.0014 193 68 227 123
person 0.0013 490 141 499 159
person 0.0013 105 130 217 359
person 0.0013 87 38 196 257
person 0.0011 488 249 499 293
person 0.0011 172 61 231 219
person 0.0011 155 220 253 296
person 0.0011 320 119 345 156
person 0.0010 0 12 172 307
person 0.0010 293 93 484 267
person 0.0010 229 44 243 86
person 0.0010 486 189 497 210
person 0.0010 197 86 218 113
bicycle 0.0015 0 36 100 368
bottle 0.0509 483 190 498 223
bottle 0.0254 490 193 500 224
bottle 0.0223 483 196 493 222
bottle 0.0155 486 189 497 209
bottle 0.0076 464 162 498 198
bottle 0.0043 475 143 499 197
bottle 0.0039 491 183 500 200
bottle 0.0032 484 182 498 202
bottle 0.0030 458 196 499 237
bottle 0.0028 478 251 490 281
bottle 0.0027 427 172 443 194
bottle 0.0027 459 167 479 197
bottle 0.0024 459 196 483 220
bottle 0.0023 490 211 500 230
bottle 0.0018 459 196 468 211
bottle 0.0017 427 172 459 194
bottle 0.0011 476 239 498 291
bottle 0.0010 442 171 463 198
bottle 0.0010 474 172 496 200
chair 0.1716 459 167 479 197
chair 0.0553 463 161 498 198
chair 0.0547 427 172 444 194
chair 0.0253 442 171 460 194
chair 0.0228 459 325 499 373
chair 0.0178 476 239 498 291
chair 0.0169 478 248 492 284
chair 0.0144 481 237 499 357
chair 0.0136 475 143 500 197
chair 0.0135 451 180 495 225
chair 0.0125 460 195 499 290
chair 0.0115 430 171 467 195
chair 0.0114 423 318 484 373
chair 0.0094 468 221 499 368
chair 0.0086 442 305 496 373
chair 0.0083 488 249 499 293
chair 0.0079 459 196 484 220
chair 0.0066 463 320 487 366
chair 0.0060 430 180 476 212
chair 0.0060 452 170 473 195
chair 0.0055 453 193 499 240
chair 0.0050 476 235 489 282
chair 0.0047 473 169 497 202
chair 0.0047 389 307 491 372
chair 0.0047 485 188 499 218
chair 0.0042 472 212 499 275
chair 0.0040 433 193 468 213
chair 0.0036 443 194 482 216
chair 0.0034 458 196 473 212
chair 0.0034 458 180 496 349
chair 0.0032 428 181 444 197
chair 0.0031 459 349 499 373
chair 0.0028 449 356 467 375
chair 0.0026 365 294 398 363
chair 0.0025 488 189 499 206
chair 0.0025 467 164 488 194
chair 0.0023 330 138 344 153
chair 0.0023 463 214 491 317
chair 0.0022 432 188 464 206
chair 0.0021 476 192 498 223
chair 0.0020 431 192 490 233
chair 0.0019 476 334 500 370
chair 0.0018 426 175 495 285
chair 0.0016 483 182 498 202
chair 0.0015 494 175 500 193
chair 0.0015 491 183 500 200
chair 0.0014 437 191 460 201
chair 0.0014 388 138 487 370
chair 0.0013 422 165 438 194
chair 0.0013 431 166 455 191
chair 0.0012 481 295 500 369
chair 0.0012 419 169 432 194
chair 0.0012 474 229 499 256
chair 0.0012 370 296 396 334
chair 0.0012 350 280 488 372
chair 0.0011 479 186 494 209
chair 0.0011 483 196 493 222
chair 0.0011 455 270 495 368
chair 0.0011 480 144 499 177
chair 0.0010 473 21 500 99
chair 0.0010 0 305 22 372
chair 0.0010 253 237 406 373
sofa 0.0042 481 245 499 362
sofa 0.0024 463 293 499 371
sofa 0.0011 468 221 499 368
sofa 0.0010 459 167 479 197
pottedplant 0.5374 0 0 75 113
pottedplant 0.2327 0 40 106 368
pottedplant 0.0352 0 154 74 369
pottedplant 0.0330 0 -1 89 257
pottedplant 0.0280 0 171 40 367
pottedplant 0.0194 472 21 499 114
pottedplant 0.0152 0 78 95 208
pottedplant 0.0137 0 73 55 335
pottedplant 0.0119 0 60 75 155
pottedplant 0.0095 2 93 81 138
pottedplant 0.0090 472 58 499 101
pottedplant 0.0071 0 136 48 274
pottedplant 0.0062 0 299 23 370
pottedplant 0.0048 473 29 499 206
pottedplant 0.0044 1 125 91 241
pottedplant 0.0036 0 5 31 104
pottedplant 0.0031 2 17 170 298
pottedplant 0.0029 0 238 29 369
pottedplant 0.0022 0 -12 52 227
pottedplant 0.0021 25 86 81 126
pottedplant 0.0015 7 -5 118 139
pottedplant 0.0014 0 107 92 173
pottedplant 0.0014 37 108 95 148
pottedplant 0.0013 474 74 492 104
pottedplant 0.0011 31 63 72 119
pottedplant 0.0010 21 70 152 177
pottedplant 0.0010 46 86 71 122
pottedplant 0.0010 473 144 500 196
diningtable 0.1757 457 192 500 248
diningtable 0.0752 451 180 495 225
diningtable 0.0625 462 197 499 286
diningtable 0.0464 459 196 484 220
diningtable 0.0368 472 225 499 288
diningtable 0.0289 443 194 482 216
diningtable 0.0286 459 325 499 373
diningtable 0.0277 482 192 499 226
diningtable 0.0256 459 167 479 197
diningtable 0.0250 459 212 497 237
diningtable 0.0214 460 188 499 363
diningtable 0.0212 481 198 492 224
diningtable 0.0166 431 192 490 233
diningtable 0.0157 441 170 464 198
diningtable 0.0139 473 208 499 249
diningtable 0.0130 430 180 476 212
diningtable 0.0122 458 196 469 211
diningtable 0.0117 470 224 499 257
diningtable 0.0112 337 103 494 362
diningtable 0.0112 468 147 500 197
diningtable 0.0090 433 193 468 213
diningtable 0.0082 459 349 499 373
diningtable 0.0074 472 219 499 233
diningtable 0.0069 479 214 500 351
diningtable 0.0062 426 175 495 285
diningtable 0.0061 490 218 500 231
diningtable 0.0052 465 336 492 370
diningtable 0.0051 428 173 458 198
diningtable 0.0048 472 224 499 241
diningtable 0.0046 442 305 496 373
diningtable 0.0045 473 163 497 204
diningtable 0.0044 432 188 464 206
diningtable 0.0037 479 244 498 288
diningtable 0.0032 406 178 499 374
diningtable 0.0031 468 216 491 231
diningtable 0.0031 486 231 499 288
diningtable 0.0029 459 364 499 374
diningtable 0.0028 476 235 489 281
diningtable 0.0027 491 200 500 227
diningtable 0.0022 478 244 493 276
diningtable 0.0022 427 172 444 194
diningtable 0.0020 481 269 499 366
diningtable 0.0019 413 162 483 238
diningtable 0.0019 433 181 463 201
diningtable 0.0017 476 334 500 370
diningtable 0.0017 467 284 499 372
diningtable 0.0017 467 200 488 226
diningtable 0.0014 422 318 484 372
diningtable 0.0013 486 189 497 210
diningtable 0.0013 437 191 460 201
diningtable 0.0012 448 197 486 253
tvmonitor 0.0056 213 1 238 17
tvmonitor 0.0030 0 0 75 108
tvmonitor 0.0024 473 21 499 104
