person 0.0673 324 67 367 121
person 0.0140 397 29 446 105
person 0.0081 286 48 298 82
person 0.0023 73 64 159 128
person 0.0020 345 69 369 121
person 0.0017 399 39 425 104
person 0.0012 324 79 340 121
person 0.0012 1 192 89 246
bird 0.0223 73 64 159 128
bird 0.0078 398 29 445 104
bird 0.0014 331 69 368 122
bird 0.0011 85 71 94 82
cat 0.0133 324 67 367 121
cat 0.0093 397 29 446 104
dog 0.0060 325 67 365 121
dog 0.0019 397 29 446 105
horse 0.0034 325 67 365 121
horse 0.0018 398 29 445 104
chair 0.3269 180 144 487 372
chair 0.0636 0 191 92 246
chair 0.0299 -2 153 193 353
chair 0.0199 0 150 89 200
chair 0.0085 2 219 107 285
chair 0.0062 0 139 320 305
chair 0.0061 3 180 125 308
chair 0.0060 81 133 200 318
chair 0.0059 17 234 90 268
chair 0.0016 0 209 5 245
chair 0.0016 2 236 174 366
chair 0.0012 101 140 275 345
chair 0.0012 2 243 102 277
sofa 0.5195 169 144 492 374
sofa 0.3328 -1 139 286 307
sofa 0.0451 21 136 487 270
sofa 0.0392 0 191 91 247
sofa 0.0114 1 155 185 372
sofa 0.0090 43 135 294 236
sofa 0.0086 2 219 107 285
sofa 0.0079 3 180 125 308
sofa 0.0077 0 150 89 200
sofa 0.0074 0 145 199 264
sofa 0.0072 59 136 377 355
sofa 0.0056 17 234 90 268
sofa 0.0028 24 224 138 297
sofa 0.0024 81 133 200 318
sofa 0.0020 125 140 286 350
sofa 0.0016 175 137 445 233
sofa 0.0016 61 252 99 272
sofa 0.0013 2 243 102 277
pottedplant 0.0031 67 62 155 129
pottedplant 0.0013 398 29 445 104
diningtable 0.0683 0 235 177 354
diningtable 0.0138 1 237 110 282
diningtable 0.0093 3 180 125 308
diningtable 0.0082 24 224 138 297
diningtable 0.0037 61 252 99 272
diningtable 0.0036 17 234 90 268
diningtable 0.0032 1 192 89 246
diningtable 0.0015 -1 145 210 355
diningtable 0.0013 -1 246 152 306
diningtable 0.0012 32 232 78 249
diningtable 0.0010 483 230 499 257
diningtable 0.0010 85 132 498 379
tvmonitor 0.1301 0 191 93 245
tvmonitor 0.0048 0 195 6 246
tvmonitor 0.0024 32 232 78 249
tvmonitor 0.0010 0 151 95 239
