person 0.9165 258 14 432 222
person 0.7004 134 61 292 222
person 0.0213 475 149 499 219
person 0.0167 480 148 499 191
person 0.0126 116 113 178 172
person 0.0066 0 48 12 71
person 0.0061 493 105 499 131
person 0.0042 46 102 363 223
person 0.0033 475 182 500 223
person 0.0029 78 39 178 172
person 0.0028 93 53 228 191
person 0.0026 0 48 16 84
person 0.0025 422 192 481 246
person 0.0024 85 117 168 218
person 0.0020 493 90 499 114
person 0.0020 116 81 196 176
person 0.0018 0 173 15 220
person 0.0016 390 36 415 88
person 0.0015 109 95 268 187
person 0.0015 489 87 500 129
person 0.0014 488 107 500 133
person 0.0014 179 68 255 213
person 0.0013 494 112 500 149
person 0.0012 213 102 278 192
person 0.0012 87 195 125 249
person 0.0012 0 144 19 220
person 0.0011 477 104 499 177
person 0.0011 414 82 471 130
person 0.0010 56 30 460 246
person 0.0010 0 36 24 97
person 0.0010 91 155 135 170
car 0.0042 243 97 276 130
car 0.0021 325 1 367 10
car 0.0014 134 61 292 222
car 0.0012 46 102 363 223
car 0.0011 186 84 330 189
motorbike 0.0015 6 294 192 368
bird 0.0050 436 74 454 83
cat 0.0018 470 150 499 222
cat 0.0012 480 148 499 191
dog 0.0013 474 147 499 220
dog 0.0010 111 59 283 228
bottle 0.0029 423 196 477 247
bottle 0.0027 86 195 125 249
bottle 0.0022 494 107 499 133
bottle 0.0022 68 113 89 188
bottle 0.0018 20 48 43 123
bottle 0.0016 385 38 415 89
bottle 0.0013 490 107 500 138
bottle 0.0012 494 131 499 150
bottle 0.0011 7 292 196 370
chair 0.3717 470 148 499 221
chair 0.1773 422 192 481 246
chair 0.1331 422 173 466 197
chair 0.0792 422 181 471 229
chair 0.0781 247 144 258 172
chair 0.0770 480 150 499 188
chair 0.0468 118 115 170 173
chair 0.0444 438 166 465 196
chair 0.0373 405 137 464 197
chair 0.0283 46 102 363 223
chair 0.0280 255 127 272 159
chair 0.0256 250 173 293 219
chair 0.0256 494 107 499 133
chair 0.0196 443 157 468 191
chair 0.0195 118 61 288 223
chair 0.0191 79 40 179 173
chair 0.0160 86 195 125 249
chair 0.0155 441 167 461 185
chair 0.0145 92 114 169 217
chair 0.0117 447 149 485 196
chair 0.0105 248 132 265 173
chair 0.0099 489 107 500 133
chair 0.0096 484 149 500 215
chair 0.0092 251 147 259 174
chair 0.0080 475 182 500 223
chair 0.0076 116 81 196 176
chair 0.0068 247 122 278 183
chair 0.0064 250 126 286 211
chair 0.0061 420 173 435 196
chair 0.0058 459 142 502 202
chair 0.0055 9 112 456 270
chair 0.0052 437 130 492 196
chair 0.0050 109 95 268 187
chair 0.0047 246 134 257 161
chair 0.0046 474 170 499 197
chair 0.0043 89 114 249 219
chair 0.0043 103 164 314 228
chair 0.0043 244 98 276 156
chair 0.0041 489 160 500 188
chair 0.0035 425 142 468 187
chair 0.0035 458 155 492 223
chair 0.0033 457 147 474 196
chair 0.0032 184 97 334 207
chair 0.0030 412 161 441 196
chair 0.0028 477 127 500 192
chair 0.0028 422 174 446 195
chair 0.0027 414 82 471 130
chair 0.0026 239 147 256 173
chair 0.0025 416 156 497 243
chair 0.0025 213 102 278 192
chair 0.0024 247 117 272 154
chair 0.0023 6 294 192 368
chair 0.0023 403 129 464 149
chair 0.0021 108 162 425 255
chair 0.0021 472 203 499 231
chair 0.0021 158 213 251 240
chair 0.0020 402 132 446 183
chair 0.0020 91 155 135 170
chair 0.0018 94 165 160 219
chair 0.0018 391 125 490 214
chair 0.0018 252 175 279 206
chair 0.0018 489 171 499 192
chair 0.0017 462 171 498 250
chair 0.0016 485 190 500 212
chair 0.0016 483 105 499 143
chair 0.0015 430 161 488 212
chair 0.0015 483 150 500 167
chair 0.0015 83 152 152 194
chair 0.0014 494 131 499 150
chair 0.0014 93 53 228 191
chair 0.0014 238 130 256 164
chair 0.0012 409 139 437 197
chair 0.0012 251 138 273 176
chair 0.0012 494 112 500 149
chair 0.0012 493 91 500 126
chair 0.0012 470 92 499 145
chair 0.0012 481 108 500 172
chair 0.0011 2 261 98 344
chair 0.0010 402 122 465 164
chair 0.0010 254 161 288 207
sofa 0.2426 470 150 500 222
sofa 0.0700 120 116 171 172
sofa 0.0565 422 192 481 246
sofa 0.0441 89 117 168 215
sofa 0.0415 46 102 363 223
sofa 0.0278 118 61 288 223
sofa 0.0245 111 107 193 180
sofa 0.0176 480 150 499 189
sofa 0.0168 79 40 179 173
sofa 0.0071 475 182 500 223
sofa 0.0070 109 95 268 187
sofa 0.0051 86 195 125 249
sofa 0.0047 93 53 228 191
sofa 0.0044 89 114 249 219
sofa 0.0038 92 169 159 219
sofa 0.0036 484 149 500 215
sofa 0.0033 83 152 152 194
sofa 0.0024 459 142 502 202
sofa 0.0019 462 171 498 250
sofa 0.0018 421 174 464 197
sofa 0.0016 472 204 499 231
sofa 0.0016 91 155 135 170
sofa 0.0015 118 64 184 170
sofa 0.0015 474 173 499 202
sofa 0.0014 416 156 497 243
sofa 0.0013 9 112 456 270
sofa 0.0011 485 190 500 212
sofa 0.0010 103 164 314 228
pottedplant 0.3165 78 40 177 152
pottedplant 0.2105 140 45 191 80
pottedplant 0.0957 414 0 496 105
pottedplant 0.0367 138 48 170 82
pottedplant 0.0209 136 44 193 110
pottedplant 0.0181 116 81 196 176
pottedplant 0.0146 430 45 483 94
pottedplant 0.0127 109 45 202 134
pottedplant 0.0118 35 6 153 181
pottedplant 0.0092 441 56 478 84
pottedplant 0.0092 93 53 228 191
pottedplant 0.0064 140 62 168 82
pottedplant 0.0049 39 1 102 98
pottedplant 0.0049 90 64 177 125
pottedplant 0.0045 23 0 102 200
pottedplant 0.0042 118 115 170 173
pottedplant 0.0035 67 112 88 184
pottedplant 0.0034 430 56 465 92
pottedplant 0.0033 132 28 184 85
pottedplant 0.0032 56 46 100 189
pottedplant 0.0029 148 45 169 76
pottedplant 0.0027 77 36 142 97
pottedplant 0.0024 452 64 468 84
pottedplant 0.0024 136 71 179 117
pottedplant 0.0023 164 44 190 76
pottedplant 0.0023 59 6 95 125
pottedplant 0.0021 463 83 495 133
pottedplant 0.0020 108 61 285 225
pottedplant 0.0020 75 98 171 215
pottedplant 0.0019 472 77 489 97
pottedplant 0.0016 414 81 471 130
pottedplant 0.0016 386 37 415 88
pottedplant 0.0015 480 148 499 191
pottedplant 0.0015 489 89 500 132
pottedplant 0.0013 70 5 147 109
pottedplant 0.0013 152 47 179 77
pottedplant 0.0012 17 27 45 123
pottedplant 0.0012 63 37 88 175
pottedplant 0.0012 8 3 51 111
pottedplant 0.0011 0 166 19 219
pottedplant 0.0011 491 106 500 134
pottedplant 0.0010 56 107 115 203
pottedplant 0.0010 128 54 170 95
pottedplant 0.0010 432 5 477 87
diningtable 0.1559 12 200 500 368
diningtable 0.0110 254 221 496 373
diningtable 0.0079 -3 232 294 368
diningtable 0.0058 86 197 124 251
diningtable 0.0046 0 122 435 323
diningtable 0.0045 12 207 263 268
diningtable 0.0041 405 132 463 194
diningtable 0.0036 471 147 499 222
diningtable 0.0030 418 171 465 197
diningtable 0.0030 287 221 439 321
diningtable 0.0025 480 149 499 189
diningtable 0.0023 424 198 478 252
diningtable 0.0022 6 294 192 368
diningtable 0.0021 31 184 346 277
diningtable 0.0021 425 247 499 313
diningtable 0.0021 407 127 469 150
diningtable 0.0019 108 162 425 255
diningtable 0.0019 262 289 479 360
diningtable 0.0018 158 213 251 240
diningtable 0.0017 437 130 492 196
diningtable 0.0016 72 214 311 251
diningtable 0.0015 472 185 499 239
diningtable 0.0014 395 113 483 169
diningtable 0.0014 313 207 499 303
diningtable 0.0014 90 157 136 172
diningtable 0.0013 411 121 495 155
diningtable 0.0012 1 258 55 321
diningtable 0.0011 77 117 159 198
diningtable 0.0011 414 82 471 130
diningtable 0.0011 97 151 134 166
diningtable 0.0011 427 241 496 254
diningtable 0.0010 397 229 502 334
diningtable 0.0010 473 222 500 238
diningtable 0.0010 413 117 469 143
tvmonitor 0.8149 414 82 471 130
tvmonitor 0.0318 385 38 414 89
tvmonitor 0.0269 494 107 500 133
tvmonitor 0.0074 480 149 499 189
tvmonitor 0.0064 488 107 500 133
tvmonitor 0.0059 458 83 483 132
tvmonitor 0.0043 466 82 493 133
tvmonitor 0.0043 474 97 498 135
tvmonitor 0.0033 413 117 465 128
tvmonitor 0.0033 475 149 499 219
tvmonitor 0.0032 443 82 478 133
tvmonitor 0.0026 399 63 485 145
tvmonitor 0.0025 455 87 473 133
tvmonitor 0.0017 493 91 500 126
tvmonitor 0.0013 431 73 480 115
tvmonitor 0.0013 494 112 500 149
tvmonitor 0.0013 447 146 499 216
tvmonitor 0.0012 370 5 486 98
