person 0.7916 74 10 444 337
person 0.6787 0 127 96 326
person 0.3298 189 105 263 200
person 0.2339 0 174 13 209
person 0.1335 152 110 282 226
person 0.1318 212 106 264 160
person 0.0514 184 131 228 209
person 0.0242 2 127 105 232
person 0.0182 20 168 116 292
person 0.0143 179 132 261 231
person 0.0115 113 100 309 266
person 0.0101 0 166 41 326
person 0.0073 0 159 22 315
person 0.0072 225 105 263 143
person 0.0066 141 135 196 226
person 0.0060 121 116 214 243
person 0.0052 -1 169 32 213
person 0.0050 0 173 11 238
person 0.0037 0 161 15 255
person 0.0035 190 123 225 182
person 0.0035 225 113 283 183
person 0.0034 72 189 113 237
person 0.0031 0 225 118 331
person 0.0026 0 127 56 294
person 0.0025 133 39 377 237
person 0.0022 0 142 52 224
person 0.0021 489 247 499 332
person 0.0018 40 34 302 293
person 0.0016 202 105 244 173
person 0.0016 490 321 499 334
person 0.0012 165 46 298 194
person 0.0012 156 114 206 219
person 0.0011 88 98 237 300
person 0.0010 165 68 235 210
motorbike 0.0010 184 134 264 217
bird 0.7829 0 225 118 331
bird 0.7383 352 210 402 283
bird 0.4804 280 258 380 303
bird 0.3265 185 136 266 214
bird 0.1615 2 127 108 327
bird 0.1130 61 25 421 327
bird 0.0786 13 184 115 297
bird 0.0702 279 224 398 305
bird 0.0683 152 110 282 226
bird 0.0641 0 174 13 209
bird 0.0503 76 190 114 233
bird 0.0172 50 190 113 258
bird 0.0101 113 100 309 266
bird 0.0097 34 226 120 302
bird 0.0055 357 278 383 301
bird 0.0052 345 204 443 299
bird 0.0046 184 131 228 209
bird 0.0046 320 266 384 304
bird 0.0044 210 132 268 196
bird 0.0044 67 179 122 280
bird 0.0042 80 190 103 219
bird 0.0038 53 261 116 328
bird 0.0038 54 196 138 319
bird 0.0031 306 210 409 286
bird 0.0025 96 240 120 274
bird 0.0025 226 111 283 182
bird 0.0023 69 260 113 295
bird 0.0021 78 229 130 295
bird 0.0020 248 129 286 181
bird 0.0018 85 250 120 301
bird 0.0018 0 181 40 324
bird 0.0017 3 184 203 331
bird 0.0014 83 203 111 232
bird 0.0013 0 173 11 238
bird 0.0012 191 106 263 191
bird 0.0010 245 170 266 186
dog 0.0032 0 174 13 209
dog 0.0016 0 231 119 332
horse 0.0010 0 174 13 208
sheep 0.0010 0 226 118 332
cow 0.0011 0 174 13 209
bottle 0.0048 0 231 119 332
bottle 0.0017 445 303 467 333
bottle 0.0010 111 169 128 213
chair 0.0124 409 225 485 333
chair 0.0032 488 253 499 331
chair 0.0021 357 216 460 333
chair 0.0017 431 224 501 253
chair 0.0012 413 288 471 332
pottedplant 0.0037 361 7 481 243
pottedplant 0.0035 0 8 89 201
