person 0.7104 317 113 370 324
person 0.6378 70 196 164 306
person 0.4462 255 122 298 179
person 0.2460 216 133 263 188
person 0.2050 166 138 255 258
person 0.1245 328 130 395 288
person 0.0993 176 133 259 186
person 0.0655 359 160 380 198
person 0.0650 149 158 258 313
person 0.0638 261 122 292 155
person 0.0591 356 152 395 267
person 0.0585 246 125 316 237
person 0.0426 242 155 321 274
person 0.0365 225 131 286 204
person 0.0327 228 134 260 171
person 0.0317 168 148 227 199
person 0.0268 0 308 12 373
person 0.0250 71 135 185 298
person 0.0235 359 154 386 228
person 0.0225 99 136 235 267
person 0.0208 180 141 230 168
person 0.0199 205 132 254 170
person 0.0186 270 168 341 289
person 0.0175 110 144 180 190
person 0.0160 296 172 384 311
person 0.0146 334 137 387 234
person 0.0137 213 135 270 245
person 0.0126 268 123 308 170
person 0.0097 296 145 313 174
person 0.0083 0 191 17 372
person 0.0077 348 140 381 196
person 0.0075 298 147 309 162
person 0.0072 298 151 320 178
person 0.0062 188 137 299 277
person 0.0059 151 141 183 164
person 0.0059 355 150 380 184
person 0.0057 212 139 231 167
person 0.0050 287 139 308 169
person 0.0050 281 137 312 178
person 0.0045 283 139 329 225
person 0.0044 247 135 290 193
person 0.0040 184 133 244 162
person 0.0039 295 141 309 164
person 0.0038 273 123 294 148
person 0.0037 321 116 367 187
person 0.0036 292 150 339 263
person 0.0034 184 142 222 159
person 0.0032 113 150 171 292
person 0.0031 262 130 316 195
person 0.0029 299 156 328 207
person 0.0027 223 134 250 164
person 0.0026 227 158 265 222
person 0.0026 203 142 228 166
person 0.0025 110 142 228 214
person 0.0024 198 152 260 287
person 0.0022 336 123 378 193
person 0.0021 301 156 326 184
person 0.0020 235 129 284 176
person 0.0018 298 177 331 234
person 0.0017 118 140 185 171
person 0.0017 337 124 366 168
person 0.0016 252 147 305 206
person 0.0016 69 218 129 305
person 0.0015 241 141 275 200
person 0.0015 237 135 261 159
person 0.0015 0 139 28 375
person 0.0015 255 123 282 148
person 0.0014 153 142 218 272
person 0.0013 281 174 325 243
person 0.0012 312 124 359 240
person 0.0012 0 301 9 348
person 0.0010 191 146 252 206
person 0.0010 206 136 237 190
person 0.0010 349 148 369 173
bicycle 0.0529 0 310 12 372
bicycle 0.0081 314 124 374 324
bicycle 0.0036 317 219 402 272
bicycle 0.0028 359 196 396 271
bicycle 0.0027 0 244 14 374
bicycle 0.0023 300 197 387 292
bicycle 0.0012 300 222 340 305
bicycle 0.0010 0 337 8 374
car 0.2532 0 310 12 372
car 0.0019 0 310 25 371
car 0.0010 0 312 9 341
car 0.0010 0 334 9 369
car 0.0010 0 322 11 356
motorbike 0.6793 148 173 258 315
motorbike 0.6211 241 162 319 276
motorbike 0.6075 358 173 396 270
motorbike 0.3464 296 172 383 313
motorbike 0.2529 0 309 12 373
motorbike 0.2126 317 115 371 319
motorbike 0.1932 318 187 396 290
motorbike 0.1704 270 168 341 289
motorbike 0.1171 69 156 172 310
motorbike 0.0837 296 180 339 310
motorbike 0.0554 356 218 394 269
motorbike 0.0535 172 150 291 298
motorbike 0.0255 317 219 402 272
motorbike 0.0143 280 162 328 255
motorbike 0.0140 181 135 268 256
motorbike 0.0122 0 244 14 374
motorbike 0.0115 96 137 241 304
motorbike 0.0114 193 180 263 301
motorbike 0.0096 358 152 390 236
motorbike 0.0087 363 183 393 238
motorbike 0.0086 222 134 294 254
motorbike 0.0079 250 212 307 276
motorbike 0.0072 115 165 169 298
motorbike 0.0062 253 122 306 194
motorbike 0.0060 327 200 383 329
motorbike 0.0058 273 181 322 237
motorbike 0.0057 215 183 310 292
motorbike 0.0055 255 125 322 234
motorbike 0.0052 169 139 254 204
motorbike 0.0052 305 218 346 301
motorbike 0.0051 138 179 200 313
motorbike 0.0051 291 172 327 234
motorbike 0.0048 110 145 181 190
motorbike 0.0044 0 306 24 373
motorbike 0.0040 358 157 385 200
motorbike 0.0040 162 144 240 268
motorbike 0.0038 165 144 225 192
motorbike 0.0037 216 133 263 188
motorbike 0.0033 328 231 382 276
motorbike 0.0030 247 171 310 237
motorbike 0.0030 98 177 207 286
motorbike 0.0027 72 212 156 305
motorbike 0.0024 0 194 20 369
motorbike 0.0022 177 143 225 168
motorbike 0.0021 107 137 180 248
motorbike 0.0021 135 194 170 260
motorbike 0.0019 0 305 10 352
motorbike 0.0018 212 159 277 280
motorbike 0.0018 0 337 8 374
motorbike 0.0016 337 195 400 262
motorbike 0.0016 365 194 391 225
motorbike 0.0015 284 140 327 221
motorbike 0.0014 307 182 329 224
motorbike 0.0014 225 131 285 203
motorbike 0.0014 181 133 258 174
motorbike 0.0014 301 165 329 218
motorbike 0.0013 357 233 385 266
motorbike 0.0013 245 145 299 206
motorbike 0.0013 267 187 310 266
motorbike 0.0012 152 141 183 163
motorbike 0.0012 334 137 387 234
motorbike 0.0012 110 142 228 214
motorbike 0.0011 298 151 321 179
motorbike 0.0011 73 203 207 324
motorbike 0.0011 336 170 416 279
motorbike 0.0010 327 221 370 262
boat 0.0012 0 309 12 373
dog 0.0017 0 310 12 372
horse 0.0015 0 310 12 372
bottle 0.0015 0 310 12 372
chair 0.0024 0 309 12 373
