person 0.5851 253 16 412 341
person 0.5000 449 35 499 109
person 0.4852 1 147 317 297
person 0.1276 42 24 490 344
person 0.0135 -11 162 397 371
person 0.0092 304 2 393 143
person 0.0085 266 160 431 345
person 0.0072 294 211 407 330
person 0.0069 200 102 469 349
person 0.0057 9 192 201 297
person 0.0050 0 38 87 104
person 0.0048 448 29 499 206
person 0.0038 0 9 49 86
person 0.0037 73 23 271 163
person 0.0033 447 -2 499 91
person 0.0028 306 0 365 56
person 0.0028 277 -6 494 270
person 0.0022 241 27 392 151
person 0.0019 291 13 406 236
person 0.0019 416 25 502 111
person 0.0019 75 96 270 164
person 0.0016 245 28 315 83
person 0.0015 311 48 390 200
person 0.0014 275 1 314 55
person 0.0014 125 226 145 258
person 0.0014 381 18 498 217
person 0.0013 322 262 406 345
person 0.0013 231 16 363 253
person 0.0012 308 235 394 303
person 0.0011 12 66 378 278
person 0.0011 83 91 150 139
car 0.0031 45 5 429 145
car 0.0027 27 16 497 250
car 0.0014 74 8 279 118
boat 0.0015 27 16 497 250
bird 0.0029 448 34 499 109
bird 0.0021 330 265 403 344
cat 0.3609 327 264 405 344
cat 0.1179 4 191 127 289
cat 0.0567 449 35 499 108
cat 0.0076 253 16 412 341
cat 0.0069 306 3 392 142
cat 0.0038 49 226 117 275
cat 0.0016 0 38 87 104
cat 0.0015 294 211 407 330
cat 0.0012 287 161 499 367
dog 0.3144 6 191 124 289
dog 0.0708 328 263 404 344
dog 0.0113 253 16 412 341
dog 0.0101 449 35 499 108
dog 0.0067 304 2 393 143
dog 0.0044 28 262 490 369
dog 0.0039 287 161 499 367
dog 0.0039 85 91 273 163
dog 0.0033 303 241 406 330
dog 0.0023 47 217 115 284
dog 0.0020 282 194 417 341
dog 0.0013 0 38 87 104
dog 0.0012 15 180 209 286
dog 0.0011 -2 161 299 330
dog 0.0010 13 183 107 247
horse 0.0039 305 2 394 143
bottle 0.0043 243 31 315 81
bottle 0.0023 243 35 289 68
bottle 0.0016 92 39 116 64
bottle 0.0013 117 0 171 40
bottle 0.0012 -2 161 299 330
bottle 0.0011 308 256 403 343
bottle 0.0010 294 211 407 330
chair 0.0222 0 11 45 78
chair 0.0124 253 16 412 341
chair 0.0099 299 146 501 363
chair 0.0070 0 12 43 45
chair 0.0070 7 131 486 372
chair 0.0060 0 29 90 107
chair 0.0050 309 29 393 143
chair 0.0034 75 9 278 116
chair 0.0033 75 95 270 164
chair 0.0027 0 71 97 147
chair 0.0026 27 16 497 250
chair 0.0016 0 87 89 107
chair 0.0016 0 44 66 97
chair 0.0014 94 0 229 66
chair 0.0014 2 157 321 312
chair 0.0014 6 192 134 293
chair 0.0013 242 6 391 144
chair 0.0013 449 35 499 108
chair 0.0012 1 1 85 47
chair 0.0011 39 5 396 136
sofa 0.4123 13 65 498 376
sofa 0.0941 4 148 316 297
sofa 0.0241 38 15 488 249
sofa 0.0222 85 92 273 162
sofa 0.0181 0 36 90 106
sofa 0.0170 0 71 97 147
sofa 0.0156 0 9 49 86
sofa 0.0155 257 27 413 345
sofa 0.0134 75 9 278 116
sofa 0.0120 299 146 501 363
sofa 0.0101 34 83 288 191
sofa 0.0082 200 102 469 349
sofa 0.0077 0 85 93 123
sofa 0.0073 20 285 464 371
sofa 0.0072 6 192 134 293
sofa 0.0069 80 47 391 215
sofa 0.0061 33 3 405 138
sofa 0.0042 77 149 389 353
sofa 0.0041 1 87 80 106
sofa 0.0031 304 2 393 143
sofa 0.0024 49 80 325 263
sofa 0.0021 282 194 417 341
sofa 0.0018 94 0 229 66
sofa 0.0016 0 12 44 53
sofa 0.0016 103 224 500 371
sofa 0.0014 106 133 363 271
sofa 0.0013 225 178 308 263
sofa 0.0012 241 27 392 151
sofa 0.0012 1 92 157 148
sofa 0.0011 308 246 403 338
sofa 0.0010 225 34 374 270
diningtable 0.0051 0 11 45 83
diningtable 0.0035 0 89 99 146
diningtable 0.0017 13 65 498 376
diningtable 0.0011 102 0 214 49
diningtable 0.0011 0 10 90 104
tvmonitor 0.0094 74 5 279 101
tvmonitor 0.0092 220 0 293 33
tvmonitor 0.0055 95 1 227 59
tvmonitor 0.0013 216 -1 313 53
tvmonitor 0.0012 39 5 396 136
tvmonitor 0.0010 0 11 45 83
