person 0.0275 2 0 234 97
person 0.0202 323 4 498 328
person 0.0033 125 0 499 254
person 0.0014 169 68 385 257
person 0.0013 38 134 209 240
person 0.0011 276 0 382 57
cat 0.0204 168 69 384 254
dog 0.7210 168 70 384 254
dog 0.0344 34 54 444 265
dog 0.0042 258 150 309 205
dog 0.0013 32 116 284 247
dog 0.0012 218 139 350 220
dog 0.0012 156 73 263 242
bottle 0.1115 38 135 207 241
bottle 0.0034 168 70 384 254
bottle 0.0033 64 137 191 205
bottle 0.0025 128 144 185 198
bottle 0.0017 23 65 295 261
bottle 0.0014 258 150 309 205
chair 0.0334 322 4 498 327
chair 0.0104 2 0 229 95
chair 0.0029 274 2 381 57
chair 0.0016 12 46 410 267
sofa 0.3171 323 2 499 341
sofa 0.0282 2 0 229 95
sofa 0.0048 -3 -3 471 271
sofa 0.0034 169 68 385 257
sofa 0.0026 276 0 382 58
diningtable 0.0014 323 2 499 341
