person 0.0107 483 137 499 166
person 0.0028 7 51 490 381
person 0.0012 0 83 97 270
person 0.0010 475 136 500 178
bicycle 0.0056 479 262 499 307
bicycle 0.0037 11 52 484 297
car 0.4353 15 53 492 302
car 0.0708 0 82 97 270
car 0.0163 18 152 491 372
car 0.0125 280 289 309 302
car 0.0080 361 129 387 147
car 0.0070 0 75 177 347
car 0.0047 479 262 499 307
car 0.0046 0 84 30 280
car 0.0039 0 137 14 271
car 0.0038 13 40 494 178
car 0.0024 483 137 499 175
car 0.0024 493 255 499 268
car 0.0023 246 290 268 302
car 0.0020 0 106 52 300
car 0.0019 0 259 6 282
car 0.0018 333 104 498 255
car 0.0015 0 80 98 157
car 0.0015 -4 90 179 218
car 0.0014 356 128 398 150
car 0.0012 220 98 499 290
car 0.0012 190 286 217 296
car 0.0011 285 293 318 302
car 0.0011 329 123 499 364
car 0.0011 229 288 257 302
motorbike 0.0025 7 111 491 377
motorbike 0.0024 0 82 98 270
motorbike 0.0018 7 50 485 275
motorbike 0.0010 479 262 499 307
aeroplane 0.0148 11 52 484 297
aeroplane 0.0037 13 40 494 178
aeroplane 0.0018 0 81 101 267
bus 0.0046 10 43 490 362
bus 0.0039 0 94 22 339
bus 0.0034 0 83 97 270
bus 0.0028 0 142 13 287
bus 0.0010 439 103 499 185
train 0.0012 0 123 18 283
train 0.0010 15 53 492 302
boat 0.0105 19 50 494 278
boat 0.0032 7 113 492 376
boat 0.0017 0 81 101 267
chair 0.0038 479 264 499 309
chair 0.0022 7 113 492 376
chair 0.0010 481 286 500 311
sofa 0.0025 10 43 490 362
