person 0.6563 152 211 266 360
person 0.0392 154 211 212 354
person 0.0185 151 209 194 276
person 0.0104 209 226 312 360
person 0.0071 156 212 257 267
person 0.0048 193 212 257 252
person 0.0037 173 214 285 289
person 0.0027 217 249 378 481
person 0.0013 190 217 266 328
bicycle 0.0130 215 246 377 471
bicycle 0.0012 222 412 377 499
bicycle 0.0010 203 263 289 391
bird 0.8412 93 286 121 351
bird 0.0375 151 211 193 271
bird 0.0098 95 303 119 335
bird 0.0038 96 288 121 324
bird 0.0025 107 287 118 298
bird 0.0018 151 210 261 359
bird 0.0016 99 287 120 306
bird 0.0014 108 302 130 338
bird 0.0013 164 344 190 361
bird 0.0012 156 212 257 267
cat 0.0398 225 320 371 464
cat 0.0104 209 241 378 500
cat 0.0048 151 211 193 272
cat 0.0027 279 347 328 432
cat 0.0016 151 210 261 359
cat 0.0014 279 367 315 394
cat 0.0011 94 287 121 344
dog 0.0148 151 210 261 359
dog 0.0139 151 211 193 272
dog 0.0071 223 310 372 500
dog 0.0046 156 212 257 267
horse 0.0010 223 310 372 500
sheep 0.0014 151 211 193 271
chair 0.0309 149 173 180 189
chair 0.0258 213 237 377 483
chair 0.0050 212 249 335 409
chair 0.0031 149 163 192 193
chair 0.0021 152 210 264 361
chair 0.0018 212 200 330 339
chair 0.0017 180 142 217 193
chair 0.0015 342 184 374 249
chair 0.0014 175 149 201 192
chair 0.0013 214 240 307 327
sofa 0.0010 223 304 374 480
pottedplant 0.0100 180 145 215 190
pottedplant 0.0078 221 247 378 483
pottedplant 0.0070 193 44 217 72
pottedplant 0.0070 215 6 373 272
pottedplant 0.0050 329 181 374 269
pottedplant 0.0047 180 137 239 195
pottedplant 0.0045 215 177 373 310
pottedplant 0.0037 150 211 193 269
pottedplant 0.0033 318 184 373 326
pottedplant 0.0030 287 181 373 281
pottedplant 0.0028 149 163 192 193
pottedplant 0.0026 265 81 373 294
pottedplant 0.0025 183 161 211 194
pottedplant 0.0024 199 55 307 284
pottedplant 0.0023 0 -19 193 349
pottedplant 0.0022 181 153 200 190
pottedplant 0.0020 162 51 349 319
pottedplant 0.0015 178 -2 330 230
pottedplant 0.0015 184 164 197 190
pottedplant 0.0015 217 113 283 223
pottedplant 0.0014 179 127 259 234
pottedplant 0.0013 221 116 330 256
pottedplant 0.0011 218 195 273 250
pottedplant 0.0011 194 58 215 71
pottedplant 0.0010 153 122 224 210
diningtable 0.0024 215 246 377 471
diningtable 0.0017 149 172 179 188
