person 0.0083 366 160 373 179
person 0.0048 49 206 193 295
person 0.0024 38 197 110 250
person 0.0015 101 215 152 285
person 0.0010 363 159 371 173
bicycle 0.9187 35 199 192 300
bicycle 0.0133 38 197 110 250
bicycle 0.0034 127 221 191 290
bicycle 0.0034 78 205 132 284
bicycle 0.0029 67 204 180 272
bicycle 0.0020 36 199 120 293
bicycle 0.0017 101 215 152 285
bicycle 0.0014 43 197 95 234
bicycle 0.0012 97 225 121 285
bicycle 0.0012 94 237 187 303
motorbike 0.0035 38 206 192 300
bus 0.0014 34 200 192 299
bird 0.0208 366 160 373 179
bird 0.0070 369 14 410 57
bird 0.0025 361 159 373 182
bird 0.0024 363 159 371 172
bird 0.0011 378 17 392 31
bird 0.0011 348 187 353 192
bird 0.0011 369 27 382 39
bottle 0.0262 34 200 191 298
bottle 0.0012 79 215 134 281
chair 0.0013 41 197 103 238
pottedplant 0.0011 35 200 192 299
