person 0.7547 0 1 129 331
person 0.6543 360 1 426 71
person 0.6117 311 0 366 54
person 0.6010 431 0 477 63
person 0.3459 105 0 233 63
person 0.1152 308 0 410 64
person 0.1088 430 0 458 52
person 0.0947 90 5 245 183
person 0.0716 168 0 229 62
person 0.0557 444 0 488 51
person 0.0537 109 1 158 57
person 0.0418 37 47 235 275
person 0.0338 138 1 206 60
person 0.0255 53 0 128 59
person 0.0172 7 -1 128 128
person 0.0117 70 2 149 78
person 0.0114 455 0 477 41
person 0.0096 134 3 158 55
person 0.0079 433 0 455 28
person 0.0077 462 0 498 47
person 0.0058 0 6 45 326
person 0.0057 237 -4 443 83
person 0.0053 62 0 119 37
person 0.0048 43 10 142 237
person 0.0046 0 307 7 332
person 0.0045 492 80 499 102
person 0.0043 66 0 230 96
person 0.0042 433 1 477 33
person 0.0040 43 33 125 166
person 0.0039 195 19 226 65
person 0.0038 128 1 177 56
person 0.0037 142 9 157 62
person 0.0037 51 5 152 140
person 0.0034 321 13 386 58
person 0.0033 489 2 499 47
person 0.0032 376 21 419 65
person 0.0032 484 54 499 102
person 0.0029 385 0 490 70
person 0.0027 360 3 388 68
person 0.0026 52 0 92 42
person 0.0025 223 45 393 74
person 0.0025 129 36 252 131
person 0.0022 334 3 366 49
person 0.0022 344 1 370 28
person 0.0021 313 23 357 53
person 0.0020 325 0 379 38
person 0.0020 311 3 367 27
person 0.0020 70 23 117 62
person 0.0019 118 0 131 19
person 0.0019 121 18 147 54
person 0.0017 81 30 139 81
person 0.0017 394 0 431 64
person 0.0016 384 39 422 70
person 0.0016 224 43 495 112
person 0.0016 56 69 126 148
person 0.0016 346 1 371 61
person 0.0016 384 0 420 56
person 0.0015 433 1 454 15
person 0.0015 306 7 342 53
person 0.0015 51 0 69 34
person 0.0014 424 4 448 51
person 0.0013 483 7 498 48
person 0.0013 0 13 88 240
person 0.0012 332 1 394 25
person 0.0011 107 37 142 76
person 0.0011 385 28 414 58
person 0.0011 342 16 366 54
person 0.0011 87 21 207 133
person 0.0010 0 1 35 58
person 0.0010 55 67 87 134
person 0.0010 490 0 499 26
bicycle 0.0010 74 27 113 59
bird 0.0011 217 62 499 320
bird 0.0010 190 110 239 183
dog 0.0104 432 0 477 61
dog 0.0030 492 80 499 102
dog 0.0023 401 49 487 74
dog 0.0023 428 50 473 73
dog 0.0021 462 1 498 48
dog 0.0011 412 50 499 101
horse 0.0259 432 0 477 62
horse 0.0035 444 0 488 51
horse 0.0014 401 49 487 74
horse 0.0013 461 0 498 47
horse 0.0012 311 1 422 70
sheep 0.8931 216 58 501 319
sheep 0.8593 101 56 240 255
sheep 0.1375 192 107 240 183
sheep 0.0796 492 80 499 102
sheep 0.0554 89 1 246 186
sheep 0.0506 431 0 476 68
sheep 0.0474 223 45 393 74
sheep 0.0406 394 50 500 106
sheep 0.0284 181 104 237 240
sheep 0.0252 456 0 498 48
sheep 0.0234 481 51 499 100
sheep 0.0205 225 51 356 87
sheep 0.0179 133 42 403 255
sheep 0.0160 372 55 499 306
sheep 0.0135 476 0 499 47
sheep 0.0122 484 69 500 103
sheep 0.0116 176 59 347 199
sheep 0.0113 145 87 267 233
sheep 0.0111 401 49 487 74
sheep 0.0102 218 63 344 100
sheep 0.0090 223 45 401 105
sheep 0.0087 7 3 221 319
sheep 0.0085 226 23 396 80
sheep 0.0073 207 63 313 138
sheep 0.0068 370 1 428 74
sheep 0.0064 225 67 285 99
sheep 0.0061 310 0 361 53
sheep 0.0060 489 2 499 47
sheep 0.0060 428 50 473 73
sheep 0.0058 333 58 505 133
sheep 0.0054 72 3 149 77
sheep 0.0054 181 60 293 166
sheep 0.0051 361 44 482 77
sheep 0.0051 100 1 154 59
sheep 0.0047 56 5 148 139
sheep 0.0041 193 92 255 221
sheep 0.0037 466 31 499 86
sheep 0.0035 311 0 422 70
sheep 0.0032 491 67 499 99
sheep 0.0030 227 33 493 121
sheep 0.0030 214 49 338 71
sheep 0.0029 384 40 422 70
sheep 0.0028 54 0 127 58
sheep 0.0028 166 56 312 112
sheep 0.0028 204 52 426 139
sheep 0.0027 443 232 500 312
sheep 0.0027 258 44 502 201
sheep 0.0026 484 11 498 47
sheep 0.0024 430 0 458 49
sheep 0.0023 452 50 499 103
sheep 0.0022 385 0 491 79
sheep 0.0022 211 65 263 102
sheep 0.0022 138 8 266 135
sheep 0.0021 200 31 236 67
sheep 0.0020 448 2 500 88
sheep 0.0019 208 67 280 117
sheep 0.0018 91 48 220 114
sheep 0.0018 107 0 237 63
sheep 0.0017 161 68 317 320
sheep 0.0017 394 53 473 83
sheep 0.0017 489 84 499 110
sheep 0.0016 56 44 187 287
sheep 0.0015 37 -1 180 207
sheep 0.0015 43 33 125 166
sheep 0.0015 462 64 499 301
sheep 0.0015 224 35 241 59
sheep 0.0014 320 69 491 110
sheep 0.0014 197 75 271 317
sheep 0.0013 482 63 500 282
sheep 0.0013 114 62 174 105
sheep 0.0013 386 45 454 75
sheep 0.0013 222 29 241 52
sheep 0.0012 225 67 258 95
sheep 0.0012 76 28 115 59
sheep 0.0011 205 10 328 55
sheep 0.0010 83 20 390 146
sheep 0.0010 177 0 234 65
sheep 0.0010 479 50 499 77
cow 0.0076 432 0 477 62
cow 0.0022 492 81 499 103
cow 0.0012 100 63 231 253
cow 0.0010 456 0 498 48
cow 0.0010 311 1 422 70
bottle 0.0046 222 31 240 59
bottle 0.0017 106 42 135 74
bottle 0.0016 214 40 240 67
bottle 0.0015 110 1 237 63
bottle 0.0013 361 1 425 71
chair 0.0339 462 0 498 47
chair 0.0144 444 0 488 51
chair 0.0129 481 1 499 47
chair 0.0042 312 2 373 55
chair 0.0030 489 0 500 37
chair 0.0029 473 11 497 46
chair 0.0025 429 0 454 50
chair 0.0022 431 0 477 63
chair 0.0019 471 0 497 30
chair 0.0015 308 0 410 64
chair 0.0013 418 0 444 49
chair 0.0012 456 0 477 35
chair 0.0010 459 10 482 46
