person 0.0083 239 30 253 62
person 0.0071 224 62 363 303
person 0.0068 0 2 15 29
person 0.0027 108 34 276 291
person 0.0022 277 103 321 145
person 0.0021 0 57 37 121
person 0.0019 99 33 236 131
person 0.0017 55 277 113 329
person 0.0017 0 3 17 63
person 0.0017 0 53 18 88
person 0.0016 0 8 32 91
person 0.0012 0 70 129 250
person 0.0011 0 40 34 239
person 0.0011 229 31 258 65
motorbike 0.0010 13 14 119 85
motorbike 0.0010 459 134 499 230
bird 0.8754 55 277 113 329
bird 0.8271 25 197 75 279
bird 0.1560 459 133 499 229
bird 0.0167 41 148 95 219
bird 0.0063 239 30 253 62
bird 0.0046 15 188 108 281
bird 0.0044 1 155 81 252
bird 0.0037 99 33 236 131
bird 0.0025 14 147 111 235
bird 0.0019 0 1 16 29
bird 0.0018 0 69 130 246
cat 0.0288 459 133 499 229
cat 0.0266 98 34 239 131
cat 0.0060 24 197 75 280
cat 0.0030 0 69 130 246
cat 0.0016 41 148 95 219
cat 0.0011 280 105 321 146
dog 0.0806 98 34 238 131
dog 0.0296 253 122 393 293
dog 0.0186 459 134 499 230
dog 0.0138 109 92 278 290
dog 0.0129 38 150 96 210
dog 0.0118 0 69 130 246
dog 0.0035 25 197 75 279
dog 0.0031 20 121 116 232
dog 0.0017 281 109 321 147
dog 0.0016 0 40 259 266
dog 0.0015 55 278 114 328
dog 0.0011 8 15 118 87
horse 0.0084 99 33 236 131
horse 0.0041 0 70 129 250
horse 0.0027 109 92 278 290
horse 0.0016 277 104 321 145
horse 0.0014 38 150 96 210
horse 0.0011 459 133 499 229
horse 0.0011 257 117 392 294
horse 0.0010 0 59 38 122
sheep 0.8965 257 117 394 295
sheep 0.8901 459 134 499 230
sheep 0.8318 109 93 278 290
sheep 0.7913 0 71 128 251
sheep 0.6124 98 34 238 130
sheep 0.4363 8 15 118 86
sheep 0.1261 33 148 103 218
sheep 0.1091 20 121 116 232
sheep 0.0916 0 55 35 244
sheep 0.0495 16 19 229 124
sheep 0.0354 0 59 38 122
sheep 0.0302 7 48 223 262
sheep 0.0169 -1 18 121 145
sheep 0.0107 0 8 32 91
sheep 0.0100 75 29 259 220
sheep 0.0095 277 103 321 145
sheep 0.0080 0 2 20 66
sheep 0.0065 0 3 16 29
sheep 0.0061 287 219 349 293
sheep 0.0056 0 74 22 123
sheep 0.0055 0 3 84 75
sheep 0.0048 0 153 18 245
sheep 0.0039 228 68 340 294
sheep 0.0033 1 155 81 252
sheep 0.0031 0 55 20 81
sheep 0.0030 0 20 46 124
sheep 0.0029 24 197 75 280
sheep 0.0023 0 55 18 108
sheep 0.0021 0 136 32 239
sheep 0.0017 188 83 291 290
sheep 0.0017 0 65 11 121
sheep 0.0016 149 61 285 239
sheep 0.0015 162 92 371 298
sheep 0.0015 0 56 11 79
sheep 0.0015 0 162 9 240
sheep 0.0012 245 92 323 146
sheep 0.0011 262 85 324 219
sheep 0.0011 415 131 510 231
sheep 0.0011 -2 21 56 76
sheep 0.0011 20 2 204 66
sheep 0.0010 0 56 23 187
cow 0.0112 459 134 499 230
cow 0.0107 99 33 236 131
cow 0.0090 0 69 130 246
cow 0.0049 38 150 96 210
cow 0.0033 111 93 277 293
cow 0.0032 0 2 20 66
cow 0.0032 253 122 393 293
cow 0.0031 0 3 16 29
cow 0.0031 9 15 118 85
cow 0.0022 0 59 38 122
cow 0.0018 24 196 76 279
cow 0.0013 20 121 116 232
cow 0.0011 277 103 321 145
cow 0.0010 0 54 33 244
bottle 0.0070 55 278 113 329
chair 0.0017 0 9 19 73
chair 0.0016 95 33 250 132
chair 0.0015 0 69 130 246
chair 0.0011 0 1 16 28
