person 0.0405 0 162 32 224
person 0.0218 0 193 29 225
person 0.0134 0 159 6 192
person 0.0122 0 159 22 205
person 0.0108 0 176 31 261
person 0.0084 -2 164 58 258
person 0.0075 1 174 86 284
person 0.0056 0 160 14 195
person 0.0054 73 187 146 282
person 0.0045 44 184 164 254
person 0.0027 0 171 37 347
person 0.0024 90 181 97 199
person 0.0016 0 160 9 220
person 0.0016 69 167 78 198
person 0.0010 298 320 316 374
person 0.0010 92 266 438 368
boat 0.0016 79 250 453 364
bottle 0.8002 69 166 79 199
bottle 0.7490 272 315 293 373
bottle 0.7322 298 319 316 375
bottle 0.6567 259 254 288 333
bottle 0.4024 290 318 307 373
bottle 0.3940 332 336 358 374
bottle 0.1802 90 181 97 199
bottle 0.1354 258 302 301 372
bottle 0.1036 91 180 101 193
bottle 0.1014 249 146 255 163
bottle 0.0734 214 338 227 363
bottle 0.0611 127 262 416 371
bottle 0.0603 222 306 271 374
bottle 0.0415 102 176 112 192
bottle 0.0360 214 145 221 159
bottle 0.0330 91 185 99 202
bottle 0.0278 282 310 321 372
bottle 0.0226 265 313 283 368
bottle 0.0201 287 334 301 374
bottle 0.0190 241 307 365 373
bottle 0.0098 299 318 417 372
bottle 0.0076 299 342 314 376
bottle 0.0076 64 218 464 361
bottle 0.0070 118 184 126 191
bottle 0.0067 214 315 228 366
bottle 0.0062 339 333 363 365
bottle 0.0058 490 155 499 170
bottle 0.0056 173 307 439 373
bottle 0.0052 285 347 298 375
bottle 0.0047 278 312 306 364
bottle 0.0047 101 175 120 191
bottle 0.0046 475 184 483 194
bottle 0.0039 302 323 316 353
bottle 0.0038 344 153 355 166
bottle 0.0028 444 148 454 156
bottle 0.0028 314 329 388 369
bottle 0.0027 227 147 237 155
bottle 0.0024 294 315 314 357
bottle 0.0024 268 317 290 350
bottle 0.0023 260 265 288 302
bottle 0.0021 87 180 105 197
bottle 0.0019 74 176 137 194
bottle 0.0019 39 178 151 215
bottle 0.0019 206 146 224 161
bottle 0.0018 58 180 132 201
bottle 0.0017 224 145 239 159
bottle 0.0017 358 150 383 166
bottle 0.0016 214 147 247 163
bottle 0.0016 458 183 468 193
bottle 0.0016 297 323 313 344
bottle 0.0015 275 313 291 341
bottle 0.0015 442 150 454 165
bottle 0.0015 264 302 291 341
bottle 0.0014 464 182 478 193
bottle 0.0014 291 325 304 360
bottle 0.0013 105 180 118 191
bottle 0.0013 239 253 290 358
bottle 0.0013 259 331 282 374
bottle 0.0013 397 201 430 263
bottle 0.0012 57 165 79 196
bottle 0.0011 439 161 453 167
bottle 0.0011 113 185 125 191
bottle 0.0010 104 182 136 200
bottle 0.0010 276 311 291 328
bottle 0.0010 276 337 293 374
bottle 0.0010 261 290 286 352
chair 0.9100 131 264 231 331
chair 0.9001 389 276 493 371
chair 0.8378 273 218 385 332
chair 0.7559 4 175 84 283
chair 0.7347 93 190 149 284
chair 0.6370 0 213 38 349
chair 0.4241 133 180 162 262
chair 0.1597 69 167 78 198
chair 0.1253 274 214 340 257
chair 0.1120 44 185 154 279
chair 0.0765 0 164 36 232
chair 0.0757 0 192 28 223
chair 0.0745 41 181 90 280
chair 0.0696 110 183 158 260
chair 0.0651 446 215 498 296
chair 0.0591 272 215 358 282
chair 0.0554 -2 164 58 258
chair 0.0549 116 183 127 191
chair 0.0390 139 192 151 202
chair 0.0293 141 203 160 262
chair 0.0291 261 254 289 320
chair 0.0270 101 175 120 191
chair 0.0261 49 170 71 198
chair 0.0253 102 176 112 192
chair 0.0243 42 180 158 230
chair 0.0215 310 200 336 233
chair 0.0214 134 179 159 210
chair 0.0191 285 211 376 257
chair 0.0184 110 166 131 186
chair 0.0181 313 199 336 218
chair 0.0178 0 160 33 297
chair 0.0156 138 191 152 208
chair 0.0148 42 180 92 231
chair 0.0140 446 185 495 272
chair 0.0140 479 301 499 369
chair 0.0139 292 195 343 235
chair 0.0138 111 174 132 189
chair 0.0136 393 216 493 300
chair 0.0118 135 178 159 194
chair 0.0115 107 178 157 213
chair 0.0115 31 224 85 280
chair 0.0114 25 247 42 294
chair 0.0113 39 174 70 233
chair 0.0111 128 185 153 218
chair 0.0110 58 215 94 281
chair 0.0106 397 204 431 281
chair 0.0095 92 187 139 242
chair 0.0090 307 190 343 224
chair 0.0088 0 159 6 192
chair 0.0088 0 159 22 205
chair 0.0081 479 342 499 373
chair 0.0078 18 177 78 239
chair 0.0077 61 210 91 246
chair 0.0075 86 182 145 201
chair 0.0074 97 300 236 374
chair 0.0073 306 211 344 256
chair 0.0066 297 210 471 287
chair 0.0062 451 210 479 244
chair 0.0058 332 334 360 373
chair 0.0055 134 184 155 200
chair 0.0054 351 219 395 262
chair 0.0053 0 269 34 345
chair 0.0052 0 160 14 195
chair 0.0051 45 179 72 212
chair 0.0051 45 193 97 220
chair 0.0050 61 186 127 226
chair 0.0047 403 203 426 245
chair 0.0046 449 200 480 265
chair 0.0044 105 180 118 191
chair 0.0043 396 194 461 267
chair 0.0040 447 191 486 242
chair 0.0037 176 203 413 316
chair 0.0036 346 207 433 259
chair 0.0036 387 206 450 327
chair 0.0036 74 176 137 194
chair 0.0035 111 166 128 179
chair 0.0035 273 197 482 325
chair 0.0034 90 180 100 196
chair 0.0034 47 188 70 203
chair 0.0034 52 173 156 208
chair 0.0033 25 174 57 233
chair 0.0031 1 182 28 208
chair 0.0031 0 200 81 346
chair 0.0030 284 306 431 369
chair 0.0029 48 192 104 240
chair 0.0029 115 178 149 203
chair 0.0029 466 230 500 369
chair 0.0029 134 167 152 181
chair 0.0028 0 214 32 281
chair 0.0026 10 186 37 230
chair 0.0024 37 256 384 354
chair 0.0024 441 228 479 299
chair 0.0024 117 179 141 191
chair 0.0023 63 216 90 230
chair 0.0023 382 205 485 357
chair 0.0022 76 175 173 263
chair 0.0022 98 164 126 196
chair 0.0022 139 194 156 222
chair 0.0021 289 251 379 317
chair 0.0020 130 169 158 197
sofa 0.0142 0 164 31 227
sofa 0.0103 0 171 37 347
sofa 0.0094 0 192 28 223
sofa 0.0062 -1 164 80 274
sofa 0.0034 389 275 495 372
sofa 0.0025 131 265 230 330
sofa 0.0013 0 159 22 205
sofa 0.0013 93 189 150 282
sofa 0.0012 107 282 437 373
sofa 0.0011 273 218 385 333
sofa 0.0010 44 184 164 254
pottedplant 0.0202 446 215 498 296
pottedplant 0.0129 358 150 383 166
pottedplant 0.0108 491 156 500 168
pottedplant 0.0048 344 152 355 164
pottedplant 0.0039 447 212 485 271
pottedplant 0.0017 381 148 399 162
diningtable 0.4242 92 266 438 368
diningtable 0.3895 41 184 159 277
diningtable 0.3234 91 188 150 284
diningtable 0.2062 222 305 270 374
diningtable 0.1595 254 254 292 340
diningtable 0.1322 42 180 158 230
diningtable 0.1084 0 171 37 347
diningtable 0.1024 116 304 393 374
diningtable 0.0663 258 302 301 372
diningtable 0.0525 333 335 360 372
diningtable 0.0408 0 193 29 225
diningtable 0.0406 1 178 87 286
diningtable 0.0337 0 176 31 261
diningtable 0.0283 74 176 137 194
diningtable 0.0249 238 305 426 372
diningtable 0.0202 47 195 97 210
diningtable 0.0201 41 181 90 281
diningtable 0.0174 58 180 132 201
diningtable 0.0173 110 183 158 260
diningtable 0.0172 45 186 107 225
diningtable 0.0165 44 173 142 209
diningtable 0.0152 68 184 145 253
diningtable 0.0150 135 181 160 263
diningtable 0.0130 310 327 392 373
diningtable 0.0129 282 310 321 372
diningtable 0.0120 70 167 80 199
diningtable 0.0108 103 178 112 192
diningtable 0.0104 0 161 32 227
diningtable 0.0101 71 187 128 206
diningtable 0.0099 72 202 453 324
diningtable 0.0097 273 216 386 333
diningtable 0.0091 93 308 240 373
diningtable 0.0073 277 215 403 261
diningtable 0.0072 131 265 231 332
diningtable 0.0072 57 202 96 280
diningtable 0.0071 86 182 145 201
diningtable 0.0070 90 180 98 199
diningtable 0.0066 91 187 141 232
diningtable 0.0064 117 184 126 191
diningtable 0.0064 270 214 338 277
diningtable 0.0061 355 339 435 373
diningtable 0.0061 92 180 106 194
diningtable 0.0043 60 203 93 243
diningtable 0.0036 0 217 32 277
diningtable 0.0034 299 316 464 372
diningtable 0.0034 89 185 101 203
diningtable 0.0031 112 181 157 225
diningtable 0.0030 102 250 319 350
diningtable 0.0029 -2 164 58 258
diningtable 0.0028 298 320 316 374
diningtable 0.0028 48 193 94 236
diningtable 0.0027 99 176 115 192
diningtable 0.0026 213 333 228 365
diningtable 0.0025 389 276 493 371
diningtable 0.0024 283 281 488 374
diningtable 0.0020 273 197 482 325
diningtable 0.0020 250 314 378 356
diningtable 0.0019 445 221 498 298
diningtable 0.0019 479 301 499 369
diningtable 0.0018 49 214 138 282
diningtable 0.0017 57 191 105 251
diningtable 0.0017 128 183 153 220
diningtable 0.0017 31 224 85 280
diningtable 0.0016 46 185 82 214
diningtable 0.0016 65 187 90 210
diningtable 0.0016 297 210 471 287
diningtable 0.0014 138 191 152 208
diningtable 0.0013 105 266 238 364
diningtable 0.0012 475 343 499 373
diningtable 0.0012 46 169 77 202
diningtable 0.0012 295 210 355 257
diningtable 0.0012 1 207 29 228
diningtable 0.0012 447 188 493 249
diningtable 0.0011 42 177 77 227
diningtable 0.0011 63 216 90 239
diningtable 0.0011 0 200 81 346
diningtable 0.0011 228 331 265 374
diningtable 0.0011 110 166 131 186
diningtable 0.0010 139 192 151 202
