person 0.8306 74 125 182 245
person 0.0823 24 148 37 182
person 0.0395 0 146 6 163
person 0.0320 439 190 468 224
person 0.0215 442 194 490 223
person 0.0166 2 142 36 165
person 0.0163 167 208 184 245
person 0.0148 375 185 383 207
person 0.0147 147 210 184 256
person 0.0098 187 215 244 259
person 0.0082 137 213 167 243
person 0.0082 22 162 36 190
person 0.0073 136 215 159 235
person 0.0061 25 165 35 181
person 0.0051 217 207 300 259
person 0.0046 437 194 473 246
person 0.0045 1 145 13 164
person 0.0045 267 216 294 250
person 0.0040 15 161 31 179
person 0.0039 469 235 490 264
person 0.0037 7 145 38 180
person 0.0032 166 206 193 257
person 0.0031 116 200 401 261
person 0.0029 220 209 260 258
person 0.0027 0 179 6 189
person 0.0027 73 164 184 284
person 0.0027 80 152 102 174
person 0.0025 185 219 216 259
person 0.0025 438 193 491 265
person 0.0021 255 205 341 259
person 0.0020 234 227 262 258
person 0.0019 149 218 173 250
person 0.0019 172 208 185 226
person 0.0018 242 208 286 257
person 0.0018 161 218 183 262
person 0.0017 447 203 471 225
person 0.0017 0 155 13 181
person 0.0016 141 203 178 244
person 0.0015 464 198 490 223
person 0.0013 144 199 282 261
person 0.0012 136 217 175 260
person 0.0012 74 164 87 173
person 0.0012 155 213 181 245
person 0.0012 170 218 182 246
person 0.0011 76 160 93 177
person 0.0011 459 205 476 223
person 0.0011 0 170 11 188
person 0.0011 129 203 292 300
person 0.0010 193 224 265 265
person 0.0010 276 218 292 245
bicycle 0.0011 469 235 490 263
bicycle 0.0010 0 180 5 190
car 0.5465 20 192 474 426
car 0.4098 2 142 35 165
car 0.1385 328 199 381 253
car 0.0870 442 194 490 223
car 0.0862 464 198 490 223
car 0.0382 0 146 6 163
car 0.0371 17 145 37 179
car 0.0320 440 190 468 224
car 0.0238 439 195 489 262
car 0.0190 1 145 13 164
car 0.0177 476 200 490 222
car 0.0137 4 148 31 178
car 0.0108 332 197 476 261
car 0.0061 10 160 27 178
car 0.0053 0 155 13 181
car 0.0052 1 140 38 188
car 0.0044 328 196 382 224
car 0.0041 480 200 490 213
car 0.0039 468 235 490 263
car 0.0038 0 162 12 174
car 0.0031 0 180 5 190
car 0.0027 24 157 36 180
car 0.0024 440 205 475 249
car 0.0024 446 232 490 266
car 0.0023 0 156 25 178
car 0.0020 0 170 11 188
car 0.0020 375 185 383 207
car 0.0019 302 187 388 256
car 0.0018 484 201 493 218
car 0.0018 116 200 401 261
car 0.0017 349 213 382 255
car 0.0017 57 191 456 285
car 0.0016 21 162 36 190
car 0.0014 147 210 184 256
car 0.0014 136 215 159 235
car 0.0013 246 203 355 258
car 0.0013 453 202 492 234
car 0.0012 137 213 168 243
car 0.0011 1 144 25 159
car 0.0011 0 166 29 191
car 0.0011 244 209 305 256
car 0.0010 332 198 376 213
car 0.0010 178 212 276 259
car 0.0010 459 205 476 223
motorbike 0.0095 442 194 490 223
motorbike 0.0078 439 192 478 247
motorbike 0.0028 464 198 490 223
motorbike 0.0026 137 213 168 243
motorbike 0.0025 73 126 182 256
motorbike 0.0023 468 234 491 263
motorbike 0.0021 34 202 169 360
motorbike 0.0021 439 190 469 227
motorbike 0.0019 42 191 183 280
motorbike 0.0018 447 203 471 225
motorbike 0.0016 448 200 485 236
motorbike 0.0015 52 209 177 256
motorbike 0.0014 13 194 477 425
motorbike 0.0014 445 195 490 264
motorbike 0.0013 146 210 184 257
motorbike 0.0013 459 205 476 223
motorbike 0.0012 136 215 159 235
motorbike 0.0012 108 193 179 268
motorbike 0.0010 136 217 175 260
aeroplane 0.0010 13 194 477 425
bus 0.0217 1 142 35 167
bus 0.0158 20 192 474 426
bus 0.0028 17 145 37 179
bus 0.0027 4 148 31 178
train 0.0015 1 142 35 167
boat 0.0020 2 142 35 166
boat 0.0015 10 196 471 441
bottle 0.0012 469 235 490 264
chair 0.0072 469 235 490 263
chair 0.0048 439 190 469 225
chair 0.0046 439 195 489 262
chair 0.0030 446 232 490 266
chair 0.0018 442 194 490 223
chair 0.0010 0 166 12 191
chair 0.0010 2 142 35 174
diningtable 0.0035 438 193 489 264
