person 0.0456 415 127 430 156
person 0.0400 120 146 168 181
person 0.0397 139 145 184 178
person 0.0360 46 2 499 363
person 0.0218 152 151 179 177
person 0.0131 82 151 152 190
person 0.0116 157 144 191 179
person 0.0105 416 120 441 157
person 0.0101 401 119 431 156
person 0.0089 235 113 280 185
person 0.0087 433 123 443 149
person 0.0065 0 293 3 318
person 0.0062 111 156 152 189
person 0.0060 0 190 9 204
person 0.0053 98 146 139 180
person 0.0052 210 125 264 181
person 0.0051 0 159 44 196
person 0.0051 164 151 186 176
person 0.0050 434 125 442 139
person 0.0045 81 159 98 180
person 0.0045 240 108 270 165
person 0.0045 383 119 423 161
person 0.0041 79 31 453 238
person 0.0040 78 153 110 188
person 0.0039 122 145 149 174
person 0.0038 -4 151 68 210
person 0.0036 1 160 34 183
person 0.0030 0 185 13 207
person 0.0030 0 136 20 161
person 0.0028 249 114 305 198
person 0.0027 397 122 419 158
person 0.0027 159 157 183 180
person 0.0027 386 121 406 159
person 0.0026 188 130 221 179
person 0.0026 172 142 211 177
person 0.0025 0 293 7 363
person 0.0025 132 153 173 191
person 0.0023 143 150 165 178
person 0.0022 190 124 249 187
person 0.0022 154 136 203 187
person 0.0020 0 195 7 204
person 0.0020 83 155 105 177
person 0.0020 117 172 136 187
person 0.0020 0 180 46 264
person 0.0020 205 151 252 191
person 0.0018 115 154 139 178
person 0.0016 0 161 7 178
person 0.0015 185 121 211 170
person 0.0015 122 134 163 170
person 0.0014 109 148 134 174
person 0.0014 197 106 294 210
person 0.0014 0 162 14 182
person 0.0014 274 141 304 196
person 0.0013 118 116 167 187
person 0.0013 391 113 412 157
person 0.0012 0 292 6 320
person 0.0012 119 167 143 188
person 0.0011 187 149 213 185
person 0.0011 0 175 39 209
person 0.0011 123 158 144 183
person 0.0011 157 156 199 194
person 0.0011 56 70 331 281
person 0.0010 0 164 60 230
person 0.0010 282 109 298 125
person 0.0010 100 92 167 206
person 0.0010 413 111 431 151
person 0.0010 196 118 236 172
person 0.0010 133 148 160 179
person 0.0010 207 90 267 173
bicycle 0.0018 0 293 3 319
car 0.8618 0 181 45 263
car 0.4707 0 158 63 222
car 0.2205 0 136 20 158
car 0.0413 0 160 36 183
car 0.0297 0 152 63 189
car 0.0294 0 150 20 181
car 0.0276 0 161 7 178
car 0.0148 17 176 61 225
car 0.0114 0 175 48 217
car 0.0092 6 146 105 208
car 0.0082 0 136 25 174
car 0.0079 28 149 64 181
car 0.0075 66 151 135 190
car 0.0066 0 162 14 182
car 0.0060 49 208 60 235
car 0.0052 107 147 164 186
car 0.0052 0 293 3 320
car 0.0050 16 147 84 187
car 0.0039 53 203 62 238
car 0.0039 44 209 56 231
car 0.0037 75 152 112 188
car 0.0037 39 159 63 182
car 0.0034 97 157 140 188
car 0.0031 0 168 10 182
car 0.0026 0 161 39 206
car 0.0025 31 195 58 231
car 0.0024 40 170 62 187
car 0.0023 0 173 16 185
car 0.0022 39 155 126 232
car 0.0019 31 157 64 197
car 0.0017 81 159 98 181
car 0.0017 94 145 142 181
car 0.0016 52 179 95 233
car 0.0015 -21 160 73 257
car 0.0015 17 129 139 257
car 0.0012 0 185 16 206
car 0.0011 1 140 38 162
car 0.0010 39 145 118 189
car 0.0010 53 191 76 239
car 0.0010 34 161 70 217
motorbike 0.0056 0 180 45 266
motorbike 0.0020 0 157 64 224
motorbike 0.0015 0 293 3 320
bus 0.8300 51 4 497 366
bus 0.1446 0 137 20 161
bus 0.0120 0 157 64 224
bus 0.0072 79 31 453 238
bus 0.0038 0 144 63 184
bus 0.0035 0 150 20 181
bus 0.0034 0 135 25 174
bus 0.0016 66 151 135 190
bus 0.0015 6 146 105 208
bus 0.0015 -1 175 50 257
bus 0.0010 61 3 477 104
train 0.0024 0 136 20 161
train 0.0019 54 1 493 363
chair 0.0167 152 147 185 178
chair 0.0031 130 148 178 180
chair 0.0030 206 150 249 190
chair 0.0027 107 147 164 186
chair 0.0026 173 149 211 182
chair 0.0013 159 157 183 180
chair 0.0013 0 159 60 223
chair 0.0010 160 146 203 176
