person 0.1562 96 196 104 204
person 0.0548 166 148 183 162
person 0.0253 26 241 34 251
person 0.0190 479 236 491 256
person 0.0183 26 238 32 247
person 0.0144 28 241 40 252
person 0.0141 416 246 425 260
person 0.0141 28 239 36 249
person 0.0134 166 136 177 148
person 0.0131 149 211 158 218
person 0.0129 105 175 113 185
person 0.0120 476 240 493 262
person 0.0120 477 245 491 259
person 0.0119 94 173 103 186
person 0.0115 91 195 98 205
person 0.0106 164 141 182 161
person 0.0075 427 216 433 221
person 0.0071 64 180 78 191
person 0.0069 467 239 477 260
person 0.0068 71 181 80 190
person 0.0059 163 135 174 144
person 0.0059 109 174 118 184
person 0.0054 471 238 488 257
person 0.0050 170 144 183 157
person 0.0045 91 190 102 202
person 0.0045 107 194 114 202
person 0.0043 97 175 107 186
person 0.0041 474 250 496 264
person 0.0039 90 183 106 210
person 0.0035 93 194 103 206
person 0.0033 191 140 208 160
person 0.0032 20 246 36 252
person 0.0032 95 198 103 208
person 0.0031 76 184 87 191
person 0.0031 59 184 76 193
person 0.0030 104 196 113 203
person 0.0029 151 140 163 154
person 0.0026 64 199 71 209
person 0.0026 427 214 435 222
person 0.0024 48 218 56 227
person 0.0022 493 249 499 263
person 0.0020 465 194 498 262
person 0.0020 242 154 257 181
person 0.0019 15 240 32 246
person 0.0018 59 179 80 193
person 0.0017 412 245 431 260
person 0.0017 139 187 148 203
person 0.0017 27 39 195 256
person 0.0017 156 124 187 166
person 0.0016 387 272 397 278
person 0.0016 165 154 175 162
person 0.0016 439 248 446 260
person 0.0016 86 173 105 191
person 0.0015 91 167 115 194
person 0.0015 396 161 402 167
person 0.0014 108 191 118 203
person 0.0014 113 172 124 183
person 0.0014 9 245 33 251
person 0.0013 82 196 90 207
person 0.0013 162 106 172 118
person 0.0013 149 139 168 157
person 0.0013 54 218 65 226
person 0.0012 58 218 69 226
person 0.0012 93 158 117 187
person 0.0012 160 135 171 143
person 0.0012 127 100 138 109
person 0.0012 102 164 114 184
person 0.0011 57 199 64 208
person 0.0011 466 250 477 265
person 0.0011 5 239 47 254
person 0.0011 388 240 403 259
person 0.0011 84 165 107 184
person 0.0011 90 169 99 183
person 0.0010 116 154 127 164
person 0.0010 154 136 167 148
person 0.0010 493 245 500 256
person 0.0010 166 144 186 173
person 0.0010 53 187 66 195
car 0.0017 492 248 499 261
boat 0.2781 17 1 468 259
boat 0.2365 23 141 491 272
boat 0.0350 25 55 270 259
boat 0.0304 2 244 39 253
boat 0.0276 138 205 493 274
boat 0.0218 24 240 36 252
boat 0.0198 15 245 41 253
boat 0.0164 28 241 40 253
boat 0.0102 9 245 33 251
boat 0.0083 17 240 45 254
boat 0.0065 2 246 28 252
boat 0.0062 461 181 499 255
boat 0.0058 119 2 318 224
boat 0.0041 26 238 33 247
boat 0.0040 151 138 433 244
boat 0.0040 0 235 47 257
boat 0.0034 477 236 493 256
boat 0.0031 475 246 497 264
boat 0.0029 472 200 499 239
boat 0.0029 28 239 37 250
boat 0.0023 56 248 88 256
boat 0.0021 467 217 499 265
boat 0.0020 180 5 279 205
boat 0.0018 10 239 35 248
boat 0.0018 0 217 39 259
boat 0.0016 26 245 48 255
boat 0.0015 387 273 397 278
boat 0.0015 175 157 287 227
boat 0.0014 263 145 495 263
boat 0.0014 364 245 391 255
boat 0.0013 18 230 41 252
boat 0.0013 492 247 499 261
boat 0.0012 17 198 501 323
boat 0.0012 477 245 491 259
boat 0.0012 493 245 500 256
boat 0.0011 0 239 30 254
bird 0.0025 387 273 397 278
bird 0.0018 197 140 207 160
