person 0.8613 324 110 428 374
person 0.0467 484 190 500 218
person 0.0132 472 189 499 224
person 0.0080 183 255 247 292
person 0.0062 134 71 162 87
person 0.0041 194 98 239 132
person 0.0031 126 255 181 291
person 0.0027 6 59 305 376
person 0.0020 200 110 220 132
person 0.0019 124 120 187 144
person 0.0015 317 164 499 351
person 0.0014 146 107 220 140
person 0.0014 261 119 470 308
person 0.0014 0 215 27 300
person 0.0013 411 166 497 227
person 0.0013 158 86 223 125
person 0.0011 178 99 213 130
person 0.0011 413 162 499 331
person 0.0010 160 194 257 274
bicycle 0.0010 126 255 181 291
car 0.8043 412 164 500 345
car 0.7880 0 205 30 301
car 0.6821 7 71 307 376
car 0.4972 256 149 343 292
car 0.0659 134 258 173 285
car 0.0578 309 160 499 354
car 0.0540 321 109 424 375
car 0.0485 254 152 348 193
car 0.0408 258 143 417 281
car 0.0192 126 119 186 145
car 0.0185 125 259 186 293
car 0.0092 63 105 465 339
car 0.0084 413 186 432 208
car 0.0083 19 204 295 364
car 0.0079 282 207 338 293
car 0.0069 79 234 234 316
car 0.0068 60 209 210 290
car 0.0067 -2 191 49 304
car 0.0056 159 177 234 216
car 0.0049 149 267 222 297
car 0.0044 180 249 246 295
car 0.0039 66 215 152 276
car 0.0034 0 206 20 222
car 0.0032 335 148 353 157
car 0.0030 170 193 244 255
car 0.0030 80 177 146 221
car 0.0029 425 166 500 223
car 0.0027 262 144 407 210
car 0.0026 151 221 273 296
car 0.0026 246 159 310 287
car 0.0021 238 130 454 359
car 0.0021 339 146 355 154
car 0.0016 477 188 500 224
car 0.0016 75 175 153 252
car 0.0014 191 178 244 218
car 0.0014 248 169 290 241
car 0.0014 157 214 230 282
car 0.0014 256 148 347 172
car 0.0014 39 172 162 295
car 0.0014 -35 195 506 392
car 0.0012 28 78 275 241
car 0.0011 266 172 285 191
car 0.0010 321 149 347 158
car 0.0010 409 180 439 211
motorbike 0.0015 9 71 304 372
bus 0.0047 0 206 30 301
bus 0.0033 256 149 343 292
bus 0.0032 14 84 295 377
bus 0.0016 325 109 429 374
bus 0.0012 410 166 500 353
train 0.0015 14 84 295 377
boat 0.0015 0 206 30 301
bird 0.0018 352 172 366 185
cat 0.0015 126 256 180 290
cat 0.0015 179 258 246 294
dog 0.0010 180 249 246 295
bottle 0.0058 352 172 366 185
bottle 0.0019 188 256 246 293
bottle 0.0010 129 258 179 289
chair 0.0019 9 71 304 372
chair 0.0010 129 258 179 289
sofa 0.0051 9 71 304 372
sofa 0.0015 412 164 500 344
