person 0.4028 292 178 309 193
person 0.0293 267 169 354 251
person 0.0223 77 165 82 172
person 0.0216 17 168 21 175
person 0.0162 296 180 314 192
person 0.0122 288 177 336 194
person 0.0108 38 167 43 174
person 0.0107 300 178 322 192
person 0.0086 60 167 65 173
person 0.0076 68 120 72 129
person 0.0073 107 164 112 171
person 0.0049 66 121 72 133
person 0.0048 284 179 305 200
person 0.0042 274 154 330 221
person 0.0042 293 177 304 188
person 0.0040 131 163 137 170
person 0.0037 316 145 328 157
person 0.0036 290 174 310 201
person 0.0034 288 178 299 193
person 0.0033 94 164 99 171
person 0.0033 74 127 79 135
person 0.0032 309 144 323 155
person 0.0031 77 163 85 172
person 0.0030 318 179 337 192
person 0.0029 318 150 326 157
person 0.0026 31 119 34 126
person 0.0023 333 149 343 157
person 0.0022 314 142 330 153
person 0.0021 311 179 331 192
person 0.0019 135 163 143 169
person 0.0015 68 126 76 135
person 0.0014 99 164 110 171
person 0.0014 247 164 252 174
person 0.0013 126 163 135 170
person 0.0013 327 146 339 156
person 0.0012 320 145 335 156
person 0.0012 312 176 342 195
person 0.0012 216 141 221 153
person 0.0011 119 163 125 171
person 0.0011 188 169 204 184
person 0.0010 85 162 95 171
person 0.0010 270 165 356 210
person 0.0010 303 146 315 154
car 0.8991 268 171 356 260
car 0.0416 327 146 339 156
car 0.0341 320 145 335 156
car 0.0259 326 143 338 153
car 0.0245 316 145 328 157
car 0.0181 329 151 338 157
car 0.0146 309 144 323 155
car 0.0131 318 150 326 157
car 0.0121 310 141 333 154
car 0.0109 324 151 332 157
car 0.0082 333 149 343 157
car 0.0078 304 142 318 152
car 0.0075 276 177 333 201
car 0.0069 270 188 281 199
car 0.0065 303 146 315 154
car 0.0054 293 178 310 193
car 0.0045 247 164 255 173
car 0.0044 252 164 263 172
car 0.0044 343 153 351 159
car 0.0042 336 151 345 158
car 0.0036 312 151 320 157
car 0.0036 323 142 333 149
car 0.0033 331 136 347 156
car 0.0032 318 141 341 156
car 0.0032 297 148 307 155
car 0.0031 306 140 322 150
car 0.0027 302 145 309 153
car 0.0023 340 150 351 158
car 0.0018 345 155 352 160
car 0.0018 -3 103 461 285
car 0.0016 270 182 294 200
car 0.0014 269 186 285 201
car 0.0012 329 130 358 157
car 0.0011 304 140 316 148
car 0.0011 306 152 315 157
car 0.0011 300 178 322 192
car 0.0010 218 133 269 159
car 0.0010 299 151 306 157
aeroplane 0.0013 75 89 88 94
bus 0.0129 310 141 333 154
bus 0.0092 331 130 359 157
bus 0.0069 322 142 336 153
bus 0.0067 307 142 323 152
bus 0.0051 315 144 329 157
bus 0.0045 220 134 267 157
bus 0.0042 318 141 341 156
bus 0.0039 0 85 250 192
bus 0.0027 -19 61 480 276
bus 0.0024 320 145 335 156
bus 0.0024 327 146 339 156
bus 0.0023 331 136 347 156
bus 0.0015 302 135 340 157
bus 0.0011 328 134 342 153
train 0.0194 0 84 306 192
train 0.0142 330 130 359 157
train 0.0095 220 134 267 157
train 0.0039 -19 61 480 276
train 0.0031 304 141 335 156
train 0.0018 318 141 341 156
train 0.0017 331 136 347 156
train 0.0016 306 141 326 153
train 0.0014 314 144 329 157
train 0.0010 332 148 344 157
train 0.0010 337 148 353 159
boat 0.0072 0 84 249 195
bird 0.0053 76 89 88 94
bird 0.0022 158 112 167 117
bird 0.0019 201 125 206 129
sheep 0.0010 318 150 326 157
cow 0.0013 318 150 326 157
