person 0.7737 231 157 333 395
person 0.1372 82 63 255 391
person 0.0077 237 208 299 280
person 0.0074 234 154 333 262
person 0.0060 256 231 278 260
person 0.0037 237 225 274 266
person 0.0018 111 97 390 382
person 0.0018 286 218 325 255
person 0.0016 233 236 280 346
person 0.0014 279 154 343 400
person 0.0012 254 224 293 258
person 0.0011 309 220 330 250
person 0.0010 162 69 280 366
car 0.0018 80 64 254 394
motorbike 0.0056 80 64 254 394
bus 0.0046 106 67 260 395
train 0.0021 72 61 358 387
bird 0.0034 99 7 108 13
bottle 0.0159 81 63 255 390
bottle 0.0106 229 248 242 269
bottle 0.0010 230 229 245 274
chair 0.0014 311 339 385 396
