person 0.1277 402 207 473 240
person 0.0236 448 212 457 222
person 0.0228 413 208 464 229
person 0.0166 325 207 384 237
person 0.0128 473 197 499 233
person 0.0094 427 210 462 223
person 0.0078 450 211 467 223
person 0.0068 362 209 376 218
person 0.0067 434 210 446 225
person 0.0059 442 211 455 221
person 0.0053 425 210 444 236
person 0.0050 427 210 442 222
person 0.0047 361 210 370 217
person 0.0043 48 202 62 225
person 0.0027 357 208 372 219
person 0.0026 423 211 436 222
person 0.0015 445 211 458 229
person 0.0013 438 211 453 235
person 0.0010 466 218 499 237
bicycle 0.0017 323 206 383 238
car 0.8965 403 207 472 239
car 0.8761 324 207 384 237
car 0.4747 467 198 500 236
car 0.1849 466 218 500 237
car 0.0268 413 208 464 229
car 0.0246 244 218 326 245
car 0.0071 455 221 491 237
car 0.0066 0 193 16 204
car 0.0060 456 204 491 237
car 0.0046 465 199 486 230
car 0.0040 454 210 469 222
car 0.0034 468 206 481 224
car 0.0031 427 210 462 223
car 0.0028 461 222 481 236
car 0.0024 427 216 488 238
car 0.0024 463 210 481 232
car 0.0021 313 218 325 238
car 0.0019 -15 85 490 307
car 0.0014 357 208 372 219
car 0.0014 455 221 473 236
car 0.0014 196 216 291 246
car 0.0013 467 205 479 218
car 0.0013 428 210 448 236
car 0.0013 471 202 485 224
car 0.0013 245 221 273 243
car 0.0012 0 195 9 203
car 0.0011 417 208 461 219
car 0.0011 214 217 254 247
car 0.0010 404 215 436 240
car 0.0010 478 195 499 220
motorbike 0.0058 323 206 383 238
aeroplane 0.0012 469 197 499 235
bus 0.0549 467 197 500 236
bus 0.0061 245 218 327 244
bus 0.0012 324 207 384 237
bus 0.0011 403 207 472 239
train 0.0033 244 219 326 245
train 0.0013 472 196 499 231
bird 0.0023 295 27 311 34
chair 0.0023 245 218 328 244
sofa 0.0010 248 217 328 244
