person 0.8641 394 82 442 177
person 0.8152 128 109 188 234
person 0.3600 74 122 205 232
person 0.3030 345 109 462 182
person 0.0737 390 71 435 97
person 0.0224 108 45 113 53
person 0.0214 0 79 27 102
person 0.0179 21 81 61 103
person 0.0102 176 70 216 101
person 0.0099 147 85 173 99
person 0.0088 440 64 490 95
person 0.0084 261 67 303 100
person 0.0075 129 108 188 173
person 0.0071 218 71 264 101
person 0.0061 414 85 447 168
person 0.0042 302 65 348 100
person 0.0042 141 48 146 54
person 0.0040 98 74 164 102
person 0.0038 56 81 102 103
person 0.0034 129 111 178 141
person 0.0029 100 124 164 230
person 0.0028 345 62 400 98
person 0.0026 128 110 163 156
person 0.0025 52 84 73 103
person 0.0023 99 74 125 102
person 0.0019 0 78 7 101
person 0.0018 435 69 442 78
person 0.0016 39 82 63 103
person 0.0014 150 109 194 218
person 0.0013 130 111 161 132
person 0.0012 360 94 433 173
person 0.0012 219 72 242 93
person 0.0012 52 84 66 99
person 0.0010 159 82 174 95
bicycle 0.0058 383 83 447 180
bicycle 0.0054 145 85 172 100
bicycle 0.0040 48 128 224 234
bicycle 0.0025 341 96 461 185
bicycle 0.0024 156 83 173 98
bicycle 0.0013 126 110 188 233
car 0.8448 440 64 489 96
car 0.8186 56 81 102 104
car 0.7932 390 70 433 98
car 0.6370 99 74 168 103
car 0.6321 21 81 61 103
car 0.6065 218 71 265 101
car 0.5199 175 69 217 101
car 0.4651 345 63 403 99
car 0.4419 262 68 304 100
car 0.4221 302 65 347 100
car 0.3563 0 78 25 103
car 0.2551 219 69 303 100
car 0.2489 52 86 66 103
car 0.1959 39 83 66 103
car 0.1320 147 85 173 99
car 0.0535 99 74 128 102
car 0.0329 132 79 171 101
car 0.0305 391 75 442 167
car 0.0288 28 81 89 102
car 0.0204 52 83 78 99
car 0.0174 98 80 119 100
car 0.0153 435 69 442 78
car 0.0117 219 72 243 93
car 0.0113 15 81 44 102
car 0.0109 208 75 221 100
car 0.0089 159 82 173 95
car 0.0070 211 72 234 99
car 0.0064 0 79 9 103
car 0.0050 393 70 434 85
car 0.0049 432 70 447 92
car 0.0047 408 68 421 74
car 0.0045 220 71 240 82
car 0.0037 61 122 203 234
car 0.0035 387 75 450 108
car 0.0035 100 74 121 92
car 0.0031 420 67 475 96
car 0.0029 204 84 219 101
car 0.0029 200 72 220 100
car 0.0026 108 73 124 80
car 0.0026 322 66 350 99
car 0.0024 405 73 456 96
car 0.0023 75 81 110 102
car 0.0023 436 66 460 96
car 0.0022 102 89 166 102
car 0.0022 347 64 376 98
car 0.0021 21 80 34 98
car 0.0020 463 65 488 93
car 0.0019 429 72 452 97
car 0.0019 350 68 467 172
car 0.0018 47 81 59 88
car 0.0018 214 71 225 92
car 0.0017 302 66 331 89
car 0.0017 473 70 490 91
car 0.0016 23 91 60 104
car 0.0015 357 70 422 98
car 0.0015 96 74 148 92
car 0.0015 383 74 414 97
car 0.0015 440 67 452 95
car 0.0015 53 81 64 89
car 0.0015 396 68 425 75
car 0.0014 282 68 305 97
car 0.0013 467 77 486 93
car 0.0013 405 71 446 88
car 0.0012 152 79 211 99
car 0.0012 440 66 457 84
car 0.0012 129 108 187 233
car 0.0011 373 83 423 99
motorbike 0.8095 343 111 470 185
motorbike 0.7123 57 127 211 232
motorbike 0.4601 392 83 445 179
motorbike 0.3274 145 85 173 101
motorbike 0.1969 126 109 188 234
motorbike 0.0440 156 83 173 99
motorbike 0.0328 100 74 168 102
motorbike 0.0268 132 79 171 101
motorbike 0.0148 175 70 217 102
motorbike 0.0102 390 71 435 97
motorbike 0.0053 100 124 164 230
motorbike 0.0044 437 63 490 97
motorbike 0.0035 360 94 433 173
motorbike 0.0031 346 63 406 99
motorbike 0.0011 261 68 304 101
motorbike 0.0011 54 170 218 260
motorbike 0.0011 206 82 220 100
motorbike 0.0010 21 81 61 104
motorbike 0.0010 0 78 28 103
aeroplane 0.0019 59 122 204 233
bus 0.0270 0 79 27 102
bus 0.0127 21 81 61 103
bus 0.0104 302 65 348 100
bus 0.0103 345 63 402 99
bus 0.0057 261 67 304 99
bus 0.0053 175 70 218 102
bus 0.0041 219 71 264 101
bus 0.0040 99 74 168 102
bus 0.0014 385 83 445 180
bus 0.0011 440 64 490 95
bus 0.0010 57 81 101 103
train 0.0010 0 78 24 102
boat 0.0011 175 69 216 102
horse 0.0012 383 83 447 180
horse 0.0011 341 96 461 185
cow 0.0010 48 128 224 234
chair 0.0014 345 63 402 100
chair 0.0011 0 78 26 103
chair 0.0011 261 67 304 99
