person 0.9003 151 236 239 438
person 0.0096 225 267 237 284
person 0.0068 7 300 16 306
person 0.0054 219 267 236 297
person 0.0032 208 293 239 345
person 0.0030 199 256 240 434
person 0.0026 146 261 209 402
person 0.0017 219 266 241 317
person 0.0016 154 305 218 443
person 0.0013 141 339 173 370
person 0.0010 228 267 238 280
person 0.0010 152 329 240 487
bicycle 0.8124 152 338 239 492
bicycle 0.0237 159 383 212 493
bicycle 0.0222 215 266 237 320
bicycle 0.0212 150 329 220 442
bicycle 0.0147 219 267 236 297
bicycle 0.0143 215 364 239 452
bicycle 0.0116 210 289 239 338
bicycle 0.0079 148 234 237 467
bicycle 0.0057 224 267 237 284
bicycle 0.0034 132 270 210 437
bicycle 0.0030 173 410 229 446
bicycle 0.0022 195 354 241 452
bicycle 0.0021 199 259 238 333
bicycle 0.0021 225 360 239 442
bicycle 0.0019 221 266 252 317
bicycle 0.0014 218 273 234 308
bicycle 0.0013 216 267 229 303
bicycle 0.0013 145 327 193 381
bicycle 0.0013 144 342 172 363
bicycle 0.0011 165 248 241 348
bicycle 0.0011 167 347 208 431
car 0.0025 163 331 177 341
car 0.0014 162 333 177 346
car 0.0013 7 300 16 306
car 0.0012 149 236 238 444
car 0.0011 146 261 209 402
motorbike 0.0021 159 342 240 493
bird 0.0012 158 343 241 492
dog 0.0023 158 343 241 492
horse 0.0022 159 342 240 493
bottle 0.0203 156 336 239 490
bottle 0.0041 118 348 122 356
bottle 0.0020 144 345 163 372
bottle 0.0013 51 378 55 389
chair 0.0025 159 342 240 493
