person 0.8400 142 251 155 280
person 0.6990 97 247 106 271
person 0.5755 81 249 90 270
person 0.3695 83 249 95 270
person 0.2672 91 249 100 270
person 0.2420 15 248 21 259
person 0.2240 81 248 105 270
person 0.2102 1 248 7 260
person 0.1903 3 248 9 260
person 0.0485 22 248 29 258
person 0.0472 433 248 439 256
person 0.0354 27 249 32 260
person 0.0312 414 287 441 296
person 0.0304 433 247 443 255
person 0.0297 74 250 80 264
person 0.0262 67 252 80 264
person 0.0255 16 247 23 257
person 0.0207 71 250 82 268
person 0.0170 4 248 17 261
person 0.0158 65 255 72 262
person 0.0151 30 250 35 266
person 0.0128 412 277 443 296
person 0.0101 5 247 10 257
person 0.0096 12 247 23 260
person 0.0093 406 259 432 294
person 0.0089 29 245 36 260
person 0.0084 411 244 423 253
person 0.0082 16 247 28 260
person 0.0072 30 256 34 266
person 0.0069 189 270 197 277
person 0.0069 24 246 30 256
person 0.0067 432 244 452 254
person 0.0050 35 253 45 260
person 0.0049 421 247 434 254
person 0.0047 416 246 427 252
person 0.0043 408 244 416 254
person 0.0039 413 279 429 294
person 0.0038 411 263 445 294
person 0.0037 406 258 423 276
person 0.0036 107 251 115 267
person 0.0033 67 256 76 264
person 0.0030 104 249 111 262
person 0.0028 421 243 433 252
person 0.0028 137 251 144 269
person 0.0027 405 247 422 270
person 0.0026 413 286 427 294
person 0.0025 441 247 464 253
person 0.0025 54 256 66 262
person 0.0024 37 254 51 260
person 0.0024 32 250 45 260
person 0.0022 485 245 497 252
person 0.0022 47 256 57 261
person 0.0022 494 235 500 252
person 0.0020 453 245 465 253
person 0.0020 28 247 37 267
person 0.0020 489 243 499 253
person 0.0020 438 243 463 253
person 0.0020 431 290 452 295
person 0.0020 29 239 50 259
person 0.0019 434 251 441 256
person 0.0019 62 251 71 263
person 0.0019 105 206 110 213
person 0.0019 173 248 181 268
person 0.0018 102 249 121 269
person 0.0018 161 247 168 254
person 0.0017 63 257 70 263
person 0.0015 30 241 39 256
person 0.0015 117 254 123 266
person 0.0014 491 247 499 253
person 0.0013 405 255 417 270
person 0.0013 135 248 160 277
person 0.0011 120 257 130 267
person 0.0011 143 251 153 260
person 0.0011 411 267 426 293
person 0.0011 124 249 131 257
person 0.0010 82 248 89 256
person 0.0010 189 262 199 276
person 0.0010 406 239 423 257
person 0.0010 98 247 105 257
bicycle 0.0012 142 252 154 280
car 0.0235 22 248 29 258
car 0.0084 15 248 23 258
car 0.0080 65 255 72 262
car 0.0079 24 246 30 256
car 0.0056 68 252 79 263
car 0.0051 35 253 45 260
car 0.0050 29 245 36 260
car 0.0046 27 249 32 260
car 0.0036 37 254 51 260
car 0.0031 32 250 45 260
car 0.0024 416 246 427 252
car 0.0019 411 244 423 253
car 0.0016 35 250 53 260
car 0.0016 30 250 35 266
car 0.0015 47 256 57 261
car 0.0012 485 245 497 252
car 0.0011 54 256 66 262
aeroplane 0.2653 33 147 479 285
aeroplane 0.0017 429 225 465 255
aeroplane 0.0017 412 276 444 297
aeroplane 0.0014 413 287 442 296
aeroplane 0.0012 56 79 495 251
bus 0.0024 23 134 481 276
bus 0.0015 29 239 50 259
train 0.1655 23 134 481 276
train 0.0030 71 137 284 204
boat 0.1831 464 243 493 252
boat 0.0936 432 242 460 254
boat 0.0817 19 151 484 284
boat 0.0637 485 245 497 252
boat 0.0553 433 247 443 255
boat 0.0507 433 248 439 256
boat 0.0469 461 234 497 254
boat 0.0463 438 247 464 254
boat 0.0309 453 245 465 253
boat 0.0257 489 243 499 253
boat 0.0230 491 247 499 253
boat 0.0228 432 230 462 255
boat 0.0209 463 246 484 252
boat 0.0200 471 246 495 252
boat 0.0181 453 243 478 252
boat 0.0171 475 240 499 252
boat 0.0154 457 247 467 253
boat 0.0124 422 238 455 254
boat 0.0090 416 246 427 252
boat 0.0080 421 243 433 252
boat 0.0076 421 247 434 254
boat 0.0065 406 240 432 255
boat 0.0062 432 223 478 254
boat 0.0061 494 235 500 252
boat 0.0057 409 245 421 253
boat 0.0050 445 236 485 253
boat 0.0048 413 287 442 296
boat 0.0033 444 219 497 255
boat 0.0032 434 251 441 256
boat 0.0031 405 248 423 269
boat 0.0028 412 276 444 297
boat 0.0026 405 256 421 271
boat 0.0024 421 237 435 251
boat 0.0020 448 234 467 254
boat 0.0019 411 227 466 256
boat 0.0018 461 237 483 252
boat 0.0017 456 237 472 252
boat 0.0015 430 206 485 263
boat 0.0015 436 223 457 251
boat 0.0014 404 208 471 282
boat 0.0013 405 256 428 294
boat 0.0013 424 235 446 251
boat 0.0012 71 137 284 204
boat 0.0012 483 227 499 252
boat 0.0011 416 237 431 252
boat 0.0011 407 252 448 299
bird 0.0023 190 233 197 241
bird 0.0019 189 271 199 276
bird 0.0015 406 258 422 291
bird 0.0013 405 259 421 272
