person 0.0032 310 102 320 123
person 0.0022 314 102 319 122
person 0.0017 312 156 320 181
person 0.0016 192 90 241 148
person 0.0015 263 89 298 121
bird 0.0024 105 69 121 80
cat 0.0033 312 156 320 180
bottle 0.0086 314 103 319 124
bottle 0.0029 39 159 58 179
bottle 0.0017 302 102 320 124
chair 0.9160 192 90 241 148
chair 0.2106 48 91 182 205
chair 0.0574 53 129 149 197
chair 0.0455 131 80 176 114
chair 0.0183 130 81 159 108
chair 0.0163 81 172 120 190
chair 0.0147 56 168 94 184
chair 0.0042 313 158 319 180
chair 0.0041 135 101 175 113
chair 0.0036 148 104 178 114
chair 0.0024 54 150 111 189
chair 0.0020 131 82 146 106
chair 0.0018 136 102 158 113
chair 0.0015 70 118 176 188
chair 0.0015 194 105 228 127
chair 0.0011 262 89 298 122
sofa 0.3492 49 92 183 206
sofa 0.0291 192 91 241 147
sofa 0.0099 53 129 149 197
sofa 0.0021 313 158 319 180
sofa 0.0013 131 80 176 114
sofa 0.0010 262 89 298 122
sofa 0.0010 70 118 176 188
pottedplant 0.0018 314 103 319 124
pottedplant 0.0014 106 69 118 80
diningtable 0.0071 293 131 314 143
diningtable 0.0032 192 90 241 149
diningtable 0.0032 48 89 183 206
diningtable 0.0013 33 162 134 227
tvmonitor 0.8671 261 89 298 122
tvmonitor 0.1206 299 97 320 123
tvmonitor 0.1099 131 81 159 111
tvmonitor 0.0631 131 82 146 106
tvmonitor 0.0168 310 102 320 123
tvmonitor 0.0080 295 119 316 143
tvmonitor 0.0062 314 102 319 122
tvmonitor 0.0048 293 131 313 144
tvmonitor 0.0014 295 98 318 137
