person 0.0118 483 263 499 314
person 0.0070 355 235 395 271
person 0.0035 361 238 384 267
person 0.0032 329 227 357 270
person 0.0026 60 249 95 303
person 0.0022 397 225 426 272
person 0.0013 397 234 411 258
person 0.0012 157 292 182 325
person 0.0011 122 297 141 323
person 0.0010 124 295 156 325
person 0.0010 325 224 376 282
car 0.0013 79 307 212 372
aeroplane 0.0011 138 0 227 34
bird 0.0051 138 0 227 34
bird 0.0048 399 215 426 233
cat 0.0022 483 263 499 314
cat 0.0015 397 215 429 249
cat 0.0013 359 236 395 271
cat 0.0010 60 249 95 302
dog 0.0062 483 262 499 315
dog 0.0027 60 249 95 303
dog 0.0023 124 296 156 325
dog 0.0011 124 296 148 315
bottle 0.0087 380 246 392 273
bottle 0.0071 361 236 395 274
bottle 0.0041 383 250 401 271
bottle 0.0030 398 260 411 272
bottle 0.0026 372 238 392 267
bottle 0.0024 368 243 386 271
bottle 0.0020 363 246 381 269
bottle 0.0019 391 229 426 297
bottle 0.0016 391 256 403 273
bottle 0.0015 169 295 191 323
bottle 0.0011 174 305 188 323
bottle 0.0010 283 250 325 336
chair 0.4510 286 250 337 333
chair 0.1854 483 262 499 314
chair 0.1439 300 229 429 331
chair 0.0669 325 226 418 291
chair 0.0392 348 233 404 277
chair 0.0212 328 224 359 278
chair 0.0177 284 251 331 292
chair 0.0155 60 249 95 303
chair 0.0109 359 236 394 270
chair 0.0104 395 218 428 283
chair 0.0055 331 253 387 305
chair 0.0045 339 258 401 293
chair 0.0041 327 308 499 372
chair 0.0034 295 250 357 315
chair 0.0033 489 270 500 330
chair 0.0028 493 293 500 315
chair 0.0023 318 268 430 318
chair 0.0021 397 215 429 249
chair 0.0017 97 243 127 272
chair 0.0014 90 244 129 300
chair 0.0013 275 297 323 336
chair 0.0013 383 250 401 271
chair 0.0012 492 279 499 313
chair 0.0012 345 267 384 282
chair 0.0011 286 251 329 272
sofa 0.1735 484 262 500 312
sofa 0.0966 327 308 499 372
sofa 0.0086 317 226 430 321
sofa 0.0037 334 229 409 281
sofa 0.0037 489 269 499 318
sofa 0.0027 328 354 496 373
sofa 0.0027 60 249 95 304
sofa 0.0021 357 235 397 276
sofa 0.0017 288 252 412 333
sofa 0.0016 493 293 500 315
sofa 0.0014 286 250 337 333
sofa 0.0011 485 260 498 292
pottedplant 0.0577 67 39 305 372
pottedplant 0.0108 213 220 295 309
pottedplant 0.0045 483 262 499 315
pottedplant 0.0020 207 253 281 343
pottedplant 0.0020 188 188 303 330
pottedplant 0.0019 359 236 395 271
pottedplant 0.0016 286 250 331 309
pottedplant 0.0014 60 249 95 302
pottedplant 0.0011 333 231 412 283
pottedplant 0.0011 205 287 266 350
diningtable 0.0952 328 308 498 372
diningtable 0.0294 300 229 428 332
diningtable 0.0152 320 231 433 291
diningtable 0.0056 484 262 500 312
diningtable 0.0043 328 354 496 373
diningtable 0.0039 342 229 403 280
diningtable 0.0037 335 270 419 285
diningtable 0.0030 318 268 430 318
diningtable 0.0028 359 236 396 273
diningtable 0.0027 286 250 336 333
diningtable 0.0015 338 254 419 297
diningtable 0.0011 333 260 398 277
tvmonitor 0.0041 357 235 397 276
tvmonitor 0.0035 334 229 409 281
tvmonitor 0.0010 315 224 430 308
