person 0.6507 277 201 295 226
person 0.3404 479 187 500 197
person 0.1746 268 203 301 229
person 0.1633 490 186 499 195
person 0.1424 316 188 322 192
person 0.0736 446 188 473 204
person 0.0688 248 206 322 230
person 0.0555 311 206 320 215
person 0.0498 286 206 295 226
person 0.0495 309 206 321 222
person 0.0451 313 206 319 213
person 0.0368 330 191 337 197
person 0.0325 271 205 290 226
person 0.0291 250 196 257 203
person 0.0284 281 207 320 228
person 0.0231 304 207 319 217
person 0.0188 0 165 19 189
person 0.0114 301 206 321 226
person 0.0114 296 209 313 223
person 0.0086 318 189 337 195
person 0.0078 249 209 285 229
person 0.0074 275 203 289 218
person 0.0062 353 207 366 213
person 0.0045 315 187 321 191
person 0.0045 445 194 467 204
person 0.0039 402 289 409 295
person 0.0029 0 164 8 185
person 0.0028 478 176 500 201
person 0.0023 0 120 15 187
person 0.0022 0 216 3 228
person 0.0018 312 203 319 212
person 0.0017 253 204 293 221
person 0.0015 278 202 292 212
person 0.0015 280 203 308 225
person 0.0014 249 211 271 226
person 0.0014 468 257 477 262
person 0.0013 481 163 501 197
person 0.0013 449 189 503 200
person 0.0013 452 185 493 205
person 0.0010 312 212 321 228
person 0.0010 250 211 258 222
person 0.0010 288 211 303 227
car 0.0018 249 206 320 230
aeroplane 0.0012 0 120 19 190
bus 0.0016 0 121 20 191
boat 0.7287 0 120 20 190
boat 0.5661 247 208 318 230
boat 0.3582 275 203 297 228
boat 0.3480 0 165 19 189
boat 0.2612 479 188 500 197
boat 0.1059 62 163 70 182
boat 0.1029 243 219 326 234
boat 0.0596 250 210 287 230
boat 0.0595 446 188 473 204
boat 0.0303 489 186 500 195
boat 0.0290 282 207 319 228
boat 0.0239 316 188 322 192
boat 0.0230 330 192 337 197
boat 0.0228 0 163 9 186
boat 0.0224 0 216 3 228
boat 0.0177 59 168 68 182
boat 0.0152 353 207 366 213
boat 0.0147 0 181 19 189
boat 0.0116 0 175 13 188
boat 0.0097 301 206 321 226
boat 0.0093 58 159 73 184
boat 0.0082 481 180 500 196
boat 0.0073 493 185 499 194
boat 0.0069 271 205 290 226
boat 0.0064 317 189 338 196
boat 0.0056 250 196 257 203
boat 0.0053 308 206 320 222
boat 0.0042 0 141 9 187
boat 0.0042 0 216 5 231
boat 0.0035 61 176 69 182
boat 0.0034 449 189 503 200
boat 0.0033 0 148 19 176
boat 0.0032 248 195 324 236
boat 0.0024 253 204 294 222
boat 0.0024 0 154 7 177
boat 0.0023 251 220 278 230
boat 0.0022 285 206 295 226
boat 0.0021 0 185 10 191
boat 0.0020 1 120 13 163
boat 0.0018 -2 119 40 191
boat 0.0017 62 156 79 184
boat 0.0017 281 217 321 230
boat 0.0017 479 194 499 200
boat 0.0017 67 163 80 178
boat 0.0016 445 194 467 204
boat 0.0015 249 211 271 226
boat 0.0014 444 192 493 205
boat 0.0014 315 187 321 191
boat 0.0014 304 206 319 218
boat 0.0013 0 135 18 163
boat 0.0013 481 162 501 198
boat 0.0011 5 134 30 195
boat 0.0010 45 155 81 183
boat 0.0010 0 222 5 239
boat 0.0010 58 177 67 184
bird 0.0069 445 189 473 205
bird 0.0064 316 188 322 192
bird 0.0058 330 192 337 197
bird 0.0045 353 207 366 213
bird 0.0041 478 187 500 199
bird 0.0024 489 186 500 195
bird 0.0023 402 289 409 295
bird 0.0018 250 196 257 203
bird 0.0018 493 185 499 194
bird 0.0017 468 256 482 262
bird 0.0013 0 216 3 231
dog 0.0100 445 188 473 204
dog 0.0021 478 187 500 199
dog 0.0013 277 202 295 226
dog 0.0010 330 192 337 197
horse 0.0043 445 188 473 204
horse 0.0020 478 187 500 199
horse 0.0013 277 202 295 226
sheep 0.0010 353 207 366 213
cow 0.0077 446 188 473 204
cow 0.0038 353 207 366 213
cow 0.0031 330 192 337 197
cow 0.0026 478 187 500 199
cow 0.0015 316 188 322 192
tvmonitor 0.0013 247 208 318 230
