person 0.5768 53 168 63 199
person 0.4911 425 166 439 194
person 0.3295 480 168 499 198
person 0.2718 408 170 420 192
person 0.1967 370 122 494 237
person 0.1539 380 174 393 191
person 0.1381 46 165 55 185
person 0.1263 46 168 54 196
person 0.1154 52 162 64 177
person 0.1128 345 164 355 178
person 0.0996 46 163 60 175
person 0.0706 57 167 65 180
person 0.0597 56 170 63 189
person 0.0542 452 163 466 190
person 0.0484 405 165 429 193
person 0.0456 53 163 78 176
person 0.0416 339 159 356 180
person 0.0291 41 163 57 201
person 0.0281 335 156 350 182
person 0.0268 489 166 500 194
person 0.0220 46 159 64 172
person 0.0208 419 148 445 234
person 0.0187 451 165 474 195
person 0.0184 418 161 449 194
person 0.0178 448 167 462 195
person 0.0149 54 184 61 196
person 0.0143 386 173 396 191
person 0.0138 41 171 52 204
person 0.0131 142 174 159 194
person 0.0130 333 155 353 194
person 0.0123 324 157 344 190
person 0.0121 43 162 52 172
person 0.0112 104 148 145 194
person 0.0109 298 169 306 184
person 0.0108 35 163 49 203
person 0.0107 43 162 57 183
person 0.0093 0 174 5 184
person 0.0091 424 162 435 186
person 0.0088 64 165 81 176
person 0.0080 42 162 48 174
person 0.0070 490 176 500 203
person 0.0069 431 172 443 194
person 0.0063 450 177 465 195
person 0.0057 401 149 440 238
person 0.0055 322 139 333 151
person 0.0054 344 157 362 191
person 0.0052 462 170 476 193
person 0.0052 31 165 42 200
person 0.0049 324 165 336 188
person 0.0048 470 177 490 198
person 0.0047 436 166 454 196
person 0.0047 481 167 499 229
person 0.0045 451 236 497 318
person 0.0044 380 165 397 193
person 0.0043 56 176 63 196
person 0.0039 325 133 369 213
person 0.0038 193 161 202 181
person 0.0038 12 161 21 175
person 0.0036 0 164 3 174
person 0.0036 12 164 18 173
person 0.0036 388 48 503 264
person 0.0035 348 163 359 178
person 0.0034 378 174 388 189
person 0.0033 328 155 343 181
person 0.0033 277 165 291 185
person 0.0031 336 166 346 192
person 0.0030 423 165 441 223
person 0.0030 465 176 478 196
person 0.0029 220 166 230 182
person 0.0028 49 156 79 188
person 0.0026 294 158 307 195
person 0.0026 443 165 457 191
person 0.0026 301 164 313 187
person 0.0025 455 177 474 195
person 0.0024 191 150 202 195
person 0.0024 70 167 81 177
person 0.0023 491 171 500 223
person 0.0021 146 160 153 177
person 0.0020 455 164 469 183
person 0.0018 274 168 284 185
person 0.0018 154 145 216 202
person 0.0018 11 167 19 180
person 0.0018 259 165 271 184
person 0.0016 262 151 272 161
person 0.0016 308 162 318 186
person 0.0015 283 164 292 185
person 0.0015 469 164 491 192
person 0.0014 0 160 5 173
person 0.0014 41 160 47 169
person 0.0014 316 151 351 204
person 0.0013 146 159 157 183
person 0.0013 154 148 185 199
person 0.0013 471 182 485 199
person 0.0013 491 157 499 185
person 0.0013 39 163 48 187
person 0.0013 481 160 498 186
person 0.0012 411 170 432 199
person 0.0012 186 148 208 197
person 0.0012 134 174 148 188
person 0.0012 14 166 25 184
bicycle 0.0476 53 170 62 198
bicycle 0.0427 54 185 61 196
bicycle 0.0075 56 170 63 189
bicycle 0.0071 41 171 52 204
bicycle 0.0043 47 169 54 196
bicycle 0.0040 30 176 40 202
bicycle 0.0025 56 176 63 196
bicycle 0.0024 35 168 49 204
bicycle 0.0023 20 184 38 202
bicycle 0.0020 41 163 58 201
bicycle 0.0020 46 165 55 185
bicycle 0.0017 27 172 45 201
bicycle 0.0014 490 293 500 328
bicycle 0.0013 12 183 35 200
bicycle 0.0013 45 163 55 174
bicycle 0.0011 52 162 64 177
bicycle 0.0011 483 285 500 331
bicycle 0.0010 55 192 61 203
car 0.5498 450 239 499 329
car 0.4242 143 174 159 194
car 0.1769 64 165 81 176
car 0.1302 52 162 64 177
car 0.0942 52 164 78 176
car 0.0859 46 163 60 174
car 0.0834 70 167 81 177
car 0.0711 49 159 65 172
car 0.0606 56 167 66 180
car 0.0493 12 164 18 173
car 0.0412 0 174 5 184
car 0.0381 54 166 63 189
car 0.0264 50 162 65 198
car 0.0218 87 148 143 195
car 0.0171 46 165 55 186
car 0.0171 0 175 11 183
car 0.0114 11 167 19 180
car 0.0109 142 171 157 187
car 0.0086 12 161 21 175
car 0.0058 43 162 52 172
car 0.0057 151 158 180 194
car 0.0051 485 288 500 330
car 0.0050 81 176 138 196
car 0.0049 147 152 170 196
car 0.0049 131 174 150 189
car 0.0045 43 162 57 183
car 0.0042 43 151 74 179
car 0.0038 3 167 17 184
car 0.0037 9 174 20 184
car 0.0035 47 148 68 171
car 0.0030 0 164 3 174
car 0.0029 66 156 85 176
car 0.0026 61 146 87 176
car 0.0025 142 160 157 196
car 0.0025 9 162 21 179
car 0.0024 103 180 136 195
car 0.0021 103 162 151 194
car 0.0020 75 165 87 182
car 0.0020 135 172 148 186
car 0.0017 66 167 145 195
car 0.0016 69 158 94 181
car 0.0014 64 167 94 185
car 0.0014 6 160 17 173
car 0.0013 10 182 31 196
car 0.0013 14 166 25 184
car 0.0013 146 159 157 183
car 0.0013 143 183 155 194
car 0.0012 47 169 54 196
car 0.0012 34 161 69 193
car 0.0011 8 173 29 191
car 0.0011 491 294 500 327
car 0.0011 147 145 196 195
car 0.0011 49 156 79 188
car 0.0010 369 98 500 253
car 0.0010 43 164 54 199
motorbike 0.0039 449 236 499 328
motorbike 0.0028 483 285 500 331
motorbike 0.0022 490 293 500 328
motorbike 0.0019 53 168 63 198
motorbike 0.0011 54 185 61 196
motorbike 0.0010 46 165 55 185
bus 0.9181 154 124 378 226
bus 0.6709 82 148 143 196
bus 0.6193 371 41 499 261
bus 0.4537 370 122 494 237
bus 0.1849 424 165 440 195
bus 0.0859 49 159 65 172
bus 0.0764 143 173 158 194
bus 0.0612 49 161 78 175
bus 0.0419 47 146 68 171
bus 0.0229 150 148 182 197
bus 0.0205 144 149 152 169
bus 0.0199 50 162 64 200
bus 0.0157 63 165 80 177
bus 0.0140 405 165 429 193
bus 0.0106 145 155 158 188
bus 0.0106 49 141 82 173
bus 0.0095 418 161 449 194
bus 0.0093 419 148 445 234
bus 0.0082 43 151 74 179
bus 0.0080 52 162 64 177
bus 0.0072 408 170 422 193
bus 0.0069 376 35 491 129
bus 0.0061 61 146 87 176
bus 0.0053 46 163 60 174
bus 0.0052 448 163 467 194
bus 0.0050 450 239 499 329
bus 0.0048 155 146 204 199
bus 0.0047 46 142 66 162
bus 0.0033 145 158 154 180
bus 0.0032 66 156 85 176
bus 0.0029 103 162 151 194
bus 0.0028 44 162 54 183
bus 0.0024 106 146 143 186
bus 0.0024 42 162 53 172
bus 0.0023 401 149 440 238
bus 0.0022 48 142 66 152
bus 0.0021 343 162 356 178
bus 0.0020 480 169 499 199
bus 0.0018 314 126 378 219
bus 0.0016 149 159 166 192
bus 0.0016 114 153 161 187
bus 0.0015 151 137 276 214
bus 0.0014 346 89 462 263
bus 0.0014 141 149 156 181
bus 0.0014 366 139 441 222
bus 0.0012 58 140 98 170
bus 0.0012 37 135 95 193
bus 0.0012 49 156 79 188
bus 0.0011 43 161 57 193
bus 0.0011 62 141 80 168
bus 0.0010 129 169 152 189
bus 0.0010 341 147 366 204
bus 0.0010 54 137 149 207
bus 0.0010 56 167 66 180
bus 0.0010 37 139 66 169
bus 0.0010 150 152 162 178
train 0.0255 370 122 494 237
train 0.0199 80 148 141 195
train 0.0097 154 123 377 227
train 0.0060 424 165 440 195
boat 0.0029 370 122 494 237
boat 0.0012 80 148 141 195
dog 0.0016 53 170 62 198
horse 0.0035 53 169 62 198
