person 0.9336 -2 56 232 327
person 0.8793 265 48 491 329
person 0.2680 0 100 29 215
person 0.1513 7 87 34 197
person 0.0917 0 84 14 155
person 0.0572 36 103 66 183
person 0.0572 18 97 36 149
person 0.0289 0 113 12 151
person 0.0197 0 81 6 117
person 0.0154 210 47 234 107
person 0.0132 371 180 388 221
person 0.0130 0 137 27 247
person 0.0118 0 86 27 145
person 0.0118 16 98 40 183
person 0.0115 169 52 202 132
person 0.0100 476 89 499 110
person 0.0099 57 100 83 171
person 0.0096 156 150 216 196
person 0.0086 63 116 84 159
person 0.0072 473 103 500 215
person 0.0067 0 110 15 176
person 0.0067 0 201 7 246
person 0.0065 0 83 50 141
person 0.0059 475 192 499 326
person 0.0056 147 124 201 167
person 0.0044 451 293 499 332
person 0.0040 459 223 499 330
person 0.0037 476 94 500 119
person 0.0035 480 190 500 225
person 0.0033 0 111 47 274
person 0.0029 0 82 6 91
person 0.0024 177 52 203 98
person 0.0022 0 81 7 97
person 0.0022 488 193 499 221
person 0.0022 494 292 499 331
person 0.0021 164 80 206 152
person 0.0021 55 94 72 154
person 0.0020 442 122 491 225
person 0.0018 479 244 499 333
person 0.0018 180 53 200 77
person 0.0018 393 318 423 332
person 0.0018 26 155 46 188
person 0.0017 353 154 391 231
person 0.0016 52 159 177 326
person 0.0016 219 94 303 204
person 0.0015 490 91 499 105
person 0.0015 0 200 6 220
person 0.0015 30 103 46 184
person 0.0014 63 140 83 175
person 0.0014 0 81 13 124
person 0.0013 55 94 70 125
person 0.0013 231 91 259 121
person 0.0013 14 72 248 175
person 0.0013 212 93 260 140
person 0.0013 -9 103 91 257
person 0.0012 212 128 271 288
person 0.0012 0 180 14 233
person 0.0012 41 97 69 152
person 0.0012 167 95 189 137
person 0.0011 408 155 430 167
person 0.0011 8 119 81 224
person 0.0011 179 49 222 132
person 0.0011 147 81 259 179
person 0.0010 0 127 10 185
person 0.0010 278 83 485 217
person 0.0010 202 53 258 137
person 0.0010 18 146 32 192
bottle 0.7190 38 101 66 181
bottle 0.6577 209 48 235 107
bottle 0.4895 17 95 37 177
bottle 0.3964 175 54 203 135
bottle 0.1842 55 94 72 153
bottle 0.1603 56 94 70 125
bottle 0.1380 167 73 196 136
bottle 0.1342 179 49 222 132
bottle 0.1320 7 90 35 201
bottle 0.1306 57 100 83 171
bottle 0.0664 0 100 29 215
bottle 0.0621 31 100 46 176
bottle 0.0589 33 105 45 147
bottle 0.0548 20 98 40 150
bottle 0.0511 34 97 54 147
bottle 0.0492 202 98 220 134
bottle 0.0332 32 152 46 184
bottle 0.0305 18 140 44 186
bottle 0.0300 63 143 82 175
bottle 0.0269 63 116 84 159
bottle 0.0262 0 82 11 148
bottle 0.0243 212 111 221 133
bottle 0.0220 185 74 203 135
bottle 0.0207 20 152 32 185
bottle 0.0205 177 52 203 98
bottle 0.0181 41 100 61 155
bottle 0.0180 208 63 231 133
bottle 0.0176 215 64 250 129
bottle 0.0154 39 102 52 138
bottle 0.0151 168 65 185 110
bottle 0.0148 164 80 206 152
bottle 0.0134 168 100 189 137
bottle 0.0132 19 139 33 178
bottle 0.0129 0 88 25 149
bottle 0.0118 1 86 65 139
bottle 0.0117 17 105 35 143
bottle 0.0117 202 53 258 137
bottle 0.0115 28 159 43 187
bottle 0.0108 27 93 61 137
bottle 0.0100 211 91 259 139
bottle 0.0099 248 94 260 114
bottle 0.0088 23 103 44 172
bottle 0.0087 0 102 13 163
bottle 0.0082 180 53 201 79
bottle 0.0079 57 94 69 110
bottle 0.0077 170 112 186 137
bottle 0.0073 190 109 204 138
bottle 0.0073 200 67 221 133
bottle 0.0069 233 91 257 121
bottle 0.0067 210 97 224 136
bottle 0.0066 27 132 42 181
bottle 0.0065 0 81 6 117
bottle 0.0062 26 118 42 145
bottle 0.0060 235 92 249 116
bottle 0.0059 42 98 59 128
bottle 0.0047 10 116 24 148
bottle 0.0047 169 86 189 115
bottle 0.0045 18 124 35 149
bottle 0.0044 33 123 45 151
bottle 0.0042 165 90 184 133
bottle 0.0041 58 152 67 176
bottle 0.0041 60 153 74 175
bottle 0.0040 234 92 242 110
bottle 0.0034 29 144 41 171
bottle 0.0033 33 146 45 172
bottle 0.0033 34 100 48 131
bottle 0.0032 175 73 198 101
bottle 0.0030 18 134 35 163
bottle 0.0029 200 49 228 102
bottle 0.0029 175 83 195 106
bottle 0.0026 38 95 67 125
bottle 0.0023 138 54 282 155
bottle 0.0022 204 112 219 134
bottle 0.0022 0 116 12 148
bottle 0.0021 194 102 210 136
bottle 0.0020 60 122 79 153
bottle 0.0020 61 92 71 121
bottle 0.0019 78 141 88 164
bottle 0.0018 193 57 211 130
bottle 0.0017 24 131 43 155
bottle 0.0017 210 70 233 98
bottle 0.0016 175 94 191 129
bottle 0.0016 40 125 65 152
bottle 0.0015 242 94 264 122
bottle 0.0015 228 90 248 122
bottle 0.0014 18 90 37 128
bottle 0.0014 211 82 232 105
bottle 0.0013 38 139 78 182
bottle 0.0013 36 128 57 182
bottle 0.0013 171 64 184 87
bottle 0.0013 156 116 200 161
bottle 0.0013 5 108 23 142
bottle 0.0013 164 117 181 135
bottle 0.0012 182 116 255 163
bottle 0.0012 35 161 48 185
bottle 0.0012 210 89 227 108
bottle 0.0011 184 103 200 135
bottle 0.0011 41 155 66 180
bottle 0.0011 236 85 252 105
bottle 0.0010 74 127 88 161
chair 0.7678 157 149 217 195
chair 0.6922 442 126 485 226
chair 0.6037 473 103 499 216
chair 0.5897 211 128 271 323
chair 0.2518 450 292 499 331
chair 0.1990 276 97 340 189
chair 0.0770 408 155 431 167
chair 0.0668 459 223 499 330
chair 0.0471 478 237 500 327
chair 0.0402 211 116 281 241
chair 0.0379 480 195 499 230
chair 0.0296 266 51 491 328
chair 0.0245 242 98 340 235
chair 0.0240 476 90 499 110
chair 0.0190 255 77 301 120
chair 0.0178 0 202 7 243
chair 0.0175 16 95 37 145
chair 0.0168 228 109 308 208
chair 0.0163 174 112 292 273
chair 0.0153 212 93 260 140
chair 0.0150 161 121 265 167
chair 0.0143 386 291 499 332
chair 0.0139 259 73 483 182
chair 0.0119 249 112 287 204
chair 0.0119 -10 81 76 124
chair 0.0115 494 292 499 331
chair 0.0099 403 151 429 170
chair 0.0093 321 177 500 334
chair 0.0091 155 147 228 231
chair 0.0083 471 169 499 250
chair 0.0080 0 127 28 212
chair 0.0079 206 99 221 135
chair 0.0079 170 57 202 136
chair 0.0077 27 93 61 137
chair 0.0072 217 90 300 140
chair 0.0071 147 124 201 167
chair 0.0069 415 120 501 321
chair 0.0069 486 292 499 331
chair 0.0062 488 193 499 221
chair 0.0061 405 152 443 167
chair 0.0059 0 81 7 114
chair 0.0059 222 211 271 331
chair 0.0058 37 98 67 180
chair 0.0058 55 49 278 324
chair 0.0055 242 79 337 132
chair 0.0055 131 95 264 209
chair 0.0055 475 104 499 121
chair 0.0055 455 127 500 324
chair 0.0055 473 191 499 314
chair 0.0054 306 96 334 111
chair 0.0053 165 98 363 246
chair 0.0051 261 84 334 114
chair 0.0050 16 98 40 183
chair 0.0049 208 53 235 132
chair 0.0048 263 285 277 331
chair 0.0041 6 89 36 203
chair 0.0038 475 99 500 147
chair 0.0038 424 215 498 332
chair 0.0036 166 68 189 133
chair 0.0036 0 83 50 141
chair 0.0035 64 146 82 175
chair 0.0035 393 318 423 332
chair 0.0034 411 123 483 240
chair 0.0034 185 128 267 186
chair 0.0033 406 89 487 172
chair 0.0032 490 91 499 105
chair 0.0031 122 136 263 326
chair 0.0031 0 102 13 163
chair 0.0030 231 91 259 121
chair 0.0030 290 107 307 118
chair 0.0029 277 92 326 118
chair 0.0027 0 82 11 148
chair 0.0027 62 118 83 175
chair 0.0026 91 164 162 323
chair 0.0026 404 136 435 167
chair 0.0024 180 94 294 157
chair 0.0024 -5 89 267 203
chair 0.0024 254 124 280 262
chair 0.0023 56 95 70 126
chair 0.0022 147 143 218 176
chair 0.0022 372 247 499 330
chair 0.0021 373 134 463 177
chair 0.0021 212 111 221 134
chair 0.0021 164 80 206 152
chair 0.0021 26 155 46 188
chair 0.0020 121 94 224 271
chair 0.0020 0 85 27 145
chair 0.0020 258 237 281 328
chair 0.0020 405 152 455 178
chair 0.0020 440 116 479 192
chair 0.0019 476 218 499 246
chair 0.0019 179 49 222 132
chair 0.0019 224 100 336 167
chair 0.0017 0 116 12 148
chair 0.0017 242 92 259 114
chair 0.0017 385 67 484 306
chair 0.0016 404 129 451 172
chair 0.0016 169 101 310 192
chair 0.0016 289 95 314 116
chair 0.0015 258 96 326 144
sofa 0.0042 470 218 500 330
sofa 0.0028 473 103 500 216
sofa 0.0021 251 133 497 328
sofa 0.0016 451 293 499 332
sofa 0.0014 157 149 217 195
sofa 0.0013 442 127 485 225
sofa 0.0013 280 97 340 185
sofa 0.0012 479 238 499 320
sofa 0.0012 266 93 341 233
sofa 0.0012 91 164 162 323
sofa 0.0010 0 109 27 207
diningtable 0.1895 215 95 302 143
diningtable 0.1819 169 124 265 169
diningtable 0.1041 208 96 323 201
diningtable 0.1001 157 150 217 195
diningtable 0.0984 241 97 337 175
diningtable 0.0778 252 79 335 121
diningtable 0.0760 471 196 499 327
diningtable 0.0610 237 94 268 123
diningtable 0.0577 155 108 269 190
diningtable 0.0411 231 92 260 131
diningtable 0.0354 211 127 273 271
diningtable 0.0330 204 99 221 136
diningtable 0.0328 0 120 28 236
diningtable 0.0321 212 95 262 141
diningtable 0.0274 478 195 499 232
diningtable 0.0250 164 80 206 152
diningtable 0.0215 148 125 205 166
diningtable 0.0192 233 101 294 168
diningtable 0.0188 165 98 363 246
diningtable 0.0184 477 220 499 243
diningtable 0.0166 240 92 259 114
diningtable 0.0164 1 86 65 139
diningtable 0.0161 30 155 46 186
diningtable 0.0156 199 77 328 150
diningtable 0.0149 146 112 245 153
diningtable 0.0146 179 49 222 132
diningtable 0.0145 37 98 67 180
diningtable 0.0137 257 77 294 120
diningtable 0.0135 170 53 203 136
diningtable 0.0131 266 93 341 233
diningtable 0.0125 245 109 305 205
diningtable 0.0120 287 96 342 177
diningtable 0.0120 242 104 318 142
diningtable 0.0114 209 48 235 107
diningtable 0.0109 16 98 40 183
diningtable 0.0107 174 112 292 273
diningtable 0.0106 0 52 234 326
diningtable 0.0104 474 193 499 270
diningtable 0.0094 269 82 334 107
diningtable 0.0087 455 127 500 324
diningtable 0.0086 275 89 332 118
diningtable 0.0085 153 120 233 174
diningtable 0.0083 0 201 7 246
diningtable 0.0078 108 83 242 174
diningtable 0.0075 138 54 282 155
diningtable 0.0074 302 94 335 110
diningtable 0.0074 249 96 260 116
diningtable 0.0072 473 101 500 218
diningtable 0.0071 27 93 61 137
diningtable 0.0070 241 88 293 132
diningtable 0.0070 259 73 483 182
diningtable 0.0069 -5 89 267 203
diningtable 0.0063 235 92 250 116
diningtable 0.0062 228 74 376 118
diningtable 0.0056 18 139 45 187
diningtable 0.0054 478 238 499 290
diningtable 0.0053 59 120 85 178
diningtable 0.0048 63 142 82 175
diningtable 0.0048 488 193 499 221
diningtable 0.0047 6 89 36 203
diningtable 0.0046 185 108 205 139
diningtable 0.0044 198 110 235 147
diningtable 0.0042 26 161 42 188
diningtable 0.0042 451 293 499 332
diningtable 0.0042 192 62 493 145
diningtable 0.0040 17 94 37 146
diningtable 0.0040 448 214 499 333
diningtable 0.0038 289 107 306 120
diningtable 0.0038 168 100 189 138
diningtable 0.0037 412 186 499 332
diningtable 0.0034 212 111 221 134
diningtable 0.0034 245 97 262 122
diningtable 0.0033 183 118 208 146
diningtable 0.0033 116 41 411 146
diningtable 0.0030 172 128 234 159
diningtable 0.0028 199 148 269 335
diningtable 0.0028 387 293 500 332
diningtable 0.0027 35 161 48 185
diningtable 0.0027 239 102 285 125
diningtable 0.0026 56 95 70 126
diningtable 0.0026 477 213 499 233
diningtable 0.0025 38 139 78 182
diningtable 0.0025 210 60 252 134
diningtable 0.0025 0 200 6 219
diningtable 0.0023 211 52 371 134
diningtable 0.0023 248 110 292 141
diningtable 0.0022 255 116 291 226
diningtable 0.0022 120 93 263 264
diningtable 0.0021 289 95 330 114
diningtable 0.0020 182 127 259 207
diningtable 0.0020 480 244 499 327
diningtable 0.0020 167 75 192 135
diningtable 0.0019 0 111 47 274
diningtable 0.0019 25 59 238 167
diningtable 0.0019 307 97 327 108
diningtable 0.0019 147 143 218 176
diningtable 0.0018 81 138 302 329
diningtable 0.0018 186 127 224 147
diningtable 0.0018 -11 83 93 184
diningtable 0.0018 20 149 33 182
