person 0.8446 335 7 500 372
person 0.0116 190 18 492 381
person 0.0069 367 34 493 262
person 0.0060 425 109 442 152
person 0.0042 421 93 456 143
person 0.0026 40 116 425 372
person 0.0016 320 111 488 288
person 0.0015 427 96 499 360
person 0.0014 0 61 8 74
person 0.0012 328 182 498 369
person 0.0010 200 83 417 321
person 0.0010 464 16 500 351
bird 0.0013 0 62 8 75
dog 0.0010 38 114 487 373
horse 0.3033 46 116 368 372
horse 0.0195 46 217 486 373
horse 0.0038 165 133 456 374
cow 0.0011 38 114 487 373
bottle 0.0010 359 230 372 240
pottedplant 0.0080 190 18 492 381
pottedplant 0.0035 200 83 417 321
pottedplant 0.0032 251 156 386 236
