person 0.9030 14 54 141 191
person 0.8659 117 35 237 216
person 0.8227 334 35 499 276
person 0.7818 431 62 491 123
person 0.7151 220 45 392 234
person 0.1360 0 88 30 138
person 0.0617 99 38 146 117
person 0.0378 0 74 17 110
person 0.0241 85 32 188 183
person 0.0201 1 90 31 114
person 0.0192 76 40 146 144
person 0.0186 419 76 434 114
person 0.0130 117 39 142 108
person 0.0125 53 39 380 225
person 0.0099 213 53 305 217
person 0.0097 4 132 26 152
person 0.0073 257 65 386 190
person 0.0067 457 61 499 119
person 0.0064 0 87 5 140
person 0.0060 1 87 45 156
person 0.0060 119 32 198 118
person 0.0058 3 110 28 162
person 0.0056 0 75 9 118
person 0.0054 0 71 34 123
person 0.0045 0 92 67 176
person 0.0037 233 67 277 205
person 0.0036 5 60 84 161
person 0.0034 115 54 147 124
person 0.0033 0 273 6 281
person 0.0033 200 62 486 273
person 0.0031 51 68 108 179
person 0.0026 0 67 13 92
person 0.0025 0 110 6 151
person 0.0025 310 99 343 139
person 0.0024 232 112 276 178
person 0.0023 443 105 500 130
person 0.0022 0 146 47 179
person 0.0018 432 60 480 102
person 0.0017 0 100 3 125
person 0.0017 303 83 346 145
person 0.0014 360 210 454 235
person 0.0014 47 86 92 164
person 0.0013 413 76 433 132
person 0.0013 234 113 255 167
person 0.0011 10 121 81 177
person 0.0011 285 93 329 176
person 0.0011 252 36 478 191
person 0.0011 467 242 500 277
person 0.0010 220 46 358 158
person 0.0010 8 51 123 134
bottle 0.0043 57 227 116 279
bottle 0.0035 35 172 56 204
bottle 0.0029 126 182 164 248
bottle 0.0027 0 273 6 281
bottle 0.0023 335 33 344 52
bottle 0.0016 4 131 26 153
bottle 0.0015 96 200 132 239
bottle 0.0015 161 211 179 249
bottle 0.0013 127 182 163 206
bottle 0.0011 341 33 348 50
bottle 0.0011 328 22 340 53
bottle 0.0010 333 24 347 52
chair 0.0537 431 62 491 124
chair 0.0533 14 54 142 188
chair 0.0389 445 109 500 129
chair 0.0320 313 102 341 136
chair 0.0297 450 61 500 113
chair 0.0197 63 119 79 141
chair 0.0167 314 111 332 134
chair 0.0112 214 157 239 218
chair 0.0101 210 187 234 216
chair 0.0100 323 124 338 137
chair 0.0098 197 51 234 82
chair 0.0095 0 88 30 143
chair 0.0085 322 112 342 138
chair 0.0081 220 44 392 235
chair 0.0055 199 77 223 97
chair 0.0054 20 148 460 275
chair 0.0052 470 109 499 128
chair 0.0052 379 173 391 195
chair 0.0047 4 132 26 152
chair 0.0046 457 114 498 132
chair 0.0045 328 34 500 274
chair 0.0043 115 134 347 230
chair 0.0040 107 39 146 118
chair 0.0040 0 149 57 184
chair 0.0038 257 65 386 190
chair 0.0037 65 113 85 143
chair 0.0035 306 92 350 145
chair 0.0033 360 210 454 235
chair 0.0032 113 38 241 217
chair 0.0031 419 76 434 114
chair 0.0029 217 177 236 212
chair 0.0028 0 99 6 150
chair 0.0026 68 122 84 146
chair 0.0025 430 99 499 134
chair 0.0023 0 115 22 154
chair 0.0020 308 100 330 135
chair 0.0020 379 170 399 195
chair 0.0019 379 173 394 207
chair 0.0019 285 36 330 70
chair 0.0018 229 143 258 223
chair 0.0017 310 92 339 120
chair 0.0016 33 38 387 239
chair 0.0016 73 117 88 143
chair 0.0016 47 86 92 164
chair 0.0016 63 123 74 144
chair 0.0016 25 104 120 179
chair 0.0015 33 172 56 205
chair 0.0015 318 109 355 141
chair 0.0015 380 173 400 218
chair 0.0014 1 144 67 171
chair 0.0014 122 60 146 111
chair 0.0014 2 120 75 179
chair 0.0014 456 106 498 144
chair 0.0013 442 86 500 146
chair 0.0013 198 63 223 85
chair 0.0013 229 114 248 207
chair 0.0013 51 68 108 179
chair 0.0013 433 74 500 219
chair 0.0012 75 41 146 143
chair 0.0012 90 31 172 156
chair 0.0012 225 98 271 191
chair 0.0012 126 181 163 205
chair 0.0012 402 215 500 275
chair 0.0011 0 109 5 140
chair 0.0011 123 84 146 115
chair 0.0010 208 196 228 214
chair 0.0010 470 65 499 123
chair 0.0010 236 152 272 193
sofa 0.1531 431 62 491 124
sofa 0.0544 450 61 500 113
sofa 0.0366 443 105 500 130
sofa 0.0271 462 109 499 128
sofa 0.0055 328 34 500 274
sofa 0.0036 196 51 236 81
sofa 0.0026 442 86 500 146
sofa 0.0023 53 39 380 225
sofa 0.0018 478 108 500 125
sofa 0.0018 433 74 500 219
sofa 0.0013 227 46 393 246
sofa 0.0012 470 65 499 123
sofa 0.0011 453 94 500 195
sofa 0.0010 108 79 468 273
pottedplant 0.0062 99 38 146 117
diningtable 0.2449 10 184 473 278
diningtable 0.0971 2 176 242 277
diningtable 0.0969 220 217 398 277
diningtable 0.0797 126 182 164 248
diningtable 0.0707 96 200 133 245
diningtable 0.0560 394 229 497 278
diningtable 0.0291 48 211 323 275
diningtable 0.0265 413 263 481 280
diningtable 0.0264 7 199 115 270
diningtable 0.0243 55 225 118 276
diningtable 0.0228 0 145 61 178
diningtable 0.0187 33 172 56 205
diningtable 0.0183 -6 161 133 266
diningtable 0.0180 395 256 424 279
diningtable 0.0147 410 250 499 279
diningtable 0.0120 377 212 458 237
diningtable 0.0115 42 202 80 234
diningtable 0.0101 365 210 506 274
diningtable 0.0094 48 189 112 224
diningtable 0.0092 25 224 75 270
diningtable 0.0084 151 198 432 274
diningtable 0.0084 -14 83 489 279
diningtable 0.0083 1 126 62 170
diningtable 0.0077 426 269 495 280
diningtable 0.0068 123 250 208 279
diningtable 0.0066 5 165 88 253
diningtable 0.0062 0 88 32 153
diningtable 0.0062 -1 143 72 217
diningtable 0.0053 161 210 179 257
diningtable 0.0052 454 109 499 129
diningtable 0.0051 162 222 209 261
diningtable 0.0047 194 232 235 257
diningtable 0.0046 370 207 487 249
diningtable 0.0045 63 169 310 265
diningtable 0.0043 1 149 51 165
diningtable 0.0042 153 232 179 263
diningtable 0.0039 361 221 477 260
diningtable 0.0038 149 228 229 271
diningtable 0.0037 10 196 80 241
diningtable 0.0037 59 192 109 208
diningtable 0.0037 217 213 465 257
diningtable 0.0036 0 92 67 176
diningtable 0.0034 25 197 129 240
diningtable 0.0032 400 228 466 266
diningtable 0.0030 3 89 124 189
diningtable 0.0030 432 78 499 129
diningtable 0.0029 56 196 83 212
diningtable 0.0029 183 215 271 255
diningtable 0.0028 5 133 25 152
diningtable 0.0027 33 183 67 231
diningtable 0.0025 196 52 237 84
diningtable 0.0022 20 179 121 222
diningtable 0.0021 -1 135 166 241
diningtable 0.0020 342 215 437 253
diningtable 0.0017 154 242 187 270
diningtable 0.0015 176 227 214 248
diningtable 0.0015 8 144 46 157
diningtable 0.0015 115 134 347 230
diningtable 0.0015 53 209 103 230
diningtable 0.0014 387 245 468 279
diningtable 0.0014 127 181 162 207
diningtable 0.0014 181 251 421 280
diningtable 0.0014 466 243 499 277
diningtable 0.0014 28 238 64 267
diningtable 0.0014 113 242 181 264
diningtable 0.0012 63 174 132 204
diningtable 0.0012 448 61 504 121
diningtable 0.0011 211 175 237 222
diningtable 0.0011 0 228 43 258
diningtable 0.0011 8 120 73 155
diningtable 0.0011 199 76 223 95
diningtable 0.0011 3 110 28 162
diningtable 0.0010 430 105 499 133
diningtable 0.0010 0 199 54 261
diningtable 0.0010 99 199 158 257
diningtable 0.0010 38 205 148 261
diningtable 0.0010 216 219 233 235
tvmonitor 0.1474 285 36 330 70
tvmonitor 0.0076 310 99 343 139
tvmonitor 0.0055 196 51 236 83
tvmonitor 0.0029 459 60 499 111
tvmonitor 0.0016 308 86 339 111
tvmonitor 0.0016 303 65 337 94
tvmonitor 0.0015 301 0 358 56
tvmonitor 0.0011 289 27 350 69
tvmonitor 0.0011 432 62 495 121
tvmonitor 0.0010 320 8 349 56
