person 0.0273 401 14 419 85
person 0.0182 390 27 413 87
person 0.0152 84 20 175 77
person 0.0078 450 1 499 41
person 0.0040 445 3 499 106
person 0.0037 389 41 403 84
person 0.0036 96 45 177 69
person 0.0030 484 12 500 109
person 0.0028 83 15 222 92
person 0.0027 0 112 23 202
person 0.0023 479 295 500 372
person 0.0022 92 16 177 53
person 0.0022 0 74 55 205
person 0.0018 352 22 369 42
person 0.0017 0 68 54 134
person 0.0016 451 53 489 105
person 0.0011 459 198 500 337
cat 0.0035 91 36 179 71
cat 0.0010 85 16 213 87
dog 0.0023 91 36 179 71
bottle 0.2109 390 42 403 84
bottle 0.0171 167 23 172 41
bottle 0.0127 390 28 412 86
bottle 0.0064 74 48 92 76
bottle 0.0062 232 60 254 91
bottle 0.0030 71 48 97 89
bottle 0.0021 402 59 414 87
bottle 0.0021 450 1 498 39
bottle 0.0019 400 19 418 87
bottle 0.0017 165 15 174 41
bottle 0.0017 17 0 40 19
bottle 0.0014 352 22 369 42
bottle 0.0013 196 10 220 35
bottle 0.0013 195 14 213 30
bottle 0.0011 290 0 299 10
bottle 0.0011 151 14 182 41
bottle 0.0010 38 0 46 17
chair 0.4154 95 61 198 180
chair 0.2615 280 8 326 78
chair 0.1764 0 69 57 204
chair 0.1522 83 16 218 87
chair 0.1109 0 23 64 67
chair 0.1022 0 24 32 66
chair 0.0782 459 198 500 337
chair 0.0718 85 20 176 72
chair 0.0710 205 67 497 307
chair 0.0676 2 61 184 188
chair 0.0459 0 96 62 363
chair 0.0427 0 24 18 60
chair 0.0387 0 111 41 210
chair 0.0345 156 14 221 88
chair 0.0311 42 27 67 67
chair 0.0288 159 10 222 54
chair 0.0264 478 296 500 371
chair 0.0231 18 106 198 351
chair 0.0214 40 90 129 203
chair 0.0212 60 296 493 371
chair 0.0197 0 16 14 32
chair 0.0172 0 18 37 50
chair 0.0165 0 94 33 317
chair 0.0161 0 22 16 46
chair 0.0159 9 21 52 42
chair 0.0147 110 12 198 48
chair 0.0143 191 12 221 52
chair 0.0127 436 209 501 373
chair 0.0121 0 65 63 125
chair 0.0117 96 45 177 69
chair 0.0116 14 24 44 37
chair 0.0104 108 23 241 181
chair 0.0102 63 146 89 165
chair 0.0095 0 111 21 197
chair 0.0095 476 210 500 348
chair 0.0095 197 10 220 35
chair 0.0094 83 122 130 180
chair 0.0092 134 13 179 46
chair 0.0086 0 58 101 221
chair 0.0085 203 66 220 93
chair 0.0080 72 177 143 225
chair 0.0078 56 126 97 183
chair 0.0078 25 31 55 67
chair 0.0070 10 32 46 67
chair 0.0064 220 3 303 82
chair 0.0063 151 14 182 41
chair 0.0062 73 24 221 133
chair 0.0062 138 8 195 35
chair 0.0060 0 207 79 370
chair 0.0058 2 11 75 52
chair 0.0058 264 5 304 79
chair 0.0058 52 98 98 200
chair 0.0058 414 293 499 371
chair 0.0053 71 48 99 88
chair 0.0052 485 241 500 288
chair 0.0051 -1 113 51 267
chair 0.0051 109 39 172 84
chair 0.0050 92 20 161 49
chair 0.0048 61 31 183 96
chair 0.0046 451 53 489 105
chair 0.0044 102 134 127 147
chair 0.0044 0 201 30 369
chair 0.0041 178 35 223 97
chair 0.0039 481 23 500 109
chair 0.0038 400 175 499 340
chair 0.0037 444 3 499 106
chair 0.0036 84 22 109 39
chair 0.0034 155 4 219 33
chair 0.0033 472 198 499 222
chair 0.0032 400 19 418 87
chair 0.0032 187 12 212 32
chair 0.0031 33 33 47 67
chair 0.0031 200 16 218 33
chair 0.0031 298 13 365 79
chair 0.0030 89 55 177 141
chair 0.0030 167 23 172 41
chair 0.0030 351 22 369 42
chair 0.0028 342 19 372 55
chair 0.0027 480 275 500 346
chair 0.0027 127 24 181 73
chair 0.0027 11 0 41 18
chair 0.0027 296 5 333 68
chair 0.0025 -1 46 30 66
chair 0.0025 0 124 22 284
chair 0.0025 18 35 36 66
chair 0.0025 25 33 42 66
chair 0.0025 265 3 284 77
chair 0.0024 228 34 266 91
chair 0.0024 284 56 323 76
chair 0.0023 104 23 143 46
chair 0.0023 222 6 272 61
chair 0.0023 86 41 127 64
chair 0.0023 85 23 108 32
chair 0.0022 194 12 205 31
chair 0.0022 -1 7 34 30
chair 0.0022 5 64 132 127
chair 0.0022 338 30 370 85
chair 0.0021 5 0 57 31
chair 0.0021 351 125 502 310
chair 0.0021 293 60 312 78
sofa 0.7322 200 64 495 308
sofa 0.4984 0 66 58 203
sofa 0.3317 21 60 201 177
sofa 0.2785 83 16 218 87
sofa 0.1533 66 297 494 372
sofa 0.1260 85 20 176 72
sofa 0.1139 93 30 214 182
sofa 0.0830 -1 64 111 200
sofa 0.0524 0 67 57 128
sofa 0.0379 0 112 23 202
sofa 0.0313 1 111 41 211
sofa 0.0207 0 96 62 363
sofa 0.0166 40 90 129 203
sofa 0.0166 478 296 500 371
sofa 0.0139 25 107 203 357
sofa 0.0130 96 45 177 69
sofa 0.0099 61 31 183 96
sofa 0.0066 0 114 32 271
sofa 0.0063 109 39 172 84
sofa 0.0058 103 11 205 51
sofa 0.0056 83 122 130 180
sofa 0.0055 6 64 132 125
sofa 0.0045 126 65 203 179
sofa 0.0043 144 19 221 93
sofa 0.0040 0 24 56 67
sofa 0.0035 4 66 76 105
sofa 0.0033 68 50 98 87
sofa 0.0027 280 9 326 79
sofa 0.0027 460 193 499 331
sofa 0.0027 72 177 143 225
sofa 0.0022 472 198 499 222
sofa 0.0022 159 10 222 54
sofa 0.0022 -8 37 190 141
sofa 0.0022 127 24 181 73
sofa 0.0021 84 52 185 145
sofa 0.0018 134 13 179 46
sofa 0.0018 0 24 24 65
sofa 0.0018 92 20 161 49
sofa 0.0016 351 125 502 310
sofa 0.0015 43 47 133 106
sofa 0.0014 93 52 147 65
sofa 0.0012 96 61 162 124
sofa 0.0011 85 25 139 64
sofa 0.0011 123 32 190 96
sofa 0.0011 138 8 195 35
sofa 0.0011 14 51 464 333
sofa 0.0010 86 41 127 64
pottedplant 0.0587 71 48 97 89
pottedplant 0.0345 352 21 370 42
pottedplant 0.0057 43 47 133 106
pottedplant 0.0055 3 60 192 168
pottedplant 0.0031 50 48 103 91
pottedplant 0.0020 106 11 223 91
pottedplant 0.0019 8 49 152 128
pottedplant 0.0017 61 31 183 96
pottedplant 0.0016 0 16 13 32
pottedplant 0.0016 144 11 221 47
pottedplant 0.0015 167 21 173 40
pottedplant 0.0013 389 41 402 84
pottedplant 0.0013 110 12 198 48
pottedplant 0.0012 232 60 254 91
pottedplant 0.0012 450 1 499 39
pottedplant 0.0011 75 45 100 71
pottedplant 0.0011 85 19 176 74
pottedplant 0.0011 400 19 418 87
diningtable 0.0928 1 21 65 67
diningtable 0.0628 461 197 499 330
diningtable 0.0529 472 198 499 222
diningtable 0.0430 16 134 197 364
diningtable 0.0310 9 21 52 42
diningtable 0.0301 0 22 35 65
diningtable 0.0256 3 11 75 52
diningtable 0.0145 0 2 80 33
diningtable 0.0137 0 16 14 34
diningtable 0.0104 14 23 44 36
diningtable 0.0091 4 22 73 36
diningtable 0.0087 0 15 17 50
diningtable 0.0083 70 177 153 230
diningtable 0.0068 9 0 53 30
diningtable 0.0052 415 199 499 355
diningtable 0.0050 28 26 67 68
diningtable 0.0050 468 186 499 281
diningtable 0.0050 0 12 67 27
diningtable 0.0043 65 301 495 373
diningtable 0.0039 9 23 49 60
diningtable 0.0038 25 67 182 284
diningtable 0.0038 280 8 326 78
diningtable 0.0034 -1 7 34 30
diningtable 0.0031 12 15 45 29
diningtable 0.0030 0 26 14 41
diningtable 0.0023 18 1 42 22
diningtable 0.0023 0 65 63 125
diningtable 0.0022 471 196 499 241
diningtable 0.0018 0 208 29 372
diningtable 0.0018 2 61 184 188
diningtable 0.0017 439 1 498 106
diningtable 0.0017 22 1 85 24
diningtable 0.0016 0 4 15 25
diningtable 0.0016 42 97 141 219
diningtable 0.0015 0 14 9 25
diningtable 0.0015 -1 -2 79 79
diningtable 0.0014 -1 116 50 263
diningtable 0.0014 0 20 25 36
diningtable 0.0013 -1 105 74 375
diningtable 0.0013 16 175 195 283
diningtable 0.0012 38 0 67 21
diningtable 0.0012 197 10 220 35
diningtable 0.0012 24 23 52 39
diningtable 0.0011 191 12 221 52
diningtable 0.0010 478 296 500 371
diningtable 0.0010 159 10 222 54
tvmonitor 0.0143 79 0 109 14
tvmonitor 0.0030 280 9 325 73
tvmonitor 0.0020 16 0 41 19
