person 0.0112 -1 285 182 331
person 0.0037 207 289 386 331
person 0.0028 51 153 110 195
person 0.0027 -4 196 506 324
person 0.0023 406 293 499 331
person 0.0016 482 157 499 189
car 0.0102 407 292 499 331
car 0.0032 -1 285 182 331
car 0.0031 204 289 384 331
car 0.0029 2 192 479 318
car 0.0018 10 41 491 314
boat 0.0062 10 41 491 314
bird 0.1822 51 153 110 195
bird 0.0043 85 152 154 195
bird 0.0021 397 84 449 126
cat 0.0054 51 154 111 196
dog 0.0036 51 153 110 196
sheep 0.0092 50 153 110 195
cow 0.0010 50 153 110 196
bottle 0.0085 103 153 151 195
bottle 0.0036 51 153 110 195
bottle 0.0021 2 285 182 332
bottle 0.0018 207 289 386 331
bottle 0.0015 407 293 498 331
chair 0.0045 407 292 499 331
sofa 0.0019 2 192 479 318
diningtable 0.0410 10 41 491 314
diningtable 0.0057 -2 0 489 168
diningtable 0.0030 3 194 486 332
diningtable 0.0021 113 72 387 143
tvmonitor 0.0811 -8 188 449 318
tvmonitor 0.0171 0 61 489 328
tvmonitor 0.0104 0 285 183 332
tvmonitor 0.0073 407 293 499 331
tvmonitor 0.0016 191 200 503 318
tvmonitor 0.0016 209 287 383 332
tvmonitor 0.0010 -3 282 443 331
