person 0.8974 54 1 303 254
person 0.1665 361 0 423 117
person 0.1023 89 3 167 100
person 0.0817 292 0 382 109
person 0.0677 290 0 377 58
person 0.0565 0 1 35 49
person 0.0552 5 0 157 100
person 0.0474 468 1 499 128
person 0.0466 420 0 498 119
person 0.0367 418 0 493 63
person 0.0350 319 15 394 124
person 0.0339 133 4 295 160
person 0.0211 331 75 396 123
person 0.0188 479 26 500 143
person 0.0164 127 16 164 47
person 0.0152 364 0 422 60
person 0.0150 485 78 500 140
person 0.0149 355 95 398 122
person 0.0144 269 0 319 59
person 0.0132 127 2 179 48
person 0.0125 326 0 376 46
person 0.0101 0 5 24 89
person 0.0100 463 1 499 67
person 0.0090 150 -1 362 236
person 0.0080 339 92 396 141
person 0.0079 286 5 356 85
person 0.0071 62 0 128 99
person 0.0070 0 1 48 87
person 0.0069 29 1 106 98
person 0.0067 460 141 499 169
person 0.0065 0 0 88 74
person 0.0064 351 101 410 135
person 0.0063 333 72 373 116
person 0.0060 307 11 364 63
person 0.0055 284 0 333 50
person 0.0051 349 0 483 131
person 0.0051 418 0 461 54
person 0.0047 384 0 444 110
person 0.0044 488 124 499 140
person 0.0043 204 8 311 234
person 0.0040 159 96 372 271
person 0.0039 93 3 169 50
person 0.0038 273 -2 307 44
person 0.0038 0 54 27 89
person 0.0037 398 0 470 117
person 0.0036 124 7 174 86
person 0.0036 53 12 182 254
person 0.0026 321 73 376 136
person 0.0025 70 0 144 51
person 0.0025 0 23 18 75
person 0.0024 270 12 347 127
person 0.0023 356 106 396 126
person 0.0023 216 5 293 139
person 0.0023 0 29 7 70
person 0.0022 0 4 24 30
person 0.0022 342 123 381 145
person 0.0021 0 12 8 29
person 0.0021 488 99 499 139
person 0.0019 442 33 500 152
person 0.0018 -1 0 49 30
person 0.0017 316 118 497 149
person 0.0016 138 43 274 220
person 0.0016 333 107 384 145
person 0.0016 437 0 477 52
person 0.0016 271 34 321 82
person 0.0015 354 76 458 128
person 0.0015 6 1 107 37
person 0.0015 472 121 500 159
person 0.0014 0 48 4 64
person 0.0014 24 0 135 55
person 0.0014 360 88 421 122
person 0.0014 0 7 10 68
person 0.0014 388 25 501 139
person 0.0013 356 118 428 138
person 0.0013 391 41 422 120
person 0.0013 323 120 466 140
person 0.0013 216 7 365 131
person 0.0012 105 22 161 87
person 0.0012 299 94 475 156
person 0.0011 298 60 391 144
person 0.0011 1 22 39 74
person 0.0010 389 0 423 52
person 0.0010 0 65 21 87
person 0.0010 45 -1 273 136
person 0.0010 178 87 336 215
person 0.0010 0 42 7 83
bicycle 0.0093 462 142 499 169
bicycle 0.0019 155 89 374 264
bicycle 0.0018 360 0 424 120
bicycle 0.0012 398 1 498 136
car 0.0010 89 3 167 100
motorbike 0.0041 460 142 498 170
aeroplane 0.0091 461 141 499 169
bird 0.0289 460 141 499 169
cat 0.0059 166 98 369 272
dog 0.8343 159 96 372 271
dog 0.0040 237 132 369 275
dog 0.0026 62 2 348 273
dog 0.0023 137 9 274 230
horse 0.0039 166 98 369 272
horse 0.0013 54 1 302 248
sheep 0.1465 159 96 372 271
sheep 0.0073 84 0 304 253
cow 0.0046 157 93 373 270
chair 0.0139 360 0 424 120
chair 0.0131 316 8 386 111
chair 0.0086 398 1 498 136
chair 0.0083 48 7 315 258
chair 0.0038 159 96 372 271
chair 0.0021 462 133 499 167
chair 0.0016 89 3 167 100
chair 0.0015 0 2 34 31
chair 0.0011 418 0 493 63
chair 0.0011 488 124 499 140
chair 0.0010 0 1 36 85
chair 0.0010 468 1 499 128
chair 0.0010 1 0 118 99
diningtable 0.0015 462 142 499 169
diningtable 0.0011 62 2 348 273
diningtable 0.0010 360 0 424 120
