person 0.0284 54 149 76 176
person 0.0165 360 154 372 176
person 0.0127 0 145 15 175
person 0.0083 0 143 30 176
person 0.0075 363 156 376 177
person 0.0074 62 150 92 175
person 0.0056 287 163 299 191
person 0.0054 376 155 393 174
person 0.0053 73 155 91 176
person 0.0042 206 154 228 186
person 0.0038 368 158 380 175
person 0.0035 382 154 398 172
person 0.0033 362 158 402 178
person 0.0032 4 110 213 257
person 0.0030 77 148 100 176
person 0.0028 310 151 333 184
person 0.0025 388 154 402 170
person 0.0024 44 149 64 176
person 0.0022 395 152 403 169
person 0.0021 355 151 412 187
person 0.0016 328 126 494 230
person 0.0016 491 136 499 153
person 0.0015 3 156 25 176
person 0.0015 289 153 311 190
person 0.0014 43 134 88 179
person 0.0014 271 151 315 207
person 0.0013 370 154 385 173
person 0.0012 0 140 6 159
person 0.0012 479 137 497 156
person 0.0012 369 166 378 176
person 0.0011 216 126 353 242
person 0.0011 201 138 230 216
person 0.0011 14 128 113 233
person 0.0010 317 144 337 181
person 0.0010 227 191 246 230
person 0.0010 491 139 500 182
person 0.0010 157 155 171 190
person 0.0010 480 137 500 207
person 0.0010 491 184 499 214
car 0.0171 328 129 497 235
car 0.0044 179 119 494 241
car 0.0039 302 193 343 232
car 0.0038 0 110 243 259
car 0.0017 491 184 499 214
car 0.0014 -11 110 494 262
car 0.0012 492 136 499 155
car 0.0011 478 200 499 233
car 0.0010 0 131 36 176
car 0.0010 479 138 495 156
aeroplane 0.0028 5 115 515 250
bus 0.3106 0 110 243 259
bus 0.1560 335 127 500 236
bus 0.0653 195 118 500 240
bus 0.0225 -11 110 494 262
bus 0.0011 73 115 334 251
train 0.0347 0 111 240 259
train 0.0201 5 115 515 250
train 0.0020 331 130 496 235
train 0.0013 25 6 490 262
boat 0.0082 0 111 240 259
boat 0.0017 -6 113 488 253
boat 0.0013 334 127 501 236
pottedplant 0.0011 15 8 500 148
