person 0.0127 15 0 484 374
person 0.0019 468 0 500 36
person 0.0014 251 0 384 83
person 0.0013 29 22 501 190
bicycle 0.0285 26 54 500 378
bicycle 0.0194 355 38 502 298
bicycle 0.0188 0 219 169 371
bicycle 0.0080 353 -1 480 60
bicycle 0.0040 194 3 504 309
bicycle 0.0029 380 29 493 95
bicycle 0.0027 -2 118 234 375
bicycle 0.0026 434 21 500 288
bicycle 0.0022 1 275 134 373
bicycle 0.0013 0 216 97 342
bicycle 0.0012 355 0 471 32
bicycle 0.0010 19 315 128 373
car 0.0237 28 4 504 370
motorbike 0.8103 25 16 506 377
motorbike 0.0046 343 35 500 303
motorbike 0.0044 -13 117 367 377
motorbike 0.0021 353 -1 480 60
motorbike 0.0017 196 3 501 308
motorbike 0.0014 380 29 493 95
train 0.0010 28 4 504 370
bird 0.0010 470 0 500 36
bottle 0.0182 372 25 405 55
bottle 0.0080 357 1 426 58
bottle 0.0070 387 38 470 95
bottle 0.0061 335 0 394 74
bottle 0.0052 347 17 460 63
bottle 0.0028 365 5 469 92
bottle 0.0023 384 28 416 51
bottle 0.0020 470 0 500 35
bottle 0.0011 348 0 389 32
bottle 0.0010 165 92 495 353
bottle 0.0010 356 0 400 44
bottle 0.0010 361 24 395 75
pottedplant 0.0020 470 0 500 36
