person 0.0352 435 0 500 61
person 0.0185 334 1 379 18
person 0.0159 323 1 357 19
person 0.0069 256 2 351 21
person 0.0042 226 96 382 228
person 0.0035 349 0 402 17
person 0.0025 398 1 434 17
person 0.0025 315 0 345 18
person 0.0023 142 2 221 27
person 0.0018 293 0 341 19
bicycle 0.0010 461 1 499 60
car 0.0106 339 1 391 18
car 0.0065 400 0 434 16
car 0.0059 256 2 351 21
car 0.0041 360 0 401 15
car 0.0028 321 1 372 20
car 0.0017 346 0 419 19
car 0.0015 290 0 344 18
car 0.0014 322 1 348 19
car 0.0012 350 3 378 19
motorbike 0.0016 437 1 499 60
boat 0.0017 437 1 499 60
bird 0.0107 447 1 500 61
bird 0.0010 228 99 384 229
cat 0.0037 229 98 384 228
dog 0.9157 228 99 383 229
dog 0.0047 245 131 287 172
dog 0.0045 246 122 317 192
dog 0.0023 437 1 500 60
dog 0.0017 265 104 333 219
dog 0.0015 144 1 215 27
horse 0.0069 226 97 382 227
horse 0.0031 447 1 500 61
sheep 0.0133 228 99 384 229
sheep 0.0119 144 1 215 27
sheep 0.0010 145 0 267 25
cow 0.0053 228 99 384 229
cow 0.0028 437 1 499 60
cow 0.0017 142 2 221 27
chair 0.0036 447 1 500 61
