person 0.0111 455 168 479 207
person 0.0087 0 299 51 354
person 0.0072 457 168 480 189
person 0.0028 424 292 479 355
person 0.0019 476 102 479 113
person 0.0016 420 109 479 163
person 0.0016 417 236 479 358
person 0.0015 464 168 480 183
person 0.0015 194 308 342 358
person 0.0012 0 342 38 359
person 0.0012 -8 219 144 369
person 0.0011 0 240 9 278
person 0.0010 0 305 30 348
bicycle 0.0034 309 104 375 217
bicycle 0.0017 454 168 479 206
bicycle 0.0015 263 99 370 223
bicycle 0.0013 1 86 83 279
bicycle 0.0012 202 97 293 221
bicycle 0.0012 329 248 465 358
bicycle 0.0012 417 236 479 358
car 0.5314 454 168 479 207
car 0.1554 437 169 479 216
car 0.0535 420 109 479 186
car 0.0382 457 168 480 189
car 0.0270 433 184 470 224
car 0.0163 416 142 478 204
car 0.0105 424 108 479 150
car 0.0097 418 7 480 201
car 0.0054 464 168 480 183
car 0.0047 466 171 478 206
car 0.0040 423 108 479 128
car 0.0024 458 189 479 208
car 0.0023 419 73 479 134
car 0.0015 432 73 479 111
car 0.0014 454 149 479 185
car 0.0012 427 294 479 358
car 0.0010 476 102 479 113
motorbike 0.0027 454 168 479 206
motorbike 0.0011 425 295 481 358
motorbike 0.0010 419 109 479 187
bus 0.0136 419 109 479 188
bus 0.0078 454 168 479 206
bus 0.0035 419 6 479 197
bus 0.0024 432 147 479 208
bus 0.0022 421 106 479 151
train 0.0022 419 109 479 188
train 0.0014 454 168 479 206
train 0.0010 419 4 479 196
boat 0.0116 454 168 479 206
boat 0.0093 418 7 480 201
boat 0.0070 420 108 479 162
boat 0.0034 432 147 479 208
boat 0.0019 420 99 479 139
boat 0.0011 262 44 355 110
chair 0.8122 202 96 294 221
chair 0.2568 309 104 375 217
chair 0.0665 263 99 370 223
chair 0.0619 425 295 481 358
chair 0.0515 417 236 479 358
chair 0.0493 203 96 245 173
chair 0.0352 186 311 357 358
chair 0.0266 348 131 409 201
chair 0.0253 420 109 479 163
chair 0.0234 454 168 479 206
chair 0.0191 305 127 352 219
chair 0.0150 110 346 160 359
chair 0.0137 331 297 393 359
chair 0.0135 329 307 367 359
chair 0.0135 83 299 163 360
chair 0.0106 312 94 374 164
chair 0.0106 206 99 291 161
chair 0.0101 311 160 347 207
chair 0.0098 198 110 227 179
chair 0.0095 258 106 318 228
chair 0.0093 0 279 52 316
chair 0.0091 280 87 347 115
chair 0.0088 261 46 351 110
chair 0.0086 269 124 302 213
chair 0.0080 55 273 156 359
chair 0.0069 0 296 55 357
chair 0.0067 432 113 479 203
chair 0.0066 255 68 370 175
chair 0.0059 312 264 397 359
chair 0.0058 204 45 243 160
chair 0.0057 437 169 479 216
chair 0.0052 350 160 393 203
chair 0.0047 418 7 480 201
chair 0.0042 198 270 376 359
chair 0.0041 108 318 165 359
chair 0.0039 206 77 245 130
chair 0.0038 329 289 441 359
chair 0.0038 292 108 401 244
chair 0.0038 263 304 404 358
chair 0.0038 214 145 280 221
chair 0.0036 420 99 479 139
chair 0.0035 274 150 298 186
chair 0.0031 0 242 156 356
chair 0.0030 330 150 377 209
chair 0.0028 435 330 477 358
chair 0.0028 386 190 419 220
chair 0.0027 451 295 479 357
chair 0.0026 263 119 374 323
chair 0.0026 346 95 371 116
chair 0.0024 118 320 202 360
chair 0.0022 457 168 480 189
chair 0.0021 281 56 405 202
chair 0.0021 0 298 135 359
chair 0.0019 1 257 28 283
chair 0.0018 239 136 302 220
chair 0.0018 208 96 244 113
chair 0.0016 267 158 297 200
chair 0.0015 347 97 373 147
chair 0.0015 68 32 178 219
chair 0.0015 311 141 351 190
chair 0.0014 184 140 217 181
chair 0.0014 349 241 479 359
chair 0.0013 339 86 387 170
chair 0.0013 328 111 371 182
chair 0.0013 426 11 479 122
chair 0.0012 212 152 228 175
chair 0.0012 114 341 202 360
chair 0.0011 255 83 361 133
chair 0.0011 456 150 479 184
chair 0.0011 430 186 462 225
chair 0.0011 258 214 380 345
chair 0.0010 423 108 479 128
chair 0.0010 112 295 183 358
chair 0.0010 445 227 479 301
chair 0.0010 334 138 367 181
chair 0.0010 309 149 364 236
chair 0.0010 345 145 417 269
sofa 0.0051 186 311 357 358
sofa 0.0037 -1 280 155 357
sofa 0.0030 202 97 293 225
sofa 0.0028 454 168 479 206
sofa 0.0027 261 45 352 111
sofa 0.0027 1 278 53 317
sofa 0.0021 427 294 479 358
sofa 0.0019 417 236 479 358
sofa 0.0017 420 109 479 186
sofa 0.0012 0 285 54 355
pottedplant 0.7805 262 45 354 109
pottedplant 0.7601 6 46 55 86
pottedplant 0.6144 76 156 140 252
pottedplant 0.5888 0 78 60 278
pottedplant 0.5077 44 218 90 283
pottedplant 0.4712 89 143 208 220
pottedplant 0.4622 348 130 409 201
pottedplant 0.4278 64 31 118 176
pottedplant 0.4041 0 257 29 284
pottedplant 0.3928 387 190 420 220
pottedplant 0.3638 0 267 154 359
pottedplant 0.3516 0 283 54 357
pottedplant 0.3479 202 97 293 225
pottedplant 0.3165 411 228 479 357
pottedplant 0.3132 330 248 462 359
pottedplant 0.2183 420 188 460 226
pottedplant 0.1950 410 142 448 199
pottedplant 0.1766 0 278 53 321
pottedplant 0.1571 437 169 479 216
pottedplant 0.1400 359 132 408 172
pottedplant 0.1229 414 130 480 199
pottedplant 0.1043 410 194 441 226
pottedplant 0.0965 391 166 441 220
pottedplant 0.0960 234 200 369 335
pottedplant 0.0875 286 79 341 110
pottedplant 0.0868 0 74 27 233
pottedplant 0.0825 83 129 102 171
pottedplant 0.0763 0 79 16 123
pottedplant 0.0761 0 298 104 359
pottedplant 0.0759 309 104 375 217
pottedplant 0.0696 0 241 12 279
pottedplant 0.0669 47 28 153 244
pottedplant 0.0665 443 227 480 304
pottedplant 0.0595 69 130 186 250
pottedplant 0.0559 54 292 158 359
pottedplant 0.0553 424 292 479 355
pottedplant 0.0498 278 214 423 353
pottedplant 0.0493 367 245 438 352
pottedplant 0.0475 399 190 432 223
pottedplant 0.0438 68 74 119 219
pottedplant 0.0437 43 190 87 260
pottedplant 0.0423 72 85 146 259
pottedplant 0.0403 0 296 35 346
pottedplant 0.0382 377 159 425 222
pottedplant 0.0365 0 261 7 282
pottedplant 0.0353 0 241 7 255
pottedplant 0.0352 31 204 138 314
pottedplant 0.0348 366 129 469 201
pottedplant 0.0338 301 49 367 108
pottedplant 0.0324 454 167 479 207
pottedplant 0.0309 413 160 439 203
pottedplant 0.0283 67 33 166 171
pottedplant 0.0282 188 300 360 359
pottedplant 0.0281 414 204 433 225
pottedplant 0.0256 6 47 27 81
pottedplant 0.0247 334 296 444 359
pottedplant 0.0246 0 82 18 172
pottedplant 0.0243 389 134 441 197
pottedplant 0.0241 392 196 408 219
pottedplant 0.0239 307 263 408 358
pottedplant 0.0235 260 103 377 334
pottedplant 0.0233 -1 214 50 278
pottedplant 0.0216 44 222 127 288
pottedplant 0.0214 131 148 205 201
pottedplant 0.0213 0 233 33 289
pottedplant 0.0179 258 106 318 228
pottedplant 0.0172 269 156 295 188
pottedplant 0.0160 0 24 98 271
pottedplant 0.0151 0 148 48 275
pottedplant 0.0149 417 110 479 165
pottedplant 0.0145 0 70 25 136
pottedplant 0.0144 44 212 82 250
pottedplant 0.0141 263 99 370 223
pottedplant 0.0133 353 159 398 202
pottedplant 0.0126 269 124 302 213
pottedplant 0.0126 16 202 101 283
pottedplant 0.0123 451 227 480 273
pottedplant 0.0122 331 73 356 107
pottedplant 0.0118 222 152 276 191
pottedplant 0.0117 255 -1 400 109
pottedplant 0.0116 203 36 244 170
pottedplant 0.0115 283 176 374 322
pottedplant 0.0113 79 94 116 178
pottedplant 0.0110 208 33 233 113
pottedplant 0.0108 24 136 88 284
pottedplant 0.0108 436 184 466 222
pottedplant 0.0108 83 118 105 196
pottedplant 0.0107 339 134 443 228
pottedplant 0.0107 65 245 156 353
pottedplant 0.0104 127 164 177 212
pottedplant 0.0104 274 162 293 183
pottedplant 0.0100 386 189 411 208
pottedplant 0.0097 115 304 179 360
pottedplant 0.0093 108 157 170 231
pottedplant 0.0093 46 246 82 284
pottedplant 0.0092 214 260 303 320
pottedplant 0.0091 333 260 399 335
pottedplant 0.0089 0 312 40 358
pottedplant 0.0087 261 47 306 110
pottedplant 0.0083 427 210 479 292
diningtable 0.1139 263 105 351 225
diningtable 0.0524 294 94 372 214
diningtable 0.0323 248 74 372 200
diningtable 0.0235 279 88 336 113
diningtable 0.0132 205 98 305 224
diningtable 0.0083 305 127 352 219
diningtable 0.0082 255 83 361 133
diningtable 0.0051 -8 256 147 362
diningtable 0.0035 261 45 352 111
diningtable 0.0033 204 97 246 160
diningtable 0.0031 194 308 342 358
diningtable 0.0028 241 99 325 211
diningtable 0.0027 426 295 479 358
diningtable 0.0026 268 116 304 223
diningtable 0.0023 311 160 347 207
diningtable 0.0020 348 131 409 201
diningtable 0.0020 0 278 53 321
diningtable 0.0015 312 131 393 212
diningtable 0.0013 203 36 244 169
diningtable 0.0012 0 282 54 356
diningtable 0.0011 206 79 245 129
diningtable 0.0011 454 168 479 206
diningtable 0.0010 0 256 29 284
tvmonitor 0.0025 454 167 479 208
tvmonitor 0.0011 423 110 479 156
