person 0.7639 163 109 216 182
person 0.4906 123 138 166 223
person 0.1191 137 137 167 169
person 0.0922 217 155 250 190
person 0.0415 193 151 251 204
person 0.0152 179 113 215 222
person 0.0123 180 118 207 177
person 0.0101 377 144 440 310
person 0.0087 122 138 165 180
person 0.0086 175 141 217 303
person 0.0081 455 123 499 237
person 0.0078 151 169 172 210
person 0.0071 189 109 215 146
person 0.0066 246 129 274 196
person 0.0063 134 105 223 205
person 0.0060 214 158 245 228
person 0.0056 92 140 139 312
person 0.0052 91 134 194 227
person 0.0051 183 144 209 219
person 0.0042 307 133 353 307
person 0.0041 477 130 500 243
person 0.0038 0 197 4 221
person 0.0030 97 122 165 294
person 0.0029 202 154 228 211
person 0.0029 237 127 281 294
person 0.0027 33 168 81 306
person 0.0026 102 140 142 227
person 0.0023 301 174 319 203
person 0.0022 381 131 440 230
person 0.0022 132 108 289 222
person 0.0020 175 112 215 159
person 0.0019 154 138 167 168
person 0.0018 233 129 285 210
person 0.0018 138 160 176 253
person 0.0015 142 119 203 177
person 0.0015 186 146 202 169
person 0.0015 274 144 308 295
person 0.0014 437 162 491 308
person 0.0014 3 167 37 296
person 0.0014 146 140 169 188
person 0.0014 232 156 260 197
person 0.0013 201 151 237 191
person 0.0013 134 136 195 207
person 0.0013 488 240 500 294
person 0.0013 0 171 14 315
person 0.0013 0 259 17 336
person 0.0012 397 129 425 194
person 0.0012 217 152 251 174
person 0.0012 203 157 219 200
person 0.0012 173 110 248 178
person 0.0010 222 130 268 189
bicycle 0.0010 307 136 353 304
car 0.0010 171 321 244 358
boat 0.0017 -16 174 479 381
bottle 0.8789 33 167 82 307
bottle 0.8622 91 142 140 311
bottle 0.8478 437 154 491 312
bottle 0.8454 139 169 178 295
bottle 0.8370 376 158 439 310
bottle 0.8123 307 136 353 304
bottle 0.7860 238 128 285 307
bottle 0.7752 274 145 307 294
bottle 0.7737 337 149 376 297
bottle 0.7532 2 165 38 295
bottle 0.7474 174 141 218 306
bottle 0.5896 215 175 244 296
bottle 0.2517 0 175 13 314
bottle 0.2296 0 221 17 335
bottle 0.2192 387 130 437 229
bottle 0.1322 400 131 423 182
bottle 0.1009 250 127 272 187
bottle 0.0800 453 123 499 234
bottle 0.0743 183 145 209 219
bottle 0.0703 123 138 167 225
bottle 0.0645 173 109 214 220
bottle 0.0592 0 197 4 221
bottle 0.0462 154 172 174 210
bottle 0.0418 0 174 26 338
bottle 0.0417 487 241 500 297
bottle 0.0330 371 160 402 297
bottle 0.0309 0 171 9 274
bottle 0.0271 339 151 370 230
bottle 0.0256 131 105 439 364
bottle 0.0256 451 162 477 212
bottle 0.0249 300 172 320 203
bottle 0.0244 352 198 375 287
bottle 0.0202 217 152 250 190
bottle 0.0190 193 151 251 204
bottle 0.0173 217 224 242 292
bottle 0.0164 278 151 296 185
bottle 0.0152 0 195 5 251
bottle 0.0138 366 149 429 264
bottle 0.0136 0 220 12 288
bottle 0.0131 276 152 300 205
bottle 0.0128 215 170 241 239
bottle 0.0127 11 165 32 206
bottle 0.0113 376 161 416 250
bottle 0.0103 186 146 203 169
bottle 0.0101 184 129 205 178
bottle 0.0096 0 273 16 335
bottle 0.0085 244 131 273 220
bottle 0.0081 279 157 307 228
bottle 0.0081 381 177 401 229
bottle 0.0080 318 131 340 204
bottle 0.0079 204 167 226 215
bottle 0.0079 454 123 491 183
bottle 0.0078 0 197 10 221
bottle 0.0078 81 247 95 285
bottle 0.0071 69 187 101 251
bottle 0.0070 169 162 193 217
bottle 0.0069 369 182 395 226
bottle 0.0069 341 152 360 192
bottle 0.0069 69 181 94 300
bottle 0.0068 416 177 441 231
bottle 0.0067 201 151 220 218
bottle 0.0066 372 189 393 288
bottle 0.0066 281 133 395 311
bottle 0.0059 147 169 177 232
bottle 0.0057 189 141 200 151
bottle 0.0056 102 141 129 219
bottle 0.0054 197 139 304 307
bottle 0.0049 283 201 306 288
bottle 0.0047 297 126 326 261
bottle 0.0047 381 159 503 318
bottle 0.0046 305 113 361 245
bottle 0.0046 43 169 69 207
bottle 0.0046 409 148 441 242
bottle 0.0044 0 198 8 260
bottle 0.0043 456 138 501 309
bottle 0.0039 376 201 393 242
bottle 0.0039 266 156 297 231
bottle 0.0039 465 147 498 257
bottle 0.0039 396 136 425 206
bottle 0.0038 154 165 170 191
bottle 0.0038 170 170 185 210
bottle 0.0037 488 192 500 301
bottle 0.0035 405 152 447 312
bottle 0.0034 217 126 355 253
bottle 0.0032 228 133 274 245
bottle 0.0032 39 169 78 234
bottle 0.0032 377 192 402 248
bottle 0.0032 285 153 314 207
bottle 0.0031 182 141 200 163
bottle 0.0031 345 164 383 231
bottle 0.0031 217 168 241 203
bottle 0.0030 360 183 384 223
bottle 0.0029 0 186 7 216
bottle 0.0029 0 252 14 318
bottle 0.0029 456 169 488 236
bottle 0.0029 252 140 270 176
bottle 0.0028 387 150 419 191
bottle 0.0026 375 217 386 261
bottle 0.0026 157 168 182 203
bottle 0.0026 0 203 3 238
chair 0.0099 69 187 101 251
chair 0.0080 218 154 250 191
chair 0.0040 91 141 140 306
chair 0.0037 361 178 394 219
chair 0.0037 381 131 440 230
chair 0.0029 173 144 218 301
chair 0.0027 454 125 500 240
chair 0.0027 238 120 285 296
chair 0.0025 379 146 419 243
chair 0.0017 69 167 116 257
chair 0.0015 203 155 226 210
chair 0.0014 123 138 167 225
chair 0.0013 377 145 440 308
chair 0.0013 33 169 82 302
chair 0.0011 193 151 251 204
chair 0.0011 183 144 209 219
chair 0.0010 300 172 321 203
sofa 0.0023 -16 174 479 381
diningtable 0.1914 -16 174 479 381
diningtable 0.0579 131 105 439 364
diningtable 0.0496 21 265 506 373
diningtable 0.0191 213 174 245 297
diningtable 0.0168 239 160 285 311
diningtable 0.0136 273 145 308 297
diningtable 0.0119 322 299 498 367
diningtable 0.0082 173 150 219 308
diningtable 0.0070 149 314 277 357
diningtable 0.0068 321 316 432 358
diningtable 0.0053 307 129 353 311
diningtable 0.0044 358 328 432 355
diningtable 0.0044 218 219 243 294
diningtable 0.0029 10 140 360 330
diningtable 0.0027 4 281 321 370
diningtable 0.0026 280 260 492 369
diningtable 0.0020 208 153 423 324
diningtable 0.0020 377 145 440 308
diningtable 0.0012 268 313 386 340
diningtable 0.0011 140 169 178 295
diningtable 0.0011 319 314 365 336
diningtable 0.0010 146 296 480 372
tvmonitor 0.0599 453 124 500 236
tvmonitor 0.0045 452 124 493 189
tvmonitor 0.0031 464 46 500 119
