person 0.3219 201 224 262 274
person 0.0384 97 219 163 274
person 0.0098 86 207 294 273
person 0.0031 222 217 266 268
person 0.0019 211 222 254 254
person 0.0018 99 211 206 275
person 0.0016 155 218 267 271
person 0.0013 114 222 153 263
person 0.0013 196 230 237 274
person 0.0012 235 229 266 275
person 0.0011 66 337 93 360
person 0.0010 116 232 187 273
car 0.8402 22 192 341 473
car 0.0146 77 196 289 275
car 0.0027 90 188 261 212
car 0.0022 99 222 174 276
car 0.0014 200 224 262 273
car 0.0013 46 191 281 235
bus 0.0181 22 192 341 474
bus 0.0022 304 16 375 328
train 0.0036 304 16 375 328
