person 0.7071 331 289 344 374
person 0.6834 9 271 20 305
person 0.1018 6 285 12 303
person 0.0896 4 287 11 303
person 0.0440 296 343 330 392
person 0.0299 0 287 6 300
person 0.0155 5 283 17 304
person 0.0090 12 272 20 286
person 0.0085 304 341 332 376
person 0.0062 7 271 16 301
person 0.0049 5 237 21 290
person 0.0046 312 292 341 380
person 0.0037 21 272 32 308
person 0.0035 330 290 343 334
person 0.0032 10 270 19 281
person 0.0029 276 310 282 322
person 0.0027 297 360 322 391
person 0.0027 25 275 34 310
person 0.0025 295 316 327 383
person 0.0019 255 344 300 424
person 0.0019 313 346 332 373
person 0.0017 333 328 343 373
person 0.0016 0 245 14 299
person 0.0015 0 274 6 298
person 0.0013 2 264 11 292
person 0.0010 2 271 11 285
person 0.0010 328 293 340 325
bicycle 0.0172 296 351 329 392
bicycle 0.0018 303 349 329 377
bicycle 0.0013 4 287 11 303
car 0.0030 2 232 21 241
car 0.0027 0 233 15 240
car 0.0014 0 287 4 300
car 0.0011 1 233 9 239
car 0.0011 10 234 21 243
car 0.0010 6 285 12 303
motorbike 0.0379 296 345 330 392
motorbike 0.0039 303 340 332 377
motorbike 0.0013 297 360 322 391
bus 0.0060 11 14 335 458
bus 0.0014 0 234 21 285
train 0.0958 11 14 335 458
train 0.0056 2 234 21 291
train 0.0036 43 29 322 271
train 0.0010 0 251 27 303
boat 0.0010 12 54 331 495
dog 0.0017 296 348 329 392
bottle 0.0063 276 310 282 322
bottle 0.0013 255 344 300 425
chair 0.0063 296 343 330 392
chair 0.0055 255 344 300 424
chair 0.0046 295 360 320 393
chair 0.0034 123 341 259 444
tvmonitor 0.0018 255 343 299 424
