person 0.9332 189 67 282 280
person 0.0174 50 74 57 100
person 0.0087 466 120 499 219
person 0.0053 51 73 58 90
person 0.0035 0 180 17 204
person 0.0034 469 123 500 329
person 0.0034 169 146 177 158
person 0.0023 0 170 29 196
person 0.0017 417 151 498 225
person 0.0017 0 175 38 206
person 0.0015 71 88 80 113
person 0.0014 73 98 79 112
person 0.0012 0 175 19 191
person 0.0011 174 118 227 221
person 0.0010 369 158 499 240
bicycle 0.0465 17 167 129 197
bicycle 0.0113 25 137 143 197
bicycle 0.0053 41 157 107 193
bicycle 0.0050 0 171 62 199
bicycle 0.0045 11 72 133 198
bicycle 0.0018 13 118 104 200
bicycle 0.0013 29 78 83 187
bicycle 0.0011 1 200 119 294
bicycle 0.0011 68 156 79 183
bicycle 0.0011 0 152 88 205
bicycle 0.0010 44 141 118 187
motorbike 0.0045 9 153 137 197
motorbike 0.0015 25 92 138 204
motorbike 0.0011 0 171 62 199
bottle 0.1435 338 164 349 189
bottle 0.1074 169 146 177 158
bottle 0.1002 351 162 363 191
bottle 0.0842 68 298 94 333
bottle 0.0333 165 149 180 174
bottle 0.0239 334 158 346 183
bottle 0.0193 157 158 186 176
bottle 0.0183 334 156 344 172
bottle 0.0164 353 167 367 195
bottle 0.0158 302 79 317 106
bottle 0.0140 362 153 389 197
bottle 0.0132 341 50 353 77
bottle 0.0124 111 163 162 194
bottle 0.0116 303 75 311 103
bottle 0.0115 349 151 366 182
bottle 0.0115 358 148 373 171
bottle 0.0107 332 158 341 178
bottle 0.0080 352 66 362 89
bottle 0.0078 338 119 350 144
bottle 0.0077 345 56 362 89
bottle 0.0071 367 0 392 29
bottle 0.0070 124 155 139 170
bottle 0.0070 357 160 366 191
bottle 0.0069 334 68 350 90
bottle 0.0069 306 84 322 106
bottle 0.0068 333 119 347 144
bottle 0.0068 338 155 350 170
bottle 0.0067 359 149 372 190
bottle 0.0060 303 73 310 92
bottle 0.0057 346 156 360 170
bottle 0.0055 315 86 328 104
bottle 0.0054 291 112 299 123
bottle 0.0052 356 142 372 166
bottle 0.0052 327 74 343 91
bottle 0.0051 333 164 341 184
bottle 0.0048 185 147 205 173
bottle 0.0046 354 174 363 192
bottle 0.0044 351 154 365 169
bottle 0.0043 155 157 161 170
bottle 0.0043 332 127 349 156
bottle 0.0041 321 111 333 125
bottle 0.0039 69 156 78 182
bottle 0.0038 183 143 200 168
bottle 0.0038 59 156 89 185
bottle 0.0036 315 79 327 96
bottle 0.0034 340 59 353 92
bottle 0.0034 314 76 329 89
bottle 0.0031 346 139 367 162
bottle 0.0031 361 153 378 170
bottle 0.0030 325 113 342 140
bottle 0.0028 167 145 180 160
bottle 0.0028 335 53 345 74
bottle 0.0028 310 78 325 100
bottle 0.0027 341 105 360 142
bottle 0.0027 369 152 388 176
bottle 0.0027 330 108 352 145
bottle 0.0026 340 110 350 130
bottle 0.0026 343 151 384 191
bottle 0.0025 334 103 347 124
bottle 0.0024 355 0 403 27
bottle 0.0024 158 146 192 178
bottle 0.0023 362 165 440 203
bottle 0.0022 339 118 357 148
bottle 0.0022 131 152 140 165
bottle 0.0021 373 157 389 194
bottle 0.0021 154 157 167 174
bottle 0.0021 346 114 360 137
bottle 0.0020 309 54 335 79
bottle 0.0020 323 131 341 156
bottle 0.0019 310 3 363 81
bottle 0.0019 323 115 335 131
bottle 0.0019 182 151 196 174
bottle 0.0019 341 104 350 123
bottle 0.0018 323 106 337 125
bottle 0.0018 345 140 357 162
bottle 0.0018 328 115 340 128
bottle 0.0018 330 147 340 167
bottle 0.0018 334 112 347 130
bottle 0.0017 336 58 351 78
bottle 0.0017 192 152 207 171
bottle 0.0017 376 157 388 176
bottle 0.0017 338 147 357 167
bottle 0.0016 298 112 311 124
bottle 0.0016 308 110 327 125
bottle 0.0016 0 180 17 204
bottle 0.0016 336 43 347 72
bottle 0.0015 361 154 382 185
bottle 0.0015 388 175 399 203
bottle 0.0015 313 108 329 122
bottle 0.0015 340 130 351 153
bottle 0.0015 321 146 334 168
bottle 0.0014 350 178 362 192
bottle 0.0014 344 128 357 146
bottle 0.0014 373 0 391 12
bottle 0.0014 330 141 340 159
bottle 0.0014 350 115 365 139
bottle 0.0014 346 110 359 126
bottle 0.0014 330 105 342 124
bottle 0.0013 184 143 196 159
bottle 0.0013 350 53 362 78
chair 0.8918 1 200 119 294
chair 0.8493 351 230 497 330
chair 0.8004 298 207 385 303
chair 0.7408 244 273 366 314
chair 0.1838 10 268 122 293
chair 0.1311 328 313 463 332
chair 0.0611 252 221 456 328
chair 0.0588 67 300 96 331
chair 0.0488 314 285 475 331
chair 0.0379 16 284 126 307
chair 0.0230 0 207 13 300
chair 0.0219 298 247 419 325
chair 0.0147 243 197 374 312
chair 0.0139 1 265 145 316
chair 0.0114 17 282 92 299
chair 0.0089 0 308 17 331
chair 0.0068 219 261 402 329
chair 0.0050 -3 243 182 333
chair 0.0048 32 288 81 305
chair 0.0048 12 283 118 331
chair 0.0043 484 294 499 330
chair 0.0040 0 293 32 328
chair 0.0033 231 297 267 309
chair 0.0031 482 243 499 330
chair 0.0030 193 173 277 284
chair 0.0029 2 288 52 323
chair 0.0028 0 317 20 332
chair 0.0027 30 277 122 299
chair 0.0023 12 273 81 306
chair 0.0022 0 228 9 298
chair 0.0019 233 185 470 301
chair 0.0017 0 284 16 325
chair 0.0017 0 326 21 333
chair 0.0016 136 186 331 291
chair 0.0016 369 312 442 331
chair 0.0016 0 168 32 184
chair 0.0015 24 272 111 287
chair 0.0015 0 243 12 322
chair 0.0015 5 261 179 296
chair 0.0015 0 220 24 323
chair 0.0014 490 272 500 332
chair 0.0013 0 170 29 196
chair 0.0013 16 303 66 331
chair 0.0012 13 289 42 309
chair 0.0012 292 263 363 306
chair 0.0012 0 180 17 204
chair 0.0012 0 175 68 202
chair 0.0011 243 278 276 295
chair 0.0011 -5 229 106 321
chair 0.0011 297 279 363 318
chair 0.0011 4 170 126 199
chair 0.0010 0 312 7 331
chair 0.0010 364 231 423 326
sofa 0.0026 358 232 497 330
sofa 0.0021 4 200 121 295
sofa 0.0013 298 207 385 301
pottedplant 0.3091 308 0 345 78
pottedplant 0.0106 309 0 377 72
pottedplant 0.0098 308 45 339 81
pottedplant 0.0059 355 1 395 28
pottedplant 0.0047 25 92 138 204
pottedplant 0.0046 326 74 343 90
pottedplant 0.0044 319 54 336 76
pottedplant 0.0030 340 45 354 79
pottedplant 0.0024 324 49 339 71
pottedplant 0.0021 114 163 164 192
pottedplant 0.0011 27 148 142 196
pottedplant 0.0011 305 13 346 119
diningtable 0.5662 3 259 370 332
diningtable 0.0511 88 245 238 306
diningtable 0.0419 -13 186 363 346
diningtable 0.0324 125 255 182 291
diningtable 0.0180 244 274 367 315
diningtable 0.0160 67 299 94 333
diningtable 0.0139 4 281 194 327
diningtable 0.0086 21 168 155 197
diningtable 0.0077 -3 243 182 333
diningtable 0.0073 296 209 386 308
diningtable 0.0071 76 256 319 315
diningtable 0.0067 30 286 117 311
diningtable 0.0050 1 265 145 316
diningtable 0.0045 0 206 123 323
diningtable 0.0043 252 221 456 328
diningtable 0.0042 367 157 499 271
diningtable 0.0031 82 292 123 309
diningtable 0.0029 359 232 499 330
diningtable 0.0029 9 270 120 289
diningtable 0.0027 45 289 167 322
diningtable 0.0026 0 175 68 202
diningtable 0.0025 0 299 20 329
diningtable 0.0023 0 278 90 330
diningtable 0.0023 102 285 326 333
diningtable 0.0022 290 310 465 332
diningtable 0.0021 16 303 66 331
diningtable 0.0021 8 152 131 198
diningtable 0.0020 37 161 131 190
diningtable 0.0019 0 317 20 332
diningtable 0.0019 81 296 192 329
diningtable 0.0015 174 260 242 290
diningtable 0.0014 16 186 61 200
diningtable 0.0014 0 309 12 329
diningtable 0.0013 219 261 402 329
diningtable 0.0012 228 298 267 309
diningtable 0.0012 82 162 368 304
diningtable 0.0011 18 287 51 323
diningtable 0.0010 21 316 66 331
diningtable 0.0010 233 185 470 301
diningtable 0.0010 483 291 499 332
diningtable 0.0010 142 277 195 297
diningtable 0.0010 187 292 335 329
diningtable 0.0010 24 294 77 319
tvmonitor 0.0010 156 157 185 177
