person 0.0023 487 177 499 210
car 0.0019 487 177 499 210
bird 0.1162 196 124 500 339
bird 0.0176 206 128 374 322
bird 0.0071 213 121 437 242
bird 0.0041 285 216 489 338
bird 0.0037 147 17 160 26
bird 0.0029 77 131 203 200
bird 0.0023 178 96 199 118
bird 0.0021 330 6 367 29
bird 0.0021 228 122 292 149
bird 0.0020 101 0 132 8
bird 0.0012 182 65 234 99
bird 0.0012 401 221 430 241
bird 0.0011 3 122 87 145
bird 0.0011 493 103 499 120
cat 0.0351 193 128 497 342
cat 0.0047 206 128 374 322
cat 0.0030 298 217 494 337
dog 0.2171 196 124 500 339
dog 0.0361 206 128 374 322
dog 0.0081 298 217 494 337
horse 0.0024 201 116 495 340
sheep 0.1865 201 115 495 341
sheep 0.0119 206 128 374 322
sheep 0.0111 213 121 437 243
sheep 0.0095 284 215 490 338
sheep 0.0094 77 130 202 205
sheep 0.0027 4 123 85 146
sheep 0.0023 226 123 294 146
sheep 0.0016 177 65 234 105
sheep 0.0013 0 268 87 338
sheep 0.0011 240 126 377 162
sheep 0.0010 179 97 199 119
cow 0.0249 195 124 499 338
bottle 0.0051 489 177 499 205
bottle 0.0011 483 177 500 211
chair 0.0011 486 179 499 213
