person 0.8400 471 150 489 209
person 0.8146 0 176 32 250
person 0.0732 456 134 494 169
person 0.0548 465 141 493 198
person 0.0188 0 184 9 209
person 0.0155 184 151 197 182
person 0.0129 493 133 499 145
person 0.0099 242 135 318 156
person 0.0094 444 145 454 159
person 0.0077 171 150 201 185
person 0.0077 0 180 15 214
person 0.0075 487 133 500 146
person 0.0063 0 213 29 251
person 0.0063 163 126 328 252
person 0.0054 0 175 11 203
person 0.0051 421 144 431 153
person 0.0047 481 156 491 197
person 0.0041 449 128 496 187
person 0.0041 0 185 9 230
person 0.0037 71 145 88 172
person 0.0032 471 148 488 166
person 0.0031 445 139 457 161
person 0.0030 229 169 250 187
person 0.0029 483 161 494 182
person 0.0026 190 151 198 171
person 0.0024 447 126 486 155
person 0.0023 471 138 496 167
person 0.0022 266 136 297 155
person 0.0021 484 127 500 163
person 0.0021 3 149 38 174
person 0.0020 190 155 284 198
person 0.0019 1 196 15 213
person 0.0019 448 132 471 163
person 0.0018 453 132 467 148
person 0.0018 491 134 499 151
person 0.0017 453 128 465 142
person 0.0017 176 149 221 185
person 0.0017 474 157 490 189
person 0.0016 457 132 475 149
person 0.0016 451 148 492 212
person 0.0015 273 134 315 153
person 0.0014 274 137 290 155
person 0.0014 485 126 499 144
person 0.0014 463 156 476 171
person 0.0014 442 149 453 165
person 0.0014 219 160 251 186
person 0.0014 2 184 24 211
person 0.0013 0 248 210 370
person 0.0013 77 107 85 125
person 0.0013 423 144 436 154
person 0.0013 166 145 306 192
person 0.0011 434 128 491 165
person 0.0011 452 129 458 142
person 0.0011 450 132 458 150
person 0.0010 465 146 479 168
car 0.1528 446 133 498 167
car 0.0478 0 248 212 370
car 0.0432 415 144 431 153
car 0.0238 163 130 326 264
car 0.0097 471 148 490 210
car 0.0087 448 126 495 147
car 0.0077 456 145 499 169
car 0.0066 173 132 324 179
car 0.0054 444 145 454 159
car 0.0051 423 144 436 154
car 0.0051 493 133 499 145
car 0.0051 411 144 426 154
car 0.0043 487 132 500 147
car 0.0040 483 127 499 143
car 0.0034 161 150 202 186
car 0.0034 452 128 482 144
car 0.0032 483 161 494 182
car 0.0031 239 133 316 154
car 0.0030 484 127 500 163
car 0.0030 296 134 315 148
car 0.0029 461 155 478 171
car 0.0027 412 140 428 149
car 0.0025 272 134 316 153
car 0.0024 471 138 496 167
car 0.0024 483 350 499 373
car 0.0024 439 159 454 169
car 0.0020 437 125 486 155
car 0.0018 444 138 459 161
car 0.0018 156 29 470 258
car 0.0018 458 141 490 191
car 0.0016 459 159 475 169
car 0.0015 166 145 306 192
car 0.0015 441 148 453 165
car 0.0014 45 104 69 115
car 0.0014 489 159 500 175
car 0.0014 402 335 500 373
car 0.0013 471 148 488 166
car 0.0011 7 110 36 130
car 0.0011 17 103 72 132
car 0.0011 451 125 492 139
car 0.0011 172 130 321 155
car 0.0010 437 152 454 169
car 0.0010 491 134 499 151
motorbike 0.0011 164 128 329 268
aeroplane 0.0015 168 128 331 267
aeroplane 0.0010 447 130 498 166
bus 0.1389 446 132 499 168
bus 0.0051 465 141 493 198
bus 0.0050 164 135 330 268
bus 0.0025 451 124 499 148
bus 0.0021 484 127 500 163
bus 0.0014 485 126 499 144
bus 0.0013 487 132 500 147
bus 0.0011 478 134 499 169
bus 0.0010 164 4 472 285
train 0.0162 446 132 499 168
train 0.0019 164 1 465 264
train 0.0010 1 248 214 370
boat 0.0031 449 137 500 167
boat 0.0028 482 350 499 373
boat 0.0026 168 128 331 267
boat 0.0011 -1 248 211 370
dog 0.0042 0 220 20 250
dog 0.0015 0 222 7 250
horse 0.0019 0 176 32 250
bottle 0.0040 0 175 33 252
bottle 0.0029 1 196 14 213
bottle 0.0022 0 189 8 211
bottle 0.0015 2 197 23 214
chair 0.0829 71 136 93 172
chair 0.0661 0 214 22 250
chair 0.0523 0 176 32 251
chair 0.0152 -1 248 211 370
chair 0.0113 161 155 192 186
chair 0.0099 77 144 98 173
chair 0.0093 70 149 87 173
chair 0.0090 55 151 72 173
chair 0.0056 37 150 69 174
chair 0.0048 161 166 184 186
chair 0.0035 7 149 37 175
chair 0.0020 0 222 7 250
chair 0.0019 171 150 201 185
chair 0.0016 25 145 87 174
chair 0.0012 0 204 9 244
chair 0.0011 160 163 176 184
chair 0.0011 0 206 27 232
sofa 0.0053 0 248 210 370
sofa 0.0042 0 176 32 251
sofa 0.0024 164 128 329 268
diningtable 0.0155 1 248 214 370
diningtable 0.0044 25 146 84 174
diningtable 0.0038 0 176 32 251
diningtable 0.0027 58 143 92 172
diningtable 0.0023 0 214 29 250
diningtable 0.0016 70 145 88 171
diningtable 0.0015 9 131 96 166
diningtable 0.0012 46 148 74 173
tvmonitor 0.0435 0 248 210 370
