person 0.8555 19 0 60 81
person 0.0150 12 31 28 84
person 0.0044 46 15 59 45
person 0.0039 19 15 54 52
person 0.0036 36 5 61 72
person 0.0036 220 20 227 27
person 0.0029 12 8 45 81
person 0.0025 1 25 27 110
person 0.0023 456 43 500 68
person 0.0021 76 40 95 64
person 0.0020 129 40 182 72
person 0.0016 176 49 214 81
person 0.0016 154 35 213 78
person 0.0010 115 44 138 84
car 0.7450 8 15 500 304
car 0.3858 395 41 499 157
car 0.1318 451 43 500 70
car 0.0164 12 34 28 87
car 0.0133 398 43 500 263
car 0.0109 318 81 401 107
car 0.0101 410 44 496 72
car 0.0089 0 43 26 113
car 0.0058 394 42 497 99
car 0.0051 13 1 57 83
car 0.0035 9 41 107 198
car 0.0032 479 42 500 50
car 0.0029 484 151 500 182
car 0.0027 477 43 500 64
car 0.0026 317 76 353 92
car 0.0020 3 15 507 146
car 0.0020 429 42 490 63
car 0.0017 4 16 27 99
car 0.0017 485 34 500 46
car 0.0017 340 88 401 112
car 0.0016 310 76 379 98
car 0.0016 410 54 484 69
car 0.0014 490 30 500 44
car 0.0012 489 43 500 50
car 0.0012 469 43 500 55
car 0.0011 0 24 25 181
car 0.0011 487 30 500 53
car 0.0010 2 18 45 116
motorbike 0.0047 7 14 497 303
motorbike 0.0014 395 47 500 181
aeroplane 0.0010 394 41 499 156
bus 0.0389 15 14 489 299
bus 0.0325 395 39 498 156
bus 0.0016 398 43 500 262
train 0.0015 395 41 499 157
boat 0.0031 394 41 499 156
chair 0.0028 12 34 28 86
chair 0.0018 0 43 25 113
chair 0.0010 395 38 498 155
sofa 0.0010 395 38 498 155
pottedplant 0.0138 296 25 325 76
pottedplant 0.0020 309 24 355 82
pottedplant 0.0012 297 30 322 54
