person 0.2422 25 272 51 352
person 0.1528 346 208 364 230
person 0.0650 204 183 230 204
person 0.0340 275 189 327 222
person 0.0280 14 178 330 360
person 0.0214 22 273 49 318
person 0.0145 103 201 156 346
person 0.0142 322 204 393 235
person 0.0118 40 184 174 363
person 0.0117 23 272 72 358
person 0.0115 201 183 311 221
person 0.0111 336 206 361 232
person 0.0109 11 270 53 333
person 0.0094 491 313 499 363
person 0.0081 33 141 394 265
person 0.0071 128 191 142 199
person 0.0066 366 205 379 227
person 0.0065 185 249 205 267
person 0.0063 203 184 241 216
person 0.0061 352 207 379 234
person 0.0051 151 242 185 274
person 0.0049 118 174 319 262
person 0.0047 151 177 457 279
person 0.0046 32 293 53 355
person 0.0046 73 198 145 353
person 0.0044 108 227 152 281
person 0.0044 5 293 30 322
person 0.0042 23 268 57 303
person 0.0042 66 128 496 330
person 0.0041 145 243 174 283
person 0.0041 110 173 289 219
person 0.0039 161 243 200 271
person 0.0037 496 344 500 361
person 0.0034 440 117 499 194
person 0.0032 447 190 499 358
person 0.0030 104 180 131 198
person 0.0027 128 191 149 206
person 0.0025 109 181 144 200
person 0.0025 35 275 50 301
person 0.0024 345 202 386 246
person 0.0024 90 215 149 295
person 0.0023 457 141 499 194
person 0.0023 289 193 496 269
person 0.0022 492 311 499 343
person 0.0022 17 179 255 274
person 0.0021 271 193 402 232
person 0.0021 477 203 500 353
person 0.0020 299 191 331 221
person 0.0020 275 189 319 203
person 0.0019 484 172 500 194
person 0.0018 120 244 159 339
person 0.0018 13 271 123 363
person 0.0017 327 203 353 232
person 0.0017 485 145 499 195
person 0.0016 130 193 160 220
person 0.0016 332 202 404 271
person 0.0016 440 159 499 197
person 0.0016 139 231 178 300
person 0.0015 470 168 500 194
person 0.0015 400 94 498 218
person 0.0015 67 262 81 278
person 0.0015 378 189 498 319
person 0.0015 489 286 499 356
person 0.0015 376 0 499 211
person 0.0014 346 200 369 257
person 0.0013 143 172 249 209
person 0.0013 168 166 303 213
person 0.0013 340 200 371 227
person 0.0012 67 252 87 284
person 0.0012 402 240 412 251
person 0.0012 147 247 165 277
person 0.0012 224 191 494 316
person 0.0011 122 222 161 285
person 0.0011 395 241 410 251
person 0.0011 127 186 141 198
person 0.0010 394 238 413 254
person 0.0010 31 298 48 325
person 0.0010 132 220 176 332
person 0.0010 14 286 46 347
person 0.0010 159 249 181 274
person 0.0010 495 326 500 360
person 0.0010 486 252 500 361
person 0.0010 470 252 500 330
person 0.0010 339 207 379 265
person 0.0010 84 152 446 225
bicycle 0.0013 491 313 499 363
car 0.0148 12 273 51 330
car 0.0108 1 288 33 321
car 0.0073 490 312 499 361
car 0.0071 376 1 499 211
car 0.0041 25 273 49 351
car 0.0036 0 294 19 321
car 0.0021 496 344 500 360
car 0.0021 492 311 499 343
car 0.0020 21 316 495 416
car 0.0017 7 297 24 321
car 0.0015 424 192 499 283
car 0.0013 495 326 500 360
car 0.0012 3 272 41 319
car 0.0011 0 277 23 319
car 0.0011 18 266 73 351
car 0.0011 19 269 136 363
motorbike 0.0034 491 313 499 363
motorbike 0.0018 6 321 485 416
aeroplane 0.0556 21 156 500 319
aeroplane 0.0081 -2 96 475 266
aeroplane 0.0065 204 183 234 208
aeroplane 0.0050 16 178 328 360
aeroplane 0.0047 98 8 499 339
aeroplane 0.0045 175 181 350 222
aeroplane 0.0018 4 185 147 359
aeroplane 0.0018 376 1 499 212
aeroplane 0.0015 0 184 130 268
aeroplane 0.0014 84 152 446 225
aeroplane 0.0012 274 189 328 221
bus 0.0069 376 1 499 211
bus 0.0015 16 178 328 360
bus 0.0013 277 2 496 301
train 0.4436 6 173 461 347
train 0.0402 428 190 499 284
train 0.0334 323 189 497 299
train 0.0142 158 188 495 321
train 0.0116 41 70 523 332
train 0.0114 322 204 393 235
train 0.0101 22 136 468 277
train 0.0092 277 2 496 301
train 0.0070 277 187 327 223
train 0.0069 254 184 467 280
train 0.0064 376 1 499 211
train 0.0060 200 185 319 224
train 0.0053 19 221 493 418
train 0.0042 18 179 259 360
train 0.0036 11 205 159 361
train 0.0024 135 177 340 256
train 0.0022 271 193 402 232
train 0.0016 318 200 441 281
train 0.0015 441 191 500 357
train 0.0014 347 206 369 231
train 0.0011 200 184 237 209
bird 0.0207 118 13 122 18
bird 0.0021 117 12 123 19
cat 0.0014 275 189 326 223
dog 0.0015 275 189 326 223
horse 0.0015 25 272 51 350
bottle 0.0015 376 0 499 211
tvmonitor 0.0033 374 5 498 220
tvmonitor 0.0032 424 192 499 283
