person 0.3683 365 2 499 292
person 0.0863 415 260 499 372
person 0.0377 345 5 505 162
person 0.0182 406 78 499 372
person 0.0162 459 255 499 370
person 0.0142 372 124 498 274
person 0.0107 226 6 498 357
person 0.0056 470 323 499 374
person 0.0048 441 146 499 365
person 0.0040 364 117 397 149
person 0.0027 0 69 39 348
person 0.0026 435 3 499 310
person 0.0025 380 2 494 107
person 0.0024 445 254 499 322
person 0.0019 0 60 15 105
person 0.0017 393 5 435 88
person 0.0013 7 139 41 304
person 0.0012 410 4 432 66
person 0.0011 464 56 499 325
bicycle 0.0120 415 260 499 372
bicycle 0.0047 467 277 499 371
bicycle 0.0041 470 320 500 374
bicycle 0.0011 0 56 14 104
motorbike 0.0049 415 259 499 372
motorbike 0.0033 470 323 499 374
motorbike 0.0033 467 277 499 371
horse 0.8298 85 19 502 368
horse 0.0239 232 132 500 370
horse 0.0195 82 18 352 293
horse 0.0097 345 106 500 293
horse 0.0055 415 260 499 373
horse 0.0028 297 -2 493 350
horse 0.0013 396 18 499 373
cow 0.0033 85 19 502 368
bottle 0.0072 469 324 499 373
bottle 0.0034 467 277 499 371
chair 0.0022 416 263 498 374
chair 0.0014 371 55 499 341
chair 0.0010 399 127 499 273
tvmonitor 0.0010 398 14 423 79
