person 0.0506 481 53 499 110
person 0.0359 222 125 250 177
person 0.0329 485 84 499 106
person 0.0065 123 290 237 372
person 0.0029 486 51 500 72
person 0.0027 111 133 123 156
person 0.0023 482 51 499 83
person 0.0017 133 254 262 363
person 0.0015 486 67 499 101
person 0.0013 482 88 500 116
person 0.0013 228 124 250 151
person 0.0011 489 55 500 87
bicycle 0.0015 124 290 234 374
boat 0.0017 394 300 449 340
bird 0.0023 227 90 240 108
bird 0.0021 109 134 123 156
bird 0.0011 429 23 454 44
cat 0.0042 124 291 233 373
cat 0.0017 124 300 167 374
dog 0.0210 124 290 228 373
dog 0.0018 124 300 167 374
dog 0.0018 483 77 499 109
dog 0.0014 223 126 250 172
dog 0.0013 133 254 262 363
dog 0.0011 481 52 500 109
bottle 0.0267 435 331 488 372
bottle 0.0233 455 320 481 346
bottle 0.0200 486 320 500 355
bottle 0.0140 401 341 476 374
bottle 0.0137 398 345 436 374
bottle 0.0055 360 336 431 370
bottle 0.0049 489 319 499 339
bottle 0.0033 109 134 123 156
bottle 0.0032 469 319 501 349
bottle 0.0024 95 137 107 155
bottle 0.0021 445 310 472 340
bottle 0.0018 485 330 500 369
bottle 0.0018 274 250 310 293
bottle 0.0015 395 301 449 340
bottle 0.0011 350 312 449 367
bottle 0.0010 445 313 460 340
chair 0.8955 0 200 63 299
chair 0.4134 125 285 256 373
chair 0.0425 178 255 262 358
chair 0.0140 125 309 163 373
chair 0.0133 158 284 227 360
chair 0.0105 93 257 119 287
chair 0.0089 126 336 232 374
chair 0.0077 0 236 7 295
chair 0.0069 124 293 197 372
chair 0.0059 121 219 163 320
chair 0.0054 0 230 11 284
chair 0.0053 98 232 119 279
chair 0.0053 0 235 8 256
chair 0.0050 90 242 121 293
chair 0.0040 276 235 317 291
chair 0.0033 223 321 256 371
chair 0.0033 119 244 264 348
chair 0.0032 88 252 109 280
chair 0.0031 140 287 218 334
chair 0.0027 124 222 146 317
chair 0.0026 97 260 111 285
chair 0.0025 93 222 138 310
chair 0.0020 0 232 15 257
chair 0.0019 292 332 395 374
chair 0.0017 101 240 118 265
chair 0.0014 192 289 260 370
chair 0.0013 100 228 119 260
chair 0.0012 0 232 32 298
chair 0.0012 0 243 6 273
chair 0.0011 2 210 44 260
chair 0.0011 170 289 247 342
chair 0.0010 0 269 5 297
sofa 0.0344 125 286 256 373
sofa 0.0148 0 200 63 298
sofa 0.0037 178 255 262 358
sofa 0.0015 123 333 226 374
sofa 0.0012 121 295 210 362
sofa 0.0011 141 278 225 344
sofa 0.0010 124 310 163 372
pottedplant 0.5351 121 159 159 196
pottedplant 0.0571 126 182 159 197
pottedplant 0.0073 375 17 497 353
pottedplant 0.0062 116 175 133 195
pottedplant 0.0058 395 298 449 334
pottedplant 0.0031 106 162 127 191
pottedplant 0.0021 94 135 123 158
pottedplant 0.0020 472 146 499 179
pottedplant 0.0018 275 264 306 294
pottedplant 0.0017 127 156 154 184
pottedplant 0.0017 108 170 138 196
pottedplant 0.0016 118 162 143 195
pottedplant 0.0015 125 285 257 373
pottedplant 0.0015 124 139 157 189
pottedplant 0.0015 132 201 148 233
pottedplant 0.0012 453 320 480 346
pottedplant 0.0012 106 167 120 189
pottedplant 0.0011 100 228 119 260
pottedplant 0.0011 95 135 111 156
pottedplant 0.0010 349 310 408 343
pottedplant 0.0010 486 320 500 355
pottedplant 0.0010 90 250 120 285
pottedplant 0.0010 98 232 119 279
diningtable 0.0161 346 326 419 372
diningtable 0.0160 292 332 395 374
diningtable 0.0107 0 201 60 300
diningtable 0.0103 0 234 10 297
diningtable 0.0078 319 306 425 359
diningtable 0.0077 297 293 375 321
diningtable 0.0067 292 292 390 341
diningtable 0.0059 394 300 450 343
diningtable 0.0056 0 233 8 268
diningtable 0.0053 280 287 442 372
diningtable 0.0051 320 332 367 360
diningtable 0.0042 350 318 410 345
diningtable 0.0036 350 312 449 367
diningtable 0.0034 0 234 12 256
diningtable 0.0018 125 290 253 373
diningtable 0.0014 293 322 340 345
diningtable 0.0012 0 231 35 298
diningtable 0.0011 399 345 437 373
diningtable 0.0011 2 292 133 371
diningtable 0.0010 0 243 6 273
diningtable 0.0010 275 264 306 294
tvmonitor 0.0063 132 201 149 234
tvmonitor 0.0017 124 222 146 317
tvmonitor 0.0012 273 229 316 282
