person 0.8768 175 107 238 232
person 0.7610 236 127 302 255
person 0.7029 219 110 271 204
person 0.1046 225 110 270 163
person 0.0394 250 143 299 214
person 0.0370 236 143 273 204
person 0.0344 258 160 288 200
person 0.0101 184 125 276 231
person 0.0089 207 103 215 121
person 0.0089 283 112 292 137
person 0.0084 222 145 281 235
person 0.0059 234 163 276 219
person 0.0047 207 104 219 126
person 0.0033 252 143 287 181
person 0.0031 222 144 261 200
person 0.0026 261 111 297 175
person 0.0025 215 110 229 129
person 0.0021 188 112 246 188
person 0.0021 277 111 294 154
person 0.0019 278 110 298 172
person 0.0017 254 143 270 179
person 0.0017 221 117 247 191
person 0.0017 238 186 274 215
person 0.0017 239 132 265 189
person 0.0015 221 110 259 147
person 0.0013 195 155 233 188
person 0.0013 205 107 225 132
person 0.0012 261 175 286 199
person 0.0011 230 110 250 129
person 0.0010 255 129 295 189
bird 0.0010 0 15 4 26
bottle 0.0024 183 168 192 184
bottle 0.0019 174 108 236 231
bottle 0.0014 216 162 231 180
bottle 0.0014 185 166 194 181
bottle 0.0011 284 112 292 132
chair 0.0025 236 128 302 253
chair 0.0021 176 108 241 231
