person 0.2455 85 149 98 172
person 0.1227 459 202 470 221
person 0.1144 468 203 477 217
person 0.0813 471 204 481 219
person 0.0784 427 201 497 248
person 0.0623 103 152 114 169
person 0.0507 335 125 343 134
person 0.0506 458 201 466 217
person 0.0501 89 150 111 170
person 0.0431 479 208 498 255
person 0.0425 470 203 492 240
person 0.0369 453 201 472 238
person 0.0329 458 203 467 234
person 0.0327 486 219 499 257
person 0.0322 470 203 484 232
person 0.0289 458 201 484 233
person 0.0275 476 204 485 220
person 0.0273 467 204 477 230
person 0.0222 191 212 197 243
person 0.0207 484 204 498 221
person 0.0199 476 213 489 247
person 0.0194 338 126 344 133
person 0.0186 475 209 485 242
person 0.0145 0 231 23 250
person 0.0137 491 204 499 220
person 0.0134 458 202 479 220
person 0.0130 477 206 488 230
person 0.0115 467 203 487 220
person 0.0086 478 202 488 215
person 0.0085 332 121 344 134
person 0.0069 461 201 468 210
person 0.0064 300 235 308 244
person 0.0051 451 202 485 214
person 0.0051 0 219 20 247
person 0.0043 53 147 62 158
person 0.0037 107 152 118 164
person 0.0033 487 235 496 256
person 0.0032 191 211 209 245
person 0.0031 38 242 45 252
person 0.0030 468 201 474 209
person 0.0028 67 147 75 158
person 0.0027 204 211 213 243
person 0.0026 456 200 473 210
person 0.0026 310 233 316 241
person 0.0026 277 230 286 240
person 0.0024 490 214 499 237
person 0.0024 13 231 22 248
person 0.0022 115 153 127 164
person 0.0022 411 233 422 246
person 0.0021 469 219 479 242
person 0.0019 184 214 200 240
person 0.0019 458 201 465 209
person 0.0018 199 212 210 246
person 0.0018 456 212 490 247
person 0.0018 490 236 499 257
person 0.0015 402 231 431 247
person 0.0015 362 223 441 249
person 0.0014 480 221 494 251
person 0.0014 95 151 113 179
person 0.0014 115 244 129 253
person 0.0013 39 243 50 253
person 0.0012 64 244 79 253
person 0.0012 475 222 483 244
person 0.0012 9 233 26 250
person 0.0012 463 201 477 210
person 0.0012 301 115 317 129
person 0.0011 197 209 229 246
person 0.0011 474 201 482 208
person 0.0011 0 215 13 239
person 0.0011 200 210 218 247
person 0.0010 364 208 478 249
car 0.0213 366 225 416 248
car 0.0086 0 232 21 249
car 0.0054 366 204 493 249
car 0.0026 325 233 368 253
car 0.0026 486 212 499 257
car 0.0022 367 219 450 249
car 0.0019 0 219 20 247
car 0.0012 334 227 411 250
car 0.0012 63 238 128 253
car 0.0011 427 199 502 247
car 0.0010 451 202 485 214
motorbike 0.0011 415 201 502 250
aeroplane 0.5497 2 100 507 251
aeroplane 0.0607 287 65 443 135
aeroplane 0.0570 285 32 497 176
aeroplane 0.0303 3 16 501 216
aeroplane 0.0076 366 200 499 250
aeroplane 0.0052 217 27 504 240
aeroplane 0.0050 85 147 99 170
aeroplane 0.0035 210 48 484 135
aeroplane 0.0027 22 127 141 210
aeroplane 0.0025 67 241 128 254
aeroplane 0.0023 0 220 32 251
aeroplane 0.0022 451 202 485 214
aeroplane 0.0015 0 215 19 247
aeroplane 0.0012 88 150 111 170
bus 0.0048 0 232 21 249
bus 0.0044 0 219 20 247
bus 0.0028 370 199 497 251
bus 0.0010 486 212 499 257
