person 0.6149 256 138 285 173
person 0.0905 65 120 477 254
person 0.0211 294 143 313 162
person 0.0125 237 142 275 171
person 0.0110 180 121 375 206
person 0.0090 298 142 330 167
person 0.0084 270 140 294 174
person 0.0049 262 137 286 161
person 0.0047 234 155 262 173
person 0.0044 276 143 309 171
person 0.0038 279 129 343 167
person 0.0035 289 147 315 173
person 0.0019 244 134 314 165
person 0.0018 311 144 346 166
person 0.0017 257 154 285 174
person 0.0014 234 137 262 166
person 0.0013 218 149 255 173
person 0.0013 246 123 370 179
person 0.0011 280 147 298 173
person 0.0011 88 110 464 183
car 0.4997 76 118 485 257
car 0.0171 256 140 282 176
motorbike 0.0045 79 120 475 262
aeroplane 0.2154 79 120 475 262
aeroplane 0.0036 256 140 282 176
bus 0.0057 76 118 485 257
train 0.0025 79 120 475 262
boat 0.0578 79 120 475 262
cat 0.0073 252 141 285 174
dog 0.1061 257 139 285 169
horse 0.0025 252 141 285 174
sofa 0.0020 76 118 485 257
