person 0.8506 196 63 231 173
person 0.8014 448 42 474 126
person 0.0554 0 100 42 174
person 0.0305 201 98 229 147
person 0.0143 446 10 450 17
person 0.0072 445 61 468 120
person 0.0039 209 103 230 136
person 0.0038 198 82 229 128
person 0.0032 452 44 474 80
person 0.0018 197 85 218 111
person 0.0018 0 99 36 139
person 0.0018 449 81 468 126
person 0.0015 0 113 37 209
person 0.0015 0 99 7 107
person 0.0015 217 90 226 111
person 0.0013 455 43 492 126
person 0.0013 447 79 463 102
person 0.0011 0 168 27 200
person 0.0010 461 48 474 73
person 0.0010 179 62 285 175
bicycle 0.0219 447 42 473 127
bicycle 0.0205 448 79 469 125
bicycle 0.0031 447 79 463 102
bicycle 0.0020 442 77 463 117
motorbike 0.0012 447 42 473 127
bird 0.0116 446 10 450 17
bird 0.0062 0 100 42 174
bird 0.0011 444 11 447 17
cat 0.0087 0 100 42 174
dog 0.1406 0 100 42 179
dog 0.0511 447 42 473 127
dog 0.0305 448 79 469 125
dog 0.0032 375 94 406 128
dog 0.0024 270 87 400 168
dog 0.0020 447 79 463 102
dog 0.0017 446 10 450 17
dog 0.0012 442 77 463 117
horse 0.4222 0 100 42 174
horse 0.1082 447 42 473 127
horse 0.0521 269 88 400 168
horse 0.0331 448 78 469 125
horse 0.0061 0 97 41 138
horse 0.0018 446 10 450 17
horse 0.0016 442 77 463 117
horse 0.0014 372 92 406 126
horse 0.0013 447 79 463 102
horse 0.0013 6 101 56 144
horse 0.0010 -27 98 57 181
sheep 0.0162 0 100 42 180
sheep 0.0078 446 10 450 17
sheep 0.0041 270 87 404 168
sheep 0.0031 447 43 474 126
sheep 0.0015 375 94 406 128
sheep 0.0012 448 79 469 125
cow 0.7956 270 88 404 168
cow 0.0956 0 100 42 174
cow 0.0338 373 94 406 128
cow 0.0071 447 43 474 126
cow 0.0052 446 10 450 17
cow 0.0040 295 90 409 135
cow 0.0013 157 85 425 166
cow 0.0013 448 79 469 125
cow 0.0012 0 97 41 138
cow 0.0010 354 92 403 135
pottedplant 0.0011 450 42 476 126
