person 0.0044 0 42 482 296
person 0.0022 63 53 459 173
person 0.0016 80 80 480 231
person 0.0010 0 138 29 164
cat 0.3149 8 137 296 277
cat 0.1703 4 48 434 315
cat 0.0991 72 57 352 172
cat 0.0843 178 74 445 219
cat 0.0278 429 124 500 216
cat 0.0126 9 66 321 248
cat 0.0089 486 170 500 212
cat 0.0074 111 108 411 250
cat 0.0055 176 109 342 187
cat 0.0039 475 164 500 212
cat 0.0038 393 94 501 217
cat 0.0035 158 58 498 289
cat 0.0035 379 121 499 327
cat 0.0030 -3 127 113 283
cat 0.0028 484 134 500 211
cat 0.0025 10 19 470 164
cat 0.0017 172 58 336 156
cat 0.0017 460 190 499 214
cat 0.0016 488 189 500 215
cat 0.0015 8 164 495 327
cat 0.0013 291 77 466 233
cat 0.0012 440 178 500 217
cat 0.0011 464 125 500 207
cat 0.0010 437 122 503 291
dog 0.0292 6 81 493 320
dog 0.0184 85 82 475 228
dog 0.0162 95 57 334 171
dog 0.0133 11 138 295 276
dog 0.0052 429 124 500 216
dog 0.0021 486 170 500 212
dog 0.0012 176 109 342 187
dog 0.0011 474 164 500 212
chair 0.0019 0 42 482 296
chair 0.0016 54 0 431 112
chair 0.0014 204 0 299 75
sofa 0.0481 0 37 502 327
sofa 0.0031 80 80 480 231
sofa 0.0017 10 19 470 164
sofa 0.0016 67 57 361 173
sofa 0.0015 361 111 500 320
diningtable 0.0012 0 28 484 329
