person 0.2036 280 163 304 190
person 0.0991 153 175 178 205
person 0.0561 200 169 240 200
person 0.0425 119 172 175 210
person 0.0391 -2 77 476 295
person 0.0249 108 173 135 212
person 0.0244 219 170 247 198
person 0.0150 283 158 316 189
person 0.0140 325 131 365 167
person 0.0109 0 199 47 245
person 0.0106 355 131 374 167
person 0.0089 270 157 299 189
person 0.0078 141 167 177 202
person 0.0075 64 161 107 219
person 0.0070 168 105 435 244
person 0.0066 261 159 282 194
person 0.0062 337 131 374 163
person 0.0059 100 168 147 215
person 0.0046 92 169 126 215
person 0.0044 160 166 178 199
person 0.0038 0 169 46 235
person 0.0033 0 146 45 190
person 0.0031 64 106 273 251
person 0.0030 52 160 91 218
person 0.0029 0 161 13 187
person 0.0028 197 161 226 201
person 0.0025 163 177 182 203
person 0.0024 275 155 305 179
person 0.0022 0 197 45 215
person 0.0020 115 180 151 212
person 0.0020 316 138 350 175
person 0.0020 359 126 378 157
person 0.0020 0 173 12 193
person 0.0019 132 184 164 209
person 0.0019 359 128 384 173
person 0.0017 0 176 12 186
person 0.0017 255 148 297 200
person 0.0014 257 124 362 207
person 0.0014 58 186 87 220
person 0.0014 0 197 12 215
person 0.0013 394 127 414 141
person 0.0013 0 173 45 201
person 0.0013 177 167 213 207
person 0.0013 329 144 353 169
person 0.0012 140 177 167 207
person 0.0012 70 185 99 220
person 0.0011 386 127 421 154
bicycle 0.0022 -9 75 483 298
car 0.0096 -16 80 476 290
motorbike 0.0033 -9 75 483 298
aeroplane 0.0026 -9 75 483 298
bus 0.4727 -16 80 476 290
bus 0.0026 -10 75 472 186
bus 0.0010 204 168 235 202
train 0.0193 -16 80 476 290
boat 0.4869 -9 75 483 298
boat 0.0206 230 236 497 311
boat 0.0093 6 226 477 309
boat 0.0083 -10 75 472 186
boat 0.0033 277 162 304 190
boat 0.0031 378 274 498 312
boat 0.0031 145 174 179 207
boat 0.0014 331 249 505 313
boat 0.0012 2 77 463 135
bird 0.0027 0 199 47 245
dog 0.0013 119 172 175 210
dog 0.0012 145 174 179 207
horse 0.0023 -16 80 476 290
diningtable 0.0016 -16 80 476 290
tvmonitor 0.0023 1 144 45 186
