person 0.8935 92 242 193 331
person 0.8816 197 214 358 330
person 0.8368 118 186 198 268
person 0.8362 396 60 499 272
person 0.7518 188 97 237 222
person 0.2709 211 139 259 173
person 0.1660 204 121 342 240
person 0.0459 195 115 268 223
person 0.0403 196 216 254 323
person 0.0327 488 175 500 269
person 0.0305 471 261 499 321
person 0.0292 76 125 85 148
person 0.0239 250 279 312 331
person 0.0211 60 94 147 167
person 0.0209 105 192 195 315
person 0.0184 247 228 318 328
person 0.0120 121 174 161 209
person 0.0115 1 199 83 311
person 0.0113 386 122 393 137
person 0.0108 492 59 499 115
person 0.0104 481 232 500 268
person 0.0074 192 101 245 173
person 0.0070 372 122 381 142
person 0.0062 494 89 499 113
person 0.0053 317 79 326 95
person 0.0052 394 124 404 137
person 0.0051 0 269 111 333
person 0.0051 407 121 414 136
person 0.0051 117 190 154 273
person 0.0051 402 122 412 138
person 0.0046 36 295 109 330
person 0.0045 479 183 499 279
person 0.0043 485 53 496 67
person 0.0042 331 79 337 93
person 0.0042 118 233 141 267
person 0.0040 396 122 409 138
person 0.0036 127 183 172 261
person 0.0035 210 150 298 213
person 0.0034 196 243 230 307
person 0.0033 -1 293 51 331
person 0.0031 385 122 398 139
person 0.0030 486 51 499 93
person 0.0030 346 194 426 275
person 0.0030 0 252 15 310
person 0.0029 471 55 500 115
person 0.0028 134 236 197 324
person 0.0028 383 123 390 136
person 0.0028 349 190 499 277
person 0.0026 477 255 500 301
person 0.0025 263 181 279 197
person 0.0024 490 53 499 71
person 0.0024 476 207 501 313
person 0.0023 473 288 500 323
person 0.0022 183 133 197 161
person 0.0022 184 117 207 194
person 0.0022 419 90 448 112
person 0.0020 490 227 499 242
person 0.0019 489 138 500 244
person 0.0019 470 144 500 270
person 0.0018 334 266 497 331
person 0.0018 213 134 352 319
person 0.0017 144 253 174 321
person 0.0017 5 234 179 335
person 0.0017 77 263 106 286
person 0.0017 455 88 462 107
person 0.0017 463 58 471 67
person 0.0016 247 143 289 215
person 0.0016 0 159 35 211
person 0.0016 73 122 88 152
person 0.0015 444 57 500 116
person 0.0014 450 89 461 110
person 0.0014 200 217 242 290
person 0.0014 0 248 9 304
person 0.0014 113 164 242 250
person 0.0014 467 317 500 333
person 0.0013 69 173 102 190
person 0.0012 493 67 499 97
person 0.0012 476 80 500 243
person 0.0012 141 184 186 258
person 0.0011 489 219 499 249
person 0.0011 164 137 240 220
person 0.0011 76 175 93 187
person 0.0011 492 49 499 85
person 0.0011 435 93 444 113
person 0.0011 200 282 212 292
person 0.0010 55 266 154 330
person 0.0010 381 123 392 140
person 0.0010 491 230 499 239
person 0.0010 2 258 27 305
person 0.0010 480 253 499 279
person 0.0010 35 209 120 287
bicycle 0.0052 246 0 296 17
bicycle 0.0044 345 194 396 235
bicycle 0.0026 340 181 493 273
bicycle 0.0012 346 194 426 275
car 0.0023 62 97 150 161
car 0.0016 423 26 456 68
car 0.0011 374 51 416 95
boat 0.0035 63 96 150 161
cat 0.0104 470 259 500 321
cat 0.0084 204 121 342 240
cat 0.0023 0 225 82 311
cat 0.0022 347 196 426 278
dog 0.0241 470 259 500 321
dog 0.0041 204 121 342 240
dog 0.0037 122 186 198 265
dog 0.0028 347 196 426 278
horse 0.0011 470 259 500 321
sheep 0.0012 470 259 500 321
cow 0.0029 472 260 499 321
bottle 0.0177 318 82 324 96
bottle 0.0142 371 124 380 141
bottle 0.0119 9 278 18 300
bottle 0.0080 185 109 194 132
bottle 0.0074 242 113 251 127
bottle 0.0070 386 122 393 137
bottle 0.0069 232 109 242 127
bottle 0.0064 395 124 405 138
bottle 0.0056 0 254 15 309
bottle 0.0053 2 259 26 305
bottle 0.0043 6 267 21 298
bottle 0.0040 407 122 414 137
bottle 0.0039 221 98 231 117
bottle 0.0038 196 283 211 297
bottle 0.0033 381 123 392 140
bottle 0.0033 402 122 412 138
bottle 0.0031 202 284 212 294
bottle 0.0030 229 106 251 129
bottle 0.0025 193 290 206 308
bottle 0.0024 490 170 500 239
bottle 0.0024 383 123 390 136
bottle 0.0022 76 125 85 148
bottle 0.0022 284 206 293 214
bottle 0.0022 239 100 254 126
bottle 0.0021 199 283 211 292
bottle 0.0021 11 278 23 296
bottle 0.0020 228 104 238 124
bottle 0.0020 385 122 398 139
bottle 0.0020 233 119 242 129
bottle 0.0019 184 125 196 160
bottle 0.0018 5 272 17 305
bottle 0.0017 319 79 327 95
bottle 0.0016 153 321 183 333
bottle 0.0014 244 114 254 126
bottle 0.0014 0 279 15 308
bottle 0.0013 49 153 59 179
bottle 0.0012 264 186 282 202
bottle 0.0011 239 97 256 113
bottle 0.0011 380 127 386 141
bottle 0.0011 332 80 337 93
bottle 0.0011 199 114 208 128
bottle 0.0010 263 181 279 197
bottle 0.0010 463 58 471 67
chair 0.8065 251 277 312 332
chair 0.4459 333 266 495 331
chair 0.2669 347 194 426 277
chair 0.1700 0 159 34 211
chair 0.0987 349 191 499 276
chair 0.0917 0 199 83 312
chair 0.0654 188 97 239 220
chair 0.0620 198 213 356 332
chair 0.0545 206 112 349 239
chair 0.0258 213 140 258 171
chair 0.0176 -1 293 51 331
chair 0.0162 184 125 272 211
chair 0.0123 488 175 500 269
chair 0.0119 345 194 396 235
chair 0.0112 481 230 500 268
chair 0.0111 381 99 500 302
chair 0.0104 470 265 500 322
chair 0.0089 326 147 349 221
chair 0.0087 122 172 161 208
chair 0.0077 0 158 21 197
chair 0.0071 348 261 487 297
chair 0.0068 483 52 496 66
chair 0.0068 183 134 196 160
chair 0.0062 0 176 22 210
chair 0.0061 3 291 112 331
chair 0.0057 0 252 10 309
chair 0.0055 3 242 73 304
chair 0.0050 0 109 29 217
chair 0.0049 0 158 18 179
chair 0.0047 491 53 499 71
chair 0.0046 239 97 256 117
chair 0.0043 118 186 198 267
chair 0.0040 0 142 18 186
chair 0.0038 411 203 499 289
chair 0.0036 266 141 349 238
chair 0.0036 370 190 431 258
chair 0.0035 0 254 6 278
chair 0.0032 345 162 417 244
chair 0.0032 0 181 38 230
chair 0.0031 1 258 28 307
chair 0.0030 128 153 187 210
chair 0.0029 246 111 347 186
chair 0.0028 137 152 177 182
chair 0.0027 0 279 15 308
chair 0.0027 434 278 482 329
chair 0.0026 229 108 239 123
chair 0.0026 476 207 501 313
chair 0.0026 155 165 187 204
chair 0.0025 480 181 499 281
chair 0.0025 262 302 314 332
chair 0.0025 0 195 45 258
chair 0.0025 490 230 499 239
chair 0.0024 8 175 41 212
chair 0.0024 414 232 430 267
chair 0.0023 0 193 19 207
chair 0.0022 225 101 237 123
chair 0.0021 294 304 313 332
chair 0.0020 0 252 51 316
chair 0.0020 13 268 44 294
chair 0.0019 400 179 430 240
chair 0.0019 92 243 192 331
chair 0.0018 215 265 330 334
chair 0.0018 360 262 392 282
chair 0.0018 409 185 423 232
chair 0.0018 91 285 115 323
chair 0.0018 206 138 260 193
chair 0.0018 486 51 499 93
chair 0.0017 281 289 323 332
chair 0.0017 488 224 499 251
chair 0.0017 494 89 499 113
chair 0.0016 320 147 348 183
chair 0.0016 395 201 439 266
chair 0.0016 406 222 432 264
chair 0.0016 184 117 207 194
chair 0.0015 67 164 111 207
chair 0.0014 199 114 208 128
chair 0.0014 491 67 499 117
chair 0.0014 117 236 142 267
chair 0.0013 163 169 177 188
chair 0.0013 334 201 472 310
chair 0.0012 185 109 194 132
chair 0.0012 229 106 251 129
chair 0.0012 404 191 426 260
chair 0.0012 222 241 503 331
chair 0.0011 12 258 65 297
chair 0.0011 146 153 171 168
chair 0.0011 247 228 318 328
chair 0.0011 186 122 202 158
chair 0.0010 429 176 501 271
chair 0.0010 487 241 500 269
chair 0.0010 410 220 482 272
chair 0.0010 192 101 246 173
chair 0.0010 208 143 241 168
chair 0.0010 5 272 17 306
chair 0.0010 242 109 254 129
sofa 0.7359 0 200 83 312
sofa 0.6157 205 112 349 239
sofa 0.0922 217 140 261 170
sofa 0.0550 0 159 30 209
sofa 0.0402 0 290 112 332
sofa 0.0322 195 115 268 223
sofa 0.0301 0 290 51 332
sofa 0.0299 245 111 346 181
sofa 0.0186 25 252 196 333
sofa 0.0168 3 242 73 304
sofa 0.0158 334 267 492 330
sofa 0.0131 199 210 362 330
sofa 0.0084 188 97 237 222
sofa 0.0078 349 191 499 276
sofa 0.0071 0 195 45 258
sofa 0.0067 346 194 426 278
sofa 0.0067 210 150 298 213
sofa 0.0066 41 299 111 333
sofa 0.0064 0 252 51 316
sofa 0.0063 0 252 11 307
sofa 0.0061 0 179 36 214
sofa 0.0059 0 166 41 232
sofa 0.0056 0 259 32 299
sofa 0.0054 0 251 111 330
sofa 0.0045 70 284 133 331
sofa 0.0038 119 185 199 268
sofa 0.0037 174 136 307 230
sofa 0.0034 55 266 154 330
sofa 0.0029 2 273 30 316
sofa 0.0025 0 109 29 217
sofa 0.0025 77 263 106 286
sofa 0.0024 0 158 18 179
sofa 0.0024 0 142 18 186
sofa 0.0024 90 283 115 328
sofa 0.0023 28 290 187 331
sofa 0.0023 1 175 22 211
sofa 0.0022 257 137 303 220
sofa 0.0020 251 277 312 332
sofa 0.0018 0 276 16 309
sofa 0.0016 256 144 350 239
sofa 0.0016 0 193 19 207
sofa 0.0016 13 267 44 294
sofa 0.0015 200 144 349 308
sofa 0.0014 0 254 6 278
sofa 0.0014 0 157 86 273
sofa 0.0013 -3 233 79 280
sofa 0.0012 394 66 498 273
sofa 0.0012 470 265 500 322
sofa 0.0012 12 258 65 297
sofa 0.0012 61 96 151 159
sofa 0.0011 0 228 35 301
sofa 0.0011 0 251 15 285
sofa 0.0010 234 161 287 203
sofa 0.0010 247 112 341 148
pottedplant 0.1552 197 22 260 117
pottedplant 0.1277 142 25 177 42
pottedplant 0.0711 27 21 90 44
pottedplant 0.0599 257 36 286 62
pottedplant 0.0250 0 14 27 179
pottedplant 0.0205 236 25 287 64
pottedplant 0.0122 0 73 21 165
pottedplant 0.0115 109 25 145 42
pottedplant 0.0115 48 153 59 179
pottedplant 0.0113 87 22 150 43
pottedplant 0.0099 0 12 30 91
pottedplant 0.0090 135 24 164 42
pottedplant 0.0088 38 21 130 43
pottedplant 0.0068 229 29 282 99
pottedplant 0.0062 216 92 236 113
pottedplant 0.0060 158 25 180 42
pottedplant 0.0053 0 20 20 128
pottedplant 0.0050 317 80 324 96
pottedplant 0.0050 196 20 284 61
pottedplant 0.0048 130 23 150 41
pottedplant 0.0045 73 24 118 42
pottedplant 0.0041 198 70 251 130
pottedplant 0.0036 238 98 256 113
pottedplant 0.0033 222 97 233 119
pottedplant 0.0032 108 28 133 43
pottedplant 0.0031 222 89 232 107
pottedplant 0.0030 228 104 238 124
pottedplant 0.0029 0 13 31 51
pottedplant 0.0027 171 23 220 51
pottedplant 0.0027 0 51 15 89
pottedplant 0.0024 53 22 79 41
pottedplant 0.0023 219 89 232 99
pottedplant 0.0022 0 129 31 205
pottedplant 0.0021 176 15 241 51
pottedplant 0.0021 62 22 94 42
pottedplant 0.0019 4 16 83 64
pottedplant 0.0019 0 109 18 188
pottedplant 0.0016 42 147 61 181
pottedplant 0.0016 167 25 185 42
pottedplant 0.0015 257 41 277 67
pottedplant 0.0015 222 100 240 123
pottedplant 0.0014 277 80 298 105
pottedplant 0.0013 225 102 236 120
pottedplant 0.0013 8 17 30 42
pottedplant 0.0013 125 17 167 45
pottedplant 0.0013 215 81 239 102
pottedplant 0.0012 228 95 245 109
pottedplant 0.0011 216 43 259 108
pottedplant 0.0011 225 94 238 108
pottedplant 0.0011 253 9 291 43
pottedplant 0.0011 -1 3 86 170
pottedplant 0.0011 0 225 82 311
pottedplant 0.0011 224 89 236 104
pottedplant 0.0010 239 99 255 126
pottedplant 0.0010 251 35 272 64
pottedplant 0.0010 5 14 43 44
pottedplant 0.0010 16 8 96 52
pottedplant 0.0010 106 28 117 43
diningtable 0.5579 333 267 493 331
diningtable 0.0490 0 291 52 332
diningtable 0.0217 351 197 427 279
diningtable 0.0122 2 273 30 316
diningtable 0.0091 470 265 500 322
diningtable 0.0086 0 255 46 308
diningtable 0.0079 0 202 82 313
diningtable 0.0065 348 261 487 297
diningtable 0.0062 2 258 27 305
diningtable 0.0061 213 140 260 170
diningtable 0.0054 434 280 496 331
diningtable 0.0054 122 169 167 209
diningtable 0.0052 245 111 345 176
diningtable 0.0050 0 290 112 332
diningtable 0.0048 3 271 50 322
diningtable 0.0047 0 254 15 309
diningtable 0.0047 190 116 330 234
diningtable 0.0046 345 206 489 307
diningtable 0.0045 4 281 17 306
diningtable 0.0037 67 164 111 207
diningtable 0.0035 1 251 98 330
diningtable 0.0033 188 104 247 222
diningtable 0.0025 197 226 364 329
diningtable 0.0025 0 282 11 306
diningtable 0.0023 13 267 44 294
diningtable 0.0021 9 279 18 304
diningtable 0.0021 0 290 14 309
diningtable 0.0017 164 137 240 220
diningtable 0.0016 481 232 500 268
diningtable 0.0016 354 180 507 270
diningtable 0.0014 21 278 43 292
diningtable 0.0014 128 153 187 210
diningtable 0.0013 6 290 40 311
diningtable 0.0013 11 253 68 302
diningtable 0.0013 259 114 342 151
diningtable 0.0013 467 317 500 333
diningtable 0.0013 137 152 177 182
diningtable 0.0013 230 134 248 146
diningtable 0.0013 211 149 297 205
diningtable 0.0013 222 100 240 123
diningtable 0.0013 239 97 256 113
diningtable 0.0012 6 265 22 301
diningtable 0.0012 153 162 190 209
diningtable 0.0012 15 291 39 303
diningtable 0.0011 0 248 9 304
diningtable 0.0011 67 191 112 221
diningtable 0.0010 372 256 509 314
diningtable 0.0010 8 271 32 294
diningtable 0.0010 11 277 24 296
tvmonitor 0.7519 59 94 151 164
tvmonitor 0.0630 373 51 416 94
tvmonitor 0.0292 422 24 457 67
tvmonitor 0.0227 417 89 441 110
tvmonitor 0.0125 217 141 258 168
tvmonitor 0.0117 66 167 108 200
tvmonitor 0.0063 69 172 102 191
tvmonitor 0.0045 123 173 161 207
tvmonitor 0.0044 202 122 350 238
tvmonitor 0.0039 -1 293 51 331
tvmonitor 0.0037 494 89 499 113
tvmonitor 0.0024 433 91 445 111
tvmonitor 0.0023 417 72 448 111
tvmonitor 0.0019 0 254 15 309
tvmonitor 0.0017 416 95 439 117
tvmonitor 0.0015 451 57 499 115
tvmonitor 0.0015 491 67 499 117
tvmonitor 0.0015 0 226 82 311
tvmonitor 0.0014 65 113 132 159
tvmonitor 0.0014 184 111 193 131
tvmonitor 0.0013 412 56 454 119
tvmonitor 0.0011 419 68 449 92
tvmonitor 0.0010 374 18 463 95
tvmonitor 0.0010 188 97 239 220
