person 0.8262 326 3 499 328
person 0.8241 233 19 422 329
person 0.1355 270 78 367 266
person 0.0701 289 115 337 226
person 0.0298 0 253 18 293
person 0.0150 306 123 326 195
person 0.0110 0 217 17 287
person 0.0107 299 110 332 179
person 0.0044 247 27 330 313
person 0.0041 291 124 324 182
person 0.0038 0 237 24 295
person 0.0020 419 3 500 325
person 0.0018 0 219 14 256
person 0.0018 304 116 349 191
person 0.0017 434 4 499 107
person 0.0016 473 113 499 174
person 0.0014 0 192 34 272
person 0.0014 0 1 19 21
person 0.0011 339 32 432 297
person 0.0010 290 210 350 266
person 0.0010 299 129 356 234
person 0.0010 0 264 6 292
person 0.0010 0 196 18 258
car 0.0017 0 253 18 293
bird 0.0019 0 0 20 26
cat 0.0102 0 252 18 292
cat 0.0018 0 258 11 292
dog 0.0028 0 252 18 292
bottle 0.0046 0 253 18 293
bottle 0.0017 0 217 17 287
chair 0.0095 0 253 18 293
chair 0.0017 0 217 17 287
chair 0.0010 112 310 150 333
sofa 0.0220 0 252 18 293
sofa 0.0028 0 258 11 292
pottedplant 0.8366 122 77 210 192
pottedplant 0.4977 85 212 126 329
pottedplant 0.0443 76 211 158 330
pottedplant 0.0201 289 212 350 272
pottedplant 0.0169 0 252 18 292
pottedplant 0.0139 38 201 137 329
pottedplant 0.0122 147 158 211 199
pottedplant 0.0093 146 140 209 186
pottedplant 0.0088 134 123 208 200
pottedplant 0.0054 128 150 163 192
pottedplant 0.0035 135 163 160 191
pottedplant 0.0032 0 222 18 283
pottedplant 0.0029 108 309 149 332
pottedplant 0.0029 0 258 11 292
pottedplant 0.0024 235 21 420 328
pottedplant 0.0022 126 84 192 144
pottedplant 0.0018 61 230 115 329
pottedplant 0.0015 79 168 119 312
pottedplant 0.0015 0 14 120 327
pottedplant 0.0015 276 145 358 313
pottedplant 0.0014 47 164 74 213
pottedplant 0.0012 0 0 20 27
pottedplant 0.0010 291 113 345 273
diningtable 0.0030 0 252 18 292
tvmonitor 0.0035 0 2 61 322
tvmonitor 0.0018 0 253 18 293
tvmonitor 0.0012 0 60 34 284
tvmonitor 0.0011 0 215 18 283
