person 0.6551 380 205 498 333
person 0.2754 3 104 433 331
person 0.1753 392 240 453 291
person 0.1611 407 253 437 275
person 0.0952 222 108 312 244
person 0.0241 188 121 487 326
person 0.0165 332 205 405 253
person 0.0154 382 276 500 333
person 0.0154 0 124 225 330
person 0.0097 317 188 491 299
person 0.0088 206 112 417 256
person 0.0087 0 233 209 333
person 0.0075 470 200 500 249
person 0.0039 2 318 90 335
person 0.0037 404 222 464 282
person 0.0035 67 109 359 266
person 0.0026 329 201 441 271
person 0.0021 465 235 500 320
person 0.0016 436 210 498 316
person 0.0015 0 284 93 335
person 0.0015 484 243 500 254
person 0.0014 365 193 495 268
person 0.0012 232 107 356 322
person 0.0012 28 208 486 333
person 0.0012 360 130 497 309
person 0.0012 383 224 452 266
person 0.0010 141 110 295 319
bicycle 0.0042 472 200 500 248
car 0.0021 403 253 437 275
cat 0.0014 0 271 10 293
cat 0.0013 225 103 315 250
bottle 0.0016 331 205 410 252
bottle 0.0012 405 253 439 275
chair 0.0351 472 200 500 247
chair 0.0181 380 205 498 333
chair 0.0126 188 121 487 326
chair 0.0059 382 276 500 333
chair 0.0054 478 227 500 256
chair 0.0050 3 109 441 331
chair 0.0042 330 204 406 250
chair 0.0030 481 243 499 256
chair 0.0029 259 121 416 254
chair 0.0020 0 124 225 330
chair 0.0019 392 240 453 291
chair 0.0014 469 211 500 279
chair 0.0012 405 253 439 275
chair 0.0010 488 239 500 248
sofa 0.3612 3 104 433 331
sofa 0.0261 188 121 487 326
sofa 0.0247 380 206 498 333
sofa 0.0174 330 204 406 250
sofa 0.0172 219 107 316 248
sofa 0.0118 -1 122 229 331
sofa 0.0062 382 276 500 333
sofa 0.0056 28 208 486 333
sofa 0.0054 259 121 416 254
sofa 0.0048 405 253 439 275
sofa 0.0045 392 240 453 291
sofa 0.0042 329 201 441 271
sofa 0.0033 470 200 500 249
sofa 0.0026 481 243 499 256
sofa 0.0026 176 98 373 248
sofa 0.0019 285 157 484 292
sofa 0.0011 307 124 398 224
sofa 0.0011 4 112 333 233
pottedplant 0.0037 472 200 499 248
pottedplant 0.0010 292 1 315 40
diningtable 0.0019 355 195 508 346
