person 0.8452 0 57 72 320
person 0.8338 71 11 270 323
person 0.8200 291 67 416 330
person 0.8048 215 175 307 280
person 0.8047 374 96 452 322
person 0.6939 246 75 306 265
person 0.3094 366 89 396 171
person 0.1954 0 68 31 318
person 0.1764 439 103 456 190
person 0.0610 372 90 395 137
person 0.0484 430 99 461 321
person 0.0449 61 107 83 163
person 0.0174 377 96 447 219
person 0.0141 0 156 23 316
person 0.0128 397 95 437 133
person 0.0120 176 92 209 225
person 0.0119 51 181 74 223
person 0.0118 210 146 238 183
person 0.0116 255 70 328 318
person 0.0111 345 131 426 328
person 0.0101 291 71 353 323
person 0.0100 175 103 201 188
person 0.0089 176 101 192 163
person 0.0084 61 104 93 185
person 0.0072 160 35 246 260
person 0.0071 246 76 297 179
person 0.0059 199 142 225 182
person 0.0058 210 229 276 298
person 0.0056 223 214 322 315
person 0.0053 187 81 314 274
person 0.0053 0 287 16 331
person 0.0053 48 106 85 191
person 0.0050 306 74 402 244
person 0.0049 437 90 457 253
person 0.0045 264 77 294 112
person 0.0044 233 263 248 302
person 0.0043 253 77 296 131
person 0.0040 238 251 260 265
person 0.0039 210 131 260 208
person 0.0035 417 97 439 137
person 0.0033 19 79 88 244
person 0.0032 52 200 80 271
person 0.0032 4 121 45 152
person 0.0029 13 176 73 322
person 0.0027 0 117 29 159
person 0.0027 419 101 456 192
person 0.0027 436 6 497 306
person 0.0026 1 101 71 221
person 0.0025 142 75 203 162
person 0.0024 425 103 438 135
person 0.0023 379 92 409 142
person 0.0022 158 80 185 149
person 0.0021 0 268 19 313
person 0.0021 160 107 275 291
person 0.0019 164 88 198 160
person 0.0018 300 164 330 315
person 0.0018 359 69 401 244
person 0.0018 440 96 457 154
person 0.0017 68 99 99 162
person 0.0017 388 96 417 136
person 0.0015 48 108 75 165
person 0.0015 2 85 65 165
person 0.0014 263 261 283 292
person 0.0014 0 117 8 167
person 0.0013 210 262 313 331
person 0.0013 209 320 257 332
person 0.0013 0 117 5 127
person 0.0012 223 132 295 236
person 0.0012 191 171 274 274
person 0.0012 353 87 439 178
person 0.0012 454 80 500 337
person 0.0011 245 174 269 187
person 0.0011 0 225 20 323
person 0.0011 394 98 412 128
person 0.0010 0 285 13 315
person 0.0010 63 160 89 194
person 0.0010 0 279 32 330
person 0.0010 300 141 381 323
person 0.0010 0 110 18 235
person 0.0010 62 124 80 172
person 0.0010 242 172 269 209
person 0.0010 0 49 77 180
bottle 0.0328 232 260 249 301
bottle 0.0064 213 145 238 185
bottle 0.0054 61 104 86 163
bottle 0.0050 233 261 248 282
bottle 0.0046 77 125 93 162
bottle 0.0044 255 302 274 332
bottle 0.0032 263 261 283 292
bottle 0.0026 241 251 258 272
bottle 0.0022 50 190 73 224
bottle 0.0020 73 105 97 163
bottle 0.0019 211 225 228 261
bottle 0.0018 256 174 270 184
bottle 0.0018 83 120 95 158
bottle 0.0016 71 192 85 218
bottle 0.0016 245 82 305 256
bottle 0.0016 208 235 239 291
bottle 0.0014 245 174 269 187
bottle 0.0013 69 131 91 168
bottle 0.0012 222 251 250 298
bottle 0.0012 208 260 237 301
bottle 0.0012 2 122 28 151
bottle 0.0011 223 284 295 332
bottle 0.0010 64 191 79 218
chair 0.0598 425 280 458 331
chair 0.0542 54 185 79 218
chair 0.0428 255 302 275 332
chair 0.0332 50 192 71 219
chair 0.0323 3 79 77 313
chair 0.0314 66 162 88 190
chair 0.0298 209 318 255 332
chair 0.0294 67 186 85 218
chair 0.0230 300 166 331 328
chair 0.0194 74 194 84 219
chair 0.0189 310 153 421 330
chair 0.0161 300 161 363 329
chair 0.0158 62 183 78 209
chair 0.0139 61 166 87 210
chair 0.0128 50 219 78 325
chair 0.0120 64 191 79 218
chair 0.0109 52 200 80 271
chair 0.0091 210 145 237 185
chair 0.0082 362 178 443 331
chair 0.0064 175 238 445 332
chair 0.0053 215 176 306 287
chair 0.0050 241 251 258 272
chair 0.0044 413 183 456 330
chair 0.0042 208 297 267 331
chair 0.0039 50 275 70 330
chair 0.0038 263 262 284 292
chair 0.0038 213 296 320 334
chair 0.0035 17 212 84 331
chair 0.0034 302 230 329 321
chair 0.0031 48 176 85 226
chair 0.0029 236 301 295 331
chair 0.0025 223 214 322 315
chair 0.0025 299 172 325 249
chair 0.0024 376 281 460 332
chair 0.0023 75 171 87 216
chair 0.0022 276 305 306 333
chair 0.0020 191 253 321 320
chair 0.0020 52 200 74 233
chair 0.0020 210 226 246 259
chair 0.0019 209 252 246 274
chair 0.0018 0 302 14 332
chair 0.0018 0 277 65 331
chair 0.0016 0 288 18 331
chair 0.0015 53 226 280 329
chair 0.0015 208 222 230 256
chair 0.0015 65 294 112 334
chair 0.0015 436 282 457 315
chair 0.0014 378 96 453 328
chair 0.0013 342 293 436 331
chair 0.0013 233 147 248 181
chair 0.0012 61 104 93 185
chair 0.0012 67 176 87 198
chair 0.0012 210 229 276 298
chair 0.0012 20 166 80 207
chair 0.0012 76 183 86 205
chair 0.0012 61 215 90 329
chair 0.0011 291 67 376 328
chair 0.0011 265 303 332 332
chair 0.0010 300 209 313 241
chair 0.0010 208 219 232 228
chair 0.0010 52 157 81 208
chair 0.0010 233 263 248 302
chair 0.0010 209 228 225 269
chair 0.0010 257 301 409 332
chair 0.0010 207 254 246 299
sofa 0.0013 66 162 89 189
sofa 0.0012 1 54 76 317
pottedplant 0.0381 208 250 240 299
pottedplant 0.0277 222 251 250 298
pottedplant 0.0197 233 264 249 302
pottedplant 0.0190 210 252 265 307
pottedplant 0.0181 207 241 289 323
pottedplant 0.0077 52 208 70 229
pottedplant 0.0065 214 17 259 149
pottedplant 0.0053 52 198 80 243
pottedplant 0.0051 209 252 246 274
pottedplant 0.0049 66 162 89 189
pottedplant 0.0045 204 182 306 316
pottedplant 0.0041 222 54 255 142
pottedplant 0.0040 210 244 236 281
pottedplant 0.0040 209 274 310 332
pottedplant 0.0036 53 212 80 236
pottedplant 0.0031 198 50 265 191
pottedplant 0.0030 50 190 73 224
pottedplant 0.0030 209 269 235 305
pottedplant 0.0029 227 60 250 119
pottedplant 0.0029 61 104 93 185
pottedplant 0.0028 3 63 75 328
pottedplant 0.0028 224 258 247 280
pottedplant 0.0027 82 222 347 327
pottedplant 0.0025 208 289 238 316
pottedplant 0.0024 252 77 297 136
pottedplant 0.0022 66 133 90 185
pottedplant 0.0019 53 205 81 276
pottedplant 0.0016 60 111 82 164
pottedplant 0.0015 186 81 245 190
pottedplant 0.0014 48 106 85 191
pottedplant 0.0012 210 288 231 303
pottedplant 0.0011 211 145 238 184
pottedplant 0.0010 242 253 258 272
diningtable 0.4918 211 273 313 331
diningtable 0.2370 236 301 295 331
diningtable 0.0964 52 208 80 293
diningtable 0.0785 257 302 274 331
diningtable 0.0510 258 262 286 292
diningtable 0.0382 202 245 340 330
diningtable 0.0292 193 271 428 330
diningtable 0.0283 256 288 305 304
diningtable 0.0226 66 161 89 187
diningtable 0.0181 233 269 248 304
diningtable 0.0152 210 252 265 307
diningtable 0.0140 52 197 80 243
diningtable 0.0138 3 189 83 326
diningtable 0.0135 1 54 76 317
diningtable 0.0126 209 316 258 333
diningtable 0.0113 209 288 281 332
diningtable 0.0093 52 208 77 230
diningtable 0.0093 51 183 82 220
diningtable 0.0086 242 253 258 272
diningtable 0.0078 174 260 285 328
diningtable 0.0076 210 285 240 319
diningtable 0.0072 250 294 280 328
diningtable 0.0069 215 176 306 287
diningtable 0.0064 249 286 304 327
diningtable 0.0064 67 186 85 218
diningtable 0.0057 54 214 82 251
diningtable 0.0054 246 288 280 301
diningtable 0.0054 49 215 86 331
diningtable 0.0051 68 221 295 329
diningtable 0.0050 61 166 87 210
diningtable 0.0049 202 225 463 332
diningtable 0.0045 55 221 80 240
diningtable 0.0038 213 145 238 184
diningtable 0.0034 238 294 338 332
diningtable 0.0034 236 285 301 310
diningtable 0.0033 223 214 322 315
diningtable 0.0030 73 193 85 218
diningtable 0.0027 55 215 81 234
diningtable 0.0027 207 304 263 332
diningtable 0.0027 57 195 85 275
diningtable 0.0023 261 303 312 333
diningtable 0.0023 301 176 330 319
diningtable 0.0021 155 200 296 319
diningtable 0.0021 50 191 71 218
diningtable 0.0018 259 290 308 316
diningtable 0.0018 63 191 86 247
diningtable 0.0017 284 174 356 321
diningtable 0.0016 209 228 242 298
diningtable 0.0016 61 104 93 185
diningtable 0.0014 72 160 91 215
diningtable 0.0014 210 229 276 298
diningtable 0.0014 246 287 257 297
diningtable 0.0013 221 280 285 319
diningtable 0.0013 52 273 278 329
diningtable 0.0013 71 7 274 331
diningtable 0.0013 276 285 303 301
diningtable 0.0012 54 138 100 233
diningtable 0.0012 56 228 79 261
diningtable 0.0011 251 288 269 297
diningtable 0.0010 232 265 275 303
diningtable 0.0010 67 176 87 198
diningtable 0.0010 238 251 260 265
diningtable 0.0010 256 279 273 321
