person 0.0014 195 84 237 129
person 0.0014 -4 -9 489 253
person 0.0010 0 5 57 133
car 0.0016 18 4 492 149
bird 0.0011 130 20 157 130
cat 0.5440 8 113 475 252
cat 0.0252 205 126 419 248
cat 0.0173 119 89 147 138
cat 0.0120 8 9 496 239
cat 0.0046 194 83 240 130
cat 0.0026 2 178 501 291
cat 0.0026 109 91 139 139
cat 0.0025 88 79 355 149
cat 0.0019 196 62 484 265
cat 0.0015 158 84 236 134
cat 0.0013 0 124 275 240
dog 0.0053 43 111 478 254
dog 0.0026 205 126 419 248
dog 0.0010 8 9 496 239
bottle 0.5888 125 90 146 138
bottle 0.3150 114 88 133 137
bottle 0.0179 130 20 157 130
bottle 0.0144 0 6 56 132
bottle 0.0096 118 94 141 133
bottle 0.0068 57 65 111 132
bottle 0.0025 127 89 143 121
bottle 0.0017 119 87 142 112
bottle 0.0015 129 89 141 108
bottle 0.0015 115 85 131 116
bottle 0.0013 135 86 149 136
bottle 0.0013 27 2 58 125
bottle 0.0013 132 108 147 139
bottle 0.0012 107 68 141 132
chair 0.0696 0 6 57 133
chair 0.0047 55 65 110 130
chair 0.0042 10 21 491 268
chair 0.0020 18 4 492 149
chair 0.0017 -7 4 102 138
sofa 0.0198 15 110 494 278
sofa 0.0083 -4 -9 489 253
sofa 0.0065 -1 214 495 293
sofa 0.0014 31 0 478 133
sofa 0.0012 168 29 501 287
pottedplant 0.0013 195 83 236 126
pottedplant 0.0011 -4 -9 489 253
diningtable 0.0011 0 6 58 134
tvmonitor 0.0017 0 1 58 143
tvmonitor 0.0016 31 0 478 133
