person 0.7202 3 2 202 364
person 0.5497 291 78 391 326
person 0.3785 229 68 259 137
person 0.1499 351 0 374 33
person 0.1215 173 66 188 86
person 0.1206 234 68 254 103
person 0.1167 376 1 412 58
person 0.0931 263 118 322 269
person 0.0866 233 137 300 204
person 0.0686 254 9 365 314
person 0.0671 468 45 499 369
person 0.0443 220 67 346 283
person 0.0408 274 52 337 285
person 0.0406 231 91 287 149
person 0.0313 291 41 461 335
person 0.0307 348 1 379 66
person 0.0302 0 51 11 107
person 0.0242 375 0 391 36
person 0.0237 276 115 313 156
person 0.0237 84 46 180 260
person 0.0233 270 115 314 186
person 0.0220 123 84 225 255
person 0.0220 14 71 28 91
person 0.0200 296 99 391 212
person 0.0172 109 69 156 197
person 0.0172 109 73 151 110
person 0.0169 246 104 284 141
person 0.0164 1 61 25 94
person 0.0144 149 159 219 248
person 0.0143 231 118 322 221
person 0.0142 440 27 470 73
person 0.0140 0 66 83 299
person 0.0124 404 20 496 335
person 0.0115 246 100 309 151
person 0.0100 188 87 219 104
person 0.0098 482 21 499 295
person 0.0092 231 106 260 152
person 0.0088 5 69 39 113
person 0.0086 306 94 393 161
person 0.0079 334 0 377 46
person 0.0078 232 100 285 190
person 0.0074 0 60 6 117
person 0.0068 424 18 474 74
person 0.0067 186 86 210 99
person 0.0065 379 1 441 57
person 0.0059 1 59 16 116
person 0.0059 227 69 249 98
person 0.0059 0 70 47 223
person 0.0058 60 55 221 325
person 0.0055 346 59 427 284
person 0.0053 120 68 212 170
person 0.0052 0 39 6 97
person 0.0052 234 86 265 143
person 0.0050 167 65 182 87
person 0.0049 244 0 384 116
person 0.0048 200 87 218 99
person 0.0047 0 25 49 342
person 0.0046 372 4 401 76
person 0.0045 12 67 33 96
person 0.0044 138 90 228 187
person 0.0044 354 18 422 130
person 0.0043 209 74 252 132
person 0.0043 390 0 483 63
person 0.0042 357 21 383 83
person 0.0040 362 0 381 29
person 0.0040 249 106 270 138
person 0.0038 437 3 493 73
person 0.0037 206 87 220 104
person 0.0036 232 79 257 111
person 0.0036 234 115 258 141
person 0.0036 364 22 395 84
person 0.0036 347 1 366 48
person 0.0035 108 89 126 106
person 0.0035 199 87 221 111
person 0.0034 142 35 214 113
person 0.0033 0 60 5 94
person 0.0033 340 28 396 132
person 0.0032 363 23 380 58
person 0.0032 471 215 499 373
person 0.0032 281 70 389 176
person 0.0030 369 0 387 26
person 0.0030 108 87 135 110
person 0.0030 332 76 399 141
person 0.0030 382 20 440 122
person 0.0030 145 69 171 94
person 0.0030 7 55 36 93
person 0.0029 236 69 251 83
person 0.0029 230 127 303 310
person 0.0029 123 70 158 104
person 0.0028 9 67 164 222
person 0.0028 340 0 371 22
person 0.0028 394 41 422 78
person 0.0028 155 66 170 88
person 0.0026 390 13 491 143
person 0.0026 127 57 269 289
person 0.0026 106 77 140 123
person 0.0026 225 75 256 183
person 0.0025 313 88 382 132
person 0.0025 369 1 388 52
person 0.0025 378 4 403 40
bicycle 0.0017 2 184 207 370
car 0.0010 3 -3 206 367
car 0.0010 134 93 227 243
bus 0.0027 120 0 233 142
bus 0.0021 119 57 220 177
bus 0.0019 4 2 202 364
bus 0.0015 142 35 214 113
bus 0.0014 107 74 153 114
train 0.0034 231 9 397 317
train 0.0028 0 1 211 333
train 0.0019 148 90 234 201
train 0.0017 131 66 224 173
train 0.0014 292 58 392 265
train 0.0014 104 42 304 306
train 0.0014 231 136 290 203
train 0.0012 19 72 143 176
train 0.0011 120 0 233 142
train 0.0011 279 14 479 337
train 0.0010 107 74 153 114
cat 0.0019 469 61 499 378
cat 0.0012 122 237 220 377
dog 0.0054 468 45 499 369
horse 0.0032 1 2 190 369
bottle 0.0023 173 64 187 85
bottle 0.0020 119 79 159 201
bottle 0.0010 0 46 14 101
chair 0.0143 7 119 209 366
chair 0.0108 123 243 222 372
chair 0.0093 409 70 495 147
chair 0.0086 440 33 471 73
chair 0.0086 470 126 499 368
chair 0.0083 390 13 491 143
chair 0.0061 7 206 167 375
chair 0.0053 391 42 497 207
chair 0.0053 134 60 229 278
chair 0.0043 424 18 474 74
chair 0.0036 466 2 497 72
chair 0.0030 128 89 228 195
chair 0.0026 437 3 493 73
chair 0.0026 0 109 72 364
chair 0.0025 148 173 219 258
chair 0.0025 0 288 17 373
chair 0.0021 0 279 43 373
chair 0.0018 100 131 222 369
chair 0.0018 354 65 472 143
chair 0.0017 368 67 497 367
chair 0.0016 377 1 416 55
chair 0.0016 0 28 140 359
chair 0.0016 146 121 221 244
chair 0.0015 382 20 440 122
chair 0.0015 383 -1 488 81
chair 0.0014 4 272 139 374
chair 0.0013 231 136 290 203
chair 0.0012 471 249 499 372
chair 0.0011 244 0 380 119
chair 0.0011 408 57 493 107
chair 0.0011 429 25 446 73
chair 0.0011 22 339 143 374
chair 0.0011 453 34 500 365
chair 0.0011 0 49 7 106
sofa 0.0135 470 126 499 368
sofa 0.0041 368 201 486 371
sofa 0.0012 453 34 500 365
sofa 0.0010 471 249 499 372
diningtable 0.0046 470 126 499 368
tvmonitor 0.0018 245 1 379 119
tvmonitor 0.0014 441 23 469 74
tvmonitor 0.0011 0 49 7 106
