person 0.0056 115 178 119 186
person 0.0016 154 178 159 188
person 0.0013 173 178 178 186
dog 0.0022 329 180 350 194
dog 0.0022 264 185 280 197
dog 0.0017 295 180 311 193
dog 0.0017 183 184 199 200
dog 0.0012 137 184 152 196
dog 0.0010 228 185 248 199
horse 0.0260 330 179 352 193
horse 0.0237 183 184 199 200
horse 0.0136 264 185 280 197
horse 0.0110 137 184 152 196
horse 0.0106 228 185 248 199
horse 0.0103 295 180 311 193
horse 0.0094 390 189 424 204
horse 0.0034 446 191 498 234
horse 0.0022 489 192 499 206
horse 0.0016 345 180 350 192
horse 0.0015 446 190 496 206
horse 0.0013 0 205 126 268
horse 0.0011 390 190 443 226
horse 0.0011 228 185 238 199
horse 0.0010 393 192 466 237
sheep 0.5061 295 181 312 193
sheep 0.3742 329 180 351 193
sheep 0.0898 183 185 199 200
sheep 0.0706 264 185 280 197
sheep 0.0570 227 185 249 198
sheep 0.0410 137 184 152 196
sheep 0.0139 238 184 249 196
sheep 0.0042 345 180 350 192
sheep 0.0032 389 190 428 204
sheep 0.0030 228 185 238 199
sheep 0.0023 154 178 159 188
sheep 0.0014 355 173 359 181
sheep 0.0012 329 185 336 192
sheep 0.0010 240 184 249 190
cow 0.7563 183 184 199 200
cow 0.7309 137 184 152 196
cow 0.7228 228 185 249 198
cow 0.6726 264 184 280 197
cow 0.5668 330 179 352 193
cow 0.4581 295 181 311 193
cow 0.1335 237 184 250 197
cow 0.0988 0 205 126 268
cow 0.0865 228 186 238 199
cow 0.0427 154 178 159 188
cow 0.0237 389 190 428 204
cow 0.0133 45 202 274 262
cow 0.0125 153 179 160 187
cow 0.0116 173 178 178 186
cow 0.0112 115 178 119 186
cow 0.0097 240 184 249 190
cow 0.0086 0 182 483 307
cow 0.0079 345 180 350 192
cow 0.0075 206 183 215 188
cow 0.0064 136 183 147 191
cow 0.0064 214 179 222 187
cow 0.0056 155 177 159 184
cow 0.0047 35 185 40 190
cow 0.0047 392 192 476 236
cow 0.0045 217 176 221 186
cow 0.0044 208 182 218 187
cow 0.0042 390 189 442 228
cow 0.0040 390 188 425 217
cow 0.0040 174 181 179 188
cow 0.0039 184 183 197 190
cow 0.0035 59 207 126 261
cow 0.0035 443 191 498 234
cow 0.0034 355 173 359 181
cow 0.0034 193 180 199 187
cow 0.0034 490 191 499 206
cow 0.0028 188 188 199 202
cow 0.0025 81 207 400 258
cow 0.0025 329 186 341 193
cow 0.0024 226 177 250 202
cow 0.0023 420 196 467 235
cow 0.0023 298 181 317 192
cow 0.0022 228 183 240 189
cow 0.0022 234 182 248 187
cow 0.0021 133 175 154 204
cow 0.0020 203 209 259 255
cow 0.0019 184 194 192 202
cow 0.0019 135 184 143 194
cow 0.0016 125 177 162 217
cow 0.0016 148 204 262 259
cow 0.0015 178 180 187 186
cow 0.0015 95 182 100 190
cow 0.0015 117 184 257 214
cow 0.0015 329 185 336 192
cow 0.0015 75 206 163 257
cow 0.0014 228 189 241 201
cow 0.0014 401 191 435 200
cow 0.0014 94 183 99 189
cow 0.0014 262 177 267 183
cow 0.0014 142 187 154 195
cow 0.0013 262 175 282 202
cow 0.0013 133 180 140 186
cow 0.0013 328 174 352 200
cow 0.0013 455 189 499 207
cow 0.0012 137 190 152 204
cow 0.0012 276 185 284 194
cow 0.0011 195 176 200 182
cow 0.0011 238 176 243 183
cow 0.0011 243 185 252 192
cow 0.0011 390 190 409 205
cow 0.0011 197 179 204 186
cow 0.0011 171 184 242 203
cow 0.0011 198 184 208 192
cow 0.0011 255 203 321 249
cow 0.0011 265 189 280 202
cow 0.0011 347 179 356 189
cow 0.0010 130 189 142 197
cow 0.0010 286 173 291 180
cow 0.0010 259 177 283 217
cow 0.0010 293 187 308 197
cow 0.0010 290 173 314 216
