person 0.0027 0 283 58 331
person 0.0023 393 175 408 223
person 0.0023 327 162 479 237
person 0.0021 396 180 409 208
person 0.0019 396 182 419 230
person 0.0018 400 182 408 198
person 0.0013 0 245 41 306
car 0.0040 278 198 287 204
car 0.0016 258 207 273 214
car 0.0012 484 211 499 230
train 0.7457 114 153 497 233
train 0.0231 117 152 303 234
train 0.0046 352 165 515 233
train 0.0012 408 168 497 229
train 0.0010 482 211 500 253
boat 0.0016 108 152 499 235
chair 0.0049 0 283 58 331
diningtable 0.0499 0 283 57 330
diningtable 0.0051 0 283 38 298
diningtable 0.0047 0 271 36 308
diningtable 0.0013 0 249 48 324
