person 0.0158 102 178 114 204
person 0.0108 154 226 160 235
person 0.0083 105 174 114 196
person 0.0066 99 180 111 200
person 0.0059 72 159 84 179
person 0.0044 97 175 116 211
person 0.0035 89 179 109 204
person 0.0035 106 174 114 187
person 0.0029 72 152 94 179
person 0.0025 8 177 46 201
person 0.0025 11 175 87 225
person 0.0025 107 190 115 210
person 0.0024 61 178 114 210
person 0.0024 162 215 171 225
person 0.0017 11 173 53 221
person 0.0016 11 180 31 199
person 0.0013 90 176 107 192
person 0.0012 92 134 98 142
person 0.0011 11 173 21 186
person 0.0011 100 161 111 170
person 0.0010 144 188 162 216
bicycle 0.0023 102 179 117 209
car 0.8343 9 175 88 225
car 0.1481 29 175 114 211
car 0.0106 10 173 48 198
car 0.0103 11 173 53 221
car 0.0100 33 147 56 156
car 0.0080 4 174 38 213
car 0.0077 285 164 355 193
car 0.0072 68 177 112 211
car 0.0070 101 179 168 211
car 0.0064 12 179 33 199
car 0.0051 133 183 156 211
car 0.0050 10 173 24 195
car 0.0041 9 180 25 198
car 0.0039 102 176 115 210
car 0.0038 35 183 91 219
car 0.0037 0 176 25 207
car 0.0036 44 146 58 155
car 0.0035 128 180 179 216
car 0.0032 56 173 140 214
car 0.0029 12 185 31 206
car 0.0028 11 173 21 186
car 0.0026 4 181 28 224
car 0.0022 144 185 163 215
car 0.0021 88 179 111 205
car 0.0021 16 145 56 159
car 0.0020 1 174 19 196
car 0.0020 19 181 44 198
car 0.0019 154 226 160 235
car 0.0018 12 177 70 206
car 0.0017 98 179 113 202
car 0.0017 10 198 93 227
car 0.0017 8 185 24 205
car 0.0016 106 190 115 210
car 0.0014 142 177 219 229
car 0.0014 162 214 177 226
car 0.0014 160 207 194 228
car 0.0013 141 178 282 240
car 0.0013 140 225 207 270
car 0.0013 51 136 95 159
car 0.0013 135 190 148 209
car 0.0013 143 183 189 223
car 0.0012 32 149 50 158
car 0.0012 13 132 26 144
car 0.0012 147 200 158 216
car 0.0011 1 159 109 251
car 0.0011 133 182 151 201
car 0.0010 51 147 64 158
car 0.0010 9 135 43 158
motorbike 0.0011 11 175 87 225
bus 0.0015 10 175 99 221
bird 0.0013 272 171 441 342
cat 0.3156 276 159 443 349
cat 0.0099 273 280 469 373
cat 0.0010 316 226 469 356
dog 0.1805 276 159 443 349
dog 0.0028 273 280 469 373
sheep 0.0044 274 175 441 349
cow 0.0010 272 171 441 342
bottle 0.0011 155 226 160 235
chair 0.2037 273 280 469 374
chair 0.0011 277 166 472 365
sofa 0.0174 273 280 469 373
pottedplant 0.0018 274 282 464 372
pottedplant 0.0012 52 136 94 159
diningtable 0.0080 273 280 469 373
