person 0.5820 133 145 243 360
person 0.0239 172 209 220 324
person 0.0082 191 212 240 292
person 0.0078 155 181 229 305
person 0.0074 161 186 277 348
person 0.0052 115 150 337 370
person 0.0047 10 163 263 372
person 0.0037 200 247 244 367
person 0.0026 145 147 236 249
person 0.0025 179 231 224 277
person 0.0023 203 226 231 267
person 0.0021 -1 262 177 370
person 0.0020 313 105 500 350
person 0.0014 215 238 243 281
person 0.0013 0 204 11 239
person 0.0011 285 306 380 372
person 0.0010 13 158 162 270
person 0.0010 109 232 291 370
person 0.0010 168 215 208 296
car 0.0032 369 349 426 373
car 0.0028 314 323 465 372
car 0.0012 405 356 441 373
aeroplane 0.0015 0 254 177 370
cat 0.0022 -1 262 177 370
bottle 0.8904 200 247 244 368
bottle 0.0355 237 264 312 370
bottle 0.0051 6 204 23 243
bottle 0.0042 167 183 289 340
bottle 0.0037 216 243 246 295
bottle 0.0034 236 247 250 294
bottle 0.0033 123 239 290 367
bottle 0.0027 135 143 314 367
bottle 0.0024 0 201 17 244
bottle 0.0022 253 322 281 373
bottle 0.0020 214 238 243 266
bottle 0.0018 216 294 244 363
bottle 0.0016 0 205 11 238
bottle 0.0013 221 245 243 277
bottle 0.0011 208 232 236 257
bottle 0.0010 204 234 225 266
bottle 0.0010 1 202 24 261
bottle 0.0010 171 195 230 357
chair 0.1017 274 307 380 372
chair 0.0556 239 263 312 370
chair 0.0217 -2 261 179 369
chair 0.0179 13 158 162 270
chair 0.0070 270 298 463 373
chair 0.0034 6 152 175 365
chair 0.0032 312 101 501 340
chair 0.0023 221 261 400 372
chair 0.0015 200 247 244 367
chair 0.0015 0 231 18 257
chair 0.0014 0 202 20 244
chair 0.0013 252 311 329 373
chair 0.0012 314 323 465 372
chair 0.0011 0 214 22 261
chair 0.0010 405 292 499 370
sofa 0.1018 0 254 177 370
sofa 0.0036 13 158 162 270
sofa 0.0022 275 307 383 372
sofa 0.0011 279 313 481 372
pottedplant 0.2063 1 256 175 371
pottedplant 0.0455 1 268 92 371
pottedplant 0.0040 0 262 33 321
pottedplant 0.0021 0 271 39 369
pottedplant 0.0020 1 201 23 240
pottedplant 0.0015 1 310 71 371
pottedplant 0.0011 0 238 49 329
pottedplant 0.0011 2 336 156 374
pottedplant 0.0010 10 341 77 373
diningtable 0.0052 -1 262 177 370
diningtable 0.0046 277 309 499 372
diningtable 0.0038 239 263 312 371
diningtable 0.0030 5 163 179 376
diningtable 0.0018 200 246 244 368
diningtable 0.0016 13 158 162 270
diningtable 0.0015 54 253 334 371
diningtable 0.0015 88 315 311 371
diningtable 0.0014 402 293 500 370
diningtable 0.0012 140 319 256 371
tvmonitor 0.3858 308 107 499 353
tvmonitor 0.0071 13 158 162 270
tvmonitor 0.0064 240 263 312 371
tvmonitor 0.0046 0 199 25 256
tvmonitor 0.0029 -2 261 179 369
tvmonitor 0.0025 275 307 383 372
tvmonitor 0.0019 2 90 103 160
tvmonitor 0.0010 400 293 499 370
