person 0.9367 82 308 161 500
person 0.9148 148 317 202 480
person 0.8082 65 310 84 382
person 0.6978 154 298 184 358
person 0.6954 44 305 68 383
person 0.2186 133 319 150 350
person 0.0810 147 319 156 351
person 0.0523 151 314 174 363
person 0.0309 137 313 149 327
person 0.0255 153 309 170 346
person 0.0230 135 312 153 334
person 0.0167 93 352 147 408
person 0.0152 210 315 220 346
person 0.0130 140 308 163 337
person 0.0122 152 307 181 392
person 0.0119 132 323 146 343
person 0.0110 65 310 81 348
person 0.0104 188 315 217 351
person 0.0102 51 306 67 341
person 0.0097 219 315 231 328
person 0.0092 161 300 183 333
person 0.0089 158 283 183 324
person 0.0088 57 308 72 335
person 0.0086 155 302 174 330
person 0.0083 153 311 166 333
person 0.0081 86 367 156 424
person 0.0067 52 311 74 379
person 0.0062 213 315 220 334
person 0.0058 66 311 76 324
person 0.0057 148 339 177 443
person 0.0057 104 318 114 336
person 0.0055 56 305 65 324
person 0.0051 67 342 83 382
person 0.0049 95 324 108 340
person 0.0049 58 307 69 323
person 0.0047 146 312 158 331
person 0.0046 162 311 186 342
person 0.0045 93 319 117 348
person 0.0043 222 316 230 325
person 0.0042 151 321 168 381
person 0.0041 153 329 167 358
person 0.0040 167 299 184 320
person 0.0039 161 307 202 350
person 0.0038 56 309 93 384
person 0.0036 190 403 200 418
person 0.0031 232 400 249 417
person 0.0030 157 297 171 321
person 0.0030 99 319 114 341
person 0.0028 99 323 110 338
person 0.0028 152 323 172 416
person 0.0027 95 319 145 397
person 0.0027 49 333 67 382
person 0.0027 150 328 159 361
person 0.0027 217 317 239 347
person 0.0026 75 318 85 365
person 0.0025 84 327 102 365
person 0.0023 89 317 122 363
person 0.0023 92 329 111 348
person 0.0023 172 323 220 465
person 0.0019 181 340 206 434
person 0.0019 138 303 153 323
person 0.0018 156 319 179 345
person 0.0018 54 314 70 357
person 0.0017 66 306 113 388
person 0.0017 138 324 154 362
person 0.0017 94 331 120 354
person 0.0016 134 319 157 383
person 0.0015 239 399 294 419
person 0.0015 157 324 197 413
person 0.0015 59 401 76 417
person 0.0015 184 358 200 412
person 0.0014 45 315 63 343
person 0.0014 220 317 234 333
person 0.0014 205 409 259 500
person 0.0014 153 335 162 407
person 0.0013 142 291 169 322
person 0.0013 153 299 166 320
person 0.0013 134 336 165 454
person 0.0013 173 313 193 344
person 0.0013 80 323 100 382
person 0.0012 154 332 177 383
person 0.0012 258 422 335 499
person 0.0012 80 331 107 408
person 0.0011 86 341 97 357
person 0.0011 139 303 149 317
person 0.0011 89 318 109 354
person 0.0010 142 402 168 420
person 0.0010 330 426 375 498
person 0.0010 72 351 86 407
person 0.0010 67 338 82 361
person 0.0010 97 321 133 366
person 0.0010 100 326 134 344
person 0.0010 133 342 159 415
person 0.0010 153 344 162 385
bicycle 0.0176 68 348 82 381
bicycle 0.0148 66 308 83 384
bicycle 0.0036 45 307 69 383
bicycle 0.0028 50 345 67 381
bicycle 0.0018 75 350 85 379
bicycle 0.0016 331 443 374 499
bicycle 0.0016 72 351 86 407
bicycle 0.0011 150 317 203 480
motorbike 0.0014 65 307 83 384
motorbike 0.0010 133 319 151 350
bird 0.0031 232 400 249 416
cat 0.0061 231 400 249 416
dog 0.0037 232 400 249 416
bottle 0.0079 148 318 203 484
bottle 0.0074 158 403 170 420
bottle 0.0072 142 401 161 419
bottle 0.0052 190 399 202 416
bottle 0.0033 231 400 249 416
bottle 0.0020 187 386 199 404
bottle 0.0014 148 401 168 420
bottle 0.0011 182 386 192 406
bottle 0.0010 346 392 374 438
chair 0.8845 205 410 261 500
chair 0.7568 258 422 330 499
chair 0.5570 245 399 294 419
chair 0.5123 330 433 375 499
chair 0.4105 306 377 345 417
chair 0.3060 345 380 374 437
chair 0.2368 234 400 295 451
chair 0.2227 345 376 374 406
chair 0.1922 334 391 374 476
chair 0.1903 232 400 249 417
chair 0.1812 318 375 375 416
chair 0.1753 288 375 336 416
chair 0.0927 274 425 371 499
chair 0.0927 284 377 315 414
chair 0.0829 241 400 305 430
chair 0.0823 266 380 330 435
chair 0.0529 327 381 360 410
chair 0.0521 347 399 374 431
chair 0.0434 209 410 255 459
chair 0.0415 324 422 374 460
chair 0.0412 266 414 373 460
chair 0.0350 236 419 347 443
chair 0.0268 329 385 348 399
chair 0.0258 230 403 252 453
chair 0.0233 312 393 341 421
chair 0.0215 347 452 374 500
chair 0.0214 306 379 328 414
chair 0.0205 321 396 374 447
chair 0.0203 286 411 353 432
chair 0.0194 237 420 349 466
chair 0.0186 261 458 329 501
chair 0.0163 347 375 375 389
chair 0.0156 268 400 293 416
chair 0.0155 349 393 374 459
chair 0.0148 286 401 296 415
chair 0.0132 307 415 335 428
chair 0.0129 309 398 348 433
chair 0.0127 268 414 328 426
chair 0.0126 254 423 329 457
chair 0.0126 253 421 340 435
chair 0.0120 316 401 337 413
chair 0.0118 231 398 278 417
chair 0.0116 257 415 376 434
chair 0.0114 332 416 363 433
chair 0.0110 328 386 350 416
chair 0.0104 292 405 314 417
chair 0.0101 292 412 313 424
chair 0.0086 270 399 370 437
chair 0.0082 320 415 338 431
chair 0.0078 327 425 370 447
chair 0.0077 231 413 251 440
chair 0.0074 307 415 365 468
chair 0.0072 250 402 272 417
chair 0.0070 305 414 360 440
chair 0.0068 320 429 352 500
chair 0.0067 232 411 271 453
chair 0.0062 290 415 306 425
chair 0.0060 212 407 299 497
chair 0.0058 332 465 373 500
chair 0.0057 331 385 364 430
chair 0.0056 252 413 289 451
chair 0.0049 243 415 299 463
chair 0.0048 255 415 312 429
chair 0.0047 330 374 368 397
chair 0.0042 267 403 299 422
chair 0.0042 300 417 331 432
chair 0.0040 241 361 320 427
chair 0.0039 320 399 343 415
chair 0.0038 319 416 348 434
chair 0.0037 242 401 261 418
chair 0.0036 267 424 303 443
chair 0.0035 345 428 374 454
chair 0.0033 346 412 364 432
chair 0.0032 293 414 324 425
chair 0.0032 300 378 318 409
chair 0.0031 274 376 375 454
chair 0.0029 265 475 323 499
chair 0.0028 317 375 349 398
chair 0.0027 347 387 373 418
chair 0.0027 68 345 82 379
chair 0.0026 259 410 293 433
chair 0.0026 275 405 293 421
chair 0.0026 327 453 357 500
chair 0.0026 354 476 374 500
chair 0.0025 237 401 269 422
chair 0.0024 229 408 260 469
chair 0.0023 296 384 339 430
chair 0.0023 350 433 374 473
chair 0.0023 226 393 329 463
chair 0.0023 331 397 348 417
chair 0.0023 332 418 350 432
chair 0.0022 273 416 293 428
chair 0.0022 338 396 352 420
chair 0.0019 287 354 317 380
chair 0.0019 307 415 326 424
chair 0.0019 317 405 338 422
chair 0.0018 349 414 373 437
chair 0.0018 270 425 312 454
chair 0.0017 348 375 361 386
chair 0.0017 257 377 309 415
sofa 0.0017 258 424 331 500
sofa 0.0017 345 376 374 406
sofa 0.0017 236 419 347 443
sofa 0.0015 245 399 294 419
sofa 0.0014 233 400 294 442
sofa 0.0011 206 410 260 501
sofa 0.0011 330 434 375 500
pottedplant 0.6758 216 318 241 363
pottedplant 0.2513 190 315 217 350
pottedplant 0.1412 219 337 240 363
pottedplant 0.0937 288 353 309 378
pottedplant 0.0705 154 299 185 359
pottedplant 0.0584 207 315 222 352
pottedplant 0.0566 223 348 238 363
pottedplant 0.0475 288 375 336 416
pottedplant 0.0458 133 319 151 350
pottedplant 0.0388 284 354 312 412
pottedplant 0.0368 209 246 230 273
pottedplant 0.0355 191 329 214 351
pottedplant 0.0348 138 313 154 328
pottedplant 0.0257 140 308 163 337
pottedplant 0.0249 213 316 236 346
pottedplant 0.0244 186 310 209 344
pottedplant 0.0239 145 313 159 331
pottedplant 0.0225 198 294 220 318
pottedplant 0.0224 158 283 183 324
pottedplant 0.0174 183 278 196 291
pottedplant 0.0160 208 332 226 360
pottedplant 0.0155 214 329 233 363
pottedplant 0.0150 199 336 215 351
pottedplant 0.0143 242 399 295 421
pottedplant 0.0137 211 314 224 340
pottedplant 0.0135 135 310 154 342
pottedplant 0.0124 219 317 237 338
pottedplant 0.0115 167 286 184 306
pottedplant 0.0109 344 375 374 401
pottedplant 0.0105 152 309 166 336
pottedplant 0.0098 220 316 231 328
pottedplant 0.0095 190 402 202 416
pottedplant 0.0090 196 304 220 344
pottedplant 0.0084 160 282 182 302
pottedplant 0.0083 147 315 158 342
pottedplant 0.0083 211 315 220 335
pottedplant 0.0080 138 303 154 323
pottedplant 0.0072 182 316 200 352
pottedplant 0.0071 161 307 202 350
pottedplant 0.0069 207 290 222 314
pottedplant 0.0066 186 329 195 353
pottedplant 0.0063 195 338 221 355
pottedplant 0.0054 142 291 169 322
pottedplant 0.0050 285 341 312 377
pottedplant 0.0047 206 308 229 345
pottedplant 0.0046 221 317 245 348
pottedplant 0.0044 151 282 176 309
pottedplant 0.0042 180 299 204 345
pottedplant 0.0034 205 252 226 276
pottedplant 0.0033 254 421 337 501
pottedplant 0.0030 239 253 256 273
pottedplant 0.0029 344 377 374 437
pottedplant 0.0028 293 351 319 377
pottedplant 0.0027 158 290 175 317
pottedplant 0.0027 100 312 114 337
pottedplant 0.0025 178 281 193 296
pottedplant 0.0024 232 400 248 417
pottedplant 0.0023 200 310 243 359
pottedplant 0.0023 90 324 108 351
pottedplant 0.0023 349 375 375 388
pottedplant 0.0023 194 302 217 327
pottedplant 0.0022 318 375 375 416
pottedplant 0.0020 157 297 171 321
pottedplant 0.0020 165 299 184 322
pottedplant 0.0019 208 209 244 273
pottedplant 0.0019 173 286 189 319
pottedplant 0.0019 186 293 213 327
pottedplant 0.0018 300 326 312 367
pottedplant 0.0018 208 305 219 331
pottedplant 0.0018 212 257 226 277
pottedplant 0.0017 153 293 168 316
pottedplant 0.0017 140 293 155 313
pottedplant 0.0017 183 310 200 334
pottedplant 0.0016 334 391 374 476
pottedplant 0.0016 142 298 161 320
pottedplant 0.0016 163 303 225 393
pottedplant 0.0015 285 373 310 397
pottedplant 0.0015 266 380 330 435
pottedplant 0.0014 173 313 193 344
pottedplant 0.0014 285 365 310 389
pottedplant 0.0014 139 303 149 317
pottedplant 0.0013 203 256 218 275
pottedplant 0.0013 267 344 316 402
pottedplant 0.0013 182 267 198 288
pottedplant 0.0012 65 307 90 381
pottedplant 0.0012 153 282 170 299
pottedplant 0.0012 225 328 245 365
pottedplant 0.0011 234 418 370 469
pottedplant 0.0011 186 270 201 285
pottedplant 0.0011 194 331 223 363
pottedplant 0.0011 273 356 306 378
pottedplant 0.0010 280 287 304 320
pottedplant 0.0010 241 324 251 347
pottedplant 0.0010 86 299 110 347
pottedplant 0.0010 235 416 347 446
pottedplant 0.0010 330 434 375 500
pottedplant 0.0010 281 290 307 346
diningtable 0.1915 236 419 347 443
diningtable 0.1888 256 419 333 501
diningtable 0.0706 234 400 295 451
diningtable 0.0693 239 411 371 432
diningtable 0.0655 325 428 374 498
diningtable 0.0593 266 414 373 460
diningtable 0.0552 274 425 371 499
diningtable 0.0544 345 375 375 404
diningtable 0.0525 266 380 330 435
diningtable 0.0518 240 399 295 422
diningtable 0.0482 306 377 345 417
diningtable 0.0464 325 421 374 461
diningtable 0.0373 237 420 349 466
diningtable 0.0369 334 391 374 476
diningtable 0.0358 344 377 374 437
diningtable 0.0305 328 381 360 410
diningtable 0.0224 329 385 348 399
diningtable 0.0212 284 414 319 425
diningtable 0.0208 329 417 367 437
diningtable 0.0168 292 411 313 424
diningtable 0.0157 253 421 340 435
diningtable 0.0138 318 375 375 416
diningtable 0.0135 322 397 373 446
diningtable 0.0132 327 425 370 447
diningtable 0.0120 301 414 363 441
diningtable 0.0114 270 399 370 437
diningtable 0.0109 205 410 261 500
diningtable 0.0095 285 377 323 417
diningtable 0.0092 347 399 374 431
diningtable 0.0085 252 415 331 428
diningtable 0.0084 307 396 350 434
diningtable 0.0073 319 416 348 434
diningtable 0.0070 307 415 365 468
diningtable 0.0066 230 383 361 463
diningtable 0.0065 299 410 342 432
diningtable 0.0059 347 375 375 389
diningtable 0.0056 301 415 333 427
diningtable 0.0054 219 408 319 495
diningtable 0.0050 231 403 252 453
diningtable 0.0042 331 385 364 430
diningtable 0.0037 249 423 322 453
diningtable 0.0035 321 415 338 431
diningtable 0.0035 345 428 373 454
diningtable 0.0031 328 386 350 416
diningtable 0.0030 264 403 316 424
diningtable 0.0028 340 448 375 499
diningtable 0.0025 312 391 342 423
diningtable 0.0021 292 405 314 417
diningtable 0.0019 330 374 368 397
diningtable 0.0019 290 415 306 425
diningtable 0.0019 243 415 299 463
diningtable 0.0018 319 426 353 496
diningtable 0.0017 286 401 296 415
diningtable 0.0016 349 393 374 459
diningtable 0.0015 336 417 355 431
diningtable 0.0015 244 407 308 436
diningtable 0.0015 267 424 303 443
diningtable 0.0015 232 400 249 417
diningtable 0.0014 232 411 271 453
diningtable 0.0013 340 430 375 479
diningtable 0.0012 317 375 349 398
diningtable 0.0011 231 413 251 440
diningtable 0.0011 323 457 353 500
diningtable 0.0011 289 364 345 408
diningtable 0.0010 211 409 254 458
tvmonitor 0.0014 232 400 248 416
