person 0.0014 70 177 107 216
person 0.0012 242 0 301 61
person 0.0010 141 161 246 414
bicycle 0.0017 144 174 244 425
bird 0.0040 241 0 297 62
cat 0.0041 136 171 248 418
cat 0.0018 242 0 301 61
dog 0.8733 140 166 247 421
dog 0.0028 70 177 107 216
horse 0.0020 144 174 244 425
sheep 0.0031 144 174 244 425
sheep 0.0018 242 0 301 61
cow 0.0015 144 174 244 425
bottle 0.0172 276 453 299 487
bottle 0.0041 295 347 313 366
bottle 0.0040 70 177 107 216
chair 0.0169 241 0 297 62
chair 0.0015 140 0 299 61
chair 0.0015 312 0 375 138
chair 0.0013 209 0 286 61
chair 0.0012 250 0 326 50
pottedplant 0.0290 321 108 369 193
pottedplant 0.0173 326 148 365 189
pottedplant 0.0031 250 99 360 185
pottedplant 0.0028 241 0 297 62
pottedplant 0.0023 316 59 372 185
pottedplant 0.0010 314 106 357 151
