person 0.6802 1 9 255 369
person 0.5190 277 247 360 371
person 0.4440 361 308 427 374
person 0.4363 418 302 483 374
person 0.1322 360 296 384 334
person 0.1213 392 199 463 233
person 0.0681 253 223 495 370
person 0.0350 369 303 417 343
person 0.0293 411 277 482 349
person 0.0264 347 290 465 373
person 0.0231 392 199 498 370
person 0.0201 288 249 332 284
person 0.0192 411 298 448 340
person 0.0167 352 299 392 370
person 0.0157 403 297 436 367
person 0.0130 423 301 483 341
person 0.0130 35 3 488 346
person 0.0114 281 244 347 323
person 0.0103 393 302 424 349
person 0.0096 348 288 384 347
person 0.0092 0 79 78 367
person 0.0087 235 230 405 355
person 0.0087 392 192 480 291
person 0.0081 382 309 408 335
person 0.0067 379 293 409 328
person 0.0066 362 295 403 337
person 0.0055 365 274 444 346
person 0.0052 357 292 380 320
person 0.0050 388 291 420 329
person 0.0047 405 293 432 330
person 0.0047 0 235 35 370
person 0.0046 390 310 415 342
person 0.0045 215 286 286 373
person 0.0041 444 298 484 359
person 0.0040 439 281 479 338
person 0.0038 415 304 437 336
person 0.0038 330 191 381 226
person 0.0037 360 301 382 365
person 0.0033 468 315 486 375
person 0.0030 0 281 56 370
person 0.0030 6 103 243 289
person 0.0030 472 339 484 375
person 0.0030 408 330 430 374
person 0.0025 218 197 261 221
person 0.0025 487 1 499 41
person 0.0021 291 118 427 227
person 0.0019 94 81 364 311
person 0.0018 472 230 499 376
person 0.0017 296 249 319 276
person 0.0017 0 196 261 370
person 0.0016 433 273 476 320
person 0.0016 415 296 438 324
person 0.0016 0 93 42 359
person 0.0015 475 350 483 375
person 0.0015 403 295 421 321
person 0.0015 414 287 453 317
person 0.0015 397 322 420 344
person 0.0015 169 235 346 371
person 0.0014 458 307 484 371
person 0.0014 370 307 397 334
person 0.0014 317 255 364 368
person 0.0013 355 266 386 331
person 0.0012 319 194 468 238
person 0.0011 21 276 226 372
person 0.0011 432 214 476 242
person 0.0011 0 189 58 367
person 0.0011 29 288 69 358
person 0.0011 0 35 39 63
person 0.0011 456 301 483 342
person 0.0010 483 345 499 374
person 0.0010 -6 17 132 349
person 0.0010 131 209 453 366
person 0.0010 284 307 364 372
person 0.0010 189 205 247 303
person 0.0010 336 263 386 345
person 0.0010 361 342 424 374
cat 0.0013 278 245 359 372
cat 0.0011 392 200 469 235
dog 0.0017 0 79 78 367
bottle 0.0129 215 287 286 373
bottle 0.0055 215 275 245 309
bottle 0.0037 218 197 261 221
bottle 0.0028 487 1 500 41
bottle 0.0022 329 191 383 226
chair 0.0083 215 288 285 373
chair 0.0066 22 275 227 372
chair 0.0045 0 273 37 372
chair 0.0030 392 199 463 233
chair 0.0026 -1 83 110 366
chair 0.0020 29 288 69 358
chair 0.0020 0 235 54 369
chair 0.0016 487 1 499 41
chair 0.0011 279 246 359 372
chair 0.0011 396 202 499 369
chair 0.0010 30 292 49 366
chair 0.0010 217 277 249 308
sofa 0.0015 33 275 229 372
pottedplant 0.1731 297 117 428 227
pottedplant 0.0600 329 191 379 226
pottedplant 0.0264 318 160 404 226
pottedplant 0.0030 227 89 471 278
pottedplant 0.0011 389 199 455 232
pottedplant 0.0011 273 182 312 225
diningtable 0.0021 215 285 286 372
diningtable 0.0016 71 194 458 379
diningtable 0.0013 84 49 496 327
diningtable 0.0012 171 231 331 375
diningtable 0.0010 227 89 471 278
tvmonitor 0.7625 254 222 494 370
tvmonitor 0.1113 267 236 375 373
tvmonitor 0.0345 359 305 427 373
tvmonitor 0.0345 488 1 499 41
tvmonitor 0.0048 274 239 348 326
tvmonitor 0.0046 477 234 500 375
tvmonitor 0.0045 289 248 333 288
tvmonitor 0.0044 360 295 384 334
tvmonitor 0.0035 397 221 496 374
tvmonitor 0.0027 417 267 484 357
tvmonitor 0.0013 236 224 364 334
tvmonitor 0.0011 71 194 458 379
tvmonitor 0.0010 215 286 286 373
