person 0.9109 14 38 193 373
person 0.0100 202 100 496 359
person 0.0083 367 217 479 278
person 0.0043 466 104 499 144
person 0.0041 489 114 500 142
person 0.0037 0 88 38 117
person 0.0031 72 103 142 277
person 0.0031 387 227 452 276
person 0.0031 474 29 500 81
person 0.0030 369 174 496 293
person 0.0027 129 180 189 275
person 0.0022 238 251 267 281
person 0.0022 322 161 397 250
person 0.0021 344 164 388 221
person 0.0020 234 90 269 111
person 0.0018 85 130 134 245
person 0.0017 195 87 274 113
person 0.0017 446 100 501 129
person 0.0017 277 133 476 319
person 0.0016 58 82 68 97
person 0.0016 342 161 381 200
person 0.0015 147 72 200 335
person 0.0013 55 83 67 103
person 0.0012 140 181 163 234
person 0.0012 236 93 256 111
person 0.0012 0 89 20 116
person 0.0011 -1 55 29 356
person 0.0010 7 70 473 367
person 0.0010 8 35 79 373
bicycle 0.0054 468 105 500 144
bicycle 0.0022 436 102 499 140
car 0.4723 183 85 271 113
car 0.2287 7 80 497 369
car 0.1515 133 95 218 120
car 0.1111 466 104 499 144
car 0.0990 271 93 389 129
car 0.0563 147 87 274 121
car 0.0321 131 98 250 128
car 0.0309 132 95 194 108
car 0.0305 436 102 499 140
car 0.0179 471 28 500 80
car 0.0145 460 102 499 123
car 0.0110 354 103 444 135
car 0.0108 6 99 233 146
car 0.0097 262 92 464 139
car 0.0087 438 31 499 115
car 0.0072 34 105 52 112
car 0.0071 373 40 402 57
car 0.0071 161 78 499 278
car 0.0068 135 90 218 108
car 0.0066 0 88 39 116
car 0.0066 62 99 226 125
car 0.0066 180 78 193 89
car 0.0066 347 109 383 124
car 0.0064 133 97 188 116
car 0.0052 138 68 194 96
car 0.0047 183 84 249 101
car 0.0047 414 116 444 135
car 0.0045 432 110 477 138
car 0.0044 335 101 383 124
car 0.0044 0 70 239 175
car 0.0044 115 97 228 151
car 0.0043 238 251 267 281
car 0.0038 236 93 433 180
car 0.0037 144 134 198 270
car 0.0036 140 93 186 105
car 0.0034 373 73 498 140
car 0.0033 199 90 386 135
car 0.0031 130 182 188 273
car 0.0029 458 73 500 115
car 0.0029 59 74 409 183
car 0.0028 179 78 203 91
car 0.0027 184 80 209 91
car 0.0027 127 75 139 96
car 0.0025 191 80 255 90
car 0.0025 131 109 225 297
car 0.0025 113 83 298 172
car 0.0024 369 33 413 64
car 0.0023 183 81 228 94
car 0.0023 33 101 58 116
car 0.0022 483 24 500 49
car 0.0022 110 88 460 136
car 0.0022 470 19 499 53
car 0.0021 349 106 406 128
car 0.0021 188 86 235 109
car 0.0021 125 81 214 115
car 0.0021 272 93 366 116
car 0.0019 139 71 295 361
car 0.0019 219 89 284 111
car 0.0018 457 96 498 116
car 0.0017 438 17 503 81
car 0.0017 90 94 210 114
car 0.0017 0 60 42 81
car 0.0016 0 80 20 89
car 0.0016 493 25 499 43
car 0.0015 85 130 134 245
car 0.0015 154 91 241 114
car 0.0015 433 57 488 98
car 0.0015 408 4 467 79
car 0.0015 489 112 499 138
car 0.0014 401 8 431 62
car 0.0013 0 81 7 89
car 0.0013 430 115 450 136
car 0.0013 346 67 444 132
car 0.0012 388 53 505 108
car 0.0011 350 36 485 130
car 0.0011 472 103 499 115
car 0.0011 191 82 210 89
car 0.0010 370 43 392 55
car 0.0010 65 62 263 224
car 0.0010 21 49 465 246
car 0.0010 11 33 203 360
car 0.0010 474 79 499 105
car 0.0010 371 214 489 277
car 0.0010 34 99 55 110
motorbike 0.0032 463 104 500 143
aeroplane 0.0035 7 80 497 369
bus 0.0767 7 80 497 369
bus 0.0020 17 36 195 373
bus 0.0014 0 87 42 117
bus 0.0013 181 85 272 113
train 0.0127 7 80 497 369
train 0.0031 17 36 195 373
boat 0.0014 7 80 497 369
bird 0.0230 238 254 267 282
cat 0.0079 238 254 266 282
cat 0.0010 231 242 272 279
dog 0.0134 238 251 267 281
bottle 0.0032 129 201 191 277
chair 0.2390 469 109 499 144
chair 0.0376 441 102 499 141
chair 0.0189 488 113 499 143
chair 0.0036 460 102 499 123
chair 0.0021 482 122 500 144
chair 0.0016 -1 65 34 365
chair 0.0011 145 92 496 369
chair 0.0010 415 119 441 135
diningtable 0.0090 467 104 499 144
diningtable 0.0019 437 103 498 143
tvmonitor 0.0054 0 60 43 82
tvmonitor 0.0026 -1 62 54 95
tvmonitor 0.0014 0 88 39 117
