person 0.0173 -5 8 316 375
person 0.0067 1 76 126 369
person 0.0034 447 227 499 327
person 0.0012 446 177 500 301
person 0.0011 169 141 235 254
person 0.0010 175 141 227 211
person 0.0010 129 92 261 312
cat 0.0014 447 206 499 310
cat 0.0014 264 193 495 265
cat 0.0010 151 180 238 289
bottle 0.0043 176 141 226 210
bottle 0.0041 182 140 237 249
bottle 0.0013 179 141 213 167
chair 0.0256 447 227 499 327
chair 0.0100 355 273 459 366
chair 0.0054 101 248 189 367
chair 0.0020 19 118 198 368
chair 0.0019 444 272 497 343
chair 0.0018 94 190 238 362
chair 0.0018 453 259 498 295
chair 0.0016 334 286 401 371
chair 0.0012 450 176 500 297
chair 0.0011 151 191 238 295
chair 0.0010 1 11 263 371
sofa 0.0112 447 227 499 327
sofa 0.0014 355 273 472 367
sofa 0.0013 1 78 128 368
sofa 0.0013 446 175 499 301
pottedplant 0.0413 448 189 499 316
pottedplant 0.0050 453 226 499 295
diningtable 0.0040 355 273 458 365
diningtable 0.0024 51 139 474 360
diningtable 0.0020 266 240 455 271
diningtable 0.0016 258 205 470 316
diningtable 0.0016 207 251 483 363
diningtable 0.0016 1 11 263 371
tvmonitor 0.6719 171 13 335 155
tvmonitor 0.0020 414 181 459 201
tvmonitor 0.0014 -8 2 351 164
tvmonitor 0.0013 217 156 305 258
tvmonitor 0.0012 169 154 239 278
tvmonitor 0.0012 136 128 369 280
