person 0.4104 120 165 134 203
person 0.2930 179 167 193 200
person 0.0646 173 169 186 200
person 0.0531 360 193 375 207
person 0.0432 120 165 129 182
person 0.0371 236 111 248 120
person 0.0354 118 163 130 194
person 0.0301 281 161 291 174
person 0.0246 180 166 208 190
person 0.0246 153 170 177 184
person 0.0233 310 161 321 175
person 0.0215 453 177 476 241
person 0.0214 218 92 351 220
person 0.0211 125 167 140 202
person 0.0201 181 166 195 189
person 0.0194 239 108 251 120
person 0.0166 303 117 313 127
person 0.0160 299 117 310 127
person 0.0147 216 155 222 164
person 0.0147 311 120 320 130
person 0.0128 234 160 242 173
person 0.0116 229 157 243 173
person 0.0114 236 123 245 135
person 0.0108 226 164 242 174
person 0.0105 327 125 341 135
person 0.0103 323 124 335 134
person 0.0094 330 163 339 175
person 0.0092 244 109 256 121
person 0.0090 229 111 243 120
person 0.0083 223 167 238 174
person 0.0083 274 162 287 174
person 0.0080 332 125 346 135
person 0.0077 311 122 321 135
person 0.0069 304 163 316 174
person 0.0068 116 162 126 178
person 0.0066 350 193 368 206
person 0.0065 163 170 183 189
person 0.0063 267 162 278 175
person 0.0056 183 160 197 174
person 0.0053 315 117 323 127
person 0.0050 324 163 336 175
person 0.0049 315 189 401 239
person 0.0049 196 172 217 181
person 0.0048 225 156 236 173
person 0.0048 221 168 231 174
person 0.0046 454 178 474 199
person 0.0046 215 154 223 173
person 0.0046 366 197 375 207
person 0.0045 214 161 223 177
person 0.0040 311 131 322 144
person 0.0040 236 156 249 173
person 0.0039 253 110 264 121
person 0.0039 153 165 205 191
person 0.0039 254 157 263 172
person 0.0038 230 154 241 168
person 0.0038 189 169 209 181
person 0.0036 300 163 310 173
person 0.0036 170 168 183 186
person 0.0036 294 114 305 126
person 0.0036 125 168 137 190
person 0.0036 265 111 275 120
person 0.0035 247 157 259 172
person 0.0033 280 149 291 166
person 0.0032 188 170 202 188
person 0.0032 260 113 273 121
person 0.0032 178 179 189 199
person 0.0031 171 167 204 199
person 0.0030 281 164 292 181
person 0.0030 0 152 8 160
person 0.0030 125 181 137 204
person 0.0029 234 154 244 168
person 0.0029 246 112 260 121
person 0.0028 313 125 328 134
person 0.0028 137 164 164 208
person 0.0028 213 169 223 178
person 0.0028 300 121 313 137
person 0.0027 263 154 276 174
person 0.0027 328 193 388 207
person 0.0027 207 168 221 178
person 0.0026 299 132 311 145
person 0.0026 193 165 218 180
person 0.0026 240 160 252 174
person 0.0024 184 160 210 179
person 0.0024 130 168 142 197
person 0.0023 380 191 390 207
person 0.0023 121 162 133 178
person 0.0022 453 173 486 211
person 0.0021 148 167 185 198
person 0.0021 300 116 314 130
person 0.0021 60 176 74 190
person 0.0020 366 191 383 208
person 0.0020 257 155 270 172
person 0.0018 142 169 154 183
person 0.0018 321 130 334 144
person 0.0018 114 162 125 185
person 0.0017 112 161 126 203
person 0.0017 270 154 288 174
person 0.0017 344 191 361 206
person 0.0017 332 128 345 141
person 0.0017 297 111 307 124
bicycle 0.0045 121 167 135 205
bicycle 0.0022 124 181 138 204
bicycle 0.0020 124 189 134 204
car 0.9139 303 186 402 244
car 0.8831 1 158 129 253
car 0.5453 435 173 455 184
car 0.3281 197 168 220 180
car 0.3152 489 182 499 190
car 0.3050 153 170 176 184
car 0.2870 453 176 472 191
car 0.2831 471 173 499 189
car 0.1163 449 173 466 181
car 0.0940 195 172 215 181
car 0.0880 470 178 491 190
car 0.0655 442 173 463 184
car 0.0602 178 167 194 199
car 0.0549 427 171 452 182
car 0.0453 207 168 221 178
car 0.0422 163 170 184 190
car 0.0392 180 166 208 190
car 0.0368 454 177 474 211
car 0.0340 454 174 470 182
car 0.0332 464 177 485 189
car 0.0200 153 165 205 191
car 0.0200 459 178 481 192
car 0.0153 173 169 186 200
car 0.0149 423 170 438 180
car 0.0145 185 167 212 183
car 0.0111 450 168 465 177
car 0.0107 213 169 223 178
car 0.0098 428 169 447 177
car 0.0095 490 184 499 193
car 0.0090 428 172 444 184
car 0.0064 181 166 195 189
car 0.0058 188 170 202 188
car 0.0058 192 163 220 183
car 0.0057 469 183 482 206
car 0.0054 170 168 183 186
car 0.0048 471 166 499 182
car 0.0047 114 167 143 203
car 0.0046 462 175 479 184
car 0.0043 436 177 455 187
car 0.0041 182 162 206 177
car 0.0041 152 163 179 192
car 0.0039 171 167 204 199
car 0.0036 214 161 223 177
car 0.0033 173 160 218 186
car 0.0030 223 166 238 174
car 0.0029 183 160 197 174
car 0.0029 437 171 453 178
car 0.0029 221 168 231 174
car 0.0029 471 181 497 198
car 0.0028 437 170 471 196
car 0.0026 224 159 244 173
car 0.0026 451 163 464 172
car 0.0023 206 172 222 180
car 0.0021 160 168 180 180
car 0.0021 193 165 223 197
car 0.0019 323 190 389 211
car 0.0019 121 166 132 192
car 0.0019 122 165 137 203
car 0.0019 427 163 443 171
car 0.0018 420 170 430 180
car 0.0017 489 170 500 184
car 0.0017 357 191 374 207
car 0.0017 446 176 483 247
car 0.0015 140 168 166 184
car 0.0015 215 154 223 173
car 0.0014 423 162 467 204
car 0.0013 442 176 463 191
car 0.0013 490 164 499 172
car 0.0012 185 159 198 169
car 0.0012 443 173 474 219
car 0.0011 350 193 368 206
bus 0.9304 218 93 351 219
bus 0.0166 473 170 499 186
bus 0.0059 471 177 499 190
bus 0.0028 1 158 127 252
bus 0.0028 245 104 315 206
bus 0.0019 463 171 500 193
bus 0.0014 453 176 472 190
bus 0.0013 475 166 500 179
bus 0.0011 303 185 402 245
train 0.0037 219 93 347 219
boat 0.0015 489 182 499 190
boat 0.0010 474 170 499 185
boat 0.0010 471 177 499 190
