person 0.7947 438 42 499 270
person 0.7708 376 74 464 244
person 0.7447 237 88 327 183
person 0.6982 171 97 249 185
person 0.6908 292 61 400 222
person 0.3773 63 77 242 271
person 0.1851 63 100 107 181
person 0.1605 2 283 136 371
person 0.1428 21 76 221 364
person 0.1163 9 182 153 369
person 0.1123 83 100 93 108
person 0.0916 134 100 233 249
person 0.0865 1 282 77 363
person 0.0815 75 99 105 146
person 0.0533 268 87 314 167
person 0.0424 49 134 156 326
person 0.0368 167 169 199 218
person 0.0356 198 120 236 191
person 0.0337 171 181 194 200
person 0.0333 121 92 259 343
person 0.0332 0 290 28 367
person 0.0331 163 142 202 170
person 0.0329 453 147 499 270
person 0.0323 157 135 211 199
person 0.0242 42 164 63 207
person 0.0242 166 148 199 161
person 0.0218 140 121 201 215
person 0.0205 183 135 240 205
person 0.0198 19 189 67 292
person 0.0185 81 95 97 123
person 0.0179 0 183 23 238
person 0.0151 191 99 286 177
person 0.0129 50 81 182 230
person 0.0125 397 67 463 177
person 0.0124 81 100 94 113
person 0.0110 237 91 382 205
person 0.0109 84 92 99 108
person 0.0101 230 107 282 163
person 0.0099 166 135 199 160
person 0.0096 310 61 389 163
person 0.0096 15 187 123 308
person 0.0085 282 60 365 174
person 0.0085 464 217 499 289
person 0.0084 0 124 3 143
person 0.0083 49 303 161 373
person 0.0075 194 185 245 218
person 0.0073 76 104 94 125
person 0.0072 87 95 102 109
person 0.0071 319 84 341 133
person 0.0070 288 181 319 208
person 0.0069 1 195 79 357
person 0.0069 57 120 109 214
person 0.0069 132 199 258 306
person 0.0068 191 97 250 150
person 0.0068 121 153 194 226
person 0.0063 169 132 190 154
person 0.0063 91 88 106 107
person 0.0062 304 73 359 142
person 0.0062 70 76 198 175
person 0.0056 254 151 313 212
person 0.0055 440 41 499 154
person 0.0053 73 140 360 368
person 0.0052 195 198 247 226
person 0.0052 147 142 178 177
person 0.0051 164 110 199 166
person 0.0051 -1 266 37 354
person 0.0047 20 189 58 249
person 0.0045 74 92 82 106
person 0.0043 40 93 64 109
person 0.0043 401 76 451 142
person 0.0043 320 96 338 123
person 0.0043 39 134 89 211
person 0.0043 76 80 119 142
person 0.0042 75 88 93 108
person 0.0040 44 94 124 204
person 0.0039 215 114 266 165
person 0.0039 157 144 186 174
person 0.0039 166 141 181 156
person 0.0038 322 101 342 129
person 0.0038 152 173 197 205
person 0.0038 22 162 68 229
person 0.0037 207 166 263 207
person 0.0037 242 173 283 203
person 0.0037 83 100 105 131
person 0.0036 41 109 96 171
person 0.0036 468 184 500 273
person 0.0034 52 99 64 108
person 0.0034 291 81 346 199
person 0.0034 209 141 216 163
person 0.0033 86 84 112 128
person 0.0033 0 228 44 299
person 0.0032 6 280 77 325
person 0.0032 151 84 198 170
person 0.0032 171 179 210 227
person 0.0032 155 145 171 175
person 0.0031 1 329 132 375
person 0.0030 189 215 219 227
person 0.0030 273 89 331 132
person 0.0030 44 123 85 186
person 0.0029 207 138 219 182
car 0.0311 0 183 23 238
car 0.0059 0 124 3 143
car 0.0023 151 27 229 74
car 0.0020 41 109 77 121
car 0.0013 33 80 67 101
aeroplane 0.0013 0 183 23 238
bus 0.0022 33 80 67 108
bus 0.0010 0 183 23 238
cat 0.0019 1 282 77 363
cat 0.0017 2 283 136 371
dog 0.0035 1 283 130 371
dog 0.0022 2 282 77 351
dog 0.0018 0 290 29 367
bottle 0.0427 203 124 229 188
bottle 0.0367 251 180 265 215
bottle 0.0165 182 108 237 189
bottle 0.0121 235 182 255 214
bottle 0.0096 208 138 220 184
bottle 0.0091 246 177 264 205
bottle 0.0087 269 179 288 209
bottle 0.0079 223 177 237 195
bottle 0.0078 274 204 293 227
bottle 0.0074 253 176 269 204
bottle 0.0073 283 220 316 284
bottle 0.0062 356 224 391 296
bottle 0.0056 252 175 265 193
bottle 0.0051 171 181 194 200
bottle 0.0047 218 182 237 209
bottle 0.0046 201 142 220 192
bottle 0.0045 253 188 273 216
bottle 0.0043 209 140 217 168
bottle 0.0043 218 154 240 188
bottle 0.0043 324 191 341 214
bottle 0.0035 269 174 285 193
bottle 0.0034 275 199 302 230
bottle 0.0033 290 189 312 216
bottle 0.0033 202 195 232 213
bottle 0.0030 195 176 211 196
bottle 0.0029 271 205 293 248
bottle 0.0028 222 174 247 192
bottle 0.0028 223 184 236 204
bottle 0.0028 132 107 247 275
bottle 0.0026 286 198 305 226
bottle 0.0025 56 73 258 312
bottle 0.0024 211 140 216 157
bottle 0.0024 249 192 267 219
bottle 0.0023 210 141 233 194
bottle 0.0023 270 255 312 340
bottle 0.0022 254 197 280 241
bottle 0.0020 309 189 360 210
bottle 0.0019 204 183 261 216
bottle 0.0019 258 174 270 188
bottle 0.0019 2 283 77 358
bottle 0.0019 207 166 263 207
bottle 0.0018 330 191 340 207
bottle 0.0017 270 185 293 217
bottle 0.0017 230 179 251 204
bottle 0.0016 234 178 275 220
bottle 0.0016 239 176 257 190
bottle 0.0015 179 305 261 373
bottle 0.0015 322 200 341 218
bottle 0.0015 42 164 62 198
bottle 0.0015 260 188 280 216
bottle 0.0015 224 188 240 213
bottle 0.0014 224 175 239 188
bottle 0.0014 172 179 210 227
bottle 0.0014 204 150 216 182
bottle 0.0014 309 197 353 223
bottle 0.0013 227 164 242 183
bottle 0.0013 286 206 364 241
bottle 0.0012 158 153 172 174
bottle 0.0011 0 290 28 367
bottle 0.0011 239 121 253 146
bottle 0.0010 293 185 313 204
bottle 0.0010 216 185 246 215
bottle 0.0010 251 210 285 252
bottle 0.0010 248 190 273 235
chair 0.5776 20 189 61 283
chair 0.3050 42 164 63 207
chair 0.0923 0 235 35 292
chair 0.0746 20 187 57 232
chair 0.0480 19 186 81 319
chair 0.0435 20 187 47 206
chair 0.0433 10 189 132 360
chair 0.0413 0 185 26 240
chair 0.0361 0 223 49 306
chair 0.0252 232 111 276 149
chair 0.0228 34 149 154 332
chair 0.0205 43 164 62 181
chair 0.0164 17 186 42 242
chair 0.0160 232 85 320 185
chair 0.0155 40 125 63 184
chair 0.0155 164 142 202 170
chair 0.0146 156 223 176 237
chair 0.0143 47 177 63 212
chair 0.0142 50 103 106 187
chair 0.0116 171 181 193 200
chair 0.0115 164 148 210 186
chair 0.0111 0 188 37 290
chair 0.0101 187 97 263 175
chair 0.0099 22 162 68 229
chair 0.0096 43 109 77 120
chair 0.0095 29 193 58 223
chair 0.0094 235 118 258 148
chair 0.0083 67 102 104 159
chair 0.0082 163 96 241 191
chair 0.0080 162 135 215 177
chair 0.0077 166 148 199 161
chair 0.0071 134 100 233 249
chair 0.0070 194 174 211 193
chair 0.0070 200 121 233 192
chair 0.0068 201 142 220 192
chair 0.0065 208 140 231 189
chair 0.0065 17 175 121 294
chair 0.0065 2 282 77 351
chair 0.0063 40 128 56 170
chair 0.0062 1 210 67 347
chair 0.0062 39 134 89 211
chair 0.0057 183 135 240 205
chair 0.0057 162 161 189 180
chair 0.0055 41 105 93 163
chair 0.0051 20 187 40 200
chair 0.0050 215 114 266 165
chair 0.0048 230 115 252 144
chair 0.0047 44 123 85 186
chair 0.0044 56 73 258 312
chair 0.0044 59 148 70 168
chair 0.0043 70 115 89 153
chair 0.0042 23 184 53 200
chair 0.0041 178 127 200 151
chair 0.0040 310 188 363 207
chair 0.0039 459 169 499 272
chair 0.0035 182 154 212 189
chair 0.0034 75 105 96 139
chair 0.0033 0 233 32 260
chair 0.0032 51 142 69 174
chair 0.0032 72 122 86 145
chair 0.0031 166 135 199 160
chair 0.0030 56 184 133 322
chair 0.0030 244 112 298 156
chair 0.0030 44 193 60 219
chair 0.0029 -1 266 37 354
chair 0.0028 44 150 68 182
chair 0.0028 140 121 201 215
chair 0.0027 237 134 255 147
chair 0.0025 336 191 372 206
chair 0.0024 33 171 68 263
chair 0.0024 48 241 84 323
chair 0.0024 200 154 212 178
chair 0.0024 230 118 244 138
chair 0.0023 247 115 267 150
chair 0.0022 76 104 94 125
chair 0.0022 27 168 59 200
chair 0.0021 7 186 36 251
chair 0.0021 42 115 73 167
chair 0.0021 201 200 234 214
chair 0.0021 1 283 130 371
chair 0.0020 207 166 263 207
chair 0.0019 268 174 285 195
chair 0.0019 215 153 240 189
chair 0.0019 60 117 86 163
chair 0.0019 240 132 260 149
chair 0.0018 169 115 198 154
chair 0.0018 223 177 237 194
chair 0.0018 47 103 72 116
chair 0.0018 12 170 251 371
chair 0.0017 35 84 71 116
chair 0.0017 339 205 367 220
chair 0.0017 214 116 253 151
chair 0.0016 46 129 67 164
chair 0.0016 0 146 6 183
chair 0.0016 13 232 56 284
chair 0.0016 0 155 24 217
chair 0.0016 204 150 216 182
chair 0.0016 47 158 65 174
chair 0.0016 172 129 194 153
chair 0.0016 0 271 22 299
sofa 0.0092 9 182 152 369
sofa 0.0059 0 182 25 239
sofa 0.0056 19 189 63 286
sofa 0.0049 1 195 79 357
sofa 0.0044 2 282 77 351
sofa 0.0038 0 223 49 306
sofa 0.0033 0 235 35 292
sofa 0.0024 2 283 136 371
sofa 0.0016 17 182 55 235
sofa 0.0012 -1 266 37 354
sofa 0.0011 15 187 123 308
pottedplant 0.0020 0 176 17 195
pottedplant 0.0020 0 160 17 208
pottedplant 0.0018 0 169 22 231
pottedplant 0.0018 0 176 8 194
pottedplant 0.0014 0 146 6 183
pottedplant 0.0012 206 139 229 191
diningtable 0.1923 65 175 472 376
diningtable 0.1464 269 255 313 340
diningtable 0.0824 283 221 316 274
diningtable 0.0718 234 214 368 310
diningtable 0.0495 0 188 23 239
diningtable 0.0329 122 145 450 305
diningtable 0.0312 232 111 276 149
diningtable 0.0212 112 236 349 317
diningtable 0.0207 236 88 325 181
diningtable 0.0205 135 252 493 374
diningtable 0.0205 180 302 261 369
diningtable 0.0189 167 180 358 265
diningtable 0.0179 298 283 449 360
diningtable 0.0151 131 116 266 278
diningtable 0.0148 188 96 254 171
diningtable 0.0146 0 186 32 275
diningtable 0.0132 83 230 347 377
diningtable 0.0117 211 342 383 373
diningtable 0.0116 356 226 391 295
diningtable 0.0109 0 235 35 292
diningtable 0.0103 42 109 78 120
diningtable 0.0097 163 147 206 181
diningtable 0.0095 6 186 37 240
diningtable 0.0077 204 183 261 216
diningtable 0.0076 223 175 238 206
diningtable 0.0076 178 170 291 238
diningtable 0.0074 183 135 240 205
diningtable 0.0074 209 170 405 291
diningtable 0.0073 57 100 106 163
diningtable 0.0072 201 196 234 214
diningtable 0.0072 274 210 357 258
diningtable 0.0067 216 185 246 215
diningtable 0.0066 234 184 255 214
diningtable 0.0066 223 198 490 358
diningtable 0.0065 181 250 278 290
diningtable 0.0063 195 198 247 226
diningtable 0.0061 39 106 83 161
diningtable 0.0058 289 189 314 216
diningtable 0.0058 249 174 266 193
diningtable 0.0057 160 117 249 210
diningtable 0.0056 408 280 498 370
diningtable 0.0055 248 212 285 252
diningtable 0.0054 165 149 202 164
diningtable 0.0053 208 140 231 189
diningtable 0.0048 19 189 63 286
diningtable 0.0045 264 201 399 283
diningtable 0.0045 420 290 485 322
diningtable 0.0045 207 166 263 207
diningtable 0.0044 40 120 70 172
diningtable 0.0043 234 178 275 220
diningtable 0.0042 191 291 269 320
diningtable 0.0040 194 174 211 193
diningtable 0.0040 249 185 265 217
diningtable 0.0039 199 210 251 225
diningtable 0.0037 302 211 364 241
diningtable 0.0036 332 247 492 362
diningtable 0.0036 185 244 366 352
diningtable 0.0036 163 218 273 284
diningtable 0.0033 171 181 193 200
diningtable 0.0033 161 155 195 176
diningtable 0.0033 269 175 286 193
diningtable 0.0033 157 135 211 199
diningtable 0.0031 228 110 277 123
diningtable 0.0029 200 194 265 233
diningtable 0.0024 367 281 478 347
diningtable 0.0023 232 176 394 246
diningtable 0.0023 195 314 476 372
diningtable 0.0023 235 118 258 148
diningtable 0.0022 273 203 293 238
diningtable 0.0022 242 173 283 203
diningtable 0.0022 240 165 290 183
diningtable 0.0021 201 193 232 207
diningtable 0.0020 460 257 499 302
diningtable 0.0020 227 111 255 139
diningtable 0.0019 0 223 49 306
diningtable 0.0019 222 174 247 192
diningtable 0.0019 410 289 482 344
diningtable 0.0018 270 181 289 220
diningtable 0.0017 0 233 32 260
diningtable 0.0017 275 199 302 230
diningtable 0.0016 190 116 348 239
diningtable 0.0016 229 298 274 331
diningtable 0.0016 240 143 260 153
diningtable 0.0016 395 262 479 317
diningtable 0.0016 3 281 141 369
diningtable 0.0015 65 113 85 156
diningtable 0.0015 2 282 77 349
diningtable 0.0015 200 121 233 192
diningtable 0.0014 199 141 222 192
diningtable 0.0014 160 161 185 174
diningtable 0.0014 44 119 85 191
diningtable 0.0014 454 265 499 369
diningtable 0.0014 0 175 27 221
diningtable 0.0014 248 190 273 235
diningtable 0.0014 243 169 265 184
diningtable 0.0014 40 162 66 207
diningtable 0.0013 408 289 452 317
diningtable 0.0013 227 208 255 225
diningtable 0.0013 0 200 85 345
diningtable 0.0013 17 182 55 235
tvmonitor 0.1052 0 183 23 238
tvmonitor 0.0457 151 27 229 74
tvmonitor 0.0419 33 80 67 106
tvmonitor 0.0181 0 235 35 292
tvmonitor 0.0137 0 180 50 269
tvmonitor 0.0114 19 188 63 283
tvmonitor 0.0088 17 182 55 235
tvmonitor 0.0053 74 89 82 107
tvmonitor 0.0050 0 124 3 144
tvmonitor 0.0037 0 36 16 154
tvmonitor 0.0037 36 87 59 106
tvmonitor 0.0030 32 71 80 124
tvmonitor 0.0029 72 80 83 107
tvmonitor 0.0027 75 87 94 109
tvmonitor 0.0026 57 100 106 163
tvmonitor 0.0023 60 83 84 107
tvmonitor 0.0021 0 223 49 306
tvmonitor 0.0019 43 86 71 110
tvmonitor 0.0016 67 89 79 107
tvmonitor 0.0015 38 92 55 108
tvmonitor 0.0015 0 110 4 138
tvmonitor 0.0013 35 81 63 93
tvmonitor 0.0013 0 30 31 178
tvmonitor 0.0012 93 66 122 90
tvmonitor 0.0012 45 104 82 120
tvmonitor 0.0011 72 92 110 149
tvmonitor 0.0010 83 70 118 104
tvmonitor 0.0010 29 94 77 153
