person 0.7749 9 134 131 267
person 0.6592 190 123 319 335
person 0.5342 232 78 495 378
person 0.1485 175 175 460 371
person 0.0463 109 140 329 358
person 0.0455 254 139 430 328
person 0.0136 48 135 151 232
person 0.0094 33 164 95 242
person 0.0089 124 186 209 227
person 0.0078 87 196 262 290
person 0.0072 117 143 315 257
person 0.0070 52 174 82 217
person 0.0065 68 244 119 300
person 0.0057 204 175 406 294
person 0.0054 361 123 389 165
person 0.0047 143 225 196 270
person 0.0045 0 180 11 217
person 0.0044 172 261 199 308
person 0.0040 0 194 42 271
person 0.0035 191 140 233 165
person 0.0034 122 186 227 262
person 0.0033 116 169 237 230
person 0.0030 196 125 303 237
person 0.0028 250 147 325 259
person 0.0028 57 175 76 200
person 0.0027 -13 256 240 387
person 0.0026 0 159 157 324
person 0.0025 0 170 14 269
person 0.0020 300 133 320 155
person 0.0020 386 76 499 372
person 0.0020 10 171 207 270
person 0.0019 193 213 316 292
person 0.0019 114 185 152 201
person 0.0018 281 174 389 333
person 0.0018 112 184 170 226
person 0.0017 17 194 107 263
person 0.0017 304 205 391 299
person 0.0017 0 296 14 330
person 0.0015 127 281 161 364
person 0.0015 123 88 203 164
person 0.0015 215 144 299 300
person 0.0015 274 156 315 222
person 0.0015 0 176 10 198
person 0.0014 85 277 118 356
person 0.0014 366 122 382 140
person 0.0013 120 242 165 289
person 0.0013 264 156 298 185
person 0.0012 172 262 346 376
person 0.0011 0 297 9 323
person 0.0011 173 194 224 248
person 0.0010 224 147 374 268
person 0.0010 365 122 386 149
person 0.0010 0 235 38 322
bird 0.0014 9 272 86 336
cat 0.0039 182 113 491 391
cat 0.0012 362 137 388 165
cat 0.0012 181 177 391 369
dog 0.0123 175 175 460 371
dog 0.0031 357 123 388 165
dog 0.0012 232 79 499 377
dog 0.0011 239 183 394 359
bottle 0.6804 87 278 120 358
bottle 0.0396 160 314 190 351
bottle 0.0131 124 277 159 365
bottle 0.0115 70 249 117 310
bottle 0.0105 146 139 159 165
bottle 0.0089 0 296 13 329
bottle 0.0084 0 159 11 218
bottle 0.0081 98 276 125 312
bottle 0.0077 162 136 177 163
bottle 0.0073 0 297 8 322
bottle 0.0072 284 154 291 164
bottle 0.0072 127 141 143 166
bottle 0.0068 9 272 86 336
bottle 0.0060 17 240 46 334
bottle 0.0056 79 271 112 335
bottle 0.0050 107 277 129 330
bottle 0.0048 123 271 154 309
bottle 0.0047 76 279 98 305
bottle 0.0039 86 281 118 316
bottle 0.0036 174 263 199 309
bottle 0.0035 -13 256 240 387
bottle 0.0033 189 311 225 332
bottle 0.0031 171 229 189 265
bottle 0.0030 147 150 158 164
bottle 0.0030 108 271 126 307
bottle 0.0025 124 271 153 289
bottle 0.0023 2 232 64 336
bottle 0.0021 283 145 292 162
bottle 0.0020 281 144 295 172
bottle 0.0018 1 249 39 333
bottle 0.0018 150 137 165 166
bottle 0.0018 9 238 109 328
bottle 0.0017 0 181 10 213
bottle 0.0017 0 295 12 312
bottle 0.0015 0 177 10 197
bottle 0.0015 119 249 160 302
bottle 0.0015 283 154 293 176
bottle 0.0015 151 151 159 164
bottle 0.0015 46 279 84 310
bottle 0.0014 275 135 294 163
bottle 0.0014 273 156 297 178
bottle 0.0014 194 253 206 277
bottle 0.0013 6 135 131 269
bottle 0.0013 90 308 118 331
bottle 0.0012 0 288 29 331
bottle 0.0012 88 280 113 302
bottle 0.0012 41 283 85 333
bottle 0.0011 190 141 231 164
bottle 0.0011 0 156 12 186
bottle 0.0011 -1 316 228 372
bottle 0.0011 58 195 69 219
bottle 0.0010 121 286 139 342
bottle 0.0010 33 261 66 304
bottle 0.0010 56 176 75 199
bottle 0.0010 268 161 293 182
chair 0.1246 119 189 211 229
chair 0.1221 114 185 152 201
chair 0.0873 0 210 31 278
chair 0.0746 188 128 325 358
chair 0.0605 114 187 149 222
chair 0.0348 118 198 130 222
chair 0.0274 116 194 135 226
chair 0.0227 64 170 161 235
chair 0.0197 115 195 144 215
chair 0.0192 254 139 430 328
chair 0.0181 77 174 393 368
chair 0.0180 100 188 175 228
chair 0.0173 182 113 491 391
chair 0.0171 92 186 191 248
chair 0.0123 0 204 57 309
chair 0.0118 127 215 204 232
chair 0.0113 0 258 8 272
chair 0.0111 124 194 202 262
chair 0.0105 287 178 382 295
chair 0.0100 0 235 38 322
chair 0.0099 16 140 170 262
chair 0.0083 228 186 389 355
chair 0.0080 131 210 199 248
chair 0.0079 0 248 26 286
chair 0.0078 2 151 126 322
chair 0.0071 117 169 235 230
chair 0.0068 277 135 294 160
chair 0.0063 13 215 45 323
chair 0.0059 108 178 244 275
chair 0.0059 94 185 153 206
chair 0.0052 174 263 199 309
chair 0.0045 193 317 240 352
chair 0.0043 151 226 192 265
chair 0.0038 120 198 145 230
chair 0.0035 144 219 197 234
chair 0.0034 270 144 298 182
chair 0.0034 68 244 119 300
chair 0.0034 120 242 165 289
chair 0.0033 8 209 73 277
chair 0.0032 192 202 317 287
chair 0.0032 0 252 29 307
chair 0.0031 120 204 134 231
chair 0.0028 67 158 314 301
chair 0.0026 124 277 159 365
chair 0.0025 98 150 267 250
chair 0.0024 23 246 58 298
chair 0.0023 216 321 240 348
chair 0.0023 0 170 14 269
chair 0.0021 0 261 18 278
chair 0.0021 17 194 107 263
chair 0.0019 27 217 93 265
chair 0.0019 1 229 88 340
chair 0.0017 88 280 119 358
chair 0.0015 101 183 136 221
chair 0.0014 154 217 194 249
chair 0.0014 311 210 396 294
chair 0.0014 189 311 225 332
chair 0.0013 5 212 111 295
chair 0.0013 111 175 153 204
chair 0.0013 302 184 367 265
chair 0.0013 15 240 60 331
chair 0.0013 0 212 13 267
chair 0.0013 86 167 153 209
chair 0.0012 0 241 18 278
chair 0.0012 281 144 295 172
chair 0.0012 136 203 218 232
chair 0.0012 57 214 178 304
chair 0.0012 0 284 13 317
chair 0.0012 3 176 57 264
chair 0.0011 284 189 327 276
chair 0.0011 226 174 365 284
chair 0.0010 8 239 255 372
chair 0.0010 0 251 14 269
chair 0.0010 0 180 11 217
chair 0.0010 160 314 190 351
sofa 0.1093 184 165 384 357
sofa 0.1002 182 113 491 391
sofa 0.0777 120 190 207 232
sofa 0.0739 0 208 31 274
sofa 0.0553 254 139 430 328
sofa 0.0400 172 261 199 308
sofa 0.0341 109 140 329 358
sofa 0.0281 190 122 319 335
sofa 0.0235 108 178 244 275
sofa 0.0208 294 181 378 286
sofa 0.0168 225 177 397 292
sofa 0.0166 131 217 196 271
sofa 0.0157 10 134 146 276
sofa 0.0148 92 186 191 248
sofa 0.0140 112 184 170 226
sofa 0.0135 -1 188 54 274
sofa 0.0112 83 209 402 372
sofa 0.0088 117 143 315 257
sofa 0.0081 1 231 65 336
sofa 0.0074 120 242 165 289
sofa 0.0067 123 197 203 259
sofa 0.0066 64 170 161 235
sofa 0.0060 30 205 200 314
sofa 0.0055 0 159 102 291
sofa 0.0050 0 170 19 275
sofa 0.0049 0 218 35 311
sofa 0.0047 68 244 119 300
sofa 0.0044 307 154 402 296
sofa 0.0038 26 247 278 374
sofa 0.0033 127 215 204 232
sofa 0.0033 312 211 395 291
sofa 0.0032 114 185 152 201
sofa 0.0030 109 239 162 313
sofa 0.0029 189 311 225 332
sofa 0.0028 116 196 142 229
sofa 0.0025 0 257 8 269
sofa 0.0024 16 162 259 257
sofa 0.0023 283 223 497 372
sofa 0.0020 193 213 316 292
sofa 0.0018 147 261 213 310
sofa 0.0017 10 238 110 327
sofa 0.0017 117 169 235 230
sofa 0.0015 0 248 26 286
sofa 0.0015 191 140 233 165
sofa 0.0014 137 221 197 235
sofa 0.0013 124 277 159 365
sofa 0.0012 1 249 39 333
sofa 0.0012 87 280 120 359
sofa 0.0012 56 196 189 269
sofa 0.0011 298 97 460 365
sofa 0.0011 294 202 394 334
sofa 0.0011 117 199 135 221
sofa 0.0010 305 180 373 240
sofa 0.0010 151 226 192 265
sofa 0.0010 276 150 407 242
sofa 0.0010 3 243 187 348
pottedplant 0.8261 124 87 202 163
pottedplant 0.4939 191 141 233 164
pottedplant 0.2856 70 249 117 304
pottedplant 0.1274 121 256 160 290
pottedplant 0.0779 109 239 162 313
pottedplant 0.0710 14 216 217 346
pottedplant 0.0500 57 214 178 304
pottedplant 0.0486 431 0 500 90
pottedplant 0.0453 120 246 163 279
pottedplant 0.0394 123 270 153 289
pottedplant 0.0368 75 275 102 307
pottedplant 0.0330 174 263 199 309
pottedplant 0.0327 124 134 144 167
pottedplant 0.0313 0 155 11 215
pottedplant 0.0303 87 280 120 359
pottedplant 0.0293 12 273 87 336
pottedplant 0.0240 10 238 110 327
pottedplant 0.0186 122 94 156 160
pottedplant 0.0149 0 157 12 186
pottedplant 0.0137 120 190 207 232
pottedplant 0.0123 124 277 159 365
pottedplant 0.0111 108 271 127 307
pottedplant 0.0111 131 217 196 271
pottedplant 0.0103 1 231 65 336
pottedplant 0.0087 96 271 125 318
pottedplant 0.0086 124 136 144 152
pottedplant 0.0071 10 171 207 270
pottedplant 0.0071 154 140 269 221
pottedplant 0.0067 122 270 154 313
pottedplant 0.0065 147 261 213 310
pottedplant 0.0064 99 225 172 282
pottedplant 0.0061 161 135 176 163
pottedplant 0.0061 191 147 216 164
pottedplant 0.0053 65 228 140 298
pottedplant 0.0052 465 17 500 90
pottedplant 0.0050 92 186 191 248
pottedplant 0.0050 84 244 156 295
pottedplant 0.0046 0 187 10 216
pottedplant 0.0043 19 195 147 327
pottedplant 0.0040 0 177 10 197
pottedplant 0.0040 190 200 212 242
pottedplant 0.0039 120 131 303 234
pottedplant 0.0038 83 269 118 302
pottedplant 0.0037 61 183 257 306
pottedplant 0.0036 122 186 227 262
pottedplant 0.0036 118 137 318 323
pottedplant 0.0034 187 127 240 173
pottedplant 0.0032 103 252 130 306
pottedplant 0.0031 481 22 500 90
pottedplant 0.0027 0 170 14 269
pottedplant 0.0027 148 107 192 161
pottedplant 0.0022 151 226 192 265
pottedplant 0.0022 17 240 46 334
pottedplant 0.0021 39 274 92 316
pottedplant 0.0019 173 194 224 248
pottedplant 0.0019 447 0 498 25
pottedplant 0.0019 152 105 242 175
pottedplant 0.0019 -3 149 32 271
pottedplant 0.0018 174 140 218 164
pottedplant 0.0017 30 255 70 312
pottedplant 0.0016 145 138 160 163
pottedplant 0.0016 124 254 173 305
pottedplant 0.0016 83 274 109 295
pottedplant 0.0016 124 263 151 283
pottedplant 0.0015 362 124 391 164
pottedplant 0.0015 209 138 238 164
pottedplant 0.0015 41 283 86 333
pottedplant 0.0014 80 271 113 338
pottedplant 0.0013 148 136 167 166
pottedplant 0.0013 124 247 149 275
pottedplant 0.0013 163 134 182 152
pottedplant 0.0013 1 247 40 332
pottedplant 0.0013 124 128 145 144
pottedplant 0.0012 491 26 500 89
pottedplant 0.0012 26 247 278 374
pottedplant 0.0012 134 120 153 148
pottedplant 0.0012 118 97 138 163
pottedplant 0.0011 0 208 31 274
pottedplant 0.0011 385 133 401 162
pottedplant 0.0010 110 252 146 281
pottedplant 0.0010 0 199 10 218
pottedplant 0.0010 169 229 190 265
pottedplant 0.0010 127 145 141 165
diningtable 0.2539 124 281 160 365
diningtable 0.2387 -13 256 240 387
diningtable 0.1804 87 279 120 359
diningtable 0.0594 0 305 230 372
diningtable 0.0386 68 274 259 368
diningtable 0.0315 14 216 217 346
diningtable 0.0213 158 311 200 355
diningtable 0.0156 143 297 224 349
diningtable 0.0139 149 298 213 327
diningtable 0.0136 172 262 199 308
diningtable 0.0113 5 336 184 372
diningtable 0.0111 70 248 122 302
diningtable 0.0101 109 239 162 313
diningtable 0.0085 103 270 241 337
diningtable 0.0074 67 196 312 363
diningtable 0.0057 158 304 197 315
diningtable 0.0051 114 185 152 200
diningtable 0.0046 136 286 206 314
diningtable 0.0037 133 316 157 367
diningtable 0.0033 0 258 8 272
diningtable 0.0031 165 307 227 340
diningtable 0.0030 160 288 180 307
diningtable 0.0030 119 189 211 229
diningtable 0.0028 147 261 213 310
diningtable 0.0027 180 310 224 330
diningtable 0.0026 111 267 186 346
diningtable 0.0024 152 279 187 310
diningtable 0.0023 61 183 257 306
diningtable 0.0023 89 317 119 356
diningtable 0.0021 157 294 199 321
diningtable 0.0019 131 217 196 271
diningtable 0.0018 81 331 228 371
diningtable 0.0018 0 214 34 311
diningtable 0.0017 57 214 178 304
diningtable 0.0017 8 276 86 335
diningtable 0.0015 6 128 132 271
diningtable 0.0014 123 271 154 309
diningtable 0.0013 120 242 165 289
diningtable 0.0013 101 340 155 371
diningtable 0.0012 10 171 207 270
diningtable 0.0012 191 316 237 346
diningtable 0.0012 0 296 15 330
diningtable 0.0012 100 188 175 228
diningtable 0.0011 137 221 197 235
diningtable 0.0011 0 261 18 278
diningtable 0.0011 190 122 319 335
diningtable 0.0011 2 293 86 355
diningtable 0.0010 4 313 109 369
diningtable 0.0010 0 252 28 308
diningtable 0.0010 80 335 134 368
tvmonitor 0.0087 0 89 19 152
tvmonitor 0.0064 276 135 295 160
tvmonitor 0.0033 299 133 320 156
