person 0.6664 241 134 417 224
person 0.0379 325 131 502 242
person 0.0101 237 143 352 212
person 0.0059 242 144 304 207
person 0.0038 407 131 461 170
person 0.0036 169 115 411 244
person 0.0035 409 131 497 242
person 0.0016 58 65 505 354
cat 0.0042 238 133 405 222
cat 0.0035 244 141 310 207
dog 0.0148 238 133 405 223
dog 0.0094 244 141 310 207
dog 0.0019 37 97 494 265
dog 0.0013 239 157 344 236
dog 0.0013 169 115 411 244
chair 0.0048 486 141 500 167
chair 0.0036 12 118 498 364
sofa 0.8247 34 113 509 367
sofa 0.0100 241 136 396 227
sofa 0.0034 233 147 314 207
sofa 0.0033 41 102 491 224
sofa 0.0026 169 115 411 244
sofa 0.0023 266 132 500 242
sofa 0.0021 239 157 344 236
sofa 0.0016 486 142 499 166
sofa 0.0016 403 132 499 245
