person 0.5890 72 58 81 82
person 0.4151 66 57 79 83
person 0.4019 104 72 118 108
person 0.2308 66 57 73 79
person 0.1911 99 67 149 111
person 0.1681 105 74 119 91
person 0.0561 194 160 211 177
person 0.0435 129 67 135 74
person 0.0335 95 74 106 90
person 0.0299 124 64 137 74
person 0.0273 99 72 109 88
person 0.0264 114 64 145 76
person 0.0194 187 157 215 178
person 0.0178 96 61 150 81
person 0.0168 110 140 285 237
person 0.0135 97 73 110 106
person 0.0094 128 70 142 81
person 0.0087 64 66 72 85
person 0.0083 124 68 144 85
person 0.0079 163 153 236 183
person 0.0072 141 70 151 86
person 0.0071 125 66 151 104
person 0.0070 42 57 50 67
person 0.0066 97 70 118 87
person 0.0065 127 74 150 93
person 0.0064 100 64 144 93
person 0.0064 129 68 146 75
person 0.0050 99 70 117 80
person 0.0046 121 70 135 85
person 0.0044 220 158 233 179
person 0.0042 61 56 73 83
person 0.0037 113 73 126 97
person 0.0034 44 59 53 69
person 0.0030 112 69 129 87
person 0.0028 170 157 200 179
person 0.0022 75 59 82 77
person 0.0021 91 66 105 87
person 0.0021 130 66 148 81
person 0.0020 118 72 136 99
person 0.0020 72 57 80 71
person 0.0019 141 68 151 79
person 0.0019 94 74 107 99
person 0.0017 99 71 108 80
person 0.0014 41 55 53 71
person 0.0014 167 157 188 177
person 0.0014 188 161 221 213
person 0.0012 100 83 110 106
person 0.0012 66 58 71 69
person 0.0012 100 20 109 37
person 0.0011 218 159 240 185
person 0.0010 179 163 201 175
bicycle 0.0061 73 59 81 85
bicycle 0.0031 65 60 76 86
bicycle 0.0027 64 66 72 85
car 0.8980 112 139 275 240
car 0.1196 95 61 151 111
car 0.0411 103 73 119 105
car 0.0317 96 61 150 81
car 0.0204 103 72 118 87
car 0.0057 100 70 120 80
car 0.0049 114 64 145 76
car 0.0042 108 84 151 111
car 0.0041 114 68 152 104
car 0.0024 100 64 144 93
car 0.0020 99 72 109 88
car 0.0014 123 73 150 95
car 0.0013 187 157 215 178
car 0.0013 95 72 105 91
car 0.0013 63 57 72 82
car 0.0012 1 122 12 136
car 0.0012 111 73 128 107
car 0.0010 124 64 137 74
car 0.0010 2 118 29 135
motorbike 0.0025 103 73 117 105
motorbike 0.0014 97 62 155 111
motorbike 0.0011 112 139 274 240
motorbike 0.0011 104 74 118 91
aeroplane 0.0064 405 116 499 134
aeroplane 0.0016 111 139 276 240
bus 0.0264 95 61 152 111
bus 0.0094 111 139 276 241
bus 0.0025 97 61 150 83
bus 0.0016 104 71 118 109
bus 0.0011 105 74 118 92
bus 0.0010 406 118 498 135
train 0.0045 93 61 150 111
boat 0.0060 96 62 153 111
boat 0.0025 111 139 276 240
boat 0.0017 97 61 150 83
chair 0.0038 305 170 330 203
