person 0.0136 0 198 112 370
person 0.0030 220 198 232 215
person 0.0025 231 164 273 322
person 0.0024 341 345 448 372
person 0.0020 488 143 500 189
person 0.0013 329 188 499 370
person 0.0012 267 196 289 214
person 0.0011 262 213 329 284
person 0.0011 274 199 294 213
person 0.0010 491 174 499 188
car 0.0014 485 137 497 182
car 0.0013 489 134 500 186
car 0.0012 1 198 112 370
boat 0.0010 1 198 112 370
bottle 0.8732 231 166 274 319
bottle 0.0094 280 116 312 235
bottle 0.0067 217 198 233 216
bottle 0.0054 223 200 235 215
bottle 0.0037 203 168 347 321
bottle 0.0036 220 184 232 215
bottle 0.0035 258 182 280 214
bottle 0.0034 263 124 303 215
bottle 0.0030 258 199 270 213
bottle 0.0027 260 134 287 207
bottle 0.0025 228 169 249 316
bottle 0.0025 195 167 228 216
bottle 0.0023 406 180 432 197
bottle 0.0022 229 199 238 215
bottle 0.0022 166 198 200 218
bottle 0.0021 266 182 289 214
bottle 0.0021 267 197 287 214
bottle 0.0018 368 164 414 190
bottle 0.0017 307 122 335 241
bottle 0.0016 1 199 111 369
bottle 0.0016 252 179 297 215
bottle 0.0014 198 188 227 216
bottle 0.0014 208 194 228 217
bottle 0.0014 233 235 274 315
bottle 0.0012 262 213 328 283
bottle 0.0011 229 183 245 224
bottle 0.0011 271 131 297 201
bottle 0.0011 250 173 275 216
bottle 0.0011 265 162 313 221
bottle 0.0010 288 126 314 201
bottle 0.0010 275 199 295 213
bottle 0.0010 290 74 341 226
chair 0.8303 261 214 329 284
chair 0.7588 329 186 498 371
chair 0.6633 88 214 233 369
chair 0.4879 0 198 112 371
chair 0.4687 365 189 417 209
chair 0.3593 333 193 373 239
chair 0.3072 335 188 418 220
chair 0.1844 365 164 417 193
chair 0.1281 399 178 432 196
chair 0.1188 89 217 153 368
chair 0.1149 430 187 460 197
chair 0.0952 137 217 234 304
chair 0.0868 192 164 227 215
chair 0.0747 368 183 431 204
chair 0.0710 384 171 432 194
chair 0.0648 231 166 273 320
chair 0.0362 220 198 232 215
chair 0.0338 170 199 200 218
chair 0.0335 332 187 420 261
chair 0.0315 205 210 364 305
chair 0.0267 331 191 367 271
chair 0.0219 133 157 177 218
chair 0.0208 211 198 230 216
chair 0.0202 229 199 238 215
chair 0.0200 267 199 296 214
chair 0.0161 355 173 443 235
chair 0.0153 393 172 416 191
chair 0.0149 280 200 297 214
chair 0.0142 93 244 343 371
chair 0.0135 409 185 432 198
chair 0.0135 308 165 336 239
chair 0.0129 406 171 447 196
chair 0.0118 326 173 455 313
chair 0.0102 196 165 222 197
chair 0.0093 364 162 416 176
chair 0.0093 198 188 227 216
chair 0.0086 191 158 220 187
chair 0.0085 333 173 373 222
chair 0.0082 426 176 452 196
chair 0.0082 118 92 199 217
chair 0.0079 367 152 435 198
chair 0.0078 339 194 368 225
chair 0.0072 341 345 448 372
chair 0.0067 265 234 322 302
chair 0.0067 195 164 216 178
chair 0.0066 81 3 196 225
chair 0.0066 310 195 347 242
chair 0.0065 345 166 392 197
chair 0.0062 181 158 218 214
chair 0.0055 188 108 234 211
chair 0.0055 263 189 294 215
chair 0.0054 400 155 440 193
chair 0.0054 189 148 224 200
chair 0.0053 286 198 303 215
chair 0.0052 257 183 281 213
chair 0.0049 197 173 220 209
chair 0.0049 5 87 95 219
chair 0.0045 142 96 229 212
chair 0.0045 279 200 307 217
chair 0.0044 324 183 489 246
chair 0.0043 323 190 401 234
chair 0.0041 2 -1 126 224
chair 0.0041 343 186 490 213
chair 0.0041 139 200 480 370
chair 0.0038 395 129 485 209
chair 0.0038 185 154 211 189
chair 0.0037 350 170 375 197
chair 0.0037 423 181 479 202
chair 0.0036 435 178 467 196
chair 0.0035 157 182 205 219
chair 0.0035 212 187 232 214
chair 0.0035 326 145 412 220
chair 0.0035 186 160 203 179
chair 0.0035 379 162 434 184
chair 0.0034 12 22 198 271
chair 0.0033 296 195 309 218
chair 0.0030 280 187 306 215
chair 0.0029 154 197 191 219
chair 0.0029 479 151 499 190
chair 0.0028 421 148 495 197
chair 0.0028 309 202 332 245
chair 0.0028 266 199 282 214
chair 0.0028 291 192 314 220
chair 0.0027 210 160 231 209
chair 0.0026 129 196 211 231
chair 0.0026 318 159 374 232
chair 0.0026 66 129 254 337
chair 0.0026 317 164 347 230
chair 0.0025 148 165 214 223
chair 0.0025 489 163 500 189
chair 0.0025 328 197 355 245
chair 0.0023 0 87 42 203
chair 0.0023 196 148 241 215
chair 0.0022 274 152 312 238
chair 0.0022 492 172 499 188
chair 0.0021 368 155 412 169
chair 0.0021 441 180 461 194
chair 0.0021 454 168 485 194
chair 0.0021 428 183 489 196
chair 0.0020 108 351 183 372
sofa 0.1051 0 197 108 371
sofa 0.0587 329 186 498 371
sofa 0.0324 334 188 416 225
sofa 0.0035 333 193 373 239
sofa 0.0033 365 189 417 209
sofa 0.0022 335 169 495 280
sofa 0.0022 329 185 422 266
sofa 0.0021 262 212 328 284
sofa 0.0019 365 164 417 193
sofa 0.0018 88 215 234 368
sofa 0.0012 87 220 155 367
pottedplant 0.1176 300 56 385 223
pottedplant 0.1019 392 1 499 195
pottedplant 0.0304 365 160 416 186
pottedplant 0.0213 399 171 441 196
pottedplant 0.0197 348 164 413 194
pottedplant 0.0167 428 185 459 198
pottedplant 0.0145 411 78 499 196
pottedplant 0.0139 290 74 341 226
pottedplant 0.0129 349 68 415 183
pottedplant 0.0110 331 22 430 190
pottedplant 0.0089 421 162 448 196
pottedplant 0.0085 1 199 111 369
pottedplant 0.0078 332 192 368 231
pottedplant 0.0078 339 162 374 198
pottedplant 0.0077 309 135 357 231
pottedplant 0.0068 426 176 452 196
pottedplant 0.0060 326 145 412 220
pottedplant 0.0059 421 148 495 197
pottedplant 0.0058 485 145 497 188
pottedplant 0.0053 370 143 430 187
pottedplant 0.0053 285 125 329 238
pottedplant 0.0050 306 157 338 239
pottedplant 0.0049 358 106 420 198
pottedplant 0.0048 331 191 415 226
pottedplant 0.0046 395 129 485 209
pottedplant 0.0046 365 148 416 175
pottedplant 0.0045 367 119 414 170
pottedplant 0.0045 267 86 313 223
pottedplant 0.0044 277 75 307 122
pottedplant 0.0044 343 138 386 203
pottedplant 0.0041 331 172 375 225
pottedplant 0.0039 316 108 375 230
pottedplant 0.0035 478 151 499 190
pottedplant 0.0035 322 155 368 205
pottedplant 0.0034 271 59 405 274
pottedplant 0.0033 411 151 448 192
pottedplant 0.0032 311 126 342 214
pottedplant 0.0029 303 100 334 222
pottedplant 0.0028 280 119 311 219
pottedplant 0.0028 490 153 500 189
pottedplant 0.0025 463 120 499 193
pottedplant 0.0025 368 155 412 169
pottedplant 0.0023 10 -1 197 234
pottedplant 0.0023 186 108 235 211
pottedplant 0.0021 447 150 486 193
pottedplant 0.0021 423 181 479 202
pottedplant 0.0020 341 105 397 216
pottedplant 0.0020 351 170 375 197
pottedplant 0.0019 300 4 392 167
pottedplant 0.0018 454 67 499 189
pottedplant 0.0018 408 180 433 198
pottedplant 0.0018 435 178 467 196
pottedplant 0.0018 474 51 500 210
pottedplant 0.0017 379 83 509 252
pottedplant 0.0017 491 172 499 188
pottedplant 0.0016 335 160 358 197
pottedplant 0.0016 265 162 313 221
pottedplant 0.0015 453 168 486 194
pottedplant 0.0014 418 152 437 179
pottedplant 0.0013 468 164 497 191
pottedplant 0.0013 176 56 249 203
pottedplant 0.0013 423 165 464 198
pottedplant 0.0012 256 96 298 212
pottedplant 0.0012 480 135 495 183
pottedplant 0.0012 371 138 410 167
pottedplant 0.0012 367 163 414 176
pottedplant 0.0011 231 166 273 320
pottedplant 0.0010 486 105 499 183
pottedplant 0.0010 311 161 339 208
diningtable 0.5030 107 284 340 370
diningtable 0.2648 74 272 508 370
diningtable 0.1696 365 164 417 188
diningtable 0.0571 364 162 416 176
diningtable 0.0513 329 186 498 371
diningtable 0.0485 384 171 432 194
diningtable 0.0374 365 187 419 210
diningtable 0.0312 79 192 387 379
diningtable 0.0288 399 178 432 196
diningtable 0.0221 261 215 328 287
diningtable 0.0162 89 215 232 367
diningtable 0.0155 0 201 108 370
diningtable 0.0126 205 210 364 305
diningtable 0.0123 338 188 419 224
diningtable 0.0109 430 186 461 198
diningtable 0.0103 335 174 495 266
diningtable 0.0072 389 169 416 191
diningtable 0.0064 231 166 274 320
diningtable 0.0060 355 173 443 235
diningtable 0.0059 343 186 490 213
diningtable 0.0058 136 216 234 303
diningtable 0.0056 358 154 419 203
diningtable 0.0054 168 191 512 370
diningtable 0.0049 87 220 155 367
diningtable 0.0040 396 174 424 192
diningtable 0.0039 191 164 228 216
diningtable 0.0038 333 193 373 239
diningtable 0.0037 379 162 434 184
diningtable 0.0036 363 179 436 207
diningtable 0.0035 410 185 432 198
diningtable 0.0033 105 348 214 373
diningtable 0.0032 342 346 445 372
diningtable 0.0032 368 155 412 169
diningtable 0.0029 335 188 424 263
diningtable 0.0024 134 160 179 218
diningtable 0.0024 405 172 447 196
diningtable 0.0023 265 265 328 307
diningtable 0.0023 166 198 201 218
diningtable 0.0023 350 171 408 193
diningtable 0.0021 36 70 280 319
diningtable 0.0019 331 191 367 271
diningtable 0.0017 267 199 296 214
diningtable 0.0017 79 331 298 372
diningtable 0.0016 370 143 430 187
diningtable 0.0016 399 155 440 193
diningtable 0.0015 358 106 420 198
diningtable 0.0015 423 177 448 196
diningtable 0.0015 365 148 416 175
diningtable 0.0013 277 197 340 279
diningtable 0.0013 -2 18 222 381
diningtable 0.0012 381 164 419 180
diningtable 0.0012 311 279 476 375
diningtable 0.0010 428 183 489 196
diningtable 0.0010 310 195 348 242
