person 0.8743 0 88 58 316
person 0.8647 462 15 499 203
person 0.6609 276 9 348 86
person 0.0264 67 64 102 116
person 0.0200 229 34 278 65
person 0.0144 464 52 499 107
person 0.0132 445 57 486 127
person 0.0122 238 37 268 62
person 0.0103 0 207 58 317
person 0.0100 166 61 190 86
person 0.0092 275 9 380 127
person 0.0083 234 11 353 112
person 0.0073 97 68 109 90
person 0.0060 180 0 358 88
person 0.0049 221 21 303 66
person 0.0047 490 116 500 182
person 0.0037 70 67 96 100
person 0.0031 74 64 108 95
person 0.0025 64 67 86 109
person 0.0024 0 69 12 97
person 0.0024 92 67 110 100
person 0.0023 491 146 499 189
person 0.0022 62 76 75 118
person 0.0020 236 10 395 180
person 0.0020 473 47 498 89
person 0.0020 0 91 42 146
person 0.0020 443 24 492 106
person 0.0019 442 79 470 112
person 0.0018 484 74 500 190
person 0.0018 68 50 122 115
person 0.0017 0 89 44 210
person 0.0017 60 71 82 125
person 0.0016 0 86 9 101
person 0.0016 485 182 499 242
person 0.0016 472 79 499 233
person 0.0015 32 85 57 130
person 0.0015 42 13 458 316
person 0.0015 487 133 500 239
person 0.0014 0 79 10 96
person 0.0014 28 55 59 135
person 0.0014 0 81 12 106
person 0.0014 0 65 29 101
person 0.0013 413 18 506 197
person 0.0013 293 9 336 56
person 0.0012 492 106 499 137
person 0.0011 56 79 72 116
person 0.0011 443 25 483 63
person 0.0010 178 18 444 245
person 0.0010 17 74 50 126
person 0.0010 250 43 276 60
person 0.0010 65 51 141 143
person 0.0010 78 70 109 114
person 0.0010 492 108 500 158
bicycle 0.0012 491 130 500 185
bicycle 0.0010 462 19 500 198
car 0.0480 444 81 467 105
car 0.0324 459 52 485 110
car 0.0274 446 64 483 119
car 0.0260 462 19 500 198
car 0.0111 470 50 499 96
car 0.0093 443 24 492 106
car 0.0028 276 11 438 106
car 0.0024 441 61 468 104
car 0.0018 26 9 455 157
car 0.0018 450 82 473 111
car 0.0015 329 28 434 122
car 0.0012 272 8 346 86
car 0.0012 370 2 447 124
car 0.0010 229 34 278 65
car 0.0010 476 50 500 80
car 0.0010 443 25 483 63
motorbike 0.7127 43 24 465 325
motorbike 0.0095 293 19 445 186
motorbike 0.0043 328 26 436 126
motorbike 0.0035 26 9 455 157
motorbike 0.0032 0 88 58 316
motorbike 0.0026 444 80 470 106
motorbike 0.0024 68 64 101 119
motorbike 0.0020 462 19 500 198
motorbike 0.0017 162 61 191 84
motorbike 0.0016 459 53 495 108
motorbike 0.0014 150 22 431 242
motorbike 0.0013 272 8 346 86
motorbike 0.0011 229 34 278 65
motorbike 0.0011 289 22 474 288
motorbike 0.0010 272 8 416 138
bus 0.0038 464 52 499 107
bus 0.0026 219 7 354 87
bus 0.0020 443 25 494 107
bus 0.0013 129 -1 401 82
diningtable 0.0015 43 24 465 325
tvmonitor 0.0012 447 1 499 19
