person 0.3117 35 45 185 230
person 0.2273 390 204 458 265
person 0.0998 399 222 444 266
person 0.0190 404 227 426 262
person 0.0127 414 227 439 263
person 0.0098 418 210 446 266
person 0.0072 425 230 445 266
person 0.0049 25 2 492 305
person 0.0041 402 201 441 257
person 0.0039 411 232 429 265
person 0.0036 409 221 432 244
person 0.0035 385 202 428 249
person 0.0022 417 207 461 247
person 0.0021 398 224 420 254
person 0.0018 395 220 425 244
person 0.0015 413 220 431 236
person 0.0014 424 224 441 253
person 0.0014 396 224 419 240
person 0.0014 404 233 418 261
person 0.0012 382 195 461 236
person 0.0012 429 241 441 265
motorbike 0.0025 395 215 446 265
aeroplane 0.0640 390 204 459 266
aeroplane 0.0189 35 47 184 230
aeroplane 0.0048 399 215 442 264
aeroplane 0.0029 395 218 427 246
aeroplane 0.0024 119 30 169 63
aeroplane 0.0021 385 202 428 249
aeroplane 0.0017 25 2 492 305
aeroplane 0.0011 398 224 420 254
boat 0.0022 390 201 461 265
bird 0.7559 35 47 184 230
bird 0.1104 390 202 460 265
bird 0.0300 115 31 171 64
bird 0.0237 52 29 179 109
bird 0.0126 78 30 169 74
bird 0.0089 400 223 431 264
bird 0.0071 385 202 428 249
bird 0.0068 61 50 147 115
bird 0.0055 35 63 101 227
bird 0.0053 425 230 445 266
bird 0.0050 407 213 444 265
bird 0.0036 171 185 194 210
bird 0.0032 419 206 461 250
bird 0.0029 42 142 89 231
bird 0.0022 395 218 427 246
bird 0.0018 35 46 161 146
bird 0.0017 396 224 419 240
bird 0.0015 398 224 420 254
bird 0.0013 385 195 449 233
bird 0.0012 84 46 154 94
bird 0.0011 429 241 441 265
bird 0.0011 385 200 420 229
bird 0.0010 414 227 439 263
cat 0.0199 33 49 181 233
dog 0.0244 33 49 181 233
dog 0.0010 390 202 461 265
horse 0.0030 33 49 181 233
cow 0.0029 33 49 181 233
pottedplant 0.0020 389 201 461 265
diningtable 0.0022 25 2 492 305
tvmonitor 0.0032 25 2 492 305
