person 0.6869 4 197 24 251
person 0.2790 0 195 7 246
person 0.1994 459 210 471 224
person 0.1571 0 196 9 224
person 0.1086 3 212 17 251
person 0.1041 0 194 13 243
person 0.0825 464 208 477 223
person 0.0610 1 196 10 213
person 0.0530 457 205 484 224
person 0.0486 463 206 472 219
person 0.0453 16 195 26 247
person 0.0439 469 209 479 223
person 0.0413 17 197 26 220
person 0.0389 466 205 476 218
person 0.0345 8 197 25 224
person 0.0333 0 211 5 240
person 0.0323 456 210 480 257
person 0.0312 359 164 376 192
person 0.0246 0 194 8 207
person 0.0236 18 198 26 211
person 0.0221 423 164 435 195
person 0.0192 410 164 435 195
person 0.0124 87 165 116 175
person 0.0122 7 198 20 210
person 0.0102 466 203 487 220
person 0.0089 470 205 480 219
person 0.0080 456 212 474 243
person 0.0074 397 165 422 192
person 0.0071 450 199 486 240
person 0.0069 458 185 498 222
person 0.0068 11 195 25 212
person 0.0067 493 199 499 217
person 0.0061 10 197 19 206
person 0.0060 8 226 24 251
person 0.0051 13 204 24 239
person 0.0049 364 166 388 192
person 0.0049 423 163 445 197
person 0.0041 19 193 27 236
person 0.0036 459 206 492 249
person 0.0036 456 206 467 219
person 0.0035 398 173 417 191
person 0.0032 17 196 27 207
person 0.0029 487 200 500 219
person 0.0028 401 181 416 191
person 0.0023 492 206 499 221
person 0.0023 454 222 476 266
person 0.0023 464 200 478 213
person 0.0020 452 210 460 223
person 0.0020 472 206 497 224
person 0.0020 419 161 451 208
person 0.0017 389 166 411 190
person 0.0017 454 195 497 262
person 0.0017 467 212 484 240
person 0.0016 475 192 499 221
person 0.0014 487 194 499 213
person 0.0013 14 229 26 251
person 0.0013 21 182 31 211
person 0.0013 484 207 500 223
person 0.0013 80 155 115 179
person 0.0013 -1 183 33 253
person 0.0012 472 209 493 257
person 0.0012 0 188 14 217
person 0.0011 400 166 439 206
person 0.0011 0 226 6 251
person 0.0010 56 163 75 176
bicycle 0.0594 4 197 24 252
bicycle 0.0493 2 221 17 251
bicycle 0.0423 8 226 24 251
bicycle 0.0167 0 226 7 251
bicycle 0.0098 3 233 16 253
bicycle 0.0045 14 229 26 251
bicycle 0.0031 0 200 6 250
bicycle 0.0020 5 234 24 256
bicycle 0.0020 0 211 5 240
bicycle 0.0015 2 224 30 259
bicycle 0.0011 14 200 26 253
car 0.0331 457 211 474 224
car 0.0263 462 204 497 225
car 0.0252 469 209 480 223
car 0.0207 455 209 495 255
car 0.0205 463 212 478 223
car 0.0204 455 188 498 245
car 0.0104 492 206 499 221
car 0.0085 13 115 473 290
car 0.0083 482 206 500 224
car 0.0054 491 212 499 226
car 0.0050 493 199 499 217
car 0.0049 474 211 495 226
car 0.0038 487 200 500 219
car 0.0038 481 211 499 245
car 0.0030 0 194 8 246
car 0.0028 456 209 476 249
car 0.0027 472 192 499 221
car 0.0021 466 207 501 246
car 0.0020 466 205 476 218
car 0.0020 450 199 486 240
car 0.0020 486 214 499 238
car 0.0018 491 219 500 237
car 0.0016 467 212 484 240
car 0.0013 491 225 499 244
car 0.0012 462 206 472 219
car 0.0011 493 195 499 205
car 0.0010 1 197 25 252
car 0.0010 0 204 5 236
motorbike 0.0021 2 196 21 253
motorbike 0.0016 457 211 474 224
motorbike 0.0014 2 221 17 251
motorbike 0.0011 8 226 24 251
bus 0.8440 8 121 474 289
bus 0.0362 457 185 499 223
bus 0.0160 456 205 486 223
bus 0.0079 8 57 482 212
bus 0.0070 454 186 498 255
bus 0.0067 493 196 499 214
bus 0.0066 475 192 499 221
bus 0.0042 458 183 499 205
bus 0.0032 486 199 499 220
bus 0.0032 476 204 499 227
bus 0.0026 8 68 480 144
bus 0.0024 460 197 484 214
bus 0.0022 466 203 487 220
bus 0.0013 487 194 499 213
bus 0.0012 466 205 476 218
bus 0.0011 457 211 474 224
bus 0.0011 492 195 499 206
train 0.0192 457 184 499 216
train 0.0060 455 188 498 245
train 0.0054 472 192 499 221
train 0.0031 486 199 499 220
train 0.0027 492 198 499 217
train 0.0026 456 205 486 223
train 0.0019 8 121 474 289
train 0.0014 473 205 499 227
train 0.0011 479 189 498 213
boat 0.0045 10 119 473 290
bird 0.0034 86 163 114 176
chair 0.0011 2 221 17 251
