person 0.1158 0 100 32 265
person 0.0611 0 95 31 173
person 0.0076 0 85 124 332
person 0.0047 1 85 75 260
person 0.0043 0 59 32 147
person 0.0035 0 102 48 330
person 0.0031 3 76 203 277
person 0.0023 490 108 500 233
person 0.0019 0 73 48 220
person 0.0019 485 98 499 325
person 0.0011 37 25 489 318
bicycle 0.0012 3 21 390 318
car 0.0020 55 28 469 332
boat 0.0012 55 28 469 332
bird 0.0081 0 100 31 268
bird 0.0019 1 27 398 335
bird 0.0012 157 16 500 330
cat 0.0528 11 29 400 334
cat 0.0095 3 76 203 277
cat 0.0060 0 100 31 268
cat 0.0016 1 250 386 329
cat 0.0014 163 13 503 312
dog 0.1781 11 29 400 334
dog 0.0248 157 13 500 331
dog 0.0061 3 76 203 277
dog 0.0058 0 100 31 268
dog 0.0027 2 258 383 329
dog 0.0018 1 264 171 331
dog 0.0011 0 185 174 332
horse 0.0127 37 25 489 318
horse 0.0084 0 264 171 331
horse 0.0074 2 258 383 329
horse 0.0074 0 100 32 265
horse 0.0042 1 116 179 331
horse 0.0012 0 102 32 178
sheep 0.2587 5 265 167 331
sheep 0.0261 0 185 174 333
sheep 0.0089 0 98 31 295
sheep 0.0054 2 80 197 272
sheep 0.0053 209 8 506 330
sheep 0.0045 0 191 27 300
sheep 0.0043 2 258 383 329
sheep 0.0039 490 108 500 233
sheep 0.0030 11 29 400 334
sheep 0.0025 0 272 86 331
sheep 0.0021 0 188 49 322
sheep 0.0016 485 98 499 325
sheep 0.0014 2 93 94 327
sheep 0.0010 3 216 24 271
cow 0.0555 55 28 469 332
cow 0.0339 1 264 171 331
cow 0.0194 0 98 32 262
cow 0.0166 1 116 179 331
cow 0.0138 2 258 383 329
cow 0.0053 490 108 500 233
cow 0.0045 6 77 197 252
cow 0.0031 328 6 500 314
cow 0.0029 0 186 24 281
cow 0.0024 2 93 94 327
cow 0.0022 0 102 32 178
cow 0.0020 485 98 499 325
cow 0.0013 0 102 48 330
cow 0.0011 2 180 386 329
diningtable 0.0015 24 28 435 333
