person 0.0059 49 92 137 200
person 0.0034 2 12 145 411
person 0.0026 133 6 322 350
person 0.0015 6 66 140 212
person 0.0012 33 54 141 310
bicycle 0.0308 136 7 329 348
bicycle 0.0014 2 12 145 411
bicycle 0.0013 13 -2 320 406
bicycle 0.0012 47 91 138 202
car 0.0028 94 344 425 425
motorbike 0.0011 136 6 330 350
bus 0.0014 20 -3 369 407
bus 0.0010 133 6 322 350
boat 0.0117 94 344 425 425
bird 0.8991 364 273 479 359
bird 0.0386 136 7 329 348
bird 0.0192 53 91 135 199
bird 0.0038 156 253 286 354
bird 0.0024 142 256 214 354
bird 0.0020 31 50 143 318
bird 0.0017 6 79 139 219
bird 0.0016 89 1 478 361
cat 0.0044 136 7 329 348
cat 0.0028 147 248 282 355
dog 0.0023 136 6 330 350
dog 0.0022 149 251 277 356
dog 0.0011 144 228 221 356
horse 0.0019 136 7 329 348
sheep 0.0031 150 252 277 355
sheep 0.0024 144 251 215 357
cow 0.0018 145 254 226 356
bottle 0.0022 136 6 330 350
chair 0.1815 94 344 425 425
chair 0.0271 136 7 329 348
chair 0.0032 20 -3 369 407
chair 0.0015 156 255 286 353
chair 0.0013 73 251 454 419
sofa 0.0112 94 344 425 425
pottedplant 0.0164 0 13 143 443
pottedplant 0.0049 136 6 330 350
pottedplant 0.0026 102 343 416 412
pottedplant 0.0013 0 150 111 411
diningtable 0.0175 79 346 479 431
