person 0.1070 189 56 225 97
person 0.0962 126 1 418 239
person 0.0662 237 60 258 108
person 0.0498 222 62 261 112
person 0.0340 388 121 403 143
person 0.0244 239 62 253 90
person 0.0238 483 129 496 147
person 0.0227 479 129 492 144
person 0.0204 234 58 274 115
person 0.0171 284 67 319 124
person 0.0167 457 114 500 188
person 0.0159 230 59 253 98
person 0.0103 175 52 226 114
person 0.0097 196 59 230 115
person 0.0072 283 89 312 125
person 0.0071 380 85 412 171
person 0.0056 491 128 499 144
person 0.0048 476 130 486 145
person 0.0035 423 136 455 166
person 0.0035 183 88 197 105
person 0.0035 269 47 318 114
person 0.0035 453 132 462 150
person 0.0034 423 133 430 145
person 0.0034 0 135 7 173
person 0.0032 179 86 207 117
person 0.0029 353 35 427 219
person 0.0029 209 62 234 94
person 0.0028 0 135 16 175
person 0.0026 216 64 238 104
person 0.0026 466 130 495 151
person 0.0026 169 75 203 107
person 0.0026 183 79 226 126
person 0.0025 187 60 211 94
person 0.0024 143 46 243 167
person 0.0023 477 113 499 180
person 0.0021 289 62 318 97
person 0.0021 191 55 216 83
person 0.0020 453 140 461 159
person 0.0020 155 39 220 122
person 0.0020 378 115 416 148
person 0.0019 262 83 305 125
person 0.0019 447 138 460 163
person 0.0017 243 74 293 127
person 0.0017 242 38 332 120
person 0.0017 0 134 39 177
person 0.0016 221 66 231 90
person 0.0016 0 131 5 147
person 0.0016 244 57 284 99
person 0.0015 182 66 210 114
person 0.0015 453 128 463 144
person 0.0015 490 111 497 117
person 0.0014 254 62 305 108
person 0.0013 479 111 485 118
person 0.0013 169 57 214 97
person 0.0013 200 67 226 99
person 0.0013 168 90 200 113
person 0.0012 376 120 405 141
person 0.0011 447 148 457 167
person 0.0011 423 128 432 137
person 0.0011 421 136 429 148
person 0.0011 230 71 264 127
person 0.0011 438 135 458 151
person 0.0011 457 135 463 157
person 0.0010 0 111 14 145
person 0.0010 296 88 331 128
person 0.0010 277 67 306 113
person 0.0010 407 124 414 144
car 0.8247 419 136 454 170
car 0.2655 453 131 463 146
car 0.2050 448 134 462 153
car 0.1726 458 118 499 196
car 0.1706 430 135 458 162
car 0.0679 443 135 461 159
car 0.0509 437 135 458 152
car 0.0385 453 140 461 159
car 0.0364 452 131 463 139
car 0.0249 454 129 464 136
car 0.0213 417 149 430 170
car 0.0194 419 141 436 170
car 0.0144 434 145 455 169
car 0.0118 447 148 457 167
car 0.0108 426 136 453 151
car 0.0082 425 131 437 137
car 0.0054 423 128 432 137
car 0.0048 421 150 447 170
car 0.0045 457 135 463 157
car 0.0042 423 133 431 145
car 0.0041 0 131 41 180
car 0.0040 453 148 459 167
car 0.0029 0 27 42 60
car 0.0026 0 111 14 145
car 0.0025 442 128 474 156
car 0.0023 0 121 14 171
car 0.0021 441 134 455 143
car 0.0020 413 151 422 175
car 0.0020 444 152 453 168
car 0.0020 450 123 467 167
car 0.0018 422 133 446 147
car 0.0018 418 137 430 163
car 0.0016 490 111 497 117
car 0.0016 451 128 462 133
car 0.0016 0 29 42 97
car 0.0015 430 133 447 140
car 0.0015 421 136 429 148
car 0.0014 0 86 41 177
car 0.0013 421 128 429 140
car 0.0013 450 154 457 168
car 0.0012 423 125 430 135
car 0.0012 0 100 25 162
car 0.0011 0 124 9 144
bus 0.8835 133 5 422 243
bus 0.3955 458 119 500 198
bus 0.0097 334 4 429 238
bus 0.0070 216 58 266 118
bus 0.0046 2 3 140 201
bus 0.0045 380 85 412 171
bus 0.0020 453 132 462 150
bus 0.0020 124 12 246 199
bus 0.0020 188 53 228 109
bus 0.0018 453 128 463 144
bus 0.0016 0 18 65 186
bus 0.0015 385 117 403 141
bus 0.0014 421 137 454 169
bus 0.0013 276 63 327 132
bus 0.0012 373 22 427 221
train 0.0027 458 120 500 190
train 0.0013 131 3 420 242
pottedplant 0.0018 1 134 45 178
