person 0.6861 236 139 248 180
person 0.5295 273 154 284 176
person 0.2432 477 142 499 175
person 0.1417 236 141 282 183
person 0.1021 273 153 292 179
person 0.1014 250 152 284 178
person 0.0982 494 104 499 123
person 0.0979 489 163 499 184
person 0.0503 487 156 500 177
person 0.0254 280 140 284 147
person 0.0217 477 140 499 159
person 0.0201 234 139 261 181
person 0.0139 262 159 283 178
person 0.0101 271 153 280 175
person 0.0097 245 167 284 180
person 0.0092 237 141 246 158
person 0.0086 491 140 499 152
person 0.0076 487 140 499 165
person 0.0057 483 103 500 164
person 0.0055 238 141 245 149
person 0.0042 480 137 499 151
person 0.0037 478 160 499 183
person 0.0036 489 174 499 188
person 0.0032 254 171 279 178
person 0.0029 252 163 304 182
person 0.0028 483 167 500 187
person 0.0027 277 140 285 149
person 0.0024 276 148 285 161
person 0.0022 257 173 282 180
person 0.0021 488 104 500 136
person 0.0021 236 140 243 164
person 0.0019 496 101 500 114
person 0.0019 476 147 487 170
person 0.0014 477 111 488 121
person 0.0014 479 105 498 126
person 0.0012 237 154 246 183
person 0.0011 235 160 287 187
person 0.0010 475 122 499 166
bicycle 0.0012 475 140 500 177
car 0.0022 475 140 500 177
motorbike 0.0036 475 140 500 177
motorbike 0.0020 489 165 500 185
boat 0.0743 236 143 282 183
boat 0.0573 242 172 284 181
boat 0.0325 475 140 500 177
boat 0.0252 273 154 283 177
boat 0.0209 247 151 294 180
boat 0.0173 490 165 499 185
boat 0.0153 241 176 285 184
boat 0.0149 266 153 285 177
boat 0.0093 270 152 296 180
boat 0.0071 236 139 254 182
boat 0.0065 257 173 282 180
boat 0.0046 489 174 499 187
boat 0.0034 235 167 285 187
boat 0.0030 478 140 499 159
boat 0.0028 478 167 498 185
boat 0.0018 490 175 499 198
boat 0.0018 259 178 283 184
boat 0.0012 280 140 284 147
boat 0.0011 254 171 279 178
boat 0.0011 251 177 278 183
boat 0.0011 252 163 304 182
boat 0.0011 487 155 499 177
bird 0.0099 148 138 156 145
bird 0.0082 489 165 500 185
bird 0.0070 280 140 284 147
bird 0.0045 477 142 500 181
bird 0.0033 273 154 283 177
bird 0.0022 273 153 292 178
bird 0.0020 489 174 499 187
bird 0.0019 236 139 249 180
bird 0.0017 494 104 499 123
bird 0.0014 209 195 213 199
bird 0.0011 487 156 500 177
bird 0.0010 143 138 155 146
dog 0.0092 273 153 288 177
dog 0.0038 490 165 499 185
dog 0.0030 475 140 500 177
dog 0.0028 272 155 281 176
dog 0.0018 244 167 285 181
dog 0.0016 236 139 249 180
dog 0.0011 244 150 288 181
horse 0.0112 489 165 500 185
horse 0.0083 475 140 500 177
horse 0.0010 494 104 500 123
sheep 0.0011 476 141 499 175
cow 0.0142 490 165 499 185
cow 0.0085 475 140 500 177
cow 0.0024 483 167 500 187
cow 0.0023 489 174 499 188
chair 0.0010 475 140 500 177
sofa 0.0017 476 141 499 175
