person 0.0773 138 64 154 83
person 0.0510 105 216 118 249
person 0.0442 474 192 499 292
person 0.0352 413 136 422 149
person 0.0304 70 148 84 172
person 0.0190 106 230 117 250
person 0.0172 460 242 477 280
person 0.0133 278 122 303 147
person 0.0130 62 224 82 248
person 0.0097 267 126 304 160
person 0.0093 460 195 493 291
person 0.0091 89 217 119 247
person 0.0086 60 228 71 248
person 0.0081 263 127 280 151
person 0.0073 1 215 49 239
person 0.0066 132 63 150 81
person 0.0065 0 224 6 243
person 0.0062 268 129 284 151
person 0.0060 321 157 337 187
person 0.0060 466 239 487 282
person 0.0057 438 207 450 223
person 0.0055 252 125 287 152
person 0.0051 96 220 113 246
person 0.0051 28 32 502 289
person 0.0050 74 207 116 246
person 0.0050 274 125 293 149
person 0.0049 128 62 157 85
person 0.0048 58 229 66 246
person 0.0046 0 215 17 228
person 0.0045 254 237 267 250
person 0.0044 19 224 46 240
person 0.0041 0 216 18 239
person 0.0040 60 200 149 246
person 0.0038 54 227 67 242
person 0.0038 271 136 282 151
person 0.0036 27 226 40 238
person 0.0036 0 214 8 229
person 0.0035 454 247 492 292
person 0.0034 310 234 349 299
person 0.0034 92 211 136 237
person 0.0034 101 225 126 252
person 0.0034 258 238 266 249
person 0.0033 33 226 44 241
person 0.0032 88 222 106 245
person 0.0032 76 154 103 192
person 0.0031 4 204 47 226
person 0.0031 106 215 118 235
person 0.0030 324 233 347 248
person 0.0029 277 217 305 273
person 0.0029 410 135 425 155
person 0.0028 435 132 462 165
person 0.0027 255 128 275 151
person 0.0027 0 224 14 240
person 0.0025 44 209 74 245
person 0.0024 241 137 292 201
person 0.0024 244 235 267 250
person 0.0023 249 162 286 200
person 0.0023 72 222 96 245
person 0.0023 268 166 288 201
person 0.0022 29 225 49 243
person 0.0022 473 250 496 291
person 0.0021 85 214 145 257
person 0.0021 128 215 202 279
person 0.0020 0 176 5 187
person 0.0020 32 228 42 247
person 0.0020 254 174 281 201
person 0.0019 472 253 484 284
person 0.0019 236 252 242 260
person 0.0019 320 225 345 250
person 0.0018 257 177 272 199
person 0.0018 248 169 270 198
person 0.0018 295 155 342 208
person 0.0018 353 242 370 268
person 0.0017 255 133 267 150
person 0.0017 323 230 353 256
person 0.0017 70 146 80 165
person 0.0017 20 217 60 241
person 0.0017 68 160 100 202
person 0.0017 85 154 97 175
person 0.0016 46 228 58 240
person 0.0016 33 220 48 238
person 0.0016 478 233 499 302
person 0.0016 64 156 118 232
person 0.0015 339 233 373 280
person 0.0014 60 215 96 247
person 0.0014 320 165 336 200
person 0.0014 0 207 7 224
person 0.0014 149 219 166 241
person 0.0014 122 61 133 73
person 0.0014 15 207 39 223
person 0.0014 39 227 54 240
person 0.0014 126 61 135 75
person 0.0014 282 205 298 229
person 0.0014 63 232 77 252
person 0.0013 266 125 278 140
person 0.0013 484 193 500 273
person 0.0013 82 156 97 185
person 0.0013 60 145 88 189
person 0.0012 0 229 10 246
person 0.0012 0 211 32 232
car 0.0016 1 215 49 239
motorbike 0.0011 25 31 506 289
aeroplane 0.5865 24 40 502 314
aeroplane 0.1344 0 208 51 239
aeroplane 0.1298 0 162 68 232
aeroplane 0.0836 0 190 49 228
aeroplane 0.0715 0 190 15 209
aeroplane 0.0690 231 102 499 233
aeroplane 0.0484 48 191 176 248
aeroplane 0.0397 41 153 210 244
aeroplane 0.0359 0 187 38 212
aeroplane 0.0307 49 172 133 242
aeroplane 0.0280 40 195 100 243
aeroplane 0.0227 1 196 77 240
aeroplane 0.0227 103 215 120 249
aeroplane 0.0202 0 191 19 220
aeroplane 0.0194 0 199 16 236
aeroplane 0.0192 1 222 46 239
aeroplane 0.0175 4 201 48 219
aeroplane 0.0147 0 143 108 238
aeroplane 0.0138 74 211 186 252
aeroplane 0.0127 0 216 18 239
aeroplane 0.0114 83 212 201 280
aeroplane 0.0106 74 207 117 246
aeroplane 0.0097 6 204 58 226
aeroplane 0.0091 57 146 119 223
aeroplane 0.0090 0 211 33 233
aeroplane 0.0090 61 220 93 247
aeroplane 0.0078 73 160 104 204
aeroplane 0.0077 267 126 304 160
aeroplane 0.0072 69 148 85 172
aeroplane 0.0070 47 152 95 238
aeroplane 0.0070 0 118 77 218
aeroplane 0.0067 28 136 355 263
aeroplane 0.0066 0 197 11 219
aeroplane 0.0066 0 217 7 240
aeroplane 0.0066 0 214 18 229
aeroplane 0.0063 11 41 376 229
aeroplane 0.0056 297 213 494 309
aeroplane 0.0055 0 179 12 206
aeroplane 0.0055 252 125 287 152
aeroplane 0.0051 45 194 78 235
aeroplane 0.0049 132 218 197 277
aeroplane 0.0048 193 237 228 288
aeroplane 0.0043 0 212 9 230
aeroplane 0.0043 0 206 18 226
aeroplane 0.0040 92 211 136 237
aeroplane 0.0038 22 -13 511 192
aeroplane 0.0036 38 208 78 245
aeroplane 0.0035 224 114 391 211
aeroplane 0.0034 18 211 60 232
aeroplane 0.0031 53 156 90 209
aeroplane 0.0031 0 224 14 240
aeroplane 0.0030 67 162 91 203
aeroplane 0.0029 276 126 500 317
aeroplane 0.0029 -2 172 51 212
aeroplane 0.0029 20 217 60 241
aeroplane 0.0029 275 219 309 286
aeroplane 0.0028 0 217 46 250
aeroplane 0.0027 0 207 7 224
aeroplane 0.0026 242 130 322 206
aeroplane 0.0026 22 206 41 214
aeroplane 0.0023 173 226 231 283
aeroplane 0.0023 251 129 281 174
aeroplane 0.0023 78 223 103 243
aeroplane 0.0022 433 133 464 165
aeroplane 0.0022 73 156 134 217
aeroplane 0.0022 95 213 160 243
aeroplane 0.0021 298 150 342 212
aeroplane 0.0020 60 145 88 189
aeroplane 0.0020 83 220 111 246
aeroplane 0.0020 55 205 125 255
aeroplane 0.0019 14 204 39 216
aeroplane 0.0018 3 226 25 237
aeroplane 0.0017 68 223 83 248
aeroplane 0.0017 243 234 267 249
aeroplane 0.0016 85 214 145 257
aeroplane 0.0016 0 168 16 209
aeroplane 0.0016 0 113 65 149
aeroplane 0.0016 29 225 49 243
aeroplane 0.0015 69 171 88 195
aeroplane 0.0013 29 212 50 231
aeroplane 0.0013 18 143 91 186
aeroplane 0.0013 279 210 305 266
aeroplane 0.0012 199 113 335 233
aeroplane 0.0012 194 203 394 292
aeroplane 0.0011 259 158 302 203
aeroplane 0.0011 267 125 351 211
aeroplane 0.0011 87 185 330 260
aeroplane 0.0011 307 235 342 298
aeroplane 0.0011 138 214 190 255
aeroplane 0.0011 141 216 172 247
aeroplane 0.0010 278 126 315 147
aeroplane 0.0010 24 205 52 227
aeroplane 0.0010 69 200 126 233
aeroplane 0.0010 64 150 167 226
aeroplane 0.0010 80 167 149 238
aeroplane 0.0010 101 225 126 252
aeroplane 0.0010 36 210 56 235
bus 0.0014 25 31 506 289
train 0.0584 0 141 76 220
train 0.0027 0 216 51 240
train 0.0013 24 40 502 314
boat 0.0286 0 216 51 240
boat 0.0068 0 202 47 228
boat 0.0029 0 214 18 229
boat 0.0027 0 189 60 240
boat 0.0025 0 211 33 233
boat 0.0024 0 216 24 239
boat 0.0024 0 212 9 230
boat 0.0023 3 226 49 246
boat 0.0023 0 199 16 236
boat 0.0022 0 217 7 240
boat 0.0019 0 224 33 238
boat 0.0019 0 206 18 226
boat 0.0018 0 191 14 206
boat 0.0016 0 142 75 220
boat 0.0015 0 223 15 240
boat 0.0013 0 207 7 224
boat 0.0013 46 193 86 237
boat 0.0012 24 40 502 314
boat 0.0011 0 189 46 220
chair 0.0450 193 237 227 288
chair 0.0074 175 226 230 284
chair 0.0023 70 226 83 248
chair 0.0014 74 227 92 249
chair 0.0014 79 227 100 247
chair 0.0010 194 241 216 278
