person 0.3551 303 143 313 161
person 0.2921 292 150 302 167
person 0.2914 284 149 295 168
person 0.1605 369 149 378 169
person 0.1515 299 145 312 168
person 0.1460 372 150 382 169
person 0.1401 301 143 312 154
person 0.1236 376 151 385 169
person 0.1206 306 144 342 165
person 0.1114 276 149 292 178
person 0.0621 373 147 392 166
person 0.0603 282 146 291 164
person 0.0507 251 147 270 167
person 0.0486 285 144 294 156
person 0.0440 307 147 318 167
person 0.0435 282 149 302 169
person 0.0412 283 154 290 168
person 0.0378 295 154 306 167
person 0.0369 303 144 326 164
person 0.0365 382 148 406 162
person 0.0362 303 154 314 167
person 0.0264 295 145 302 154
person 0.0198 321 135 380 163
person 0.0184 299 154 319 168
person 0.0174 291 145 320 169
person 0.0174 309 156 319 167
person 0.0166 305 143 317 152
person 0.0162 277 153 286 165
person 0.0143 0 183 8 190
person 0.0129 269 148 292 187
person 0.0126 363 152 374 168
person 0.0116 284 145 292 153
person 0.0109 476 147 500 164
person 0.0103 361 156 372 169
person 0.0100 304 141 312 149
person 0.0084 0 183 8 201
person 0.0080 277 147 294 165
person 0.0074 85 146 109 167
person 0.0068 247 181 259 190
person 0.0066 300 140 308 149
person 0.0066 5 141 46 164
person 0.0065 278 144 308 175
person 0.0061 364 140 383 169
person 0.0061 278 150 286 160
person 0.0060 434 143 460 163
person 0.0060 231 154 265 196
person 0.0057 467 147 488 162
person 0.0057 430 142 486 164
person 0.0056 387 147 405 156
person 0.0056 400 147 417 161
person 0.0054 265 154 275 167
person 0.0054 266 154 281 175
person 0.0053 72 145 97 166
person 0.0053 243 184 258 193
person 0.0051 430 142 449 153
person 0.0050 337 155 354 181
person 0.0048 356 150 379 168
person 0.0044 352 155 368 169
person 0.0044 411 149 420 162
person 0.0042 46 145 99 168
person 0.0041 199 156 217 190
person 0.0041 198 151 206 162
person 0.0038 382 148 426 164
person 0.0037 357 143 413 172
person 0.0037 182 151 192 163
person 0.0035 255 155 272 170
person 0.0035 266 157 286 192
person 0.0033 416 146 444 162
person 0.0032 372 156 388 171
person 0.0030 154 143 189 166
person 0.0030 147 156 165 189
person 0.0029 378 155 400 169
person 0.0029 355 150 367 165
person 0.0029 429 141 438 148
person 0.0027 348 156 359 170
person 0.0027 340 147 376 166
person 0.0026 398 147 407 155
person 0.0025 17 141 43 157
person 0.0024 371 143 381 155
person 0.0024 378 161 387 171
person 0.0024 270 152 314 182
person 0.0023 368 140 379 157
person 0.0023 458 144 484 163
person 0.0023 239 150 256 164
person 0.0022 89 152 105 168
person 0.0020 304 153 342 170
person 0.0018 232 148 250 161
person 0.0017 393 145 411 157
person 0.0016 232 148 263 166
person 0.0016 356 139 377 163
person 0.0015 251 144 270 159
person 0.0015 78 144 92 155
person 0.0015 37 146 57 161
person 0.0015 274 159 343 179
person 0.0015 103 144 157 167
person 0.0014 373 162 385 172
person 0.0014 311 155 335 168
person 0.0014 345 148 359 165
person 0.0014 204 144 233 167
person 0.0014 27 141 49 161
bicycle 0.0037 299 154 319 168
bicycle 0.0035 302 144 314 167
bicycle 0.0031 304 154 314 167
bicycle 0.0023 306 145 343 166
bicycle 0.0022 295 154 307 167
bicycle 0.0019 293 153 302 167
bicycle 0.0013 374 154 384 170
car 0.6557 411 147 443 163
car 0.6282 478 148 499 164
car 0.6277 153 143 188 165
car 0.5983 42 145 95 167
car 0.5828 102 144 156 166
car 0.5495 430 142 486 164
car 0.4902 0 142 44 165
car 0.4583 201 143 234 166
car 0.4432 309 144 342 165
car 0.3690 82 146 109 167
car 0.3526 383 148 405 161
car 0.2582 323 135 381 164
car 0.2338 251 146 270 166
car 0.1474 0 145 24 165
car 0.0988 0 151 11 166
car 0.0820 17 140 51 161
car 0.0754 67 145 100 167
car 0.0688 383 149 424 163
car 0.0640 465 147 490 163
car 0.0548 0 146 14 163
car 0.0484 428 143 460 163
car 0.0421 430 142 450 154
car 0.0408 232 145 252 158
car 0.0407 199 145 227 179
car 0.0401 387 147 405 156
car 0.0391 140 146 177 169
car 0.0389 226 148 264 196
car 0.0359 98 145 117 161
car 0.0355 300 143 330 164
car 0.0317 33 146 76 163
car 0.0307 182 151 192 163
car 0.0278 0 154 7 166
car 0.0269 306 145 338 157
car 0.0244 102 145 116 155
car 0.0222 373 147 397 166
car 0.0208 83 145 108 157
car 0.0199 453 143 480 163
car 0.0198 0 144 19 154
car 0.0198 101 145 132 162
car 0.0197 12 143 72 164
car 0.0197 176 147 192 164
car 0.0148 133 145 161 163
car 0.0146 301 152 345 170
car 0.0145 36 150 61 164
car 0.0133 379 146 403 157
car 0.0123 442 145 462 163
car 0.0120 398 147 419 161
car 0.0117 306 144 319 163
car 0.0107 0 142 34 157
car 0.0103 94 153 108 167
car 0.0102 230 148 265 167
car 0.0099 308 143 372 168
car 0.0087 304 143 321 153
car 0.0083 42 148 63 161
car 0.0081 408 148 424 162
car 0.0075 139 153 177 180
car 0.0074 418 145 440 157
car 0.0074 477 146 500 157
car 0.0067 228 147 254 162
car 0.0065 302 143 313 155
car 0.0060 94 146 112 154
car 0.0060 199 149 207 160
car 0.0059 299 142 317 167
car 0.0059 46 144 86 159
car 0.0058 368 149 388 169
car 0.0053 45 138 110 163
car 0.0051 151 152 182 168
car 0.0048 36 156 69 166
car 0.0048 34 152 86 169
car 0.0047 0 144 11 151
car 0.0047 251 152 274 173
car 0.0046 99 152 148 169
car 0.0044 368 147 378 166
car 0.0044 105 150 129 164
car 0.0043 68 142 101 157
car 0.0040 28 147 54 164
car 0.0039 391 145 413 157
car 0.0039 239 150 256 164
car 0.0038 20 140 47 150
car 0.0037 430 141 447 149
car 0.0036 487 155 500 165
car 0.0035 147 157 166 191
car 0.0034 188 151 204 164
car 0.0033 429 141 438 148
car 0.0033 299 155 330 168
car 0.0032 149 154 166 177
car 0.0030 1 152 52 170
car 0.0030 50 146 80 165
car 0.0030 335 155 356 181
car 0.0029 143 148 161 165
car 0.0029 473 140 502 165
car 0.0029 253 143 270 155
car 0.0028 369 153 449 170
car 0.0028 45 146 76 156
car 0.0027 371 147 382 166
car 0.0026 261 146 322 176
car 0.0026 44 145 59 155
car 0.0026 398 147 407 155
car 0.0026 311 155 335 168
car 0.0025 265 154 275 167
motorbike 0.0019 306 145 343 166
motorbike 0.0013 302 143 314 167
motorbike 0.0011 41 145 97 167
motorbike 0.0010 299 154 319 168
aeroplane 0.0031 325 135 381 166
aeroplane 0.0030 41 145 97 167
aeroplane 0.0025 0 142 46 164
aeroplane 0.0022 431 142 487 164
aeroplane 0.0020 476 146 500 163
aeroplane 0.0014 306 145 343 166
aeroplane 0.0013 201 144 235 166
aeroplane 0.0010 226 149 264 196
aeroplane 0.0010 412 147 444 163
bus 0.0289 323 135 381 165
bus 0.0148 476 148 499 164
bus 0.0079 201 144 234 166
bus 0.0056 431 142 487 164
bus 0.0055 306 145 343 166
bus 0.0045 103 144 157 167
bus 0.0041 250 147 270 167
bus 0.0033 154 143 189 166
bus 0.0027 0 142 46 164
bus 0.0023 45 144 96 166
bus 0.0020 383 148 405 161
bus 0.0019 226 148 264 196
bus 0.0013 465 147 490 163
bus 0.0013 411 146 443 163
bus 0.0011 17 140 51 161
bus 0.0011 0 145 20 164
bus 0.0010 83 145 109 166
train 0.0029 323 135 381 165
train 0.0017 0 142 43 165
train 0.0013 200 143 234 166
train 0.0012 430 141 486 164
train 0.0012 40 144 97 167
train 0.0011 307 145 343 166
train 0.0010 476 148 499 164
boat 0.4560 227 150 265 195
boat 0.1705 267 154 287 189
boat 0.1640 201 144 235 166
boat 0.1517 199 158 217 191
boat 0.1264 250 146 270 166
boat 0.1036 324 135 382 165
boat 0.1003 307 145 343 166
boat 0.0750 269 149 292 178
boat 0.0550 262 151 307 186
boat 0.0517 199 145 227 179
boat 0.0475 0 183 8 207
boat 0.0288 227 184 263 196
boat 0.0240 272 159 344 179
boat 0.0220 154 143 188 165
boat 0.0217 148 158 165 191
boat 0.0210 336 156 354 184
boat 0.0195 430 141 486 164
boat 0.0169 261 146 322 176
boat 0.0153 410 144 446 163
boat 0.0149 384 148 405 161
boat 0.0148 0 183 8 190
boat 0.0142 101 144 158 167
boat 0.0139 249 151 335 183
boat 0.0127 281 149 305 169
boat 0.0126 40 144 97 167
boat 0.0121 291 145 320 169
boat 0.0120 476 148 499 164
boat 0.0119 308 143 372 168
boat 0.0114 0 142 43 165
boat 0.0097 230 145 255 160
boat 0.0091 302 143 314 167
boat 0.0082 239 150 291 192
boat 0.0076 230 155 254 191
boat 0.0072 325 151 362 181
boat 0.0064 230 148 265 167
boat 0.0064 228 188 254 195
boat 0.0060 299 154 319 168
boat 0.0059 373 145 414 166
boat 0.0059 205 135 303 194
boat 0.0055 266 176 287 191
boat 0.0054 332 145 383 168
boat 0.0052 369 149 378 169
boat 0.0051 283 150 293 168
boat 0.0049 267 184 286 190
boat 0.0046 301 152 345 170
boat 0.0046 140 146 177 169
boat 0.0045 375 156 386 170
boat 0.0041 368 149 388 169
boat 0.0041 383 149 424 163
boat 0.0040 358 156 373 169
boat 0.0035 341 155 365 171
boat 0.0035 357 156 382 173
boat 0.0031 356 150 379 168
boat 0.0031 192 148 246 193
boat 0.0030 344 161 373 177
boat 0.0029 217 163 259 199
boat 0.0029 130 149 180 183
boat 0.0028 242 179 261 192
boat 0.0028 251 152 274 173
boat 0.0026 294 149 306 167
boat 0.0025 199 174 218 190
boat 0.0023 249 135 361 189
boat 0.0023 343 158 355 183
boat 0.0022 -2 161 60 179
boat 0.0021 243 184 258 193
boat 0.0021 274 167 340 185
boat 0.0020 364 140 383 169
boat 0.0020 304 154 314 167
boat 0.0020 238 159 260 193
boat 0.0019 200 183 218 189
boat 0.0019 -2 168 61 182
boat 0.0018 137 106 386 205
boat 0.0018 310 153 353 178
boat 0.0018 248 179 263 190
boat 0.0017 378 160 387 172
boat 0.0017 428 143 460 163
boat 0.0016 345 156 441 173
boat 0.0016 384 154 407 166
boat 0.0016 0 146 15 166
boat 0.0016 368 161 389 173
boat 0.0015 223 141 267 171
boat 0.0014 266 154 281 175
boat 0.0014 35 150 75 164
boat 0.0014 276 152 287 166
boat 0.0013 12 143 72 164
boat 0.0013 376 155 402 169
boat 0.0013 287 164 331 175
boat 0.0013 355 163 372 174
boat 0.0013 17 140 51 161
boat 0.0013 89 146 111 166
boat 0.0012 212 146 258 182
boat 0.0011 348 156 359 170
boat 0.0011 277 147 294 165
boat 0.0011 257 159 274 182
boat 0.0011 200 160 239 189
boat 0.0011 244 173 282 194
boat 0.0011 198 151 206 162
boat 0.0010 305 146 322 167
boat 0.0010 373 162 385 172
boat 0.0010 273 161 320 174
bird 0.0206 0 183 8 206
bird 0.0056 0 183 8 190
bird 0.0011 148 157 165 191
dog 0.0012 0 183 8 207
bottle 0.0010 370 149 381 169
chair 0.0096 302 144 314 167
chair 0.0084 293 153 302 167
chair 0.0068 303 154 314 167
chair 0.0063 294 149 306 167
chair 0.0056 299 154 319 168
chair 0.0043 284 152 295 168
chair 0.0017 385 148 405 161
chair 0.0016 287 149 301 168
chair 0.0015 200 143 234 165
chair 0.0015 377 155 386 170
chair 0.0014 371 149 383 169
chair 0.0014 291 145 320 169
chair 0.0011 324 136 381 165
chair 0.0011 307 145 342 166
chair 0.0010 369 153 377 169
pottedplant 0.0029 148 157 165 191
pottedplant 0.0017 199 157 217 190
pottedplant 0.0014 227 151 263 197
