person 0.7200 56 20 75 69
person 0.6671 428 0 471 43
person 0.3892 271 2 286 29
person 0.3875 2 30 14 58
person 0.1698 95 37 108 54
person 0.1587 81 36 105 55
person 0.1127 158 23 167 30
person 0.0769 102 31 118 50
person 0.0756 109 31 120 47
person 0.0657 92 35 116 54
person 0.0546 3 31 23 55
person 0.0513 104 29 117 42
person 0.0356 0 29 8 45
person 0.0336 27 33 38 43
person 0.0316 463 31 477 43
person 0.0310 78 30 100 60
person 0.0290 100 31 111 40
person 0.0282 86 32 97 44
person 0.0240 480 30 499 45
person 0.0219 73 35 88 48
person 0.0218 116 23 199 50
person 0.0200 56 30 112 58
person 0.0182 51 35 61 46
person 0.0153 105 27 112 36
person 0.0148 235 7 272 31
person 0.0148 162 23 174 30
person 0.0141 111 28 124 43
person 0.0136 53 35 71 52
person 0.0129 88 32 101 41
person 0.0124 427 2 493 64
person 0.0119 458 28 485 43
person 0.0111 21 33 44 49
person 0.0110 5 32 20 43
person 0.0109 62 30 79 52
person 0.0107 11 34 30 48
person 0.0093 111 27 121 36
person 0.0093 234 9 274 63
person 0.0093 0 40 9 59
person 0.0090 124 22 131 29
person 0.0089 491 35 500 46
person 0.0088 153 17 176 40
person 0.0083 372 -1 499 126
person 0.0083 75 37 93 54
person 0.0074 116 25 126 32
person 0.0073 255 3 288 36
person 0.0069 132 22 197 38
person 0.0067 103 27 109 35
person 0.0067 158 24 170 36
person 0.0065 8 33 53 52
person 0.0048 103 40 114 54
person 0.0047 166 22 175 30
person 0.0046 42 33 55 43
person 0.0044 27 35 52 47
person 0.0044 61 33 78 66
person 0.0044 170 23 179 32
person 0.0042 106 36 122 54
person 0.0040 30 34 46 43
person 0.0038 469 18 499 46
person 0.0038 490 30 499 44
person 0.0037 269 12 285 33
person 0.0037 40 26 77 66
person 0.0037 241 9 293 81
person 0.0036 107 29 165 51
person 0.0036 281 1 375 99
person 0.0036 117 14 220 42
person 0.0035 157 20 186 31
person 0.0032 36 36 58 47
person 0.0031 3 27 13 38
person 0.0031 168 21 182 34
person 0.0030 277 1 286 13
person 0.0028 0 25 5 37
person 0.0028 71 34 84 44
person 0.0027 127 22 135 29
person 0.0024 119 22 125 30
person 0.0023 414 -1 456 44
person 0.0022 58 21 65 32
person 0.0021 112 37 124 52
person 0.0021 442 11 502 45
person 0.0019 66 31 78 42
person 0.0018 151 23 162 31
person 0.0017 150 28 167 45
person 0.0017 72 41 85 54
person 0.0016 104 26 125 53
person 0.0016 58 25 72 50
person 0.0015 472 2 499 41
person 0.0015 3 32 60 64
person 0.0014 281 1 348 64
person 0.0014 423 18 499 97
person 0.0014 390 2 482 50
person 0.0014 145 22 169 32
person 0.0014 110 6 271 52
person 0.0013 16 51 68 115
person 0.0013 274 3 307 87
person 0.0013 0 30 38 58
person 0.0011 426 0 443 42
person 0.0011 427 17 471 56
person 0.0011 86 26 94 38
person 0.0010 434 26 481 44
person 0.0010 347 8 372 42
bicycle 0.2917 0 30 15 58
bicycle 0.0669 3 31 23 55
bicycle 0.0491 0 30 38 58
bicycle 0.0401 8 34 53 51
bicycle 0.0335 8 34 32 53
bicycle 0.0243 0 40 10 59
bicycle 0.0229 3 32 60 64
bicycle 0.0114 11 51 61 115
bicycle 0.0107 3 29 14 48
bicycle 0.0097 72 17 508 361
bicycle 0.0085 21 33 44 49
bicycle 0.0081 81 39 98 56
bicycle 0.0075 97 40 108 55
bicycle 0.0059 0 29 8 46
bicycle 0.0058 108 33 120 52
bicycle 0.0055 342 12 500 346
bicycle 0.0055 6 34 64 94
bicycle 0.0049 79 33 114 55
bicycle 0.0039 474 29 499 44
bicycle 0.0037 53 23 79 66
bicycle 0.0032 26 35 52 47
bicycle 0.0030 98 35 113 54
bicycle 0.0029 359 7 499 150
bicycle 0.0027 56 30 112 58
bicycle 0.0027 404 182 499 330
bicycle 0.0023 103 40 114 54
bicycle 0.0023 198 56 249 78
bicycle 0.0022 456 29 486 43
bicycle 0.0022 86 39 105 56
bicycle 0.0017 0 49 14 59
bicycle 0.0017 428 0 471 43
bicycle 0.0016 5 32 20 43
bicycle 0.0015 12 34 29 44
bicycle 0.0015 148 157 494 345
bicycle 0.0014 75 37 93 54
bicycle 0.0013 27 32 39 43
bicycle 0.0013 469 18 499 46
bicycle 0.0012 13 54 86 186
bicycle 0.0010 0 49 7 60
car 0.3375 182 7 275 69
car 0.3234 55 21 74 69
car 0.3229 234 9 274 63
car 0.2834 114 23 201 50
car 0.2665 80 37 99 55
car 0.2462 49 36 63 47
car 0.2076 235 9 273 33
car 0.2044 71 35 85 47
car 0.1402 115 8 244 52
car 0.1319 52 35 71 52
car 0.1258 92 35 116 54
car 0.1111 270 2 286 30
car 0.0990 87 36 107 55
car 0.0812 23 35 57 48
car 0.0766 56 30 112 58
car 0.0728 8 34 53 51
car 0.0642 103 31 121 52
car 0.0622 109 31 120 47
car 0.0620 48 34 60 44
car 0.0575 59 23 80 60
car 0.0413 62 30 79 52
car 0.0396 477 33 499 46
car 0.0359 36 36 58 47
car 0.0282 103 28 170 51
car 0.0251 132 22 197 38
car 0.0241 76 34 89 44
car 0.0189 360 14 500 151
car 0.0183 103 29 117 42
car 0.0162 3 32 60 64
car 0.0154 238 19 288 81
car 0.0138 177 7 247 49
car 0.0137 96 40 108 55
car 0.0123 177 40 262 80
car 0.0120 97 41 244 87
car 0.0117 158 23 168 30
car 0.0110 159 26 282 86
car 0.0109 85 32 97 44
car 0.0099 100 30 111 41
car 0.0099 233 7 273 20
car 0.0093 87 32 102 41
car 0.0088 491 35 500 46
car 0.0086 228 22 270 78
car 0.0082 110 27 125 44
car 0.0081 199 57 247 76
car 0.0076 42 33 55 43
car 0.0076 66 31 79 43
car 0.0075 10 33 31 50
car 0.0072 255 3 288 36
car 0.0071 72 41 85 54
car 0.0067 1 30 15 58
car 0.0064 22 36 64 57
car 0.0060 245 9 280 28
car 0.0060 42 28 74 64
car 0.0059 18 33 39 47
car 0.0058 27 32 39 43
car 0.0056 66 -3 508 353
car 0.0056 281 1 375 99
car 0.0056 182 8 202 45
car 0.0051 159 23 177 31
car 0.0051 70 33 101 63
car 0.0046 426 33 499 110
car 0.0041 36 21 86 75
car 0.0040 235 11 261 42
car 0.0040 150 12 210 47
car 0.0035 466 26 500 49
car 0.0035 101 40 115 55
car 0.0035 82 2 291 132
car 0.0033 158 24 170 36
car 0.0031 12 34 29 44
car 0.0030 235 7 289 42
car 0.0030 70 25 91 54
car 0.0027 242 40 278 76
car 0.0027 0 30 29 59
car 0.0027 260 19 297 88
car 0.0026 6 34 64 94
car 0.0026 163 19 187 36
car 0.0025 110 29 142 50
car 0.0024 82 22 209 74
car 0.0024 84 44 280 176
car 0.0023 109 35 127 53
car 0.0022 153 17 176 40
car 0.0022 98 36 191 57
car 0.0022 452 30 491 42
car 0.0022 15 50 68 115
car 0.0021 45 24 68 55
car 0.0019 245 3 298 69
car 0.0019 197 5 274 40
car 0.0018 237 31 266 58
car 0.0018 129 48 284 82
car 0.0017 29 33 47 43
car 0.0017 235 7 260 15
car 0.0017 265 0 479 150
car 0.0017 129 29 177 48
car 0.0016 105 40 123 56
car 0.0016 224 8 261 28
car 0.0015 170 23 179 32
car 0.0015 489 30 499 44
car 0.0015 195 4 371 87
car 0.0014 85 29 248 111
car 0.0013 195 30 287 154
motorbike 0.6203 359 11 499 151
motorbike 0.6046 66 -3 508 353
motorbike 0.0646 361 15 498 348
motorbike 0.0372 474 32 499 45
motorbike 0.0333 426 33 499 110
motorbike 0.0317 81 39 98 56
motorbike 0.0177 87 36 107 55
motorbike 0.0160 427 2 493 64
motorbike 0.0159 95 37 108 54
motorbike 0.0155 92 35 116 54
motorbike 0.0135 115 149 498 365
motorbike 0.0112 452 30 491 42
motorbike 0.0108 464 31 477 43
motorbike 0.0093 466 26 500 49
motorbike 0.0067 490 34 499 46
motorbike 0.0067 1 30 15 58
motorbike 0.0062 36 22 303 377
motorbike 0.0059 3 34 55 52
motorbike 0.0053 18 33 46 49
motorbike 0.0047 428 0 471 43
motorbike 0.0046 103 31 121 52
motorbike 0.0046 273 0 495 252
motorbike 0.0044 494 37 500 47
motorbike 0.0040 465 32 487 44
motorbike 0.0037 72 37 85 49
motorbike 0.0023 431 30 485 46
motorbike 0.0020 476 16 500 45
motorbike 0.0018 27 32 38 43
motorbike 0.0018 109 31 120 47
motorbike 0.0017 102 40 114 54
motorbike 0.0016 83 33 281 175
motorbike 0.0015 282 2 380 113
motorbike 0.0015 270 3 286 30
motorbike 0.0014 3 31 26 52
motorbike 0.0014 26 35 52 47
motorbike 0.0014 57 21 76 69
motorbike 0.0014 92 84 381 320
motorbike 0.0013 280 90 496 328
motorbike 0.0013 56 30 112 58
motorbike 0.0013 419 47 499 154
motorbike 0.0013 241 22 283 83
motorbike 0.0012 464 32 499 70
motorbike 0.0012 75 37 95 54
motorbike 0.0012 116 25 202 49
motorbike 0.0012 120 -11 443 201
motorbike 0.0011 257 26 303 97
motorbike 0.0010 448 3 496 47
motorbike 0.0010 81 34 102 61
aeroplane 0.0024 358 9 502 158
bus 0.0021 114 22 203 50
bus 0.0012 177 6 269 62
train 0.0039 72 17 508 361
train 0.0012 285 0 500 152
boat 0.0023 24 37 54 48
dog 0.0029 0 30 16 59
horse 0.0079 0 30 16 59
horse 0.0014 0 40 9 59
horse 0.0014 4 34 37 53
bottle 0.0013 462 31 475 43
chair 0.5250 13 51 67 117
chair 0.0520 24 51 63 96
chair 0.0108 81 39 98 56
chair 0.0085 196 54 246 79
chair 0.0061 159 26 282 86
chair 0.0059 177 40 262 80
chair 0.0052 134 8 275 65
chair 0.0050 110 37 248 82
chair 0.0048 12 53 84 183
chair 0.0044 116 17 246 54
chair 0.0032 0 31 13 59
chair 0.0031 49 60 69 95
chair 0.0030 3 32 60 64
chair 0.0030 86 39 105 56
chair 0.0026 11 83 62 117
chair 0.0023 1 33 22 59
chair 0.0022 113 22 198 50
chair 0.0020 429 0 472 44
chair 0.0018 281 1 375 99
chair 0.0016 97 36 110 54
chair 0.0015 304 65 335 99
chair 0.0015 75 37 93 54
chair 0.0015 53 23 79 66
chair 0.0014 55 68 69 90
chair 0.0014 0 40 9 59
chair 0.0012 72 41 85 54
chair 0.0012 12 54 50 100
chair 0.0011 22 36 64 57
chair 0.0011 41 50 73 94
chair 0.0010 105 31 121 52
chair 0.0010 300 55 362 108
sofa 0.0012 15 50 68 115
pottedplant 0.0060 471 2 500 42
pottedplant 0.0038 468 30 499 44
pottedplant 0.0028 259 19 298 88
pottedplant 0.0019 181 6 251 50
pottedplant 0.0019 265 20 288 73
pottedplant 0.0018 428 0 471 43
pottedplant 0.0011 235 10 283 75
pottedplant 0.0010 405 85 500 345
diningtable 0.0022 66 -3 508 353
diningtable 0.0012 15 51 65 115
diningtable 0.0010 81 39 98 56
