person 0.8094 51 10 108 93
person 0.7764 0 65 40 123
person 0.6177 95 21 130 68
person 0.5366 1 31 27 82
person 0.5159 145 14 167 41
person 0.5071 34 30 58 99
person 0.4381 130 19 146 47
person 0.3410 116 19 132 44
person 0.2640 21 35 41 83
person 0.0896 131 16 161 48
person 0.0776 0 34 6 65
person 0.0695 24 35 39 62
person 0.0557 68 16 114 77
person 0.0540 50 28 68 91
person 0.0514 0 32 18 66
person 0.0497 14 30 58 106
person 0.0466 0 32 6 49
person 0.0412 133 19 145 33
person 0.0402 31 21 75 108
person 0.0366 6 36 37 88
person 0.0362 97 23 120 46
person 0.0332 2 31 13 47
person 0.0263 0 90 5 120
person 0.0260 6 31 27 50
person 0.0253 0 85 8 124
person 0.0252 0 46 5 66
person 0.0252 33 34 52 73
person 0.0225 272 53 353 79
person 0.0213 94 23 115 58
person 0.0205 21 33 36 53
person 0.0202 29 34 49 105
person 0.0197 0 64 18 105
person 0.0196 120 20 132 33
person 0.0183 8 50 44 110
person 0.0168 297 55 351 74
person 0.0156 450 115 498 147
person 0.0141 108 26 131 62
person 0.0125 88 21 100 32
person 0.0125 50 25 82 101
person 0.0123 94 22 106 35
person 0.0117 35 35 51 58
person 0.0114 0 69 10 113
person 0.0100 7 30 22 43
person 0.0092 108 21 125 37
person 0.0090 264 55 317 80
person 0.0082 87 22 112 71
person 0.0079 40 31 54 50
person 0.0071 20 55 37 81
person 0.0070 15 31 27 43
person 0.0068 34 31 48 50
person 0.0067 50 31 67 63
person 0.0066 86 20 97 30
person 0.0061 315 55 347 67
person 0.0058 113 14 168 57
person 0.0057 1 48 22 79
person 0.0050 0 79 14 125
person 0.0047 42 30 64 76
person 0.0045 97 22 117 35
person 0.0044 453 116 477 147
person 0.0044 82 22 106 37
person 0.0043 10 36 28 71
person 0.0041 0 84 40 166
person 0.0038 11 80 37 112
person 0.0038 49 31 59 48
person 0.0037 53 29 61 42
person 0.0037 0 66 11 94
person 0.0037 12 47 35 79
person 0.0036 72 21 89 31
person 0.0034 19 31 34 44
person 0.0034 23 47 43 103
person 0.0032 0 76 7 104
person 0.0031 54 27 64 37
person 0.0031 0 55 7 72
person 0.0031 52 29 63 49
person 0.0030 9 20 489 362
person 0.0030 2 66 22 92
person 0.0027 266 58 296 83
person 0.0024 0 61 18 84
person 0.0024 49 32 61 58
person 0.0024 472 117 498 148
person 0.0022 0 109 4 127
person 0.0021 19 75 43 105
person 0.0020 0 25 6 35
person 0.0019 23 9 114 122
person 0.0019 135 16 149 32
person 0.0019 24 31 52 60
person 0.0017 75 24 84 35
person 0.0017 0 95 39 132
person 0.0016 260 51 359 108
person 0.0016 98 0 486 161
person 0.0014 132 14 171 72
person 0.0013 0 112 37 152
person 0.0013 228 45 395 158
person 0.0012 129 82 161 99
person 0.0012 28 31 38 43
person 0.0012 310 52 363 71
person 0.0011 101 20 151 73
person 0.0011 112 20 123 30
person 0.0011 26 81 60 111
person 0.0010 125 20 156 66
bicycle 0.0062 0 27 488 361
bicycle 0.0013 213 0 245 13
car 0.1113 2 31 452 362
car 0.0358 22 6 493 208
car 0.0211 0 68 39 149
car 0.0185 0 114 36 173
car 0.0059 23 0 499 103
car 0.0052 0 115 35 142
car 0.0040 264 54 329 84
car 0.0036 0 126 23 183
car 0.0035 215 30 492 365
car 0.0030 -2 26 230 371
car 0.0021 236 57 436 195
car 0.0021 213 0 225 14
car 0.0020 0 143 67 366
car 0.0018 213 0 245 13
car 0.0013 -1 108 50 148
car 0.0013 23 87 56 115
car 0.0012 51 10 108 93
car 0.0011 0 118 20 161
car 0.0011 32 32 59 100
car 0.0011 0 97 7 124
car 0.0010 218 70 360 176
car 0.0010 271 50 501 258
car 0.0010 364 124 500 368
motorbike 0.5637 6 2 496 358
motorbike 0.0074 130 117 443 372
motorbike 0.0019 46 219 437 363
motorbike 0.0017 82 19 480 227
motorbike 0.0012 0 95 5 124
motorbike 0.0011 0 65 41 122
motorbike 0.0010 157 222 369 354
motorbike 0.0010 223 22 490 343
cat 0.0014 289 54 350 76
dog 0.0025 297 55 351 74
dog 0.0021 270 54 352 81
dog 0.0013 30 13 487 237
bottle 0.0085 0 99 5 124
bottle 0.0024 0 72 6 120
bottle 0.0021 53 29 61 42
bottle 0.0020 51 30 63 49
bottle 0.0016 0 66 40 125
bottle 0.0010 0 82 5 110
chair 0.0014 0 98 5 124
diningtable 0.0040 0 112 37 152
diningtable 0.0034 0 81 38 146
diningtable 0.0015 6 2 496 358
