person 0.8661 44 193 103 335
person 0.4929 402 175 410 196
person 0.3949 50 217 96 280
person 0.1267 226 172 232 187
person 0.1254 217 171 223 185
person 0.0560 110 207 128 233
person 0.0536 402 175 408 188
person 0.0470 2 126 184 285
person 0.0441 215 173 220 184
person 0.0437 260 175 268 191
person 0.0345 28 181 42 197
person 0.0324 272 162 318 203
person 0.0287 403 183 410 198
person 0.0282 116 168 140 198
person 0.0273 362 194 378 208
person 0.0245 267 173 272 190
person 0.0220 232 168 259 195
person 0.0210 199 170 207 180
person 0.0186 76 177 96 195
person 0.0180 201 169 212 182
person 0.0144 124 175 141 197
person 0.0129 7 181 23 198
person 0.0128 199 173 204 182
person 0.0126 448 180 453 187
person 0.0120 306 191 373 209
person 0.0116 225 170 242 192
person 0.0101 106 195 126 238
person 0.0096 257 172 264 189
person 0.0085 367 194 382 207
person 0.0081 395 176 411 203
person 0.0074 6 174 28 199
person 0.0074 213 170 219 182
person 0.0073 392 178 405 204
person 0.0070 29 146 144 239
person 0.0069 401 184 411 206
person 0.0065 388 186 403 204
person 0.0065 60 154 170 277
person 0.0062 322 192 357 207
person 0.0058 227 173 236 190
person 0.0057 160 155 174 221
person 0.0057 360 185 368 190
person 0.0056 290 188 422 245
person 0.0055 8 164 22 178
person 0.0049 368 191 386 203
person 0.0044 115 181 140 224
person 0.0042 115 177 133 197
person 0.0042 263 174 271 192
person 0.0040 396 175 405 195
person 0.0040 318 192 410 214
person 0.0039 226 179 232 189
person 0.0037 117 169 133 189
person 0.0037 382 189 398 201
person 0.0036 373 194 389 207
person 0.0034 102 185 135 238
person 0.0033 26 173 45 197
person 0.0032 449 180 454 189
person 0.0031 358 196 386 207
person 0.0031 369 190 398 206
person 0.0029 159 153 185 231
person 0.0027 304 170 314 181
person 0.0027 392 194 401 207
person 0.0026 382 193 398 206
person 0.0025 11 173 41 197
person 0.0025 225 170 231 183
person 0.0025 361 192 372 205
person 0.0025 167 201 181 231
person 0.0024 374 190 395 200
person 0.0022 343 194 359 208
person 0.0022 356 186 367 191
person 0.0021 196 169 209 185
person 0.0021 269 164 282 200
person 0.0021 38 255 73 297
person 0.0020 353 197 366 208
person 0.0019 9 164 31 186
person 0.0018 458 174 466 195
person 0.0018 213 171 232 186
person 0.0018 116 183 140 203
person 0.0017 363 187 376 192
person 0.0016 5 183 16 200
person 0.0015 267 170 276 191
person 0.0015 10 183 31 198
person 0.0014 361 198 371 210
person 0.0014 62 173 81 194
person 0.0013 167 207 179 253
person 0.0013 47 163 58 176
person 0.0013 165 225 180 271
person 0.0012 18 163 34 178
person 0.0012 48 165 65 192
person 0.0012 162 191 173 225
person 0.0012 345 196 373 210
person 0.0011 108 208 146 240
person 0.0011 285 165 312 199
person 0.0011 409 178 417 191
person 0.0011 165 200 176 230
person 0.0010 16 164 38 189
person 0.0010 26 221 86 314
person 0.0010 115 186 131 202
person 0.0010 360 187 379 193
bicycle 0.8381 115 286 221 371
bicycle 0.0413 115 291 172 371
bicycle 0.0272 125 277 208 333
bicycle 0.0181 138 291 196 318
bicycle 0.0105 113 269 183 348
bicycle 0.0088 217 172 223 185
bicycle 0.0084 174 285 223 370
bicycle 0.0078 109 287 189 317
bicycle 0.0074 116 315 150 371
bicycle 0.0054 146 286 222 328
bicycle 0.0046 112 254 185 299
bicycle 0.0045 402 174 411 197
bicycle 0.0035 119 270 185 311
bicycle 0.0035 146 286 209 311
bicycle 0.0034 165 233 181 271
bicycle 0.0023 403 183 410 198
bicycle 0.0023 260 174 268 191
bicycle 0.0022 -1 127 186 290
bicycle 0.0022 226 172 232 187
bicycle 0.0021 215 173 220 184
bicycle 0.0017 126 315 207 369
bicycle 0.0016 156 287 189 309
bicycle 0.0015 119 332 143 369
bicycle 0.0014 132 290 175 314
bicycle 0.0013 153 291 177 313
bicycle 0.0012 161 165 176 232
bicycle 0.0012 161 288 206 368
bicycle 0.0012 153 292 190 336
bicycle 0.0012 34 258 63 296
bicycle 0.0011 142 289 179 366
bicycle 0.0011 162 191 174 226
bicycle 0.0011 136 278 196 304
car 0.9362 290 189 422 247
car 0.6578 232 169 260 195
car 0.3459 270 163 320 203
car 0.0397 306 191 373 209
car 0.0200 313 190 357 203
car 0.0122 259 174 266 191
car 0.0108 199 169 207 181
car 0.0106 228 173 233 189
car 0.0089 199 173 204 182
car 0.0081 267 173 272 190
car 0.0064 382 189 398 202
car 0.0062 -1 127 186 290
car 0.0060 323 190 346 201
car 0.0053 54 220 93 272
car 0.0052 201 169 212 182
car 0.0050 222 170 249 192
car 0.0050 227 171 235 187
car 0.0048 263 174 271 192
car 0.0036 399 177 409 202
car 0.0035 324 189 354 197
car 0.0034 332 192 358 208
car 0.0034 402 175 411 194
car 0.0029 369 190 398 206
car 0.0029 368 191 386 203
car 0.0027 318 192 410 214
car 0.0027 269 164 283 200
car 0.0025 326 189 343 196
car 0.0024 198 169 217 183
car 0.0024 374 190 395 200
car 0.0024 110 252 180 296
car 0.0022 360 193 381 208
car 0.0022 261 178 267 191
car 0.0022 216 171 221 184
car 0.0020 236 170 258 181
car 0.0019 388 186 403 204
car 0.0018 312 193 346 206
car 0.0018 299 193 382 220
car 0.0018 5 221 204 318
car 0.0017 217 171 227 185
car 0.0015 368 190 386 195
car 0.0014 34 258 63 296
car 0.0014 374 188 399 197
car 0.0014 254 172 274 190
car 0.0013 484 153 500 357
car 0.0013 391 177 406 204
car 0.0013 382 193 398 206
car 0.0013 93 282 109 296
car 0.0013 193 169 210 184
car 0.0012 190 177 203 185
car 0.0011 160 153 175 214
car 0.0011 44 196 101 336
car 0.0010 114 275 182 333
car 0.0010 320 198 391 235
car 0.0010 267 170 276 191
motorbike 0.0057 116 285 223 369
motorbike 0.0022 -1 127 186 290
motorbike 0.0020 260 174 268 191
motorbike 0.0015 228 173 233 189
motorbike 0.0013 402 175 410 196
motorbike 0.0011 52 211 96 278
bus 0.8495 1 126 186 292
bus 0.1213 232 169 259 195
bus 0.1145 271 161 318 204
bus 0.0099 52 212 97 277
bus 0.0033 60 154 170 277
bus 0.0028 29 146 144 239
train 0.0094 2 123 177 290
train 0.0036 232 170 259 195
train 0.0010 271 161 318 204
boat 0.0011 232 169 259 195
boat 0.0010 -1 127 186 290
bottle 0.0010 42 258 64 288
