person 0.0347 432 104 457 142
person 0.0334 7 79 26 117
person 0.0127 454 113 465 145
person 0.0126 453 104 463 115
person 0.0126 314 168 324 190
person 0.0088 473 80 498 111
person 0.0072 453 104 468 140
person 0.0069 0 94 18 118
person 0.0062 477 112 500 155
person 0.0062 13 88 35 115
person 0.0056 398 113 452 150
person 0.0047 433 104 449 131
person 0.0046 469 86 499 153
person 0.0039 31 92 41 111
person 0.0038 447 104 462 123
person 0.0034 344 159 356 197
person 0.0034 438 109 464 146
person 0.0033 405 101 414 113
person 0.0027 437 106 447 116
person 0.0026 454 112 475 150
person 0.0025 439 104 452 115
person 0.0024 434 121 455 145
person 0.0024 435 102 459 123
person 0.0022 407 101 420 112
person 0.0020 452 101 470 116
person 0.0019 31 83 53 109
person 0.0018 218 48 231 64
person 0.0015 495 137 499 155
person 0.0014 424 114 448 143
person 0.0013 305 169 325 191
person 0.0013 481 99 500 129
person 0.0013 3 81 57 114
person 0.0013 431 101 481 154
person 0.0012 9 83 26 103
person 0.0011 400 104 410 112
person 0.0011 470 102 486 126
person 0.0010 3 69 25 103
bicycle 0.0011 232 103 247 122
car 0.0040 0 97 15 118
bus 0.0029 0 93 221 195
bus 0.0012 18 75 171 124
bus 0.0011 0 98 14 118
bus 0.0010 69 78 117 102
train 0.4448 0 95 221 208
train 0.0184 2 93 210 148
train 0.0127 5 72 215 131
train 0.0044 29 71 190 106
train 0.0020 19 76 114 115
train 0.0019 5 92 304 253
train 0.0019 93 70 236 107
train 0.0018 4 96 134 127
train 0.0018 58 74 128 103
train 0.0014 2 149 225 282
train 0.0011 29 65 297 119
train 0.0010 10 90 299 168
train 0.0010 175 152 220 186
boat 0.0019 0 95 221 210
boat 0.0010 228 99 499 304
boat 0.0010 297 109 325 135
boat 0.0010 329 116 366 143
bird 0.0066 314 168 324 190
bird 0.0031 474 81 500 111
bird 0.0024 218 48 231 64
bird 0.0022 414 171 438 241
bird 0.0014 344 159 356 197
bird 0.0013 336 203 357 223
bird 0.0013 433 122 457 146
bird 0.0012 447 71 456 91
bird 0.0010 334 202 345 222
bird 0.0010 305 169 325 191
cat 0.0021 314 169 324 190
cat 0.0020 432 120 454 144
cat 0.0010 433 108 461 148
dog 0.0014 314 169 324 190
dog 0.0011 433 108 461 148
horse 0.0010 433 108 461 148
horse 0.0010 433 121 456 145
bottle 0.0102 416 178 436 251
bottle 0.0074 344 159 356 197
bottle 0.0048 495 137 499 155
bottle 0.0029 338 205 357 223
bottle 0.0027 468 117 486 153
bottle 0.0026 415 223 439 245
bottle 0.0026 334 204 348 223
bottle 0.0022 392 114 416 150
bottle 0.0022 439 104 452 115
bottle 0.0022 314 168 324 190
bottle 0.0018 437 106 447 116
bottle 0.0017 449 104 462 115
bottle 0.0017 352 123 365 137
bottle 0.0016 335 205 342 222
bottle 0.0016 472 114 498 154
bottle 0.0013 362 128 378 146
bottle 0.0013 354 125 373 141
bottle 0.0013 469 145 478 156
bottle 0.0013 352 206 364 225
bottle 0.0012 395 125 412 151
bottle 0.0012 373 114 394 140
bottle 0.0011 347 121 362 138
bottle 0.0011 382 114 400 141
bottle 0.0010 379 217 390 236
chair 0.0205 223 102 243 121
chair 0.0170 231 102 248 122
chair 0.0069 222 100 235 120
chair 0.0033 235 102 255 122
chair 0.0026 235 111 245 121
chair 0.0024 222 99 258 122
chair 0.0022 229 97 250 117
chair 0.0017 256 114 272 124
chair 0.0016 246 104 260 123
chair 0.0014 231 112 241 121
chair 0.0011 471 113 499 155
chair 0.0010 219 91 229 99
chair 0.0010 252 105 268 124
chair 0.0010 494 137 499 155
pottedplant 0.2338 388 115 423 150
pottedplant 0.2243 415 170 438 241
pottedplant 0.1365 367 115 397 143
pottedplant 0.0796 350 116 388 143
pottedplant 0.0659 340 118 369 142
pottedplant 0.0645 379 114 403 142
pottedplant 0.0597 398 113 452 150
pottedplant 0.0541 351 124 364 139
pottedplant 0.0489 375 122 394 143
pottedplant 0.0454 474 81 499 111
pottedplant 0.0427 368 114 389 130
pottedplant 0.0404 345 120 363 139
pottedplant 0.0375 432 113 456 145
pottedplant 0.0353 353 125 377 142
pottedplant 0.0299 330 116 358 138
pottedplant 0.0278 407 115 432 151
pottedplant 0.0273 245 48 271 62
pottedplant 0.0241 218 46 230 64
pottedplant 0.0234 383 114 410 134
pottedplant 0.0227 373 125 387 141
pottedplant 0.0222 177 154 228 188
pottedplant 0.0205 376 130 396 147
pottedplant 0.0174 382 114 398 132
pottedplant 0.0168 394 124 412 150
pottedplant 0.0166 354 123 370 136
pottedplant 0.0153 296 110 325 131
pottedplant 0.0150 334 116 356 128
pottedplant 0.0135 422 171 435 234
pottedplant 0.0131 340 113 364 133
pottedplant 0.0128 364 117 381 140
pottedplant 0.0125 227 159 255 178
pottedplant 0.0121 470 89 500 156
pottedplant 0.0119 420 168 439 207
pottedplant 0.0117 393 111 421 139
pottedplant 0.0099 358 127 381 146
pottedplant 0.0093 344 163 357 197
pottedplant 0.0089 359 111 423 150
pottedplant 0.0088 176 301 230 341
pottedplant 0.0082 493 37 499 48
pottedplant 0.0076 416 222 440 245
pottedplant 0.0074 307 105 426 156
pottedplant 0.0074 231 103 251 121
pottedplant 0.0071 351 113 367 133
pottedplant 0.0068 440 125 464 152
pottedplant 0.0067 228 159 242 178
pottedplant 0.0066 455 113 471 149
pottedplant 0.0060 464 128 482 156
pottedplant 0.0060 431 101 481 154
pottedplant 0.0059 423 118 449 146
pottedplant 0.0059 305 116 324 134
pottedplant 0.0056 413 119 444 152
pottedplant 0.0056 385 130 408 148
pottedplant 0.0056 368 128 390 146
pottedplant 0.0055 379 138 399 148
pottedplant 0.0055 468 140 479 156
pottedplant 0.0054 404 165 441 226
pottedplant 0.0053 489 82 499 111
pottedplant 0.0052 195 156 230 183
pottedplant 0.0051 258 46 276 61
pottedplant 0.0049 245 104 270 123
pottedplant 0.0049 435 127 458 147
pottedplant 0.0048 417 203 437 235
pottedplant 0.0047 468 117 496 156
pottedplant 0.0046 349 127 370 144
pottedplant 0.0044 236 47 258 63
pottedplant 0.0044 364 109 403 136
pottedplant 0.0044 233 43 274 65
pottedplant 0.0042 253 107 274 124
pottedplant 0.0040 414 113 438 143
pottedplant 0.0039 255 326 296 360
pottedplant 0.0037 178 304 205 322
pottedplant 0.0037 270 47 282 60
pottedplant 0.0036 361 110 385 126
pottedplant 0.0035 228 99 271 123
pottedplant 0.0035 397 136 409 150
pottedplant 0.0034 332 113 348 126
pottedplant 0.0033 376 216 390 236
pottedplant 0.0033 342 110 381 135
pottedplant 0.0032 357 105 378 124
pottedplant 0.0031 479 94 500 122
pottedplant 0.0029 487 36 500 47
pottedplant 0.0028 224 157 283 182
pottedplant 0.0028 421 169 439 191
pottedplant 0.0027 254 113 269 124
pottedplant 0.0027 343 111 362 126
pottedplant 0.0026 478 112 500 155
pottedplant 0.0026 227 48 240 64
pottedplant 0.0025 251 100 265 123
pottedplant 0.0025 444 138 461 153
pottedplant 0.0025 409 136 424 151
pottedplant 0.0024 274 85 425 168
pottedplant 0.0023 348 110 370 126
pottedplant 0.0023 224 157 239 175
pottedplant 0.0023 230 48 251 63
pottedplant 0.0023 329 101 344 108
pottedplant 0.0023 405 113 425 135
pottedplant 0.0023 214 45 264 68
pottedplant 0.0022 436 136 459 151
pottedplant 0.0022 453 117 465 147
pottedplant 0.0020 368 108 393 123
diningtable 0.0016 231 103 247 122
diningtable 0.0013 223 220 321 262
