person 0.5553 186 103 420 259
person 0.1577 234 183 419 255
person 0.0302 186 95 313 248
person 0.0264 113 156 361 266
person 0.0183 114 187 268 264
person 0.0070 191 105 265 211
person 0.0039 125 142 283 238
person 0.0029 0 149 18 179
person 0.0028 112 171 166 189
person 0.0021 255 111 321 255
person 0.0021 131 196 428 277
person 0.0019 33 114 54 158
person 0.0017 112 231 173 270
person 0.0016 289 173 418 239
person 0.0012 183 117 244 196
person 0.0012 225 224 291 265
person 0.0011 145 113 152 138
person 0.0010 196 161 268 218
person 0.0010 169 182 312 263
person 0.0010 110 2 119 14
bicycle 0.0084 0 149 18 179
bicycle 0.0071 110 172 165 189
bird 0.0010 389 233 421 248
cat 0.0032 114 188 270 266
dog 0.3697 114 189 270 266
dog 0.0215 111 232 174 270
dog 0.0180 112 172 420 263
dog 0.0058 291 183 418 247
dog 0.0021 174 108 348 265
dog 0.0019 112 171 164 190
dog 0.0015 143 172 163 188
dog 0.0012 389 233 421 248
dog 0.0012 174 194 242 255
dog 0.0010 116 190 228 236
horse 0.0411 112 172 420 263
horse 0.0277 174 108 348 265
horse 0.0226 117 190 271 263
horse 0.0029 234 183 419 255
horse 0.0015 0 150 19 179
sheep 0.1048 117 190 271 263
sheep 0.0112 112 172 420 263
sheep 0.0068 111 232 174 270
sheep 0.0065 173 103 347 266
sheep 0.0013 291 183 418 247
cow 0.1804 114 189 270 266
cow 0.1367 141 175 419 264
cow 0.0271 291 184 417 248
cow 0.0236 174 108 348 265
cow 0.0015 111 232 174 270
bottle 0.0034 112 231 173 270
bottle 0.0017 146 209 161 226
bottle 0.0012 149 210 156 224
chair 0.0302 0 149 18 179
chair 0.0017 0 145 17 167
chair 0.0011 112 171 166 189
diningtable 0.0015 0 149 18 179
