person 0.6327 -1 33 165 372
person 0.1740 0 34 81 355
person 0.1413 220 56 498 371
person 0.0982 324 56 499 306
person 0.0232 2 188 279 372
person 0.0227 237 294 499 371
person 0.0052 5 2 313 371
person 0.0016 0 1 89 44
aeroplane 0.0079 4 0 88 47
boat 0.2014 238 291 501 372
boat 0.1214 88 -3 429 371
boat 0.0893 31 217 488 369
boat 0.0732 128 218 332 365
boat 0.0383 144 284 279 365
boat 0.0118 4 183 277 372
boat 0.0116 220 56 498 371
boat 0.0089 37 302 357 371
boat 0.0069 107 316 281 370
boat 0.0035 174 12 331 353
boat 0.0031 140 354 249 373
boat 0.0031 1 -3 269 370
boat 0.0023 0 313 217 373
boat 0.0020 122 273 398 371
boat 0.0015 250 203 497 365
boat 0.0010 324 56 499 306
bird 0.0216 324 55 499 311
bird 0.0022 4 0 88 47
bird 0.0017 165 24 501 374
cat 0.0299 327 56 497 306
dog 0.1831 327 56 497 306
dog 0.0015 211 43 499 364
dog 0.0013 237 294 499 371
horse 0.0260 327 56 497 306
horse 0.0025 237 293 499 371
sheep 0.0250 327 56 497 306
cow 0.0388 322 54 499 309
cow 0.0036 237 293 499 371
cow 0.0013 211 43 499 364
chair 0.0065 136 219 295 365
chair 0.0059 237 294 499 371
chair 0.0050 143 283 285 359
chair 0.0013 324 53 500 329
sofa 0.0056 237 294 498 371
pottedplant 0.0046 92 0 381 370
diningtable 0.0015 364 0 498 72
