person 0.0131 1 0 37 92
person 0.0086 0 246 37 306
person 0.0030 0 1 13 35
person 0.0025 0 0 20 88
person 0.0020 7 4 485 309
person 0.0018 0 0 482 89
car 0.0034 0 246 37 305
car 0.0011 3 -6 481 292
bird 0.0128 207 153 254 260
cat 0.6429 173 45 444 185
cat 0.0549 169 24 493 265
cat 0.0378 207 153 254 260
cat 0.0196 -13 -8 519 286
cat 0.0051 202 140 301 260
cat 0.0043 97 90 425 286
cat 0.0020 179 74 346 264
cat 0.0015 243 54 370 179
cat 0.0013 178 115 261 238
cat 0.0010 167 69 305 192
cat 0.0010 241 121 349 188
dog 0.0091 173 44 445 183
dog 0.0021 3 -6 481 292
bottle 0.0072 488 38 500 99
bottle 0.0054 1 1 38 92
bottle 0.0012 0 248 37 306
bottle 0.0012 0 0 20 88
chair 0.0186 0 247 37 306
chair 0.0083 55 11 524 286
chair 0.0031 217 43 446 186
chair 0.0010 18 0 488 90
sofa 0.1419 55 11 524 286
sofa 0.0191 149 49 443 185
sofa 0.0175 8 0 478 91
sofa 0.0027 0 246 37 306
sofa 0.0012 61 1 501 161
pottedplant 0.0014 1 1 38 92
diningtable 0.0091 3 -6 481 292
diningtable 0.0037 0 248 37 304
