person 0.9018 155 28 319 221
person 0.3239 480 200 499 229
person 0.0469 133 1 196 35
person 0.0285 65 0 115 39
person 0.0111 66 0 87 39
person 0.0050 166 2 197 34
person 0.0048 490 214 500 229
person 0.0045 106 0 179 36
person 0.0040 0 63 25 251
person 0.0026 -6 37 370 233
person 0.0023 261 45 329 199
person 0.0020 75 0 156 38
person 0.0019 129 0 167 35
person 0.0016 113 0 148 36
person 0.0016 190 0 244 31
person 0.0015 479 211 498 235
person 0.0014 132 226 287 324
person 0.0011 479 198 499 257
person 0.0010 481 193 499 218
car 0.0038 67 0 134 39
car 0.0022 136 226 283 324
car 0.0019 232 250 272 280
car 0.0017 132 0 195 35
bird 0.0011 480 199 499 228
cat 0.0356 480 199 499 228
cat 0.0024 209 158 270 193
cat 0.0011 485 207 500 229
dog 0.0131 480 199 500 229
dog 0.0030 209 157 275 195
dog 0.0026 234 257 269 278
dog 0.0014 218 167 269 203
horse 0.0022 135 226 284 324
bottle 0.0028 479 200 499 227
bottle 0.0019 336 176 387 247
chair 0.5409 261 44 328 200
chair 0.0729 154 30 324 219
chair 0.0447 273 45 375 199
chair 0.0438 8 71 414 232
chair 0.0362 212 158 274 204
chair 0.0288 0 56 169 247
chair 0.0127 261 43 317 96
chair 0.0127 0 63 25 251
chair 0.0119 159 57 185 134
chair 0.0092 126 115 363 204
chair 0.0074 168 131 324 196
chair 0.0065 295 117 321 195
chair 0.0062 331 128 351 143
chair 0.0053 329 110 358 145
chair 0.0052 480 200 499 228
chair 0.0045 294 44 336 186
chair 0.0036 276 86 316 118
chair 0.0035 190 149 294 189
chair 0.0034 334 141 372 180
chair 0.0030 91 120 473 222
chair 0.0028 76 50 275 159
chair 0.0026 323 125 374 189
chair 0.0025 281 101 319 188
chair 0.0023 385 170 498 194
chair 0.0022 319 73 363 183
chair 0.0020 272 125 349 195
chair 0.0020 208 32 324 154
chair 0.0019 241 88 363 205
chair 0.0018 302 136 319 200
chair 0.0018 0 61 55 253
chair 0.0018 3 114 40 163
chair 0.0017 5 125 41 146
chair 0.0016 1 54 173 150
chair 0.0016 158 49 198 203
chair 0.0014 145 32 251 194
chair 0.0014 335 175 387 248
chair 0.0013 38 25 397 152
chair 0.0013 320 165 341 196
chair 0.0012 308 9 368 172
chair 0.0011 108 225 304 322
chair 0.0011 328 97 359 135
chair 0.0010 283 101 317 127
chair 0.0010 143 56 193 131
sofa 0.0213 -18 57 390 238
sofa 0.0127 3 55 180 243
sofa 0.0036 154 26 316 223
sofa 0.0023 264 38 329 197
sofa 0.0014 480 200 499 228
sofa 0.0012 -18 190 485 333
sofa 0.0010 0 65 22 248
pottedplant 0.0069 65 0 131 39
pottedplant 0.0046 133 1 196 36
pottedplant 0.0014 110 0 146 37
pottedplant 0.0014 81 0 201 42
pottedplant 0.0011 101 1 131 37
diningtable 0.6742 17 191 495 330
diningtable 0.1965 124 225 300 322
diningtable 0.0687 316 173 494 330
diningtable 0.0458 5 219 324 327
diningtable 0.0333 374 206 418 239
diningtable 0.0225 2 53 173 242
diningtable 0.0153 35 115 478 285
diningtable 0.0145 8 71 414 232
diningtable 0.0125 351 202 425 267
diningtable 0.0102 195 159 283 205
diningtable 0.0094 324 234 478 319
diningtable 0.0085 396 189 495 332
diningtable 0.0071 138 132 364 210
diningtable 0.0065 336 176 387 247
diningtable 0.0054 326 194 479 272
diningtable 0.0051 93 139 412 241
diningtable 0.0049 225 238 274 290
diningtable 0.0035 1 55 177 144
diningtable 0.0031 0 67 21 244
diningtable 0.0018 237 177 458 296
diningtable 0.0017 261 44 328 200
diningtable 0.0014 466 194 500 326
diningtable 0.0013 436 204 500 328
diningtable 0.0011 401 229 473 292
diningtable 0.0011 154 26 316 223
diningtable 0.0010 295 171 430 254
tvmonitor 0.0029 0 67 21 244
tvmonitor 0.0011 134 227 287 323
