person 0.0036 492 78 499 121
person 0.0016 366 0 456 36
person 0.0011 486 259 499 346
person 0.0010 0 241 53 370
person 0.0010 305 1 333 28
bus 0.0011 167 117 312 184
bird 0.0010 340 170 368 198
bottle 0.0099 486 259 499 346
bottle 0.0017 306 0 334 29
bottle 0.0015 492 77 499 117
chair 0.7751 2 111 199 373
chair 0.2847 0 307 53 373
chair 0.1740 0 241 53 370
chair 0.0628 0 108 87 341
chair 0.0342 0 255 195 371
chair 0.0196 109 200 173 266
chair 0.0192 492 77 499 117
chair 0.0175 -1 306 132 373
chair 0.0137 0 239 23 308
chair 0.0088 0 191 33 333
chair 0.0086 107 125 182 284
chair 0.0072 8 70 129 303
chair 0.0057 0 109 42 335
chair 0.0035 0 34 98 138
chair 0.0034 0 194 131 372
chair 0.0032 84 177 186 298
chair 0.0026 418 60 499 255
chair 0.0023 0 304 50 342
chair 0.0018 106 145 200 352
chair 0.0017 91 33 189 274
chair 0.0016 427 64 500 173
chair 0.0014 0 349 16 374
chair 0.0013 0 40 92 256
chair 0.0011 442 -1 499 141
chair 0.0010 485 259 499 347
sofa 0.0021 0 307 53 373
pottedplant 0.0028 305 1 333 28
pottedplant 0.0023 373 0 460 43
diningtable 0.0017 164 118 313 184
diningtable 0.0013 96 116 424 224
tvmonitor 0.8365 299 34 428 174
tvmonitor 0.8272 85 27 196 124
tvmonitor 0.8083 183 16 314 136
tvmonitor 0.5432 0 34 98 137
tvmonitor 0.5201 420 64 499 249
tvmonitor 0.0222 0 106 84 299
tvmonitor 0.0213 492 78 499 121
tvmonitor 0.0128 478 154 499 258
tvmonitor 0.0120 487 180 500 259
tvmonitor 0.0097 176 16 415 187
tvmonitor 0.0052 429 64 500 158
tvmonitor 0.0045 340 170 368 198
tvmonitor 0.0044 486 259 499 346
tvmonitor 0.0044 338 49 496 254
tvmonitor 0.0040 459 122 500 280
tvmonitor 0.0039 480 200 500 264
tvmonitor 0.0035 300 150 380 198
tvmonitor 0.0031 447 75 500 213
tvmonitor 0.0029 469 212 499 297
tvmonitor 0.0025 489 207 500 250
tvmonitor 0.0024 420 64 474 174
tvmonitor 0.0024 410 168 487 255
tvmonitor 0.0021 97 73 184 109
tvmonitor 0.0021 0 110 42 296
tvmonitor 0.0019 89 15 358 129
tvmonitor 0.0017 462 250 498 301
tvmonitor 0.0016 362 1 454 67
tvmonitor 0.0016 435 103 497 306
tvmonitor 0.0014 484 221 500 286
tvmonitor 0.0013 442 -1 499 141
tvmonitor 0.0012 161 125 416 229
tvmonitor 0.0010 304 95 389 216
tvmonitor 0.0010 41 33 157 133
