person 0.9249 246 81 371 371
person 0.8091 152 125 288 370
person 0.0123 482 309 499 366
person 0.0088 136 102 390 374
person 0.0016 212 89 328 377
person 0.0015 492 300 500 361
person 0.0014 140 193 213 368
person 0.0011 450 182 456 188
person 0.0011 139 297 190 364
person 0.0010 496 174 500 182
car 0.0010 448 183 456 188
bird 0.0031 448 183 455 188
bird 0.0026 483 307 499 366
cat 0.0033 480 308 499 365
dog 0.0206 482 308 499 366
dog 0.0010 492 300 500 361
horse 0.0290 483 307 499 366
sheep 0.0411 480 308 499 366
sheep 0.0042 492 300 500 361
sheep 0.0028 447 183 456 188
cow 0.0197 482 307 499 366
bottle 0.0015 175 306 212 352
bottle 0.0012 139 297 190 363
