person 0.3432 366 178 418 221
person 0.2306 342 195 388 232
person 0.1724 223 151 246 178
person 0.1492 316 196 359 234
person 0.1332 222 151 275 206
person 0.1238 196 182 234 250
person 0.1047 256 156 277 190
person 0.1012 223 150 255 190
person 0.0843 252 155 286 202
person 0.0681 0 97 130 365
person 0.0560 315 198 341 231
person 0.0502 223 151 237 168
person 0.0476 256 156 272 180
person 0.0459 293 186 312 211
person 0.0455 141 165 189 218
person 0.0350 341 196 369 225
person 0.0303 367 181 393 222
person 0.0301 294 191 341 226
person 0.0296 367 178 400 205
person 0.0248 386 190 422 221
person 0.0236 396 201 420 220
person 0.0225 376 181 399 216
person 0.0205 335 197 358 232
person 0.0175 272 169 319 215
person 0.0159 293 187 308 201
person 0.0148 142 165 169 206
person 0.0144 293 189 320 220
person 0.0136 385 186 405 219
person 0.0116 351 180 400 225
person 0.0100 341 194 362 215
person 0.0094 198 181 216 217
person 0.0084 271 173 297 200
person 0.0080 317 196 339 217
person 0.0066 287 179 310 207
person 0.0064 260 162 297 203
person 0.0059 242 154 321 216
person 0.0053 152 170 239 250
person 0.0047 368 181 384 213
person 0.0045 284 185 358 232
person 0.0043 338 214 356 234
person 0.0040 178 207 189 219
person 0.0032 266 163 289 193
person 0.0027 326 197 351 227
person 0.0025 260 165 282 198
person 0.0020 152 177 199 230
person 0.0020 182 147 276 218
person 0.0017 244 170 276 206
person 0.0017 380 181 404 205
person 0.0016 256 156 267 172
person 0.0016 142 164 164 186
person 0.0015 232 161 255 192
person 0.0014 367 181 383 198
person 0.0014 345 219 357 235
person 0.0014 332 207 380 235
person 0.0013 166 200 189 221
person 0.0011 374 178 399 195
person 0.0011 222 144 238 163
person 0.0010 322 212 359 235
bicycle 0.0029 366 179 419 222
bicycle 0.0027 396 202 420 220
bicycle 0.0024 316 195 358 235
bicycle 0.0016 0 97 130 365
bicycle 0.0014 341 194 389 231
bicycle 0.0013 224 151 279 207
bicycle 0.0012 293 188 316 218
bicycle 0.0011 293 187 310 207
car 0.2166 313 195 360 234
car 0.1890 343 195 387 233
car 0.1039 360 180 420 225
car 0.0730 222 152 287 205
car 0.0621 293 186 312 211
car 0.0574 315 198 341 231
car 0.0425 291 192 347 226
car 0.0421 223 151 251 186
car 0.0373 142 165 190 220
car 0.0315 196 179 236 251
car 0.0272 293 187 308 201
car 0.0260 253 156 296 200
car 0.0248 272 169 319 215
car 0.0236 255 156 279 191
car 0.0233 367 178 400 205
car 0.0232 293 189 320 220
car 0.0178 396 199 421 221
car 0.0140 386 190 422 221
car 0.0138 341 196 370 225
car 0.0138 332 202 359 235
car 0.0134 274 175 306 202
car 0.0109 242 154 321 216
car 0.0106 287 179 310 207
car 0.0087 151 169 239 250
car 0.0086 223 151 243 175
car 0.0070 5 99 140 363
car 0.0060 256 156 272 180
car 0.0055 342 194 362 216
car 0.0053 317 196 340 218
car 0.0042 338 214 356 234
car 0.0040 366 180 395 223
car 0.0031 174 207 188 220
car 0.0028 368 181 387 213
car 0.0025 376 181 399 216
car 0.0021 350 207 389 230
car 0.0020 317 196 332 213
car 0.0018 148 171 206 237
car 0.0017 209 150 356 229
car 0.0017 331 207 380 235
car 0.0015 165 199 188 220
car 0.0014 369 215 386 229
car 0.0014 317 210 355 239
car 0.0013 271 167 294 195
car 0.0012 103 256 127 282
car 0.0012 367 205 387 228
car 0.0012 252 161 380 241
car 0.0011 142 164 170 208
car 0.0011 297 179 392 247
car 0.0011 109 265 128 281
car 0.0010 305 201 336 240
motorbike 0.0174 366 179 419 222
motorbike 0.0108 341 194 388 231
motorbike 0.0091 314 197 343 233
motorbike 0.0060 396 199 421 221
motorbike 0.0058 142 165 190 220
motorbike 0.0054 196 181 236 251
motorbike 0.0044 224 152 288 207
motorbike 0.0042 311 195 365 236
motorbike 0.0040 252 155 286 202
motorbike 0.0035 293 188 316 219
motorbike 0.0024 0 96 133 366
motorbike 0.0018 291 192 347 226
motorbike 0.0013 334 195 359 233
motorbike 0.0012 351 180 400 225
motorbike 0.0011 223 151 251 186
motorbike 0.0011 151 169 239 250
motorbike 0.0010 367 181 393 222
motorbike 0.0010 386 190 422 221
aeroplane 0.0062 366 179 419 222
aeroplane 0.0039 222 152 288 207
aeroplane 0.0035 251 155 287 202
aeroplane 0.0031 196 181 236 251
aeroplane 0.0019 142 165 190 220
aeroplane 0.0019 338 195 388 234
aeroplane 0.0015 223 150 255 190
aeroplane 0.0014 314 197 357 234
bus 0.0122 366 179 419 222
bus 0.0089 144 164 187 220
bus 0.0060 343 195 387 233
bus 0.0055 196 179 236 251
bus 0.0035 151 169 239 250
bus 0.0034 222 152 288 207
bus 0.0027 315 195 358 235
bus 0.0015 251 155 287 202
bus 0.0013 367 178 400 205
train 0.0020 366 179 419 222
train 0.0017 0 96 132 364
train 0.0015 195 180 229 246
train 0.0011 343 192 388 231
boat 0.0980 142 165 190 219
boat 0.0214 222 151 275 206
boat 0.0212 196 179 236 251
boat 0.0097 366 179 406 223
boat 0.0090 251 155 287 202
boat 0.0087 341 194 388 231
boat 0.0069 144 166 240 247
boat 0.0068 223 150 255 190
boat 0.0047 142 164 169 206
boat 0.0044 256 156 277 190
boat 0.0036 315 195 358 235
boat 0.0023 148 171 206 237
boat 0.0012 223 150 245 178
boat 0.0010 0 97 132 362
bird 0.0026 0 96 133 366
cat 0.0055 0 96 133 366
dog 0.0282 0 96 133 366
dog 0.0022 198 183 235 250
dog 0.0018 396 199 421 221
dog 0.0017 342 195 388 231
dog 0.0015 367 179 406 222
dog 0.0014 293 188 316 218
dog 0.0012 313 197 342 232
dog 0.0011 294 195 323 229
dog 0.0010 224 153 268 203
horse 0.0070 0 97 130 365
horse 0.0022 367 179 406 222
horse 0.0011 343 192 388 231
horse 0.0010 378 184 422 221
sheep 0.0016 0 96 133 366
cow 0.0047 0 97 130 365
bottle 0.0011 196 182 234 250
bottle 0.0010 98 242 123 279
chair 0.0050 0 96 133 366
chair 0.0046 341 194 388 231
chair 0.0038 142 165 189 220
chair 0.0033 314 196 350 231
chair 0.0024 271 173 297 200
chair 0.0023 293 188 316 218
chair 0.0021 197 181 235 250
chair 0.0019 225 154 253 196
chair 0.0019 290 185 309 204
chair 0.0017 253 155 285 202
chair 0.0017 222 151 275 206
chair 0.0017 366 179 406 223
chair 0.0013 294 191 341 226
chair 0.0011 223 151 246 178
chair 0.0011 256 156 273 177
sofa 0.0014 0 97 130 365
pottedplant 0.0017 294 192 321 223
pottedplant 0.0012 0 97 130 364
