person 0.0110 154 225 191 264
person 0.0061 493 202 499 235
person 0.0037 154 285 170 312
person 0.0032 152 225 193 302
person 0.0024 130 269 144 307
person 0.0015 153 222 179 252
person 0.0011 153 221 169 247
person 0.0010 37 256 83 293
car 0.0177 429 234 499 309
car 0.0058 154 226 193 265
car 0.0032 153 226 195 301
car 0.0017 155 261 206 301
car 0.0016 180 228 203 243
car 0.0014 493 202 499 235
aeroplane 0.0019 412 147 499 226
bus 0.0019 20 16 506 367
boat 0.0021 432 234 499 297
bird 0.0014 37 256 83 293
bird 0.0013 37 279 82 296
bird 0.0011 154 284 170 314
bottle 0.0062 154 284 170 312
bottle 0.0046 493 202 499 235
bottle 0.0011 495 199 499 215
chair 0.0056 414 147 499 238
chair 0.0025 432 234 499 290
chair 0.0011 459 183 499 236
sofa 0.0020 432 233 499 306
pottedplant 0.0347 127 316 209 373
pottedplant 0.0327 134 286 324 372
pottedplant 0.0257 154 225 191 264
pottedplant 0.0080 280 22 430 331
pottedplant 0.0061 152 225 193 302
pottedplant 0.0060 154 283 170 312
pottedplant 0.0056 37 256 83 293
pottedplant 0.0050 493 202 499 235
pottedplant 0.0041 193 302 292 370
pottedplant 0.0037 130 270 143 308
pottedplant 0.0030 179 16 442 374
pottedplant 0.0021 180 228 204 248
pottedplant 0.0021 297 126 468 323
pottedplant 0.0017 201 279 401 372
pottedplant 0.0016 150 112 204 161
pottedplant 0.0016 170 228 195 254
pottedplant 0.0016 149 259 174 312
pottedplant 0.0015 109 316 178 371
pottedplant 0.0014 252 59 283 112
pottedplant 0.0013 183 229 196 245
pottedplant 0.0011 153 222 178 258
pottedplant 0.0010 464 192 499 237
diningtable 0.0056 431 234 499 304
diningtable 0.0014 414 147 499 237
diningtable 0.0013 433 230 498 272
