person 0.0382 0 263 19 285
person 0.0379 42 271 48 284
person 0.0345 471 294 479 308
person 0.0226 403 183 415 191
person 0.0216 15 281 20 292
person 0.0215 139 277 149 303
person 0.0213 12 272 21 288
person 0.0208 179 272 186 285
person 0.0201 469 292 482 310
person 0.0195 177 273 184 285
person 0.0191 407 184 419 192
person 0.0187 204 272 210 280
person 0.0164 450 289 478 318
person 0.0145 209 276 227 297
person 0.0126 198 273 206 280
person 0.0120 399 183 411 191
person 0.0111 201 272 209 280
person 0.0107 211 275 225 290
person 0.0105 393 184 402 192
person 0.0101 378 184 392 193
person 0.0099 473 286 487 310
person 0.0098 452 289 476 306
person 0.0098 474 288 481 305
person 0.0075 477 286 483 298
person 0.0067 208 273 247 292
person 0.0065 113 267 122 280
person 0.0060 42 272 55 289
person 0.0059 477 285 485 307
person 0.0059 475 264 498 273
person 0.0057 373 185 385 193
person 0.0055 35 270 53 286
person 0.0054 469 292 478 303
person 0.0053 47 280 58 291
person 0.0051 479 289 490 310
person 0.0050 0 272 11 285
person 0.0049 7 269 31 284
person 0.0048 150 287 160 302
person 0.0047 413 185 426 193
person 0.0047 209 272 218 282
person 0.0046 484 303 491 312
person 0.0043 474 263 487 272
person 0.0042 484 288 491 310
person 0.0042 13 270 23 283
person 0.0041 184 273 191 283
person 0.0039 216 274 225 285
person 0.0039 147 283 158 300
person 0.0036 476 266 486 278
person 0.0034 173 271 191 288
person 0.0034 478 301 491 312
person 0.0032 195 274 203 281
person 0.0032 400 179 417 193
person 0.0026 215 274 234 290
person 0.0022 138 268 152 297
person 0.0022 397 185 408 192
person 0.0022 43 269 55 282
person 0.0020 168 274 179 282
person 0.0020 443 287 453 300
person 0.0020 452 290 472 299
person 0.0019 445 289 458 298
person 0.0019 180 279 185 286
person 0.0018 149 268 157 281
person 0.0018 132 271 138 283
person 0.0018 434 280 458 302
person 0.0018 440 281 452 296
person 0.0018 440 289 453 310
person 0.0018 71 266 86 276
person 0.0016 378 182 400 191
person 0.0015 391 278 399 290
person 0.0015 479 265 500 277
person 0.0014 485 305 491 311
person 0.0014 384 178 402 194
person 0.0014 392 262 411 286
person 0.0013 72 265 94 278
person 0.0013 479 282 485 298
person 0.0013 150 272 210 295
person 0.0012 477 266 493 289
person 0.0012 210 283 244 298
person 0.0012 409 179 418 190
person 0.0012 398 270 410 289
person 0.0012 43 268 48 279
person 0.0012 481 271 489 285
person 0.0011 176 279 182 287
person 0.0011 171 270 210 287
person 0.0011 429 289 466 320
person 0.0011 208 277 218 296
person 0.0010 434 278 448 292
person 0.0010 400 266 413 285
person 0.0010 385 179 394 192
person 0.0010 388 276 424 315
person 0.0010 197 267 213 282
car 0.0295 452 290 472 299
car 0.0213 451 289 477 305
car 0.0157 330 264 400 288
car 0.0093 447 290 478 319
car 0.0061 479 264 500 273
car 0.0046 470 293 478 307
car 0.0045 0 264 18 284
car 0.0036 305 265 402 298
car 0.0032 71 264 92 276
car 0.0026 69 262 107 278
car 0.0020 474 262 499 277
car 0.0019 474 263 487 272
car 0.0017 467 293 486 310
car 0.0015 339 267 383 285
car 0.0015 112 267 122 280
car 0.0015 472 296 480 310
car 0.0013 65 266 85 276
car 0.0012 50 267 95 279
car 0.0011 450 289 468 296
car 0.0010 77 266 103 281
aeroplane 0.5848 -1 156 498 308
aeroplane 0.0667 0 264 19 284
aeroplane 0.0419 -1 175 122 286
aeroplane 0.0266 479 264 499 272
aeroplane 0.0202 203 272 276 298
aeroplane 0.0159 -10 161 228 294
aeroplane 0.0159 0 263 43 288
aeroplane 0.0146 474 262 499 277
aeroplane 0.0125 473 263 488 272
aeroplane 0.0118 207 273 250 293
aeroplane 0.0112 0 256 28 285
aeroplane 0.0104 324 264 400 291
aeroplane 0.0104 69 263 100 277
aeroplane 0.0076 208 276 230 297
aeroplane 0.0070 71 265 88 276
aeroplane 0.0067 0 254 19 278
aeroplane 0.0057 306 264 399 310
aeroplane 0.0048 207 259 266 293
aeroplane 0.0044 229 268 337 302
aeroplane 0.0039 471 261 485 270
aeroplane 0.0038 60 261 118 285
aeroplane 0.0037 132 271 240 303
aeroplane 0.0034 56 264 91 278
aeroplane 0.0033 44 265 97 285
aeroplane 0.0033 29 271 59 286
aeroplane 0.0032 5 269 33 284
aeroplane 0.0029 4 272 49 287
aeroplane 0.0027 24 262 107 289
aeroplane 0.0026 9 270 22 289
aeroplane 0.0026 -1 204 79 287
aeroplane 0.0026 78 263 126 279
aeroplane 0.0026 112 259 456 306
aeroplane 0.0025 492 264 499 270
aeroplane 0.0023 0 242 44 285
aeroplane 0.0022 435 253 496 296
aeroplane 0.0021 383 268 450 317
aeroplane 0.0021 95 165 190 276
aeroplane 0.0020 0 228 36 256
aeroplane 0.0020 460 259 496 297
aeroplane 0.0018 0 235 20 283
aeroplane 0.0018 0 206 37 277
aeroplane 0.0015 481 269 499 285
aeroplane 0.0015 467 258 500 282
aeroplane 0.0015 62 248 141 284
aeroplane 0.0015 468 254 499 272
aeroplane 0.0014 3 42 511 247
aeroplane 0.0013 112 189 416 301
aeroplane 0.0013 233 276 304 301
aeroplane 0.0013 0 270 13 285
aeroplane 0.0012 75 265 105 281
aeroplane 0.0012 485 266 500 278
aeroplane 0.0011 0 272 20 288
aeroplane 0.0011 212 274 228 290
aeroplane 0.0011 203 169 492 297
aeroplane 0.0010 475 266 486 278
aeroplane 0.0010 52 208 477 335
aeroplane 0.0010 167 271 199 288
aeroplane 0.0010 468 258 483 269
bus 0.0023 0 263 19 285
boat 0.0027 479 265 500 277
boat 0.0015 0 264 19 284
boat 0.0014 323 265 399 290
chair 0.0011 448 289 478 334
