person 0.5303 171 361 184 397
person 0.0693 224 412 231 420
person 0.0482 170 378 182 398
person 0.0448 100 372 189 419
person 0.0369 174 383 188 399
person 0.0364 131 385 141 397
person 0.0267 158 385 168 399
person 0.0266 115 381 184 406
person 0.0263 137 376 147 390
person 0.0260 166 384 175 398
person 0.0244 167 369 180 399
person 0.0220 121 388 129 397
person 0.0174 136 375 144 383
person 0.0170 151 387 162 399
person 0.0167 129 374 153 394
person 0.0134 178 362 188 393
person 0.0130 171 361 183 375
person 0.0112 105 386 118 397
person 0.0110 128 387 138 399
person 0.0108 117 388 124 397
person 0.0108 138 385 150 397
person 0.0106 95 381 115 397
person 0.0102 175 360 185 373
person 0.0098 145 387 157 399
person 0.0098 179 386 188 398
person 0.0087 157 412 162 419
person 0.0081 103 381 120 397
person 0.0076 114 371 122 392
person 0.0074 115 355 201 408
person 0.0073 172 386 181 398
person 0.0070 115 369 121 382
person 0.0059 155 378 166 391
person 0.0057 139 379 148 402
person 0.0049 119 370 125 385
person 0.0047 140 363 177 398
person 0.0043 151 377 163 389
person 0.0043 161 361 187 401
person 0.0039 120 377 127 393
person 0.0037 153 370 162 383
person 0.0029 152 361 161 380
person 0.0029 257 411 264 416
person 0.0028 141 378 156 389
person 0.0028 128 382 137 393
person 0.0025 170 364 178 382
person 0.0022 100 327 188 419
person 0.0021 146 350 160 363
person 0.0021 111 367 136 398
person 0.0018 134 357 173 384
person 0.0016 142 371 156 397
person 0.0015 146 373 159 383
person 0.0015 87 355 165 412
person 0.0015 114 369 119 376
person 0.0015 107 382 136 401
person 0.0013 177 359 184 368
person 0.0013 111 354 131 394
person 0.0013 134 371 171 387
person 0.0012 94 385 106 397
person 0.0012 119 379 149 396
person 0.0011 147 360 160 378
car 0.0012 98 373 192 417
boat 0.6264 92 71 206 428
boat 0.2778 99 372 189 419
boat 0.0206 93 328 190 420
boat 0.0175 115 381 184 406
boat 0.0128 94 381 106 396
boat 0.0096 93 227 192 421
boat 0.0057 130 385 144 398
boat 0.0056 99 382 118 397
boat 0.0045 133 376 152 392
boat 0.0037 100 395 188 420
boat 0.0036 113 353 203 409
boat 0.0031 99 66 300 451
boat 0.0026 133 119 199 431
boat 0.0025 224 412 231 420
boat 0.0017 25 79 194 477
boat 0.0015 256 411 263 416
boat 0.0013 100 238 158 399
boat 0.0013 159 240 191 398
boat 0.0011 148 390 162 400
boat 0.0011 105 388 119 397
bird 0.1016 256 411 263 416
bird 0.0653 224 412 231 420
bird 0.0021 157 412 162 419
bird 0.0017 244 411 262 416
bottle 0.0014 157 412 162 419
