person 0.7744 27 50 98 251
person 0.6541 67 63 108 124
person 0.6260 369 35 438 92
person 0.5524 340 77 360 109
person 0.4220 454 58 499 162
person 0.4097 0 61 35 247
person 0.3515 114 71 128 92
person 0.3356 100 68 118 95
person 0.3223 0 62 30 162
person 0.2736 472 57 500 107
person 0.2626 326 78 343 109
person 0.1945 424 52 443 72
person 0.1916 312 79 322 93
person 0.1701 0 65 30 114
person 0.1444 64 72 81 91
person 0.1441 355 79 365 101
person 0.1340 361 77 373 97
person 0.1277 102 71 127 102
person 0.1096 22 74 39 100
person 0.1079 446 58 499 254
person 0.1056 306 79 316 89
person 0.1055 322 80 333 96
person 0.0942 0 87 18 237
person 0.0925 12 68 27 89
person 0.0880 416 38 439 72
person 0.0872 121 69 134 84
person 0.0849 290 69 297 80
person 0.0793 316 81 327 98
person 0.0644 358 82 369 99
person 0.0520 0 64 21 99
person 0.0506 73 66 92 87
person 0.0493 10 71 30 102
person 0.0415 22 66 36 92
person 0.0413 72 65 107 100
person 0.0400 95 69 113 105
person 0.0400 303 77 311 86
person 0.0355 12 85 40 187
person 0.0344 25 66 35 84
person 0.0336 0 99 19 174
person 0.0324 11 78 34 121
person 0.0279 324 84 337 110
person 0.0266 430 57 444 70
person 0.0265 34 51 99 152
person 0.0257 217 49 261 84
person 0.0253 55 55 108 185
person 0.0245 413 124 442 161
person 0.0236 365 39 461 155
person 0.0229 62 65 86 94
person 0.0227 101 61 116 79
person 0.0210 17 84 35 112
person 0.0199 88 68 106 93
person 0.0193 334 76 346 90
person 0.0186 98 65 112 86
person 0.0185 368 59 428 88
person 0.0167 364 70 374 92
person 0.0160 0 62 13 125
person 0.0152 410 73 486 224
person 0.0149 390 35 441 77
person 0.0143 0 80 25 131
person 0.0141 16 64 58 208
person 0.0133 26 81 39 106
person 0.0131 409 101 468 161
person 0.0122 123 68 140 87
person 0.0118 62 70 75 86
person 0.0116 346 77 357 89
person 0.0115 328 76 342 90
person 0.0112 99 61 110 77
person 0.0112 84 70 108 105
person 0.0110 90 69 101 85
person 0.0109 208 13 263 82
person 0.0108 369 72 382 91
person 0.0108 1 125 15 172
person 0.0103 340 76 353 87
person 0.0101 396 67 486 154
person 0.0100 0 164 35 259
person 0.0099 65 66 95 111
person 0.0097 305 79 318 96
person 0.0097 368 50 482 247
person 0.0096 0 63 10 87
person 0.0096 172 50 196 73
person 0.0095 431 110 482 157
person 0.0093 29 78 42 97
person 0.0090 478 67 500 129
person 0.0085 447 69 484 107
person 0.0083 107 62 118 76
person 0.0081 372 65 397 93
person 0.0080 0 179 21 244
person 0.0075 346 47 427 99
person 0.0075 0 106 12 159
person 0.0074 96 70 124 124
person 0.0074 311 76 320 90
person 0.0072 363 64 371 74
person 0.0071 299 77 310 89
person 0.0069 15 67 25 80
person 0.0068 386 39 464 111
person 0.0065 422 56 437 73
person 0.0064 314 78 350 108
person 0.0062 14 56 76 300
person 0.0062 109 71 138 108
person 0.0062 305 76 313 85
bicycle 0.0041 427 153 499 254
bicycle 0.0025 430 175 473 247
bicycle 0.0015 437 59 499 253
bicycle 0.0013 0 63 35 263
bicycle 0.0013 0 181 35 264
car 0.0041 443 69 476 108
car 0.0028 471 55 499 106
car 0.0023 452 60 500 161
car 0.0020 0 112 16 166
car 0.0018 423 89 501 257
car 0.0016 64 71 79 89
car 0.0013 448 70 475 83
motorbike 0.6042 49 36 472 318
motorbike 0.0965 427 152 499 254
motorbike 0.0486 436 60 499 253
motorbike 0.0231 0 115 35 267
motorbike 0.0152 444 62 499 168
motorbike 0.0135 427 171 475 246
motorbike 0.0130 410 73 486 224
motorbike 0.0092 336 77 360 109
motorbike 0.0090 0 190 35 267
motorbike 0.0080 344 46 494 255
motorbike 0.0065 326 81 341 111
motorbike 0.0057 409 101 468 161
motorbike 0.0057 365 39 471 156
motorbike 0.0050 450 185 500 256
motorbike 0.0042 383 75 455 162
motorbike 0.0040 8 53 94 254
motorbike 0.0037 327 95 340 111
motorbike 0.0036 454 121 500 244
motorbike 0.0035 431 104 486 163
motorbike 0.0031 314 78 350 108
motorbike 0.0025 0 175 22 247
motorbike 0.0022 56 29 280 298
motorbike 0.0020 430 113 467 158
motorbike 0.0020 493 220 499 254
motorbike 0.0018 26 48 124 290
motorbike 0.0018 419 65 479 159
motorbike 0.0017 0 58 20 235
motorbike 0.0016 427 196 465 242
motorbike 0.0016 179 0 260 79
motorbike 0.0016 2 179 37 236
motorbike 0.0015 413 121 442 160
motorbike 0.0015 313 79 325 96
motorbike 0.0015 217 51 262 84
motorbike 0.0014 101 26 262 172
motorbike 0.0013 424 122 455 160
motorbike 0.0013 377 113 486 251
motorbike 0.0012 447 173 480 251
motorbike 0.0011 0 209 24 263
motorbike 0.0011 205 27 477 254
motorbike 0.0011 493 181 500 202
motorbike 0.0011 474 192 499 254
motorbike 0.0011 485 212 499 254
motorbike 0.0010 41 171 62 190
motorbike 0.0010 0 66 34 200
motorbike 0.0010 333 65 458 170
motorbike 0.0010 432 154 498 197
tvmonitor 0.0014 22 37 42 52
