person 0.2706 172 112 301 245
person 0.2670 32 115 447 312
person 0.1526 181 166 221 200
person 0.0307 163 113 350 306
person 0.0210 188 169 213 191
person 0.0207 162 136 245 220
person 0.0129 255 203 321 249
person 0.0117 182 167 388 265
person 0.0114 114 137 279 234
person 0.0106 55 114 328 255
person 0.0096 3 199 469 326
person 0.0065 199 188 329 270
person 0.0025 193 165 236 200
train 0.0013 32 115 447 312
bottle 0.0049 71 57 86 82
chair 0.0023 263 187 332 250
chair 0.0010 14 126 480 326
sofa 0.0140 14 126 480 326
sofa 0.0024 263 186 331 249
sofa 0.0012 0 290 106 328
sofa 0.0011 165 106 294 249
