person 0.8785 124 60 266 363
person 0.0068 292 13 363 44
person 0.0052 293 16 331 42
person 0.0038 239 1 272 23
person 0.0037 232 23 269 40
person 0.0033 109 127 345 324
person 0.0029 232 3 271 37
person 0.0028 496 83 500 101
person 0.0021 121 2 176 103
bicycle 0.1083 115 148 344 360
bicycle 0.1032 238 134 343 299
bicycle 0.0089 124 62 265 364
bicycle 0.0034 121 2 177 103
bicycle 0.0022 186 113 327 306
bicycle 0.0013 290 5 380 48
bicycle 0.0012 158 58 379 317
car 0.0028 321 85 501 188
motorbike 0.0453 238 134 343 299
motorbike 0.0090 115 148 344 360
motorbike 0.0018 124 62 265 364
motorbike 0.0016 318 70 502 348
motorbike 0.0011 290 5 380 48
cat 0.0012 449 100 500 312
bottle 0.0086 133 243 156 298
chair 0.2185 121 6 176 102
chair 0.0083 154 0 179 95
chair 0.0029 342 1 379 45
chair 0.0029 238 134 281 167
chair 0.0027 291 6 379 46
chair 0.0022 163 4 180 74
chair 0.0020 238 134 343 299
chair 0.0019 122 57 266 361
chair 0.0015 138 7 179 71
chair 0.0012 122 46 168 104
chair 0.0012 86 148 356 358
chair 0.0012 128 10 164 59
chair 0.0010 158 1 178 47
pottedplant 0.0317 450 82 500 266
pottedplant 0.0095 444 125 500 360
pottedplant 0.0056 412 67 499 369
pottedplant 0.0053 451 164 500 289
pottedplant 0.0044 488 88 500 172
pottedplant 0.0040 439 256 499 363
pottedplant 0.0026 480 95 500 243
pottedplant 0.0024 492 110 499 145
pottedplant 0.0021 459 201 499 332
pottedplant 0.0016 482 117 500 193
pottedplant 0.0010 491 82 499 140
pottedplant 0.0010 484 134 499 172
diningtable 0.0037 324 83 501 183
diningtable 0.0022 121 3 177 103
diningtable 0.0010 450 105 500 333
