person 0.0133 280 150 289 159
person 0.0020 245 157 363 295
person 0.0017 110 137 137 188
car 0.0021 180 89 190 97
motorbike 0.0016 245 157 363 295
dog 0.0021 246 159 358 297
dog 0.0013 150 153 208 249
horse 0.0018 150 153 208 249
horse 0.0017 111 136 140 187
horse 0.0016 245 157 363 295
horse 0.0012 139 134 169 179
horse 0.0012 104 132 123 175
sheep 0.0035 246 156 364 296
sheep 0.0026 150 153 208 249
sheep 0.0020 112 139 140 188
sheep 0.0019 140 134 170 178
sheep 0.0013 103 131 131 170
sheep 0.0011 170 134 197 159
cow 0.9127 246 156 363 294
cow 0.8421 149 154 209 249
cow 0.6197 140 134 170 178
cow 0.4702 107 134 141 187
cow 0.3193 178 139 226 191
cow 0.2471 169 134 199 164
cow 0.1897 103 131 131 170
cow 0.1770 170 135 208 178
cow 0.0989 122 136 144 186
cow 0.0881 115 131 142 152
cow 0.0778 141 129 167 141
cow 0.0606 120 130 140 142
cow 0.0534 161 134 186 154
cow 0.0490 106 138 120 176
cow 0.0442 128 137 157 183
cow 0.0426 168 133 194 150
cow 0.0425 143 136 170 159
cow 0.0386 132 131 164 158
cow 0.0284 105 130 138 145
cow 0.0270 103 132 126 155
cow 0.0264 143 131 170 150
cow 0.0248 118 154 137 186
cow 0.0200 113 137 139 169
cow 0.0157 67 168 114 201
cow 0.0157 190 140 226 173
cow 0.0144 152 138 172 156
cow 0.0127 169 134 185 142
cow 0.0119 187 142 207 176
cow 0.0097 299 193 363 260
cow 0.0096 114 144 134 182
cow 0.0077 182 139 210 156
cow 0.0067 105 132 123 141
cow 0.0067 280 150 289 159
cow 0.0063 126 162 137 187
cow 0.0062 139 131 160 148
cow 0.0062 147 130 175 143
cow 0.0058 193 143 233 206
cow 0.0053 147 133 196 169
cow 0.0050 128 132 149 149
cow 0.0049 267 223 288 259
cow 0.0048 153 144 204 187
cow 0.0047 133 136 149 171
cow 0.0045 137 143 187 186
cow 0.0045 139 133 227 201
cow 0.0043 109 146 124 179
cow 0.0034 131 136 147 157
cow 0.0032 167 139 232 244
cow 0.0031 156 131 170 140
cow 0.0030 167 179 208 247
cow 0.0028 130 144 146 180
cow 0.0027 149 142 171 173
cow 0.0026 173 150 196 175
cow 0.0025 179 147 202 178
cow 0.0025 261 212 299 256
cow 0.0025 191 145 215 180
cow 0.0023 119 163 130 186
cow 0.0023 260 192 307 272
cow 0.0021 192 141 212 153
cow 0.0018 139 136 173 213
cow 0.0018 192 141 224 157
cow 0.0018 280 151 294 162
cow 0.0016 139 144 154 180
cow 0.0016 159 148 221 208
cow 0.0014 169 143 192 171
cow 0.0013 183 134 205 148
cow 0.0013 180 89 190 98
cow 0.0012 201 142 225 167
cow 0.0011 140 149 187 241
cow 0.0011 275 177 355 267
cow 0.0010 101 131 191 198
cow 0.0010 253 208 289 262
bottle 0.0060 311 455 328 470
bottle 0.0013 281 449 302 468
bottle 0.0012 298 453 330 472
