person 0.7024 127 9 173 118
person 0.2961 128 17 146 48
person 0.0933 294 30 315 91
person 0.0734 165 12 197 50
person 0.0724 180 11 194 35
person 0.0242 129 10 168 68
person 0.0202 160 15 189 42
person 0.0199 82 8 232 169
person 0.0154 105 21 168 106
person 0.0122 65 47 82 67
person 0.0121 167 5 193 34
person 0.0120 139 10 167 41
person 0.0106 125 15 141 38
person 0.0105 128 15 148 71
person 0.0095 162 19 198 69
person 0.0087 295 28 311 67
person 0.0086 177 17 199 54
person 0.0085 79 25 183 130
person 0.0070 123 22 151 104
person 0.0063 110 7 122 29
person 0.0062 164 16 183 34
person 0.0059 141 12 180 97
person 0.0058 300 46 320 89
person 0.0056 128 14 160 50
person 0.0056 293 34 306 83
person 0.0055 297 29 314 51
person 0.0049 59 45 88 80
person 0.0045 115 10 132 34
person 0.0044 118 19 137 42
person 0.0043 302 69 320 91
person 0.0042 69 46 81 61
person 0.0041 286 59 293 70
person 0.0041 286 57 296 82
person 0.0038 54 57 60 69
person 0.0038 130 17 143 34
person 0.0037 3 41 98 84
person 0.0037 124 20 136 36
person 0.0036 141 10 164 29
person 0.0036 292 64 319 92
person 0.0034 300 32 320 72
person 0.0034 154 15 178 34
person 0.0033 181 21 195 38
person 0.0031 43 56 52 70
person 0.0030 67 45 93 68
person 0.0030 160 17 180 60
person 0.0029 73 78 315 188
person 0.0028 95 72 104 91
person 0.0027 158 17 183 88
person 0.0025 167 15 178 26
person 0.0025 112 7 120 18
person 0.0024 46 56 56 75
person 0.0024 54 56 64 78
person 0.0024 284 34 310 88
person 0.0023 120 20 131 35
person 0.0023 38 6 51 23
person 0.0023 111 23 141 48
person 0.0023 238 53 250 72
person 0.0022 80 68 103 92
person 0.0022 174 16 192 37
person 0.0021 132 27 147 47
person 0.0020 83 21 306 91
person 0.0020 134 8 196 60
person 0.0020 274 53 312 90
person 0.0019 73 45 82 56
person 0.0017 172 53 189 71
person 0.0015 132 24 251 82
person 0.0015 175 28 199 73
person 0.0015 282 60 306 88
person 0.0014 37 54 53 70
person 0.0014 19 52 83 79
person 0.0014 124 13 134 29
person 0.0013 54 48 98 90
person 0.0013 171 58 184 77
person 0.0013 184 19 199 42
person 0.0013 164 5 185 27
person 0.0012 44 9 56 23
person 0.0012 129 14 138 28
person 0.0012 200 47 303 78
person 0.0010 172 63 182 74
person 0.0010 50 57 58 67
person 0.0010 161 20 178 40
person 0.0010 233 53 255 75
person 0.0010 68 60 103 92
person 0.0010 105 20 131 42
car 0.0173 1 41 90 88
car 0.0144 294 30 318 92
car 0.0110 137 44 318 87
car 0.0059 0 53 70 83
car 0.0052 202 47 312 80
car 0.0050 301 46 319 77
car 0.0042 59 45 88 80
car 0.0028 51 48 100 91
car 0.0025 66 47 81 69
car 0.0018 298 60 319 91
car 0.0014 33 55 50 69
car 0.0012 35 56 54 76
car 0.0011 305 70 320 90
car 0.0010 304 49 320 66
car 0.0010 23 55 54 71
bus 0.0056 136 44 317 87
bus 0.0027 1 40 102 90
bus 0.0017 204 42 319 78
train 0.0010 136 44 317 87
bird 0.0295 91 158 108 178
bird 0.0031 194 171 211 188
bird 0.0021 143 134 162 145
bird 0.0017 259 95 319 154
bird 0.0012 66 161 81 175
bird 0.0011 304 118 320 130
dog 0.0016 73 78 315 188
dog 0.0013 303 70 319 90
horse 0.6199 73 78 315 188
horse 0.1481 64 24 255 182
horse 0.0158 69 28 176 163
horse 0.0151 128 13 173 125
horse 0.0060 224 91 320 155
horse 0.0057 164 17 199 58
horse 0.0053 82 33 313 94
horse 0.0048 64 47 97 85
horse 0.0043 298 60 319 91
horse 0.0043 71 25 155 104
horse 0.0039 304 70 320 90
horse 0.0021 5 39 122 93
horse 0.0020 109 20 152 84
horse 0.0018 51 3 318 138
horse 0.0018 124 18 145 47
horse 0.0016 66 42 96 69
horse 0.0014 50 29 130 79
horse 0.0012 66 47 81 69
horse 0.0012 111 22 142 49
horse 0.0010 294 28 318 92
cow 0.0014 76 81 318 187
chair 0.0037 294 28 318 92
chair 0.0016 298 60 319 91
chair 0.0015 305 70 320 90
chair 0.0014 302 47 319 76
