person 0.0473 351 216 471 278
person 0.0220 77 34 495 318
person 0.0165 391 131 431 169
person 0.0050 94 4 223 161
person 0.0045 134 131 373 298
person 0.0042 351 216 394 265
person 0.0035 352 217 387 246
person 0.0029 237 198 374 293
person 0.0025 228 209 493 289
person 0.0022 347 4 479 266
person 0.0022 368 85 445 193
person 0.0018 58 0 499 191
person 0.0018 71 0 158 34
person 0.0015 0 64 105 175
bicycle 0.0020 36 12 506 310
bird 0.1552 236 198 373 293
bird 0.0555 136 133 378 298
bird 0.0083 123 1 491 274
bird 0.0038 236 198 296 271
bird 0.0030 351 216 471 278
cat 0.2303 135 132 372 297
cat 0.1155 235 198 374 295
cat 0.0228 123 1 491 274
cat 0.0217 351 215 469 277
cat 0.0073 392 135 429 167
cat 0.0035 236 198 297 273
cat 0.0015 361 3 497 262
cat 0.0011 350 217 398 260
cat 0.0010 352 217 387 246
cat 0.0010 174 181 488 298
dog 0.3101 135 132 372 297
dog 0.2249 119 9 488 298
dog 0.1208 237 198 374 293
dog 0.0821 350 216 468 277
dog 0.0381 392 135 429 167
dog 0.0041 385 123 436 193
dog 0.0037 351 216 394 265
dog 0.0037 58 0 501 116
dog 0.0034 347 4 479 266
dog 0.0031 184 184 480 296
dog 0.0029 368 85 445 193
dog 0.0026 352 217 387 246
dog 0.0015 387 129 417 170
dog 0.0015 18 219 507 334
dog 0.0013 235 198 298 272
dog 0.0011 384 119 428 164
horse 0.0387 73 -2 504 226
horse 0.0031 58 0 501 116
horse 0.0013 138 126 470 303
sheep 0.0025 74 -3 504 227
sheep 0.0014 237 198 374 293
cow 0.0114 73 -2 504 226
cow 0.0020 58 0 501 116
bottle 0.0039 348 216 470 278
bottle 0.0011 352 217 387 246
bottle 0.0010 350 217 398 260
chair 0.6052 0 64 105 175
chair 0.0504 71 0 502 280
chair 0.0081 94 4 223 161
chair 0.0032 453 46 492 74
chair 0.0022 102 66 208 157
chair 0.0021 34 4 353 176
chair 0.0020 55 290 378 331
chair 0.0014 469 44 499 118
chair 0.0014 351 216 471 278
chair 0.0013 2 62 212 174
chair 0.0013 134 132 343 296
sofa 0.3369 0 64 105 175
sofa 0.0129 77 34 495 318
sofa 0.0074 55 290 378 331
sofa 0.0074 18 219 507 334
sofa 0.0051 134 131 373 298
sofa 0.0045 233 198 375 295
sofa 0.0022 74 -2 499 188
sofa 0.0013 2 62 212 174
pottedplant 0.0022 72 0 502 278
diningtable 0.0061 44 10 501 311
diningtable 0.0023 0 65 106 175
tvmonitor 0.0017 401 -1 498 30
