person 0.0347 416 90 497 172
person 0.0231 403 88 498 325
person 0.0039 -1 9 469 361
person 0.0011 259 4 415 360
car 0.0018 401 97 498 337
car 0.0010 2 2 114 35
train 0.0011 75 3 471 355
bird 0.0033 415 91 496 173
bird 0.0023 260 3 418 345
cat 0.0023 263 2 423 346
cat 0.0014 415 91 496 173
cat 0.0013 112 6 269 344
cat 0.0012 72 9 455 358
dog 0.0011 415 91 496 173
bottle 0.1527 260 3 418 345
bottle 0.1156 112 6 269 344
bottle 0.0343 399 90 498 326
bottle 0.0240 100 2 442 351
bottle 0.0107 415 91 497 175
bottle 0.0010 412 130 443 178
chair 0.0018 403 88 498 325
chair 0.0015 98 2 445 354
chair 0.0010 415 91 497 159
pottedplant 0.0022 2 263 47 356
diningtable 0.0486 15 9 420 359
diningtable 0.0421 -1 283 487 371
diningtable 0.0392 -8 182 491 371
diningtable 0.0092 8 232 276 373
diningtable 0.0055 112 6 269 344
diningtable 0.0044 3 267 124 367
diningtable 0.0011 8 268 114 317
diningtable 0.0010 68 152 322 348
tvmonitor 0.0061 100 2 442 351
tvmonitor 0.0016 415 91 498 176
tvmonitor 0.0013 396 94 498 337
