person 0.0011 70 0 129 49
boat 0.0011 181 21 500 365
bird 0.0194 199 26 497 367
bird 0.0027 470 238 500 289
bird 0.0023 489 106 499 128
bird 0.0021 284 75 330 159
bird 0.0021 109 33 153 138
bird 0.0020 439 237 499 342
bird 0.0018 434 116 500 339
bird 0.0015 137 7 218 41
bird 0.0013 487 137 500 203
bird 0.0012 453 227 500 294
bird 0.0012 475 237 499 260
bird 0.0010 467 147 500 324
cat 0.0035 199 26 497 367
dog 0.5990 186 26 502 368
dog 0.0017 284 94 332 167
dog 0.0012 284 118 324 159
dog 0.0011 97 18 392 362
horse 0.0010 186 26 502 368
sheep 0.0219 186 26 502 368
sheep 0.0012 468 237 500 308
cow 0.0045 186 26 502 368
cow 0.0010 468 237 500 308
