person 0.0121 469 308 499 330
person 0.0042 2 144 111 321
person 0.0041 -10 -8 497 324
person 0.0033 387 248 498 327
person 0.0031 21 1 492 114
person 0.0011 262 2 497 92
person 0.0010 0 1 136 329
bicycle 0.0013 14 4 511 318
car 0.0011 14 4 511 318
motorbike 0.0015 14 4 511 318
cat 0.3832 41 47 490 313
cat 0.0263 277 47 499 321
cat 0.0013 380 67 500 303
cat 0.0012 54 83 321 272
cat 0.0010 149 136 479 327
dog 0.0072 11 60 471 324
chair 0.0839 14 4 511 318
chair 0.0070 2 144 111 321
chair 0.0043 105 58 421 304
chair 0.0019 21 1 492 114
chair 0.0014 2 1 156 331
chair 0.0011 387 248 498 327
sofa 0.2224 -10 -8 497 324
sofa 0.0180 2 144 111 321
sofa 0.0148 21 1 492 114
sofa 0.0060 3 -1 155 324
sofa 0.0058 26 168 500 324
sofa 0.0038 105 58 421 304
sofa 0.0038 0 3 128 155
sofa 0.0032 387 248 498 327
sofa 0.0031 277 47 499 321
diningtable 0.0019 14 4 511 318
diningtable 0.0016 381 248 499 328
