person 0.0537 491 166 500 189
person 0.0490 376 131 382 144
person 0.0076 159 130 165 138
person 0.0072 0 152 11 194
person 0.0070 72 123 78 136
person 0.0065 0 92 7 149
person 0.0061 489 152 499 183
person 0.0049 136 126 144 135
person 0.0046 453 355 499 374
person 0.0043 474 185 500 214
person 0.0039 484 159 499 191
person 0.0030 0 93 17 147
person 0.0030 0 94 14 122
person 0.0027 305 256 404 350
person 0.0027 99 120 111 140
person 0.0025 446 228 484 286
person 0.0024 180 262 288 362
person 0.0022 400 187 448 248
person 0.0021 48 107 120 150
person 0.0019 47 138 61 153
person 0.0019 101 126 109 141
person 0.0019 299 128 308 139
person 0.0018 139 125 146 135
person 0.0018 82 148 90 159
person 0.0017 487 127 494 135
person 0.0016 486 128 499 151
person 0.0016 99 248 188 321
person 0.0016 202 134 208 141
person 0.0015 64 117 89 141
person 0.0014 477 153 500 210
person 0.0014 77 149 91 163
person 0.0014 0 135 9 160
person 0.0013 459 157 499 214
person 0.0013 149 144 155 157
person 0.0013 70 121 80 143
person 0.0012 149 133 160 140
person 0.0012 348 128 359 136
person 0.0012 139 130 148 138
person 0.0011 320 129 331 136
person 0.0011 487 151 499 160
person 0.0011 149 143 156 151
person 0.0010 191 249 368 360
person 0.0010 168 325 480 373
person 0.0010 161 266 471 375
bicycle 0.0071 448 230 484 286
bicycle 0.0013 0 152 11 194
car 0.0347 0 138 8 153
car 0.0225 0 132 10 177
car 0.0222 0 151 12 195
car 0.0214 47 138 61 153
car 0.0181 0 142 9 160
car 0.0133 44 106 127 157
car 0.0121 1 107 118 186
car 0.0116 36 137 65 154
car 0.0115 1 140 104 198
car 0.0113 313 131 330 140
car 0.0085 163 137 196 144
car 0.0084 0 134 65 159
car 0.0081 0 150 9 168
car 0.0068 46 136 93 155
car 0.0065 312 133 324 143
car 0.0061 87 154 119 167
car 0.0060 149 134 158 140
car 0.0056 0 107 82 159
car 0.0052 432 146 455 160
car 0.0052 0 130 10 155
car 0.0045 99 248 188 321
car 0.0045 331 132 346 138
car 0.0044 0 119 56 183
car 0.0044 320 129 331 136
car 0.0043 91 135 104 143
car 0.0042 490 161 499 189
car 0.0042 92 132 108 142
car 0.0041 455 355 499 373
car 0.0040 327 132 341 138
car 0.0039 152 131 164 140
car 0.0038 464 174 501 212
car 0.0037 55 142 95 165
car 0.0037 348 129 360 137
car 0.0035 157 136 201 147
car 0.0033 474 187 500 214
car 0.0032 0 124 20 188
car 0.0031 159 130 165 138
car 0.0029 13 131 85 164
car 0.0028 39 139 75 160
car 0.0027 54 109 99 148
car 0.0027 136 126 144 135
car 0.0026 54 118 153 143
car 0.0025 58 154 160 197
car 0.0025 0 139 39 200
car 0.0025 68 134 118 145
car 0.0024 431 146 499 201
car 0.0023 105 171 139 194
car 0.0023 8 156 260 231
car 0.0022 36 156 231 201
car 0.0022 101 126 109 142
car 0.0022 47 127 108 150
car 0.0020 197 312 494 372
car 0.0020 134 130 143 136
car 0.0020 0 121 7 151
car 0.0019 65 155 89 170
car 0.0019 50 141 82 158
car 0.0019 68 153 121 179
car 0.0019 20 185 80 219
car 0.0019 159 135 168 142
car 0.0019 202 134 210 142
car 0.0018 29 124 112 158
car 0.0018 58 153 97 173
car 0.0018 337 130 358 137
car 0.0018 73 123 78 136
car 0.0018 300 129 310 139
car 0.0017 316 128 329 136
car 0.0017 72 146 112 164
car 0.0016 0 96 11 159
car 0.0016 54 140 76 153
car 0.0016 436 129 497 159
car 0.0016 49 129 204 166
car 0.0015 48 133 60 143
car 0.0015 95 129 119 142
car 0.0015 64 145 91 160
car 0.0014 17 134 78 152
car 0.0014 68 122 85 139
car 0.0013 64 117 89 141
car 0.0013 23 154 148 212
car 0.0013 149 143 156 151
car 0.0012 37 134 114 172
car 0.0012 139 130 148 138
car 0.0012 33 148 102 180
car 0.0012 81 126 127 143
car 0.0011 396 143 497 187
car 0.0011 66 106 76 110
car 0.0011 79 146 89 156
car 0.0011 19 146 88 166
car 0.0011 300 133 312 144
car 0.0011 36 157 97 200
car 0.0010 52 104 127 129
car 0.0010 46 125 68 147
car 0.0010 298 128 307 136
car 0.0010 143 136 155 141
car 0.0010 85 134 102 144
car 0.0010 35 115 77 151
car 0.0010 220 137 241 143
car 0.0010 68 131 164 154
car 0.0010 175 136 192 142
car 0.0010 205 136 226 142
aeroplane 0.0029 473 185 499 214
bus 0.0045 47 108 129 144
bus 0.0017 31 92 223 147
bus 0.0015 39 101 161 154
train 0.0051 41 103 156 150
train 0.0050 31 92 223 147
train 0.0034 51 108 125 140
train 0.0013 18 83 353 150
boat 0.0067 490 161 499 189
boat 0.0036 474 186 499 213
boat 0.0033 179 278 284 366
boat 0.0017 436 129 497 159
boat 0.0012 459 157 499 214
boat 0.0011 301 255 407 351
boat 0.0010 157 264 474 373
boat 0.0010 432 149 499 183
bird 0.0114 490 161 499 189
bird 0.0028 449 230 484 286
bird 0.0012 376 131 382 144
cat 0.0051 491 166 500 189
cat 0.0019 449 230 484 287
dog 0.0334 446 228 484 286
dog 0.0102 491 166 500 189
horse 0.0039 447 230 484 287
sheep 0.0024 491 166 500 189
cow 0.0018 491 169 499 188
bottle 0.0028 402 167 448 246
bottle 0.0024 446 228 484 285
bottle 0.0015 490 161 499 189
bottle 0.0011 376 131 382 145
chair 0.8473 301 255 407 351
chair 0.2230 179 285 283 366
chair 0.1950 449 230 484 286
chair 0.1275 454 355 499 373
chair 0.0711 182 261 338 362
chair 0.0479 231 261 449 366
chair 0.0180 153 235 409 364
chair 0.0177 201 205 350 283
chair 0.0146 438 129 496 157
chair 0.0130 258 268 333 322
chair 0.0115 250 265 348 349
chair 0.0112 491 166 500 189
chair 0.0085 432 145 453 160
chair 0.0038 168 325 480 373
chair 0.0037 487 151 499 160
chair 0.0036 486 128 500 156
chair 0.0032 487 149 500 178
chair 0.0031 348 129 360 137
chair 0.0029 215 220 345 345
chair 0.0025 100 250 189 321
chair 0.0025 142 292 378 371
chair 0.0023 474 187 500 214
chair 0.0021 234 244 404 328
chair 0.0020 471 127 496 155
chair 0.0019 181 296 256 351
chair 0.0018 485 157 499 189
chair 0.0018 182 262 284 334
chair 0.0016 54 184 429 379
chair 0.0016 442 130 462 137
chair 0.0014 252 267 336 294
chair 0.0014 446 129 494 144
chair 0.0014 429 131 498 189
chair 0.0013 436 130 456 148
chair 0.0012 486 127 496 138
chair 0.0012 431 145 461 167
chair 0.0011 439 130 478 138
chair 0.0010 491 134 499 157
chair 0.0010 455 229 484 265
sofa 0.0163 454 355 499 373
sofa 0.0105 305 256 404 350
sofa 0.0042 201 205 350 283
sofa 0.0041 234 312 489 372
sofa 0.0021 231 261 449 366
sofa 0.0020 180 262 287 363
sofa 0.0016 464 174 501 212
sofa 0.0014 438 129 498 156
sofa 0.0013 431 146 499 201
sofa 0.0013 474 187 500 214
sofa 0.0010 490 158 500 189
pottedplant 0.0077 400 189 450 247
pottedplant 0.0018 449 230 484 287
pottedplant 0.0014 389 150 495 286
diningtable 0.0645 197 312 494 372
diningtable 0.0364 202 206 350 282
diningtable 0.0265 454 354 498 372
diningtable 0.0186 303 255 406 351
diningtable 0.0157 181 263 339 362
diningtable 0.0101 474 189 499 214
diningtable 0.0075 231 261 449 366
diningtable 0.0067 449 230 484 286
diningtable 0.0058 438 129 496 157
diningtable 0.0056 153 235 409 364
diningtable 0.0041 179 287 283 365
diningtable 0.0040 445 162 497 284
diningtable 0.0036 258 266 333 309
diningtable 0.0035 464 174 501 212
diningtable 0.0034 215 220 345 345
diningtable 0.0023 490 158 500 189
diningtable 0.0022 431 149 498 220
diningtable 0.0019 400 189 450 247
diningtable 0.0018 438 130 495 143
diningtable 0.0016 486 151 499 163
diningtable 0.0015 54 184 429 379
diningtable 0.0012 389 150 495 286
diningtable 0.0011 430 148 499 184
