person 0.0570 96 56 116 93
person 0.0469 82 42 98 71
person 0.0339 82 41 95 59
person 0.0303 90 125 108 142
person 0.0276 91 65 115 103
person 0.0199 87 52 122 88
person 0.0199 129 50 144 75
person 0.0138 46 3 317 197
person 0.0124 125 54 153 82
person 0.0097 99 56 114 70
person 0.0088 84 50 130 116
person 0.0088 94 81 119 104
person 0.0085 81 44 112 81
person 0.0075 143 74 175 114
person 0.0045 146 80 171 105
person 0.0041 88 71 111 90
person 0.0039 123 85 136 101
person 0.0038 92 78 138 109
person 0.0037 107 72 146 100
person 0.0033 99 55 121 75
person 0.0032 87 42 139 155
person 0.0030 83 123 115 151
person 0.0030 140 58 167 87
person 0.0024 136 55 153 78
person 0.0023 62 19 160 182
person 0.0020 133 64 187 127
person 0.0017 99 86 129 103
person 0.0016 158 76 182 130
person 0.0016 86 28 193 147
person 0.0015 85 75 117 110
person 0.0014 122 54 141 73
person 0.0012 90 64 146 127
person 0.0012 147 70 171 98
person 0.0011 155 75 199 120
person 0.0011 165 93 193 122
person 0.0011 138 57 160 72
person 0.0011 153 85 177 112
person 0.0010 77 49 100 92
person 0.0010 246 44 273 88
person 0.0010 0 230 45 251
bottle 0.0012 0 181 6 235
chair 0.0017 224 305 312 331
tvmonitor 0.8723 49 -2 319 193
tvmonitor 0.0046 91 65 115 103
tvmonitor 0.0040 149 1 301 173
tvmonitor 0.0036 0 181 6 235
tvmonitor 0.0034 1 2 71 200
tvmonitor 0.0034 65 29 230 168
tvmonitor 0.0022 0 65 11 208
tvmonitor 0.0019 128 52 145 82
tvmonitor 0.0018 317 109 356 201
tvmonitor 0.0017 85 75 117 110
tvmonitor 0.0017 316 152 357 199
tvmonitor 0.0016 62 10 273 115
tvmonitor 0.0015 98 55 118 90
tvmonitor 0.0014 413 148 459 170
tvmonitor 0.0013 95 50 164 122
tvmonitor 0.0012 65 41 138 150
tvmonitor 0.0011 122 50 157 90
tvmonitor 0.0011 152 20 206 74
tvmonitor 0.0011 94 71 131 103
tvmonitor 0.0010 106 66 151 106
