person 0.0122 178 242 193 264
person 0.0111 159 244 170 264
person 0.0109 222 228 234 242
person 0.0051 472 232 480 241
person 0.0035 157 243 182 264
person 0.0034 466 293 475 309
person 0.0015 202 219 332 291
person 0.0014 159 241 196 266
person 0.0013 182 241 193 259
person 0.0013 471 230 481 245
person 0.0011 219 230 229 244
car 0.8073 203 222 332 293
car 0.0217 180 242 192 265
car 0.0034 159 241 197 267
car 0.0030 231 229 310 284
car 0.0028 111 226 319 289
car 0.0018 161 240 214 276
car 0.0014 205 219 331 250
car 0.0010 157 233 257 292
car 0.0010 173 241 210 265
bus 0.0022 199 222 331 293
bird 0.0046 473 232 480 242
bird 0.0043 178 242 193 264
bird 0.0032 159 244 170 264
dog 0.0016 178 242 193 264
horse 0.0013 178 242 193 264
cow 0.0024 178 242 193 264
