person 0.8387 88 81 194 303
person 0.0379 85 172 119 252
person 0.0372 410 143 500 369
person 0.0065 64 117 78 165
person 0.0028 82 135 140 284
person 0.0027 386 174 422 232
person 0.0025 398 180 419 243
person 0.0018 404 178 424 228
person 0.0015 65 117 76 140
person 0.0013 394 216 408 246
person 0.0013 139 126 209 256
person 0.0011 430 139 499 199
person 0.0010 87 150 123 206
bicycle 0.0384 83 171 120 249
bicycle 0.0165 50 167 115 249
bicycle 0.0121 404 178 424 228
bicycle 0.0099 379 169 421 235
bicycle 0.0067 409 158 499 370
bicycle 0.0033 398 180 419 243
bicycle 0.0026 416 182 442 223
bicycle 0.0025 88 81 194 303
bicycle 0.0017 36 99 97 242
bicycle 0.0016 254 147 278 183
bicycle 0.0015 379 166 399 230
bicycle 0.0015 390 162 428 220
bicycle 0.0012 118 152 401 376
bicycle 0.0012 411 183 426 220
car 0.0488 430 139 499 199
car 0.0163 415 111 499 266
car 0.0099 404 178 424 228
car 0.0054 401 60 500 334
car 0.0051 382 170 423 228
car 0.0045 420 153 500 222
car 0.0028 410 153 434 184
car 0.0026 406 73 498 217
car 0.0023 414 177 441 219
car 0.0018 87 78 196 310
car 0.0016 408 167 434 212
car 0.0011 409 174 499 370
motorbike 0.8713 118 152 401 375
motorbike 0.2492 409 158 499 370
motorbike 0.0120 379 169 421 235
motorbike 0.0098 128 156 275 308
motorbike 0.0081 404 177 424 228
motorbike 0.0062 421 138 500 224
motorbike 0.0042 171 170 199 208
motorbike 0.0041 164 162 246 230
motorbike 0.0036 434 276 499 372
motorbike 0.0034 81 129 347 282
motorbike 0.0030 396 179 420 244
motorbike 0.0025 87 78 196 310
motorbike 0.0025 150 184 257 251
motorbike 0.0023 253 147 280 183
motorbike 0.0022 186 161 278 237
motorbike 0.0022 445 315 499 373
motorbike 0.0020 153 149 311 257
motorbike 0.0017 403 138 482 271
motorbike 0.0017 117 194 203 319
motorbike 0.0017 241 148 279 194
motorbike 0.0017 413 175 442 222
motorbike 0.0014 250 161 405 371
motorbike 0.0013 409 206 497 305
motorbike 0.0013 228 148 281 216
motorbike 0.0011 390 162 428 220
motorbike 0.0010 139 207 194 301
bus 0.0309 405 48 498 196
bus 0.0062 431 137 499 195
bus 0.0016 414 125 499 232
bus 0.0011 443 103 497 147
bus 0.0010 382 54 481 260
train 0.0037 407 56 499 185
train 0.0011 431 137 499 195
bottle 0.0025 65 115 79 164
bottle 0.0018 151 129 163 142
bottle 0.0017 171 170 198 207
bottle 0.0010 65 116 76 139
chair 0.3158 86 174 121 254
chair 0.0286 96 200 122 254
chair 0.0264 379 169 415 238
chair 0.0179 404 178 424 228
chair 0.0137 77 84 188 301
chair 0.0134 170 171 198 207
chair 0.0100 50 167 115 249
chair 0.0088 36 99 97 242
chair 0.0084 85 165 113 229
chair 0.0070 82 135 140 284
chair 0.0054 90 185 114 209
chair 0.0031 88 157 120 209
chair 0.0027 390 162 428 220
chair 0.0027 407 66 499 181
chair 0.0026 95 192 116 213
chair 0.0024 398 180 419 243
chair 0.0023 456 103 497 145
chair 0.0020 71 189 114 249
chair 0.0019 156 170 261 244
chair 0.0018 89 194 116 223
chair 0.0017 408 167 434 212
chair 0.0017 429 139 500 202
chair 0.0016 401 60 500 334
chair 0.0015 405 168 494 228
chair 0.0014 379 166 399 230
chair 0.0014 86 173 108 208
chair 0.0013 411 183 426 220
chair 0.0012 416 182 442 223
chair 0.0011 405 178 423 201
chair 0.0011 92 207 117 244
chair 0.0011 176 164 236 221
chair 0.0010 411 178 432 200
chair 0.0010 158 168 215 228
pottedplant 0.0015 256 147 281 184
pottedplant 0.0013 379 170 415 234
diningtable 0.0045 386 174 422 232
diningtable 0.0035 404 178 424 229
diningtable 0.0033 0 152 34 165
diningtable 0.0019 0 149 35 227
diningtable 0.0017 86 176 121 253
