person 0.0082 297 146 305 161
person 0.0055 353 154 363 165
person 0.0049 285 146 292 157
person 0.0045 494 167 499 177
person 0.0035 238 164 246 176
person 0.0028 295 144 307 164
person 0.0027 494 169 499 184
person 0.0020 230 166 238 176
person 0.0016 490 168 499 179
person 0.0015 284 141 298 160
person 0.0012 467 176 476 192
person 0.0010 69 196 80 214
person 0.0010 301 144 310 154
car 0.0015 45 201 58 210
train 0.7360 97 120 395 254
train 0.0202 60 195 81 214
train 0.0050 69 196 80 214
train 0.0024 290 127 399 263
train 0.0022 97 140 301 227
train 0.0018 80 56 468 267
train 0.0016 386 35 496 205
train 0.0011 58 193 74 212
train 0.0011 0 172 53 213
boat 0.0063 493 167 499 176
boat 0.0027 384 35 496 193
boat 0.0019 490 168 499 179
boat 0.0013 493 168 499 184
bird 0.0135 464 10 469 15
