person 0.8831 303 206 353 304
person 0.3298 388 189 399 210
person 0.1813 455 195 464 218
person 0.1427 336 194 343 212
person 0.1293 0 230 12 243
person 0.1172 400 195 408 210
person 0.1036 248 194 252 205
person 0.0815 201 181 229 218
person 0.0685 271 201 290 214
person 0.0602 309 202 316 211
person 0.0529 245 194 252 206
person 0.0459 414 202 421 221
person 0.0401 333 198 341 212
person 0.0391 389 186 400 197
person 0.0344 459 195 466 215
person 0.0330 72 209 130 257
person 0.0306 247 199 252 211
person 0.0248 415 196 423 221
person 0.0237 33 218 90 263
person 0.0201 304 259 345 326
person 0.0175 0 233 7 245
person 0.0171 440 192 452 224
person 0.0164 410 185 421 216
person 0.0162 333 182 339 192
person 0.0158 265 198 273 206
person 0.0148 426 191 456 226
person 0.0133 88 212 103 226
person 0.0125 153 193 204 239
person 0.0122 384 188 392 202
person 0.0118 0 225 30 257
person 0.0117 262 197 271 206
person 0.0115 323 201 338 212
person 0.0114 272 200 280 213
person 0.0113 383 191 392 208
person 0.0111 80 212 99 226
person 0.0111 230 198 250 209
person 0.0104 326 197 336 209
person 0.0099 5 231 20 243
person 0.0096 334 183 339 198
person 0.0087 419 176 463 223
person 0.0075 444 196 460 226
person 0.0073 0 221 47 276
person 0.0071 108 211 122 226
person 0.0068 417 191 425 214
person 0.0067 0 227 14 250
person 0.0061 400 187 412 205
person 0.0060 314 203 329 211
person 0.0059 261 180 269 199
person 0.0055 36 224 51 232
person 0.0055 150 208 179 240
person 0.0055 34 226 46 237
person 0.0054 454 194 461 213
person 0.0054 281 202 290 213
person 0.0053 451 191 466 219
person 0.0051 401 183 418 202
person 0.0050 40 223 61 234
person 0.0049 94 212 105 225
person 0.0047 257 197 267 206
person 0.0045 418 194 428 220
person 0.0044 15 227 28 241
person 0.0040 308 199 319 213
person 0.0038 316 203 338 218
person 0.0035 245 196 255 210
person 0.0034 413 183 420 194
person 0.0034 430 203 452 226
person 0.0032 372 199 381 207
person 0.0032 29 228 39 239
person 0.0032 263 186 276 205
person 0.0030 297 196 304 206
person 0.0029 121 213 155 249
person 0.0029 412 181 421 200
person 0.0029 380 194 396 210
person 0.0027 266 189 273 202
person 0.0027 380 185 395 202
person 0.0026 396 193 416 212
person 0.0026 414 188 423 199
person 0.0026 330 203 338 215
person 0.0025 456 194 462 205
person 0.0025 24 226 34 239
person 0.0023 34 228 45 240
person 0.0022 371 199 378 207
person 0.0022 403 183 429 220
person 0.0022 307 201 329 213
person 0.0021 306 203 351 237
person 0.0021 430 188 449 215
person 0.0021 256 190 263 200
person 0.0020 274 192 281 201
person 0.0020 86 120 95 136
person 0.0019 397 184 409 195
person 0.0019 0 224 18 269
person 0.0019 248 205 254 211
person 0.0019 413 189 428 217
person 0.0018 311 186 318 195
person 0.0018 439 207 452 227
person 0.0018 329 194 343 212
person 0.0017 290 192 295 197
person 0.0017 415 183 438 218
person 0.0017 300 197 319 211
person 0.0016 272 206 279 214
person 0.0016 29 220 55 251
bicycle 0.0548 335 194 343 212
bicycle 0.0364 400 196 408 210
bicycle 0.0292 414 203 421 222
bicycle 0.0177 307 263 346 326
bicycle 0.0136 389 195 399 210
bicycle 0.0135 422 194 454 225
bicycle 0.0127 425 211 449 224
bicycle 0.0112 333 198 341 212
bicycle 0.0106 309 202 316 211
bicycle 0.0099 430 203 452 226
bicycle 0.0068 272 202 291 214
bicycle 0.0053 247 199 252 211
bicycle 0.0047 448 211 460 227
bicycle 0.0046 455 195 464 218
bicycle 0.0045 415 196 423 221
bicycle 0.0040 396 193 416 212
bicycle 0.0037 439 207 452 227
bicycle 0.0031 372 200 379 207
bicycle 0.0031 418 204 433 223
bicycle 0.0029 443 195 462 227
bicycle 0.0027 338 197 344 213
bicycle 0.0026 410 197 427 221
bicycle 0.0025 413 209 424 223
bicycle 0.0025 386 187 401 210
bicycle 0.0021 418 194 428 220
bicycle 0.0019 325 197 342 212
bicycle 0.0019 459 197 466 220
bicycle 0.0017 383 191 392 208
bicycle 0.0016 419 176 461 224
bicycle 0.0015 421 211 435 224
bicycle 0.0015 335 203 342 214
bicycle 0.0015 248 205 254 211
bicycle 0.0012 248 194 252 205
bicycle 0.0010 440 192 452 224
bicycle 0.0010 272 206 279 214
bicycle 0.0010 331 194 347 213
car 0.9001 0 222 47 277
car 0.8315 140 211 177 245
car 0.8308 121 212 153 250
car 0.7828 32 218 91 265
car 0.7578 72 209 130 256
car 0.6308 154 193 204 239
car 0.4993 272 202 291 214
car 0.1967 201 182 230 218
car 0.0884 388 186 400 209
car 0.0532 389 186 400 197
car 0.0440 229 198 250 210
car 0.0317 151 206 187 240
car 0.0264 413 183 421 195
car 0.0172 411 186 421 198
car 0.0168 281 202 290 213
car 0.0142 0 226 29 256
car 0.0124 399 189 409 208
car 0.0120 246 200 252 211
car 0.0118 245 194 252 205
car 0.0117 414 188 423 199
car 0.0112 87 212 156 252
car 0.0107 410 185 421 216
car 0.0098 272 200 280 213
car 0.0087 417 176 462 223
car 0.0085 323 201 338 213
car 0.0084 414 197 422 221
car 0.0080 401 183 418 202
car 0.0080 309 202 316 211
car 0.0069 0 227 11 250
car 0.0064 416 190 424 216
car 0.0056 404 185 427 217
car 0.0050 307 201 329 213
car 0.0049 265 198 273 206
car 0.0049 226 202 234 215
car 0.0046 138 213 157 245
car 0.0041 384 188 392 202
car 0.0039 326 197 337 210
car 0.0036 372 199 381 207
car 0.0035 396 193 416 212
car 0.0035 422 194 454 225
car 0.0034 333 194 343 211
car 0.0033 244 205 252 210
car 0.0032 409 182 424 200
car 0.0031 396 183 410 196
car 0.0030 97 211 139 241
car 0.0029 248 194 253 202
car 0.0028 382 190 393 208
car 0.0028 155 194 203 215
car 0.0027 18 213 144 260
car 0.0026 261 198 270 207
car 0.0025 186 195 200 215
car 0.0024 381 186 414 210
car 0.0024 410 197 427 221
car 0.0024 408 181 446 220
car 0.0024 261 180 270 200
car 0.0023 380 185 395 202
car 0.0023 385 182 438 213
car 0.0022 284 205 291 213
car 0.0020 389 195 399 210
car 0.0019 314 203 329 211
car 0.0018 304 199 318 211
car 0.0018 402 197 410 211
car 0.0017 248 205 254 211
car 0.0015 455 195 464 217
car 0.0015 297 197 321 211
car 0.0015 234 204 248 211
car 0.0014 338 193 344 211
car 0.0014 272 206 279 214
car 0.0014 124 225 146 252
car 0.0014 24 220 62 252
car 0.0014 270 193 291 223
car 0.0013 239 195 249 201
car 0.0013 315 203 339 218
car 0.0013 224 203 231 215
car 0.0012 0 230 12 243
car 0.0012 371 199 378 207
car 0.0012 8 230 33 246
car 0.0012 0 224 18 269
car 0.0011 4 231 23 244
car 0.0011 202 200 228 219
car 0.0011 275 199 300 213
car 0.0011 240 194 258 210
car 0.0010 198 195 210 216
car 0.0010 132 208 176 231
car 0.0010 186 192 201 234
car 0.0010 61 214 99 256
motorbike 0.7696 307 262 346 326
motorbike 0.1359 272 202 291 214
motorbike 0.0381 389 195 399 210
motorbike 0.0151 272 200 280 213
motorbike 0.0142 309 202 316 211
motorbike 0.0116 304 210 351 320
motorbike 0.0116 247 199 252 211
motorbike 0.0115 386 187 401 210
motorbike 0.0115 400 196 408 210
motorbike 0.0106 281 202 290 213
motorbike 0.0100 335 194 343 212
motorbike 0.0076 248 194 252 205
motorbike 0.0071 272 206 279 214
motorbike 0.0046 261 198 270 207
motorbike 0.0044 414 202 421 221
motorbike 0.0038 245 194 252 206
motorbike 0.0032 422 194 454 225
motorbike 0.0032 284 205 291 213
motorbike 0.0029 396 193 416 212
motorbike 0.0027 331 197 342 212
motorbike 0.0020 265 198 273 206
motorbike 0.0020 426 205 449 224
motorbike 0.0020 271 199 286 211
motorbike 0.0019 248 205 254 211
motorbike 0.0018 153 193 204 239
motorbike 0.0017 261 180 269 199
motorbike 0.0015 229 198 250 209
motorbike 0.0015 415 196 423 221
motorbike 0.0013 419 176 461 224
motorbike 0.0012 305 272 325 321
motorbike 0.0011 201 182 230 217
motorbike 0.0011 71 210 129 257
motorbike 0.0011 383 191 392 208
aeroplane 0.0020 419 176 463 224
aeroplane 0.0010 201 181 230 218
bus 0.3469 201 182 230 218
bus 0.0233 153 192 203 239
bus 0.0129 418 175 463 222
bus 0.0043 71 210 129 257
bus 0.0025 32 218 90 264
bus 0.0021 413 183 421 195
train 0.0030 201 181 230 218
train 0.0025 419 176 464 224
dog 0.0128 426 210 450 226
dog 0.0045 439 197 452 226
dog 0.0039 429 187 455 226
dog 0.0032 455 195 464 218
dog 0.0024 388 195 398 210
dog 0.0014 448 211 460 227
dog 0.0013 445 201 463 226
dog 0.0013 335 194 343 212
dog 0.0012 400 196 408 210
horse 0.0175 425 191 456 226
horse 0.0104 426 210 450 226
horse 0.0074 439 197 452 226
horse 0.0045 419 176 461 224
horse 0.0030 455 195 464 218
horse 0.0021 389 195 399 210
horse 0.0014 272 201 291 214
horse 0.0012 307 260 347 325
sheep 0.0023 425 191 456 226
sheep 0.0016 427 210 450 226
cow 0.0147 425 191 456 226
cow 0.0066 426 210 450 226
cow 0.0063 419 176 461 224
cow 0.0023 439 197 452 226
cow 0.0013 455 195 464 218
cow 0.0013 272 201 291 214
cow 0.0012 388 195 398 210
chair 0.0027 389 195 399 210
chair 0.0013 400 196 408 210
chair 0.0010 71 209 130 257
