person 0.7826 236 8 323 236
person 0.5154 477 83 500 147
person 0.2453 478 84 496 107
person 0.1632 2 102 16 138
person 0.1297 4 101 15 119
person 0.1123 456 80 500 205
person 0.1005 0 101 10 138
person 0.0950 489 53 499 90
person 0.0848 0 100 6 118
person 0.0707 188 73 228 121
person 0.0601 481 66 499 108
person 0.0569 481 85 497 98
person 0.0533 494 58 499 88
person 0.0482 0 100 4 111
person 0.0465 403 94 445 118
person 0.0440 437 104 443 117
person 0.0402 423 96 443 118
person 0.0394 157 85 217 115
person 0.0343 198 73 265 126
person 0.0330 429 106 443 117
person 0.0321 369 100 397 121
person 0.0312 72 6 408 320
person 0.0303 489 54 499 70
person 0.0276 399 99 426 118
person 0.0268 348 99 372 123
person 0.0260 318 90 351 124
person 0.0247 438 111 445 118
person 0.0219 468 62 500 161
person 0.0216 476 78 499 118
person 0.0167 0 114 7 139
person 0.0162 492 85 500 98
person 0.0134 222 55 293 221
person 0.0128 227 78 240 89
person 0.0128 223 78 259 126
person 0.0073 335 92 354 123
person 0.0066 240 84 280 115
person 0.0049 361 102 381 121
person 0.0049 413 101 429 117
person 0.0047 487 87 499 113
person 0.0046 482 110 497 149
person 0.0038 197 45 315 268
person 0.0036 396 103 417 119
person 0.0034 0 65 7 91
person 0.0032 145 24 336 198
person 0.0032 387 104 400 120
person 0.0031 273 72 327 168
person 0.0029 289 93 331 153
person 0.0028 489 103 499 148
person 0.0027 11 91 56 150
person 0.0027 478 95 497 119
person 0.0027 207 74 240 119
person 0.0026 243 60 291 147
person 0.0023 204 75 223 91
person 0.0022 236 81 266 122
person 0.0021 178 63 261 182
person 0.0019 328 97 368 124
person 0.0018 217 76 230 116
person 0.0018 451 86 500 136
person 0.0017 0 120 14 138
person 0.0017 9 99 20 116
person 0.0015 161 95 206 119
person 0.0014 355 100 372 109
person 0.0014 193 64 276 236
person 0.0014 217 67 254 112
person 0.0013 219 76 238 125
person 0.0013 488 123 499 156
person 0.0013 339 108 351 123
person 0.0013 355 107 375 122
person 0.0012 469 105 499 186
person 0.0012 481 116 499 172
person 0.0012 13 99 23 113
person 0.0011 475 51 502 101
person 0.0011 249 65 255 73
person 0.0010 468 86 495 130
person 0.0010 370 101 396 111
person 0.0010 446 111 456 119
person 0.0010 479 103 497 133
person 0.0010 343 106 365 123
bicycle 0.0344 0 102 15 137
bicycle 0.0231 0 114 7 139
bicycle 0.0092 0 120 14 138
bicycle 0.0048 3 101 15 124
bicycle 0.0033 0 100 6 126
bicycle 0.0012 11 114 46 152
bicycle 0.0011 0 127 6 139
bicycle 0.0010 476 82 499 159
car 0.5451 369 101 398 121
car 0.4774 397 103 421 119
car 0.2931 349 100 375 122
car 0.2378 11 89 58 150
car 0.2221 400 95 442 119
car 0.0739 159 91 202 112
car 0.0668 318 90 351 124
car 0.0609 360 102 382 121
car 0.0433 386 104 400 120
car 0.0347 11 76 97 151
car 0.0334 451 91 499 208
car 0.0253 246 87 279 108
car 0.0199 157 85 217 115
car 0.0145 362 108 375 122
car 0.0139 11 114 46 152
car 0.0109 428 106 442 117
car 0.0102 382 108 398 120
car 0.0101 370 101 396 111
car 0.0093 8 58 130 176
car 0.0091 436 108 443 117
car 0.0085 0 102 16 139
car 0.0080 16 84 62 120
car 0.0079 406 100 435 118
car 0.0078 240 83 280 120
car 0.0074 438 111 445 118
car 0.0073 476 83 499 158
car 0.0072 328 97 368 124
car 0.0067 369 107 386 121
car 0.0066 251 86 280 99
car 0.0064 419 96 443 118
car 0.0053 214 5 323 220
car 0.0050 337 106 370 124
car 0.0039 472 111 499 204
car 0.0037 335 92 354 123
car 0.0036 249 93 279 114
car 0.0032 491 54 499 85
car 0.0031 227 78 240 89
car 0.0030 13 75 91 115
car 0.0030 355 100 372 109
car 0.0027 221 74 261 127
car 0.0024 395 95 425 122
car 0.0023 478 84 498 107
car 0.0022 158 92 179 105
car 0.0022 486 133 499 195
car 0.0020 384 102 397 109
car 0.0019 235 81 272 108
car 0.0019 338 108 353 123
car 0.0018 391 101 401 110
car 0.0017 446 111 456 119
car 0.0017 490 148 500 181
car 0.0015 166 76 239 119
car 0.0014 481 85 497 98
car 0.0014 396 108 413 120
car 0.0014 400 98 420 114
car 0.0013 430 111 441 117
car 0.0013 492 156 499 177
car 0.0012 412 105 441 119
car 0.0010 24 85 64 107
car 0.0010 479 66 499 109
car 0.0010 243 60 291 147
car 0.0010 390 109 399 120
car 0.0010 481 116 499 172
car 0.0010 2 102 16 121
motorbike 0.0124 477 83 500 147
motorbike 0.0099 1 101 17 136
motorbike 0.0061 0 112 10 138
motorbike 0.0044 3 101 15 124
motorbike 0.0037 457 80 500 202
motorbike 0.0023 489 53 499 90
motorbike 0.0021 369 101 397 121
motorbike 0.0020 397 103 421 119
motorbike 0.0016 11 90 57 150
motorbike 0.0016 0 100 6 126
motorbike 0.0015 436 108 443 117
motorbike 0.0014 349 106 371 123
motorbike 0.0013 383 108 398 120
motorbike 0.0012 494 58 499 88
motorbike 0.0011 318 88 351 124
motorbike 0.0011 403 94 445 118
motorbike 0.0011 11 114 46 152
motorbike 0.0010 34 42 463 329
bus 0.0388 161 91 202 112
bus 0.0258 318 88 351 125
bus 0.0257 404 93 445 117
bus 0.0112 157 85 217 115
bus 0.0078 451 98 499 206
bus 0.0063 398 99 428 118
bus 0.0052 348 99 372 123
bus 0.0042 369 101 397 121
bus 0.0032 166 76 239 119
bus 0.0029 326 91 363 123
bus 0.0025 423 96 443 118
bus 0.0023 11 89 58 149
bus 0.0023 8 57 128 163
bus 0.0022 214 5 323 220
bus 0.0016 0 65 7 91
bus 0.0015 477 78 499 195
bus 0.0012 23 53 445 328
bus 0.0010 244 86 279 115
train 0.0013 162 91 201 113
bird 0.0352 191 12 195 15
bird 0.0025 192 10 196 15
bird 0.0014 190 11 196 16
bird 0.0010 489 54 499 71
horse 0.7408 20 52 448 328
horse 0.0538 187 74 227 119
horse 0.0149 1 107 16 139
horse 0.0119 234 29 324 251
horse 0.0116 157 85 217 115
horse 0.0084 220 76 263 128
horse 0.0060 0 112 10 138
horse 0.0041 185 73 254 128
horse 0.0038 291 116 328 151
horse 0.0027 207 74 240 119
horse 0.0019 164 92 202 114
horse 0.0018 3 101 15 124
horse 0.0017 190 46 367 303
horse 0.0017 8 58 130 176
horse 0.0017 122 37 328 272
horse 0.0015 242 89 279 122
horse 0.0014 451 98 499 206
horse 0.0014 217 76 230 116
horse 0.0013 237 118 455 331
horse 0.0012 192 44 297 228
horse 0.0012 8 88 93 152
horse 0.0011 478 84 499 152
cow 0.0022 489 54 499 65
cow 0.0014 457 80 500 202
cow 0.0011 478 77 499 195
cow 0.0011 406 95 444 118
bottle 0.0015 227 78 240 89
chair 0.0029 318 90 351 124
chair 0.0023 0 102 15 138
chair 0.0017 11 89 58 150
chair 0.0011 457 80 500 202
