person 0.8597 17 94 64 201
person 0.0851 71 118 80 130
person 0.0522 47 106 63 139
person 0.0400 47 120 60 140
person 0.0330 126 117 140 148
person 0.0310 71 117 80 146
person 0.0233 47 125 57 138
person 0.0189 46 101 66 168
person 0.0137 127 119 138 137
person 0.0111 30 98 66 150
person 0.0107 48 114 61 163
person 0.0103 52 97 69 127
person 0.0062 63 116 81 138
person 0.0055 3 93 69 154
person 0.0055 43 96 62 127
person 0.0045 104 111 143 160
person 0.0042 25 72 94 152
person 0.0036 59 98 70 120
person 0.0036 44 116 58 150
person 0.0036 48 129 59 147
person 0.0035 93 110 117 140
person 0.0034 98 93 127 125
person 0.0027 90 124 104 145
person 0.0027 60 111 91 145
person 0.0026 84 116 111 152
person 0.0026 53 113 78 181
person 0.0025 112 94 125 111
person 0.0025 95 117 112 136
person 0.0024 96 106 136 147
person 0.0024 56 61 138 188
person 0.0023 3 88 127 210
person 0.0023 57 105 107 191
person 0.0023 26 95 70 125
person 0.0021 306 226 322 247
person 0.0021 93 120 104 134
person 0.0019 31 106 62 136
person 0.0018 2 24 157 223
person 0.0018 183 114 195 143
person 0.0016 69 113 80 166
person 0.0016 89 109 118 160
person 0.0015 38 89 76 130
person 0.0015 52 114 72 139
person 0.0015 17 115 41 189
person 0.0014 126 119 136 132
person 0.0013 98 112 116 131
person 0.0013 39 105 56 125
person 0.0012 91 115 132 170
person 0.0011 0 136 3 161
person 0.0011 72 116 78 126
person 0.0011 62 101 69 117
person 0.0011 44 122 63 185
person 0.0011 153 116 165 131
person 0.0010 0 133 4 169
person 0.0010 19 12 396 327
person 0.0010 44 95 59 115
bus 0.0015 17 93 64 201
bus 0.0011 35 17 410 333
train 0.7831 36 17 420 332
train 0.1733 17 93 64 201
train 0.0144 -5 21 157 213
train 0.0123 11 70 107 163
train 0.0115 2 89 68 162
train 0.0060 24 95 68 137
train 0.0059 47 96 71 128
train 0.0023 0 28 71 175
train 0.0018 38 89 76 130
train 0.0016 56 61 138 188
train 0.0016 7 88 72 129
train 0.0014 22 106 128 137
train 0.0013 35 104 65 143
train 0.0011 6 93 43 186
train 0.0010 0 133 4 169
pottedplant 0.0012 437 186 500 287
