person 0.4721 60 213 70 235
person 0.2407 101 68 355 293
person 0.1842 221 183 246 223
person 0.1832 61 214 68 224
person 0.1364 138 206 148 219
person 0.1049 279 186 315 223
person 0.1043 116 205 127 218
person 0.0822 208 203 219 215
person 0.0791 246 184 286 224
person 0.0774 210 188 240 222
person 0.0766 68 222 81 237
person 0.0498 118 134 131 149
person 0.0432 58 211 77 237
person 0.0386 255 185 307 222
person 0.0378 118 204 144 219
person 0.0319 205 199 218 220
person 0.0271 156 119 171 137
person 0.0201 255 184 289 211
person 0.0156 140 199 166 219
person 0.0156 293 188 321 218
person 0.0141 252 190 279 216
person 0.0131 240 195 274 226
person 0.0111 222 189 237 223
person 0.0107 61 213 66 220
person 0.0099 129 204 141 218
person 0.0097 242 203 265 225
person 0.0086 148 207 161 219
person 0.0083 134 129 149 144
person 0.0070 231 193 259 226
person 0.0069 152 208 166 219
person 0.0060 0 202 3 225
person 0.0059 158 208 168 219
person 0.0057 207 197 230 220
person 0.0050 151 190 168 212
person 0.0050 201 185 219 213
person 0.0049 276 196 305 227
person 0.0048 61 221 73 236
person 0.0044 121 134 138 147
person 0.0039 224 182 244 205
person 0.0037 93 200 99 208
person 0.0036 86 200 95 208
person 0.0035 300 193 329 219
person 0.0035 264 178 301 214
person 0.0029 232 101 252 121
person 0.0029 175 115 191 134
person 0.0028 244 192 263 218
person 0.0027 115 199 153 221
person 0.0023 39 217 49 230
person 0.0023 156 202 168 220
person 0.0022 153 115 167 136
person 0.0022 484 221 494 232
person 0.0021 383 192 398 208
person 0.0021 64 214 71 220
person 0.0020 179 191 192 220
person 0.0020 88 199 98 208
person 0.0019 37 214 46 231
person 0.0019 149 125 166 143
person 0.0018 29 211 39 230
person 0.0017 312 193 336 218
person 0.0017 316 120 327 126
person 0.0017 229 97 331 277
person 0.0017 95 200 100 208
person 0.0016 66 213 83 242
person 0.0015 32 210 48 231
person 0.0013 48 212 61 232
person 0.0013 83 223 95 236
person 0.0013 161 125 174 138
person 0.0012 260 161 311 227
person 0.0011 145 115 179 141
person 0.0011 7 212 16 228
person 0.0011 108 216 113 225
person 0.0011 205 185 218 198
person 0.0010 117 195 138 218
person 0.0010 133 136 147 148
person 0.0010 209 110 222 124
person 0.0010 154 130 165 141
person 0.0010 237 188 255 219
bicycle 0.2970 70 223 81 237
bicycle 0.1738 60 213 70 236
bicycle 0.0928 59 215 78 237
bicycle 0.0436 61 221 73 236
bicycle 0.0088 71 223 91 237
bicycle 0.0044 66 213 83 242
bicycle 0.0033 83 223 95 236
bicycle 0.0025 57 223 67 237
bicycle 0.0018 48 219 62 233
bicycle 0.0010 62 218 96 238
bicycle 0.0010 89 222 98 236
car 0.0145 86 200 95 208
car 0.0039 60 214 69 225
car 0.0030 65 222 81 236
car 0.0019 88 199 98 208
car 0.0019 59 215 78 237
car 0.0018 93 200 99 208
car 0.0016 61 213 72 234
motorbike 0.0071 70 223 81 237
motorbike 0.0057 60 214 71 236
motorbike 0.0051 59 215 78 237
bus 0.9406 99 63 357 298
bus 0.0013 85 200 95 208
train 0.0010 462 193 499 213
dog 0.0012 70 223 80 236
chair 0.0021 70 223 81 237
chair 0.0014 161 119 172 137
pottedplant 0.0010 70 223 80 236
