person 0.0738 1 6 164 372
person 0.0038 125 3 467 362
person 0.0020 0 9 36 72
person 0.0020 2 0 320 365
person 0.0013 95 16 174 349
person 0.0013 433 41 500 190
person 0.0011 425 38 500 370
car 0.0207 4 5 477 360
car 0.0018 120 251 208 341
car 0.0016 484 358 499 374
car 0.0014 2 4 163 373
car 0.0010 0 9 38 71
motorbike 0.0013 4 5 477 360
train 0.0026 123 3 467 363
boat 0.0088 4 5 477 360
bird 0.0020 131 1 470 363
cat 0.0140 123 5 458 357
dog 0.6479 125 3 467 362
horse 0.0023 131 1 470 363
sheep 0.0017 131 1 470 363
cow 0.0177 131 1 470 363
bottle 0.1424 120 251 208 341
chair 0.0588 2 4 163 373
chair 0.0143 10 4 470 364
chair 0.0068 425 38 500 370
chair 0.0022 0 9 37 72
chair 0.0017 433 41 500 190
sofa 0.0776 1 5 163 372
sofa 0.0584 4 5 477 360
sofa 0.0019 425 38 500 370
sofa 0.0015 0 9 36 72
diningtable 0.0076 1 6 164 372
diningtable 0.0074 423 26 499 364
diningtable 0.0062 0 9 37 72
diningtable 0.0034 4 5 477 360
diningtable 0.0011 325 24 503 371
diningtable 0.0010 120 252 206 339
tvmonitor 0.0187 433 43 499 190
tvmonitor 0.0025 0 10 35 72
tvmonitor 0.0016 425 38 500 370
