person 0.0128 460 193 500 252
person 0.0010 13 9 495 253
car 0.0010 11 9 489 251
car 0.0010 461 192 500 252
bird 0.0039 461 193 499 252
cat 0.8639 254 125 464 210
cat 0.7321 18 111 211 159
cat 0.3707 462 192 499 252
cat 0.0791 350 149 463 209
cat 0.0259 109 106 225 154
cat 0.0189 78 100 267 162
cat 0.0167 9 55 329 206
cat 0.0166 26 78 232 173
cat 0.0138 13 9 495 253
cat 0.0128 190 72 491 220
cat 0.0089 458 147 500 181
cat 0.0050 468 156 498 179
cat 0.0034 448 136 500 251
cat 0.0030 479 147 499 181
cat 0.0026 484 229 499 251
cat 0.0017 0 234 67 261
cat 0.0017 488 194 500 247
cat 0.0016 438 141 479 177
cat 0.0016 117 123 505 239
cat 0.0015 13 116 124 156
cat 0.0013 355 125 495 219
cat 0.0010 481 212 499 254
dog 0.2667 22 112 172 159
dog 0.1243 461 192 500 252
dog 0.0067 252 126 465 210
dog 0.0019 351 149 463 209
dog 0.0017 50 103 226 154
dog 0.0015 467 151 499 179
dog 0.0011 11 93 186 176
dog 0.0011 442 145 498 181
dog 0.0010 0 235 66 260
horse 0.0021 461 193 499 252
cow 0.0014 461 193 499 252
bottle 0.0018 461 193 499 252
chair 0.0505 14 17 500 242
chair 0.0064 29 17 336 133
chair 0.0043 9 55 329 206
chair 0.0026 461 192 500 252
chair 0.0021 78 100 267 162
sofa 0.5174 13 9 495 253
sofa 0.0442 8 37 335 220
sofa 0.0222 78 100 267 162
sofa 0.0119 29 17 336 133
sofa 0.0118 255 124 469 208
sofa 0.0075 180 54 486 220
sofa 0.0059 461 193 499 252
sofa 0.0042 20 110 200 160
sofa 0.0023 26 78 232 173
sofa 0.0021 94 27 502 164
sofa 0.0021 38 151 492 254
sofa 0.0020 337 53 489 164
pottedplant 0.0040 461 193 499 252
diningtable 0.0017 11 9 489 251
tvmonitor 0.0015 461 192 500 252
