person 0.8777 189 59 292 250
person 0.0105 162 94 209 146
person 0.0099 178 93 232 153
person 0.0081 180 119 212 154
person 0.0072 175 84 265 207
person 0.0060 32 4 77 84
person 0.0033 14 0 96 88
person 0.0027 190 115 246 167
person 0.0014 173 94 207 128
person 0.0014 187 76 267 159
person 0.0013 34 77 201 166
person 0.0013 159 139 337 268
person 0.0012 189 116 290 213
person 0.0011 410 117 447 154
person 0.0011 0 79 88 117
person 0.0011 19 98 87 147
person 0.0010 4 127 129 189
person 0.0010 481 125 500 195
person 0.0010 411 95 499 172
bicycle 0.9042 161 146 330 274
bicycle 0.0518 187 56 293 257
bicycle 0.0031 64 137 138 167
bicycle 0.0021 217 152 272 259
bicycle 0.0020 10 74 217 167
bicycle 0.0018 101 136 168 167
bicycle 0.0014 172 113 210 155
bicycle 0.0011 112 131 207 168
bicycle 0.0010 163 181 267 265
car 0.1151 479 175 500 217
car 0.0799 7 72 218 163
car 0.0255 0 143 79 201
car 0.0194 0 94 83 141
car 0.0178 160 94 209 155
car 0.0178 481 176 499 194
car 0.0171 1 97 88 118
car 0.0150 7 73 217 113
car 0.0138 1 90 112 169
car 0.0117 51 135 126 167
car 0.0110 162 97 205 128
car 0.0066 138 42 178 72
car 0.0064 410 102 500 170
car 0.0052 476 133 499 215
car 0.0050 33 95 153 170
car 0.0050 0 131 70 165
car 0.0049 184 90 243 151
car 0.0047 218 54 296 71
car 0.0046 134 82 225 148
car 0.0038 477 168 499 201
car 0.0037 186 58 293 244
car 0.0036 38 99 91 116
car 0.0035 29 -2 442 91
car 0.0034 5 143 73 158
car 0.0034 80 97 203 170
car 0.0034 87 134 187 166
car 0.0028 482 172 499 187
car 0.0027 476 120 500 177
car 0.0026 187 76 279 152
car 0.0025 87 81 145 162
car 0.0024 113 19 366 83
car 0.0024 0 115 71 181
car 0.0021 5 131 127 184
car 0.0019 480 134 499 166
car 0.0019 465 168 499 220
car 0.0019 412 132 446 152
car 0.0018 0 109 62 154
car 0.0018 62 98 126 168
car 0.0017 0 93 53 123
car 0.0016 59 10 419 150
car 0.0015 131 21 198 76
car 0.0014 484 115 500 161
car 0.0014 1 136 56 152
car 0.0014 76 27 338 121
car 0.0013 49 56 271 115
car 0.0013 25 102 79 116
car 0.0013 434 116 497 159
car 0.0013 36 98 97 150
car 0.0012 489 141 499 157
car 0.0012 410 117 447 154
car 0.0012 438 141 500 218
car 0.0012 216 54 297 95
car 0.0011 109 104 177 163
car 0.0011 395 79 503 203
car 0.0010 7 145 81 167
car 0.0010 237 83 259 99
motorbike 0.0036 163 153 328 277
bus 0.0597 11 74 217 166
bus 0.0265 408 60 499 176
bus 0.0217 29 -2 442 91
bus 0.0126 141 6 497 193
bus 0.0093 160 94 209 155
bus 0.0082 7 73 217 113
bus 0.0049 59 10 419 150
bus 0.0037 113 19 366 83
bus 0.0031 162 97 205 128
bus 0.0031 0 94 83 141
bus 0.0030 121 48 390 179
bus 0.0027 134 82 225 148
bus 0.0026 435 86 499 165
bus 0.0024 76 27 338 121
bus 0.0023 0 90 118 175
bus 0.0020 0 91 91 120
bus 0.0017 397 77 462 172
bus 0.0015 173 55 324 232
bus 0.0015 407 104 451 161
bus 0.0015 1 143 79 201
bus 0.0012 216 54 297 95
bus 0.0011 327 32 497 207
bus 0.0010 469 106 500 166
train 0.0201 8 73 218 164
train 0.0197 29 -2 442 91
train 0.0121 168 3 505 199
train 0.0053 407 56 499 169
train 0.0038 7 73 217 113
train 0.0035 59 10 419 150
train 0.0028 160 94 209 155
train 0.0026 113 19 366 83
train 0.0019 76 27 338 121
train 0.0015 1 89 118 179
train 0.0013 134 82 225 148
train 0.0013 1 143 79 201
train 0.0011 0 94 83 141
train 0.0011 121 48 390 179
train 0.0011 162 97 205 128
train 0.0010 186 59 293 244
boat 0.0015 11 74 218 167
dog 0.0011 162 147 329 272
bottle 0.0305 162 147 329 272
bottle 0.0012 229 150 278 256
bottle 0.0010 164 94 208 133
