person 0.2722 405 1 499 79
person 0.0080 478 222 499 266
person 0.0029 0 285 122 381
person 0.0027 343 8 479 75
person 0.0022 469 43 499 104
person 0.0020 447 1 499 72
person 0.0018 448 54 499 113
bicycle 0.0111 0 0 110 126
bird 0.0030 329 110 403 199
bird 0.0015 407 1 499 78
cat 0.8617 11 0 302 248
cat 0.0193 407 1 499 78
cat 0.0071 144 0 307 226
cat 0.0018 406 64 464 193
cat 0.0010 6 67 107 283
dog 0.0120 407 1 499 78
dog 0.0055 11 1 306 241
bottle 0.6896 407 67 465 193
bottle 0.3938 334 2 357 59
bottle 0.0740 299 66 353 143
bottle 0.0594 393 30 405 53
bottle 0.0586 315 21 334 53
bottle 0.0484 482 43 499 101
bottle 0.0385 394 30 412 68
bottle 0.0275 394 45 415 72
bottle 0.0180 478 221 499 265
bottle 0.0130 297 10 316 51
bottle 0.0119 303 10 329 50
bottle 0.0117 369 31 383 49
bottle 0.0104 422 104 496 194
bottle 0.0100 358 27 381 49
bottle 0.0100 355 42 419 81
bottle 0.0093 365 56 399 154
bottle 0.0093 323 1 368 59
bottle 0.0089 315 9 342 54
bottle 0.0083 355 19 371 52
bottle 0.0077 453 55 499 113
bottle 0.0058 315 1 410 65
bottle 0.0047 434 65 498 137
bottle 0.0045 489 43 499 88
bottle 0.0044 315 17 330 41
bottle 0.0044 336 2 356 33
bottle 0.0044 357 33 405 65
bottle 0.0038 304 14 319 46
bottle 0.0031 392 48 424 85
bottle 0.0031 366 32 439 85
bottle 0.0027 386 189 493 215
bottle 0.0027 382 29 399 50
bottle 0.0025 425 108 465 191
bottle 0.0024 333 1 367 23
bottle 0.0023 316 19 328 31
bottle 0.0023 465 40 499 103
bottle 0.0022 469 220 499 381
bottle 0.0021 292 9 309 45
bottle 0.0019 379 25 420 79
bottle 0.0019 432 69 487 108
bottle 0.0015 289 0 336 61
bottle 0.0014 331 110 406 201
bottle 0.0014 324 21 425 81
bottle 0.0013 320 0 382 33
bottle 0.0013 356 23 400 55
bottle 0.0013 474 70 499 107
bottle 0.0012 345 14 467 87
bottle 0.0012 292 111 307 142
bottle 0.0012 371 30 409 53
bottle 0.0011 329 8 348 57
bottle 0.0011 371 32 395 49
bottle 0.0011 413 66 468 130
bottle 0.0011 293 53 352 213
bottle 0.0010 298 19 315 72
bottle 0.0010 401 0 498 82
bottle 0.0010 396 56 469 96
chair 0.2651 0 285 122 381
chair 0.0461 0 1 104 123
chair 0.0086 0 289 47 379
chair 0.0078 0 174 126 379
chair 0.0029 -3 12 289 374
chair 0.0027 16 171 216 357
chair 0.0026 29 1 133 41
chair 0.0022 -1 0 88 267
chair 0.0019 0 123 54 307
chair 0.0015 407 0 499 78
chair 0.0014 7 277 211 381
sofa 0.0042 0 285 123 382
sofa 0.0012 407 1 499 78
diningtable 0.0096 -2 7 478 357
diningtable 0.0053 0 123 54 307
diningtable 0.0031 0 285 122 381
diningtable 0.0014 18 0 312 253
diningtable 0.0010 407 67 465 193
