person 0.9185 1 74 158 375
person 0.8599 134 82 278 373
person 0.8309 260 67 397 369
person 0.8135 385 61 499 367
person 0.0379 323 53 477 377
person 0.0149 79 96 389 370
person 0.0124 314 229 359 302
person 0.0063 180 124 249 344
person 0.0049 70 66 190 391
person 0.0045 307 179 360 316
person 0.0044 168 127 194 168
person 0.0037 144 197 191 260
person 0.0032 146 175 204 283
person 0.0030 17 115 252 348
person 0.0027 163 122 194 213
person 0.0024 481 92 500 338
person 0.0020 48 147 118 236
person 0.0020 472 47 500 365
person 0.0019 49 112 156 311
person 0.0017 150 196 180 243
person 0.0017 387 97 489 255
person 0.0014 192 75 315 376
person 0.0014 146 115 217 308
person 0.0013 250 129 274 303
person 0.0012 165 122 271 214
person 0.0012 63 150 157 240
person 0.0011 487 277 499 320
person 0.0011 198 215 226 239
person 0.0011 150 117 205 234
person 0.0010 0 253 15 364
train 0.0013 108 77 471 367
train 0.0011 259 68 395 369
cat 0.0015 487 277 499 320
dog 0.0056 487 277 499 320
bottle 0.0131 195 212 223 239
bottle 0.0070 131 75 287 379
bottle 0.0049 43 235 63 255
bottle 0.0037 203 215 229 262
bottle 0.0029 256 58 394 375
bottle 0.0028 44 239 55 250
bottle 0.0019 188 211 225 261
bottle 0.0018 180 124 249 344
bottle 0.0014 -3 80 162 368
bottle 0.0013 63 192 100 250
bottle 0.0011 258 201 270 230
bottle 0.0011 44 228 82 260
chair 0.0011 -3 80 162 368
sofa 0.0027 260 137 511 362
sofa 0.0018 55 130 469 367
pottedplant 0.0028 481 104 500 234
pottedplant 0.0023 458 92 499 238
pottedplant 0.0010 487 155 500 227
