person 0.0957 467 205 495 254
person 0.0101 362 163 373 179
person 0.0070 462 210 480 255
person 0.0050 486 146 499 189
person 0.0041 433 184 466 221
person 0.0036 50 152 69 187
person 0.0034 465 147 499 188
person 0.0030 427 179 440 195
person 0.0022 475 220 495 253
person 0.0021 361 153 377 182
person 0.0020 454 256 499 309
person 0.0018 463 174 499 254
person 0.0018 481 230 498 254
person 0.0016 489 169 499 189
person 0.0016 428 182 453 218
person 0.0016 426 178 439 213
person 0.0014 491 232 500 256
person 0.0012 70 275 87 307
person 0.0011 441 207 476 253
person 0.0011 441 174 490 236
person 0.0010 430 186 475 257
bottle 0.0011 48 153 69 189
tvmonitor 0.0013 200 134 340 210
