person 0.7515 2 10 319 500
person 0.0099 165 48 262 485
person 0.0076 183 284 305 523
person 0.0064 0 323 377 497
person 0.0057 232 396 258 433
person 0.0054 -5 15 104 514
person 0.0030 220 392 267 438
person 0.0023 313 474 374 499
person 0.0013 207 355 295 473
person 0.0011 236 397 253 424
person 0.0011 217 367 267 455
person 0.0011 209 24 390 498
car 0.0196 312 473 374 499
bus 0.0012 3 18 318 494
boat 0.0021 313 474 374 499
bottle 0.4978 181 181 283 503
bottle 0.0123 180 157 254 392
bottle 0.0043 165 48 262 485
bottle 0.0020 199 156 249 314
bottle 0.0020 97 33 310 508
bottle 0.0010 168 167 235 469
chair 0.0029 313 473 374 498
diningtable 0.0097 312 474 374 499
diningtable 0.0023 8 326 368 497
