person 0.7928 122 67 182 113
person 0.4707 259 63 315 120
person 0.0324 177 66 204 114
person 0.0313 320 89 351 129
person 0.0298 145 66 203 111
person 0.0254 19 169 38 206
person 0.0253 256 56 351 126
person 0.0216 486 161 500 178
person 0.0127 455 153 499 241
person 0.0120 289 82 351 132
person 0.0117 141 64 178 101
person 0.0056 482 149 499 180
person 0.0047 173 63 227 113
person 0.0038 307 58 348 121
person 0.0036 121 77 154 115
person 0.0033 319 104 344 125
person 0.0031 473 147 500 188
person 0.0021 489 168 499 179
person 0.0021 495 101 499 112
person 0.0019 483 146 499 207
person 0.0018 281 61 319 110
person 0.0013 201 73 270 116
person 0.0011 207 89 236 112
person 0.0011 128 65 168 98
person 0.0011 464 145 500 215
person 0.0010 181 56 206 101
bicycle 0.0024 0 138 35 166
car 0.7792 456 145 499 245
car 0.0346 45 31 457 344
car 0.0041 353 120 452 315
car 0.0024 462 172 474 186
car 0.0015 373 121 391 131
car 0.0014 495 101 499 112
car 0.0013 486 160 500 178
car 0.0011 367 183 438 315
car 0.0010 458 149 497 198
car 0.0010 473 149 499 187
motorbike 0.0019 458 152 501 242
bus 0.0048 50 32 382 344
bus 0.0020 458 152 501 242
bus 0.0012 346 97 444 336
chair 0.0010 457 145 500 246
