person 0.7612 297 154 430 337
person 0.6854 112 86 281 309
person 0.5642 16 86 277 367
person 0.5384 275 75 351 200
person 0.2932 192 95 281 200
person 0.1919 195 112 288 283
person 0.1082 145 118 342 347
person 0.0880 283 99 389 303
person 0.0593 193 135 281 226
person 0.0585 316 176 400 287
person 0.0467 53 128 468 365
person 0.0142 176 101 252 159
person 0.0134 1 82 168 339
person 0.0109 494 279 500 308
person 0.0093 297 122 365 269
person 0.0082 169 113 204 143
person 0.0078 224 143 288 257
person 0.0074 234 169 274 214
person 0.0073 333 212 398 282
person 0.0068 491 254 500 307
person 0.0066 198 139 243 214
person 0.0064 226 128 417 360
person 0.0054 268 219 294 261
person 0.0054 131 95 249 214
person 0.0050 292 88 471 317
person 0.0046 297 194 391 264
person 0.0046 486 235 500 306
person 0.0036 240 80 365 277
person 0.0029 482 240 500 266
person 0.0026 203 183 232 210
person 0.0025 480 215 500 297
person 0.0024 271 82 444 208
person 0.0023 41 217 380 372
person 0.0022 262 207 279 224
person 0.0021 283 75 351 139
person 0.0021 218 184 237 201
person 0.0019 246 132 270 153
person 0.0017 213 184 230 204
person 0.0016 240 123 279 164
person 0.0016 349 202 404 263
person 0.0013 226 105 287 159
person 0.0013 239 171 271 196
person 0.0013 358 74 411 118
person 0.0013 210 185 256 204
person 0.0012 247 122 264 150
person 0.0012 489 208 500 253
person 0.0011 378 68 493 287
person 0.0010 116 85 198 204
person 0.0010 197 97 267 143
person 0.0010 221 147 285 204
person 0.0010 290 123 391 210
cat 0.0020 293 181 425 337
cat 0.0014 195 140 282 240
dog 0.0029 195 116 288 278
dog 0.0011 293 181 425 337
dog 0.0011 235 169 273 209
bottle 0.0356 275 297 307 336
bottle 0.0113 494 279 500 308
bottle 0.0040 493 212 499 235
bottle 0.0033 489 208 500 253
bottle 0.0025 491 202 499 238
bottle 0.0016 285 314 308 336
bottle 0.0012 489 109 499 141
bottle 0.0010 245 118 258 132
chair 0.8618 378 70 495 291
chair 0.2371 0 123 167 362
chair 0.0771 168 115 207 143
chair 0.0229 9 90 277 371
chair 0.0178 297 148 430 337
chair 0.0128 120 115 360 349
chair 0.0125 176 101 252 159
chair 0.0114 261 136 278 154
chair 0.0112 252 132 280 155
chair 0.0097 102 108 139 134
chair 0.0093 414 71 494 211
chair 0.0091 195 111 289 284
chair 0.0086 245 134 265 150
chair 0.0080 190 95 277 200
chair 0.0067 131 95 249 214
chair 0.0061 183 134 208 159
chair 0.0045 378 125 489 233
chair 0.0045 0 147 22 312
chair 0.0044 272 75 348 204
chair 0.0039 489 109 499 141
chair 0.0036 260 133 281 166
chair 0.0031 240 123 279 164
chair 0.0029 245 172 272 196
chair 0.0028 257 148 284 191
chair 0.0026 177 131 215 172
chair 0.0026 199 136 285 227
chair 0.0026 486 235 500 306
chair 0.0024 342 53 465 261
chair 0.0022 378 142 448 270
chair 0.0022 235 167 272 207
chair 0.0022 118 91 288 282
chair 0.0021 226 128 417 360
chair 0.0021 491 254 500 307
chair 0.0020 130 94 219 156
chair 0.0020 482 240 500 265
chair 0.0019 361 74 416 119
chair 0.0019 226 105 287 159
chair 0.0018 494 279 500 308
chair 0.0018 290 89 476 315
chair 0.0018 261 208 279 223
chair 0.0018 264 143 280 171
chair 0.0018 492 106 499 123
chair 0.0017 357 120 464 314
chair 0.0017 265 148 291 205
chair 0.0016 252 129 281 140
chair 0.0016 232 153 285 233
chair 0.0016 184 124 206 144
chair 0.0016 262 143 278 159
chair 0.0015 480 215 500 297
chair 0.0015 172 114 206 124
chair 0.0015 268 219 294 261
chair 0.0015 194 112 205 121
chair 0.0015 270 108 375 348
chair 0.0014 252 77 354 271
chair 0.0013 316 176 400 287
chair 0.0013 394 149 485 298
chair 0.0012 450 191 501 248
chair 0.0012 171 122 200 141
chair 0.0011 38 146 473 372
chair 0.0011 171 116 201 132
sofa 0.1475 76 97 343 352
sofa 0.0639 0 98 170 362
sofa 0.0355 182 123 307 333
sofa 0.0165 38 146 473 372
sofa 0.0151 118 84 282 309
sofa 0.0122 242 103 400 354
sofa 0.0115 190 95 277 200
sofa 0.0110 103 106 139 136
sofa 0.0076 144 75 440 331
sofa 0.0062 169 113 204 143
sofa 0.0060 293 181 425 337
sofa 0.0054 268 219 294 261
sofa 0.0043 275 71 359 325
sofa 0.0035 0 147 22 312
sofa 0.0031 199 136 285 227
sofa 0.0029 131 95 249 214
sofa 0.0029 232 153 285 233
sofa 0.0023 176 101 252 159
sofa 0.0021 14 214 352 372
sofa 0.0020 8 85 269 235
sofa 0.0019 272 75 348 204
sofa 0.0017 316 176 400 287
sofa 0.0015 92 106 139 165
sofa 0.0014 261 208 279 223
sofa 0.0014 234 169 274 214
sofa 0.0013 248 149 293 271
sofa 0.0011 296 117 402 300
sofa 0.0011 82 140 112 186
sofa 0.0011 49 95 179 199
sofa 0.0011 378 70 495 290
sofa 0.0010 0 136 43 315
sofa 0.0010 244 171 272 197
diningtable 0.0011 169 116 206 141
diningtable 0.0010 378 70 495 288
tvmonitor 0.8183 359 75 410 117
tvmonitor 0.0307 416 1 500 59
tvmonitor 0.0019 490 106 499 140
tvmonitor 0.0017 494 279 500 308
tvmonitor 0.0016 383 70 402 77
tvmonitor 0.0011 493 212 499 235
tvmonitor 0.0011 493 200 500 228
