person 0.8536 99 14 411 374
person 0.8098 382 159 404 179
person 0.6710 350 150 379 182
person 0.6285 326 156 346 184
person 0.4285 349 151 363 179
person 0.2114 38 170 52 188
person 0.1417 23 171 36 184
person 0.1116 304 158 331 190
person 0.1029 485 164 499 180
person 0.1016 350 157 400 206
person 0.0965 312 157 346 189
person 0.0524 331 156 356 183
person 0.0499 489 156 500 177
person 0.0480 23 170 39 190
person 0.0436 295 174 305 194
person 0.0403 491 154 499 168
person 0.0373 37 162 57 191
person 0.0324 380 164 415 190
person 0.0319 42 172 63 194
person 0.0293 53 177 66 192
person 0.0286 341 153 361 181
person 0.0259 24 153 59 185
person 0.0247 24 182 42 194
person 0.0244 333 297 466 372
person 0.0221 337 171 377 203
person 0.0190 348 181 407 207
person 0.0173 0 167 21 186
person 0.0170 25 178 50 199
person 0.0168 373 166 384 180
person 0.0160 302 165 323 193
person 0.0159 346 178 365 201
person 0.0149 302 190 341 214
person 0.0116 483 163 500 195
person 0.0107 42 184 58 195
person 0.0107 20 161 46 198
person 0.0106 303 150 355 193
person 0.0101 327 156 344 172
person 0.0096 331 182 344 194
person 0.0093 66 181 88 199
person 0.0092 18 178 30 193
person 0.0092 333 182 422 249
person 0.0087 276 145 357 201
person 0.0086 484 147 499 181
person 0.0081 18 186 45 205
person 0.0075 320 159 339 191
person 0.0074 476 168 500 222
person 0.0067 367 157 385 179
person 0.0065 356 180 366 196
person 0.0058 44 171 68 206
person 0.0057 397 175 420 207
person 0.0057 299 162 381 217
person 0.0055 13 172 33 184
person 0.0055 307 177 324 193
person 0.0054 403 177 443 252
person 0.0047 315 181 326 193
person 0.0045 49 141 94 202
person 0.0045 287 175 303 193
person 0.0045 58 198 108 257
person 0.0045 42 187 53 196
person 0.0044 291 177 330 211
person 0.0043 350 152 360 163
person 0.0041 354 170 373 185
person 0.0041 209 108 415 262
person 0.0041 335 181 355 211
person 0.0039 384 161 440 225
person 0.0039 297 180 325 197
person 0.0039 0 184 22 205
person 0.0037 60 181 72 195
person 0.0037 18 184 29 195
person 0.0036 299 151 323 187
person 0.0035 334 193 341 214
person 0.0033 362 169 381 184
person 0.0033 336 178 362 196
person 0.0031 359 147 389 179
person 0.0031 376 170 404 204
person 0.0031 293 157 313 191
person 0.0030 0 174 20 191
person 0.0030 59 182 94 239
person 0.0030 335 168 354 184
person 0.0029 335 252 392 342
person 0.0027 406 176 499 301
person 0.0026 418 159 427 174
person 0.0025 428 315 496 373
person 0.0025 323 181 332 193
person 0.0025 125 178 144 200
person 0.0025 318 253 444 376
person 0.0024 291 166 307 194
person 0.0024 457 167 490 206
person 0.0022 305 180 315 194
person 0.0021 454 176 490 232
person 0.0021 438 148 457 174
person 0.0021 0 192 14 205
person 0.0019 341 174 365 185
person 0.0018 452 174 477 203
person 0.0017 419 159 434 177
person 0.0017 383 157 399 172
person 0.0017 479 166 497 187
person 0.0017 47 188 68 234
person 0.0017 471 186 485 200
person 0.0016 305 78 466 241
aeroplane 0.0020 0 91 37 129
bird 0.0019 40 126 53 142
bird 0.0019 0 92 38 138
bird 0.0011 40 128 48 140
bottle 0.2108 335 194 343 214
bottle 0.1516 342 196 349 213
bottle 0.0767 298 174 305 193
bottle 0.0755 336 194 351 214
bottle 0.0696 357 181 365 202
bottle 0.0687 305 180 314 194
bottle 0.0592 334 183 342 198
bottle 0.0510 302 165 323 193
bottle 0.0502 315 182 325 194
bottle 0.0439 359 185 366 207
bottle 0.0386 335 181 355 211
bottle 0.0338 343 192 351 210
bottle 0.0331 347 180 403 207
bottle 0.0276 344 179 366 206
bottle 0.0261 347 190 358 206
bottle 0.0258 346 194 362 214
bottle 0.0237 307 177 323 194
bottle 0.0200 329 181 341 193
bottle 0.0187 297 180 325 197
bottle 0.0183 346 196 355 212
bottle 0.0162 360 196 368 207
bottle 0.0154 356 183 371 207
bottle 0.0153 323 181 332 193
bottle 0.0145 335 251 392 343
bottle 0.0143 299 181 307 193
bottle 0.0103 325 156 346 186
bottle 0.0095 314 188 340 214
bottle 0.0094 356 195 364 209
bottle 0.0093 342 180 358 200
bottle 0.0087 364 198 378 207
bottle 0.0087 371 198 382 207
bottle 0.0068 21 185 41 195
bottle 0.0065 382 198 397 208
bottle 0.0064 358 180 366 194
bottle 0.0060 334 185 342 209
bottle 0.0057 349 203 362 214
bottle 0.0046 364 184 380 206
bottle 0.0046 329 178 382 210
bottle 0.0037 42 187 53 196
bottle 0.0033 356 197 387 208
bottle 0.0032 291 174 307 193
bottle 0.0029 65 181 89 199
bottle 0.0029 39 170 51 185
bottle 0.0028 379 185 400 208
bottle 0.0028 43 184 58 195
bottle 0.0025 22 172 34 189
bottle 0.0024 400 183 421 237
bottle 0.0023 354 179 372 196
bottle 0.0023 358 196 372 208
bottle 0.0020 19 184 29 195
bottle 0.0020 38 169 56 193
bottle 0.0020 409 175 445 250
bottle 0.0019 368 204 382 211
bottle 0.0019 317 158 342 191
bottle 0.0017 434 178 456 249
bottle 0.0016 0 193 17 206
bottle 0.0016 358 202 367 213
bottle 0.0016 353 201 375 214
bottle 0.0015 0 195 10 207
bottle 0.0014 49 141 94 202
bottle 0.0012 349 166 389 202
bottle 0.0012 60 181 71 195
bottle 0.0012 410 178 496 313
bottle 0.0011 114 196 134 232
bottle 0.0011 362 203 389 212
bottle 0.0011 375 199 393 209
bottle 0.0011 304 158 331 190
bottle 0.0011 35 195 57 262
bottle 0.0011 367 184 390 206
bottle 0.0011 53 177 66 192
bottle 0.0011 2 183 23 198
bottle 0.0011 306 186 389 215
bottle 0.0010 137 175 158 205
bottle 0.0010 478 173 499 316
chair 0.8718 0 203 41 271
chair 0.8243 413 178 500 320
chair 0.6748 57 200 108 259
chair 0.4673 357 181 404 208
chair 0.4460 35 194 57 263
chair 0.4288 411 179 445 255
chair 0.3359 115 201 135 234
chair 0.2283 0 254 105 372
chair 0.2050 400 179 421 212
chair 0.2047 305 191 338 215
chair 0.2007 401 178 437 231
chair 0.1818 433 180 454 253
chair 0.1618 436 182 474 251
chair 0.1448 0 334 107 374
chair 0.1279 0 191 18 205
chair 0.1207 141 174 171 206
chair 0.1126 25 185 43 195
chair 0.1053 17 192 43 206
chair 0.1002 380 183 402 207
chair 0.0996 127 175 159 207
chair 0.0989 382 197 397 208
chair 0.0978 350 157 400 206
chair 0.0886 43 191 66 259
chair 0.0836 21 188 44 202
chair 0.0830 117 174 166 221
chair 0.0819 79 197 135 243
chair 0.0715 54 197 89 248
chair 0.0635 336 205 422 260
chair 0.0572 405 177 433 211
chair 0.0562 446 179 483 237
chair 0.0552 334 193 341 214
chair 0.0532 0 182 20 199
chair 0.0496 380 164 415 190
chair 0.0458 87 191 116 241
chair 0.0458 326 179 383 207
chair 0.0446 452 174 477 202
chair 0.0444 485 164 499 180
chair 0.0438 89 160 143 234
chair 0.0432 96 122 171 204
chair 0.0426 125 178 144 200
chair 0.0421 344 179 366 206
chair 0.0404 401 189 420 221
chair 0.0385 356 181 365 203
chair 0.0364 483 174 500 220
chair 0.0362 139 175 157 200
chair 0.0354 443 176 474 211
chair 0.0342 24 179 50 199
chair 0.0337 382 160 403 180
chair 0.0333 116 195 135 212
chair 0.0328 350 149 380 182
chair 0.0313 403 181 423 234
chair 0.0306 423 180 469 277
chair 0.0300 42 187 53 196
chair 0.0289 335 181 355 211
chair 0.0288 384 218 427 298
chair 0.0287 162 171 196 199
chair 0.0279 466 184 498 232
chair 0.0278 0 192 39 208
chair 0.0275 328 157 347 185
chair 0.0272 335 252 392 341
chair 0.0268 459 174 476 192
chair 0.0259 19 184 29 195
chair 0.0257 282 189 341 219
chair 0.0245 400 185 415 208
chair 0.0241 332 185 409 213
chair 0.0240 342 179 362 197
chair 0.0240 118 201 145 227
chair 0.0231 49 189 67 232
chair 0.0231 464 191 487 239
chair 0.0226 117 188 147 216
chair 0.0221 59 182 94 239
chair 0.0220 329 181 341 193
chair 0.0218 0 195 10 207
chair 0.0215 407 178 424 192
chair 0.0203 0 167 21 186
chair 0.0201 135 156 179 206
chair 0.0198 411 179 443 217
chair 0.0195 41 168 94 247
chair 0.0193 0 171 32 201
chair 0.0192 0 182 11 197
chair 0.0192 365 197 388 208
chair 0.0187 315 181 326 193
chair 0.0186 304 161 329 192
chair 0.0184 12 176 61 215
chair 0.0183 431 177 459 210
chair 0.0182 126 201 153 224
chair 0.0182 478 170 500 268
chair 0.0176 346 219 424 295
chair 0.0170 12 190 29 204
chair 0.0168 145 182 165 208
chair 0.0168 397 178 410 205
chair 0.0165 111 156 152 207
chair 0.0161 6 191 53 254
chair 0.0160 20 191 56 215
chair 0.0160 422 175 438 187
chair 0.0156 307 177 324 193
chair 0.0154 107 189 145 237
chair 0.0150 111 214 133 237
chair 0.0147 336 194 351 214
chair 0.0146 367 184 390 206
sofa 0.0020 357 181 404 208
sofa 0.0020 0 203 41 270
sofa 0.0017 58 198 108 257
sofa 0.0015 0 191 18 205
sofa 0.0014 411 191 501 319
sofa 0.0013 444 316 500 372
sofa 0.0011 0 167 21 186
sofa 0.0010 17 192 43 206
pottedplant 0.6995 52 136 98 199
pottedplant 0.3090 99 89 172 200
pottedplant 0.2525 0 167 21 185
pottedplant 0.1331 88 139 152 200
pottedplant 0.1148 24 153 59 185
pottedplant 0.0744 36 169 56 192
pottedplant 0.0720 141 174 171 206
pottedplant 0.0712 102 74 156 137
pottedplant 0.0652 86 148 125 194
pottedplant 0.0571 69 179 90 199
pottedplant 0.0512 111 156 152 207
pottedplant 0.0473 0 174 20 191
pottedplant 0.0404 24 171 36 183
pottedplant 0.0331 137 175 158 205
pottedplant 0.0327 0 187 20 205
pottedplant 0.0319 23 171 41 190
pottedplant 0.0316 38 166 53 185
pottedplant 0.0306 27 145 76 194
pottedplant 0.0305 117 174 166 221
pottedplant 0.0292 0 171 32 201
pottedplant 0.0265 147 166 180 206
pottedplant 0.0240 24 182 42 194
pottedplant 0.0235 91 155 116 189
pottedplant 0.0220 89 160 143 234
pottedplant 0.0211 55 178 69 192
pottedplant 0.0207 155 88 200 198
pottedplant 0.0202 0 182 20 198
pottedplant 0.0199 0 177 13 189
pottedplant 0.0189 126 77 188 189
pottedplant 0.0181 37 157 64 185
pottedplant 0.0147 52 171 66 190
pottedplant 0.0141 41 168 94 247
pottedplant 0.0138 136 137 175 204
pottedplant 0.0138 12 176 61 215
pottedplant 0.0132 303 158 326 188
pottedplant 0.0125 31 134 114 206
pottedplant 0.0113 61 189 111 244
pottedplant 0.0112 125 178 143 199
pottedplant 0.0111 53 160 78 194
pottedplant 0.0106 160 169 198 202
pottedplant 0.0102 67 135 117 191
pottedplant 0.0102 419 175 441 197
pottedplant 0.0099 20 161 46 198
pottedplant 0.0094 18 187 45 204
pottedplant 0.0089 86 164 124 222
pottedplant 0.0087 48 156 71 189
pottedplant 0.0087 117 130 160 203
pottedplant 0.0085 131 78 184 138
pottedplant 0.0085 42 187 54 196
pottedplant 0.0085 24 179 50 199
pottedplant 0.0081 18 178 30 193
pottedplant 0.0079 426 150 458 178
pottedplant 0.0077 308 155 334 183
pottedplant 0.0077 91 176 115 194
pottedplant 0.0077 419 157 442 179
pottedplant 0.0076 88 178 102 192
pottedplant 0.0072 412 169 456 212
pottedplant 0.0071 122 177 147 207
pottedplant 0.0070 144 83 178 123
pottedplant 0.0068 18 184 29 195
pottedplant 0.0067 312 157 346 189
pottedplant 0.0066 149 147 177 199
pottedplant 0.0064 60 172 84 197
pottedplant 0.0063 45 175 67 198
pottedplant 0.0058 12 162 69 251
pottedplant 0.0057 86 163 109 192
pottedplant 0.0056 82 181 112 210
pottedplant 0.0055 96 67 182 153
pottedplant 0.0055 60 181 72 195
pottedplant 0.0054 50 164 66 184
pottedplant 0.0051 445 171 480 208
pottedplant 0.0051 116 118 174 179
pottedplant 0.0051 0 167 47 242
pottedplant 0.0048 23 154 42 182
pottedplant 0.0048 418 158 435 175
pottedplant 0.0047 116 189 142 209
pottedplant 0.0046 102 114 136 141
pottedplant 0.0044 13 172 34 184
pottedplant 0.0044 431 176 457 198
pottedplant 0.0043 145 182 165 208
pottedplant 0.0042 59 133 106 176
pottedplant 0.0042 422 174 438 183
pottedplant 0.0042 436 151 469 178
pottedplant 0.0039 0 192 14 205
pottedplant 0.0039 0 153 48 212
pottedplant 0.0036 59 135 94 161
pottedplant 0.0035 87 189 117 234
pottedplant 0.0035 153 139 201 214
pottedplant 0.0034 99 159 129 209
pottedplant 0.0031 0 97 47 145
pottedplant 0.0031 422 165 441 178
pottedplant 0.0030 51 184 90 236
pottedplant 0.0029 140 156 162 204
pottedplant 0.0028 112 197 140 235
pottedplant 0.0028 86 143 178 228
pottedplant 0.0027 99 110 156 157
pottedplant 0.0027 49 135 88 177
pottedplant 0.0027 438 177 477 244
pottedplant 0.0025 438 148 457 174
pottedplant 0.0025 64 158 90 193
diningtable 0.7121 1 252 106 371
diningtable 0.5779 334 203 422 252
diningtable 0.3924 444 317 500 372
diningtable 0.2266 348 181 407 207
diningtable 0.1049 334 203 421 221
diningtable 0.0992 306 191 338 215
diningtable 0.0635 348 203 401 214
diningtable 0.0625 485 164 499 180
diningtable 0.0600 326 179 383 207
diningtable 0.0495 0 200 43 269
diningtable 0.0488 356 197 387 208
diningtable 0.0450 57 199 109 260
diningtable 0.0437 17 192 43 206
diningtable 0.0424 0 185 22 205
diningtable 0.0418 344 195 365 214
diningtable 0.0408 350 149 380 182
diningtable 0.0382 0 193 17 206
diningtable 0.0308 349 204 363 215
diningtable 0.0286 332 200 398 216
diningtable 0.0284 410 177 445 253
diningtable 0.0272 286 188 345 211
diningtable 0.0271 406 176 499 301
diningtable 0.0269 332 183 342 194
diningtable 0.0268 362 304 499 373
diningtable 0.0267 401 178 426 211
diningtable 0.0267 88 189 117 233
diningtable 0.0266 432 180 455 253
diningtable 0.0258 343 179 363 202
diningtable 0.0254 356 180 366 203
diningtable 0.0248 331 206 421 300
diningtable 0.0237 374 197 397 208
diningtable 0.0232 41 191 67 259
diningtable 0.0229 315 182 325 194
diningtable 0.0214 21 188 44 202
diningtable 0.0211 35 195 57 262
diningtable 0.0210 362 203 389 212
diningtable 0.0209 306 184 323 194
diningtable 0.0209 114 196 134 232
diningtable 0.0205 53 197 91 248
diningtable 0.0202 25 185 43 195
diningtable 0.0201 407 177 440 213
diningtable 0.0199 0 192 39 208
diningtable 0.0197 335 252 392 341
diningtable 0.0193 358 196 372 208
diningtable 0.0188 467 184 498 232
diningtable 0.0185 438 177 477 244
diningtable 0.0180 318 179 409 237
diningtable 0.0176 334 194 343 214
diningtable 0.0174 429 352 488 374
diningtable 0.0167 346 196 355 212
diningtable 0.0162 483 167 499 197
diningtable 0.0157 350 157 400 206
diningtable 0.0156 79 197 135 243
diningtable 0.0154 18 184 29 195
diningtable 0.0148 354 194 364 209
diningtable 0.0147 304 161 329 192
diningtable 0.0145 477 169 500 218
diningtable 0.0145 116 194 136 213
diningtable 0.0143 58 191 101 234
diningtable 0.0143 0 171 32 201
diningtable 0.0141 489 156 500 177
diningtable 0.0132 323 193 374 215
diningtable 0.0130 293 180 328 197
diningtable 0.0125 305 184 314 194
diningtable 0.0120 10 189 31 205
diningtable 0.0118 312 157 346 189
diningtable 0.0117 12 176 61 215
diningtable 0.0116 90 189 113 201
diningtable 0.0113 41 168 94 247
diningtable 0.0112 6 190 53 255
diningtable 0.0112 117 188 147 216
diningtable 0.0111 306 186 389 215
diningtable 0.0109 20 191 56 215
diningtable 0.0108 341 196 350 213
diningtable 0.0105 365 197 378 207
diningtable 0.0103 334 185 342 209
diningtable 0.0100 89 160 143 234
diningtable 0.0100 430 176 460 211
diningtable 0.0099 356 183 371 207
diningtable 0.0097 471 186 485 200
diningtable 0.0096 483 180 499 223
diningtable 0.0096 336 194 351 214
diningtable 0.0095 360 196 368 207
diningtable 0.0095 273 186 404 260
diningtable 0.0092 422 174 438 183
diningtable 0.0088 0 167 21 186
diningtable 0.0087 335 181 355 211
diningtable 0.0086 454 176 490 232
diningtable 0.0082 48 189 68 232
diningtable 0.0081 88 191 113 216
diningtable 0.0079 369 197 384 208
diningtable 0.0075 137 173 174 208
diningtable 0.0070 0 182 13 197
diningtable 0.0068 322 182 334 193
diningtable 0.0066 -2 237 219 370
diningtable 0.0065 364 177 405 200
diningtable 0.0064 40 194 54 214
diningtable 0.0063 209 108 415 262
diningtable 0.0061 472 177 497 206
diningtable 0.0060 427 181 440 199
tvmonitor 0.0030 0 91 37 128
tvmonitor 0.0011 0 96 49 146
