person 0.3219 208 179 218 197
person 0.1154 236 182 246 193
person 0.0981 241 182 250 193
person 0.0501 246 182 257 191
person 0.0442 221 182 233 195
person 0.0285 232 181 242 192
person 0.0158 219 182 252 195
person 0.0135 217 178 229 195
person 0.0110 218 179 239 194
person 0.0100 188 174 294 233
person 0.0090 232 179 251 193
person 0.0084 446 192 499 235
person 0.0072 0 189 9 216
person 0.0066 60 182 72 200
person 0.0061 101 216 124 244
person 0.0058 243 180 257 193
person 0.0051 0 214 4 230
person 0.0045 0 208 14 308
person 0.0043 471 181 478 199
person 0.0043 0 200 6 227
person 0.0041 250 182 262 190
person 0.0038 197 188 205 194
person 0.0034 470 182 484 201
person 0.0033 448 184 496 216
person 0.0030 0 212 5 239
person 0.0030 194 164 236 216
person 0.0030 449 194 481 215
person 0.0028 197 182 204 193
person 0.0022 462 185 492 208
person 0.0022 135 196 144 211
person 0.0021 0 181 8 201
person 0.0021 344 190 438 233
person 0.0020 470 180 500 201
person 0.0019 483 192 500 203
person 0.0019 287 198 295 215
person 0.0018 243 182 268 192
person 0.0017 0 208 6 259
person 0.0016 448 199 468 218
person 0.0016 178 136 189 159
person 0.0014 134 192 143 202
person 0.0014 411 362 418 374
person 0.0013 209 178 218 188
person 0.0013 206 186 217 198
person 0.0013 67 181 74 197
person 0.0013 185 163 276 215
person 0.0012 143 180 149 192
person 0.0010 0 196 10 229
person 0.0010 73 184 91 199
bicycle 0.0063 100 216 124 244
bicycle 0.0015 444 201 464 224
bicycle 0.0010 442 197 482 230
car 0.8191 337 190 435 232
car 0.8063 447 193 500 235
car 0.7870 1 193 74 260
car 0.0848 188 174 294 233
car 0.0844 0 183 8 199
car 0.0187 0 189 9 216
car 0.0168 43 188 66 200
car 0.0153 335 201 366 228
car 0.0137 0 176 11 196
car 0.0129 0 179 25 203
car 0.0125 442 197 482 230
car 0.0115 447 197 474 221
car 0.0110 197 188 205 194
car 0.0078 35 189 57 200
car 0.0076 135 196 144 211
car 0.0075 0 214 4 230
car 0.0075 377 189 452 221
car 0.0065 287 198 295 215
car 0.0064 461 182 498 208
car 0.0062 36 190 49 198
car 0.0061 0 191 69 223
car 0.0059 0 212 5 239
car 0.0058 134 192 143 202
car 0.0058 0 197 12 296
car 0.0056 0 189 27 217
car 0.0055 50 184 73 200
car 0.0054 450 197 469 214
car 0.0053 208 179 219 197
car 0.0050 61 183 72 200
car 0.0048 446 181 499 219
car 0.0047 0 168 8 190
car 0.0045 0 208 6 259
car 0.0044 350 186 497 228
car 0.0042 403 189 436 210
car 0.0042 1 196 45 292
car 0.0041 1 189 58 210
car 0.0038 444 201 464 224
car 0.0036 482 193 499 227
car 0.0035 196 188 208 195
car 0.0033 79 184 90 198
car 0.0033 483 192 499 204
car 0.0033 0 199 6 228
car 0.0033 476 184 500 205
car 0.0031 166 185 173 191
car 0.0028 473 193 498 236
car 0.0027 0 204 20 305
car 0.0027 433 363 473 374
car 0.0023 334 164 438 245
car 0.0022 70 184 88 199
car 0.0022 0 166 8 179
car 0.0021 463 204 482 232
car 0.0021 0 196 10 229
car 0.0021 11 191 46 203
car 0.0020 447 188 476 214
car 0.0020 39 196 74 247
car 0.0019 0 169 42 200
car 0.0019 27 192 62 210
car 0.0019 326 196 358 222
car 0.0018 472 179 499 196
car 0.0017 461 218 478 233
car 0.0017 197 182 204 193
car 0.0016 18 193 52 214
car 0.0016 0 169 15 201
car 0.0014 138 206 180 224
car 0.0014 0 164 14 188
car 0.0013 388 192 439 232
car 0.0013 182 190 190 194
car 0.0013 0 174 42 232
car 0.0013 133 201 143 212
car 0.0013 0 214 9 278
car 0.0012 136 204 148 214
car 0.0012 132 193 148 212
car 0.0012 438 194 466 221
car 0.0012 138 196 203 222
car 0.0011 0 196 28 260
car 0.0011 0 165 31 187
car 0.0011 221 182 233 195
car 0.0011 18 192 38 201
car 0.0011 162 185 172 192
car 0.0010 335 197 399 229
car 0.0010 216 180 230 196
motorbike 0.0011 446 192 499 235
motorbike 0.0010 8 192 76 256
bus 0.0047 188 174 294 233
bus 0.0019 448 193 499 236
bus 0.0014 8 192 75 259
bus 0.0012 299 175 314 191
bus 0.0010 342 191 438 234
dog 0.0012 100 216 124 244
chair 0.0018 340 244 398 323
pottedplant 0.0033 154 216 169 250
pottedplant 0.0026 151 214 193 242
pottedplant 0.0011 154 229 164 252
diningtable 0.0023 342 261 399 323
