person 0.0322 210 179 218 187
person 0.0192 256 165 273 178
person 0.0169 253 166 267 177
person 0.0126 262 166 277 179
person 0.0109 220 161 235 174
person 0.0107 226 162 239 174
person 0.0095 215 163 229 174
person 0.0086 245 167 259 177
person 0.0052 239 166 254 176
person 0.0048 215 160 232 175
person 0.0043 231 165 247 174
person 0.0037 227 162 249 176
person 0.0034 212 165 223 173
person 0.0033 179 150 304 233
person 0.0027 208 179 219 190
person 0.0025 221 160 266 177
person 0.0024 235 163 278 183
person 0.0018 208 174 219 186
person 0.0013 208 178 225 187
person 0.0013 204 175 220 190
person 0.0011 227 156 235 165
person 0.0011 227 155 237 161
person 0.0011 193 192 203 203
person 0.0011 255 177 276 187
person 0.0011 199 169 207 177
person 0.0010 72 34 80 37
person 0.0010 208 173 225 189
person 0.0010 202 168 214 174
car 0.8512 174 152 300 235
car 0.0021 201 164 282 223
aeroplane 0.0343 72 34 80 37
bus 0.0030 177 152 302 235
boat 0.0036 174 152 300 235
boat 0.0033 72 34 80 37
bird 0.1681 72 34 80 37
bird 0.0064 70 33 81 38
bird 0.0026 72 31 80 36
bird 0.0024 74 34 82 38
horse 0.0395 294 193 334 238
cow 0.0393 295 195 334 237
