person 0.0592 11 0 498 369
person 0.0078 0 17 95 149
person 0.0036 0 1 77 28
person 0.0027 0 29 167 366
person 0.0015 0 289 87 372
person 0.0011 -10 -11 493 168
person 0.0011 479 253 499 373
person 0.0010 0 174 148 370
car 0.0020 1 0 497 368
bird 0.0012 11 0 498 369
cat 0.5111 11 0 498 369
cat 0.0069 40 225 490 370
cat 0.0038 -3 0 263 364
dog 0.1177 11 0 498 369
horse 0.0021 11 0 498 369
cow 0.0018 11 0 498 369
bottle 0.0041 489 251 499 288
chair 0.0053 0 18 95 151
chair 0.0048 0 2 495 369
chair 0.0018 479 254 499 372
chair 0.0016 -1 284 89 372
chair 0.0012 0 1 77 28
sofa 0.0355 0 2 495 369
sofa 0.0263 0 17 95 149
sofa 0.0014 6 234 478 369
sofa 0.0013 0 1 77 28
sofa 0.0011 479 253 499 373
sofa 0.0011 0 10 119 284
diningtable 0.0036 0 18 94 149
diningtable 0.0029 1 0 497 368
