person 0.9122 353 160 407 274
person 0.4345 44 185 59 213
person 0.3559 32 186 45 210
person 0.3489 192 166 206 187
person 0.2973 433 150 446 164
person 0.2698 214 165 224 180
person 0.1998 31 186 58 212
person 0.1495 240 163 252 180
person 0.1067 180 162 190 190
person 0.0953 236 164 249 181
person 0.0895 273 163 283 172
person 0.0846 33 186 44 199
person 0.0721 234 168 243 182
person 0.0541 218 166 234 180
person 0.0519 229 167 240 181
person 0.0479 366 161 389 180
person 0.0469 201 158 211 182
person 0.0415 194 162 202 174
person 0.0403 446 171 460 184
person 0.0353 267 164 279 172
person 0.0335 181 164 196 185
person 0.0306 254 162 264 174
person 0.0305 259 163 268 173
person 0.0297 263 165 274 174
person 0.0274 196 158 210 174
person 0.0259 348 159 390 179
person 0.0227 394 147 402 161
person 0.0220 331 171 368 206
person 0.0208 372 163 403 179
person 0.0204 238 166 258 183
person 0.0187 44 192 60 225
person 0.0182 442 154 466 164
person 0.0168 251 163 259 174
person 0.0156 184 167 194 194
person 0.0152 237 163 246 176
person 0.0150 422 150 431 161
person 0.0149 40 185 58 200
person 0.0145 443 171 454 183
person 0.0144 276 164 287 171
person 0.0137 393 150 406 169
person 0.0131 483 167 499 183
person 0.0127 401 162 450 187
person 0.0126 223 163 233 176
person 0.0112 201 158 209 170
person 0.0112 290 162 302 171
person 0.0110 490 166 500 180
person 0.0108 439 155 453 165
person 0.0108 409 169 473 185
person 0.0106 239 176 265 193
person 0.0105 421 153 436 163
person 0.0104 146 181 276 227
person 0.0103 201 168 212 184
person 0.0096 433 155 458 165
person 0.0095 34 167 43 181
person 0.0081 264 163 284 175
person 0.0079 228 164 238 176
person 0.0079 329 160 405 195
person 0.0079 179 160 190 177
person 0.0075 434 146 444 158
person 0.0069 32 177 45 197
person 0.0067 464 165 495 187
person 0.0067 392 159 415 172
person 0.0066 428 158 444 168
person 0.0066 396 162 495 223
person 0.0058 385 162 406 174
person 0.0053 418 168 493 198
person 0.0053 308 159 316 170
person 0.0051 431 167 462 183
person 0.0050 185 181 194 195
person 0.0050 470 149 500 164
person 0.0049 430 148 441 161
person 0.0049 180 163 195 174
person 0.0049 73 195 84 216
person 0.0047 46 178 58 201
person 0.0047 256 156 265 171
person 0.0047 447 160 496 191
person 0.0046 316 155 323 169
person 0.0046 286 163 297 170
person 0.0045 186 177 206 198
person 0.0045 273 160 282 169
person 0.0043 414 157 431 165
person 0.0042 468 169 480 184
person 0.0041 354 199 365 222
person 0.0036 0 170 4 206
person 0.0036 177 172 220 204
person 0.0034 324 153 405 178
person 0.0034 265 167 274 180
person 0.0033 180 157 189 169
person 0.0032 174 170 194 200
person 0.0032 214 164 222 176
person 0.0032 433 170 448 184
person 0.0030 310 156 322 169
person 0.0030 431 164 448 180
person 0.0030 444 167 471 183
person 0.0029 354 196 388 271
person 0.0029 176 165 187 199
person 0.0029 394 162 436 175
person 0.0029 399 156 418 168
person 0.0028 291 160 306 170
person 0.0028 213 160 228 186
car 0.8925 148 183 280 229
car 0.8819 396 163 495 227
car 0.8140 460 165 499 242
car 0.6659 387 163 441 190
car 0.4865 470 149 499 163
car 0.3847 334 172 363 207
car 0.3722 379 164 403 178
car 0.3066 442 153 467 164
car 0.1957 321 155 383 201
car 0.1622 444 152 496 165
car 0.0878 433 150 452 165
car 0.0846 354 162 409 182
car 0.0824 321 152 385 180
car 0.0819 378 163 427 182
car 0.0766 237 167 348 220
car 0.0707 476 152 500 170
car 0.0590 391 162 438 176
car 0.0432 239 177 264 194
car 0.0395 396 162 454 181
car 0.0372 354 163 406 273
car 0.0249 468 153 491 163
car 0.0242 307 137 353 154
car 0.0238 365 161 390 180
car 0.0218 479 163 499 180
car 0.0215 238 166 258 183
car 0.0193 381 162 409 175
car 0.0187 339 159 424 196
car 0.0158 371 166 424 196
car 0.0142 409 161 444 174
car 0.0130 485 152 499 164
car 0.0127 462 163 500 194
car 0.0121 395 160 422 173
car 0.0119 331 164 402 210
car 0.0114 240 165 252 180
car 0.0112 206 174 303 211
car 0.0105 313 171 365 211
car 0.0095 383 162 449 218
car 0.0093 435 154 446 165
car 0.0093 463 154 484 163
car 0.0081 489 165 500 180
car 0.0077 450 154 472 163
car 0.0077 324 139 352 153
car 0.0076 163 2 188 31
car 0.0075 467 145 500 173
car 0.0074 403 162 429 174
car 0.0073 332 167 396 187
car 0.0069 398 157 436 172
car 0.0067 489 157 500 172
car 0.0059 411 157 432 166
car 0.0058 437 155 455 165
car 0.0055 419 164 443 178
car 0.0055 423 157 447 170
car 0.0053 179 183 266 213
car 0.0050 487 148 499 161
car 0.0049 217 167 241 181
car 0.0048 405 165 434 188
car 0.0046 396 167 484 199
car 0.0045 353 195 367 222
car 0.0043 481 146 499 157
car 0.0039 391 168 420 189
car 0.0037 237 176 278 200
car 0.0037 356 165 431 209
car 0.0036 214 165 225 181
car 0.0036 290 138 352 166
car 0.0036 445 155 497 198
car 0.0035 374 160 412 188
car 0.0035 387 151 405 169
car 0.0034 336 186 359 209
car 0.0034 413 167 451 185
car 0.0033 225 169 304 191
car 0.0033 230 169 241 182
car 0.0032 446 171 460 184
car 0.0031 388 165 416 179
car 0.0029 234 168 244 182
car 0.0029 421 152 436 163
car 0.0028 337 154 390 174
car 0.0028 384 171 420 205
car 0.0028 442 149 498 175
car 0.0025 385 168 408 194
car 0.0025 217 175 238 183
car 0.0024 0 170 4 206
car 0.0022 433 148 445 162
car 0.0021 401 156 429 167
car 0.0020 222 183 266 196
car 0.0019 245 169 269 180
car 0.0018 426 171 479 189
car 0.0018 303 135 342 149
car 0.0017 364 173 402 209
car 0.0017 415 150 494 190
car 0.0015 289 182 377 213
car 0.0015 338 178 365 222
car 0.0015 351 169 374 194
car 0.0014 325 159 410 246
car 0.0014 206 186 239 201
car 0.0014 266 184 348 220
car 0.0014 316 144 378 166
car 0.0013 358 170 371 184
car 0.0013 439 145 466 163
car 0.0012 467 167 488 185
car 0.0012 340 164 378 192
motorbike 0.0165 434 152 451 164
motorbike 0.0059 434 149 445 163
motorbike 0.0039 230 169 241 182
motorbike 0.0027 441 154 467 164
motorbike 0.0025 32 186 47 211
motorbike 0.0025 461 170 499 243
motorbike 0.0022 219 168 236 182
motorbike 0.0018 331 171 368 206
motorbike 0.0016 214 165 225 181
motorbike 0.0015 396 163 495 226
motorbike 0.0014 468 149 500 164
motorbike 0.0012 43 186 59 214
motorbike 0.0011 323 153 383 196
motorbike 0.0011 235 168 243 182
motorbike 0.0010 32 195 51 214
motorbike 0.0010 450 154 498 165
bus 0.0079 322 153 384 182
bus 0.0063 236 169 344 221
bus 0.0041 331 171 368 206
bus 0.0027 307 138 352 155
bus 0.0016 259 135 354 170
bus 0.0015 468 149 500 164
bus 0.0014 461 165 499 242
bus 0.0013 149 181 284 228
bus 0.0012 323 159 409 197
bus 0.0011 395 163 496 226
bird 0.0014 450 45 458 59
bird 0.0010 486 30 492 34
bottle 0.0024 353 201 365 223
chair 0.0056 32 186 47 211
chair 0.0054 46 187 60 223
chair 0.0022 33 195 51 214
chair 0.0018 44 203 61 224
pottedplant 0.0019 0 208 22 237
diningtable 0.0017 32 186 47 211
diningtable 0.0012 39 192 59 222
tvmonitor 0.0078 0 166 4 199
tvmonitor 0.0017 162 1 188 32
