person 0.0073 0 86 19 145
person 0.0019 0 89 10 151
person 0.0013 491 0 499 13
person 0.0012 302 1 500 363
bird 0.0013 0 86 19 142
cat 0.0030 0 86 20 145
dog 0.0015 0 86 20 145
bottle 0.0105 0 86 22 147
chair 0.0605 1 1 217 119
chair 0.0320 212 1 251 87
chair 0.0133 301 1 500 364
chair 0.0127 1 -6 218 250
chair 0.0035 183 0 250 108
chair 0.0034 1 89 188 236
chair 0.0031 2 45 201 144
chair 0.0019 0 86 22 147
chair 0.0016 268 0 343 144
chair 0.0014 13 64 190 119
chair 0.0012 207 -2 313 139
chair 0.0011 219 1 277 83
chair 0.0011 220 24 248 80
pottedplant 0.0011 0 86 19 145
pottedplant 0.0010 217 164 288 237
diningtable 0.0843 8 30 428 370
diningtable 0.0780 217 164 288 237
diningtable 0.0290 76 79 342 319
diningtable 0.0202 1 224 168 369
diningtable 0.0158 283 3 502 359
diningtable 0.0067 1 0 218 121
diningtable 0.0050 2 -8 218 250
diningtable 0.0044 166 174 215 225
diningtable 0.0041 87 155 397 375
diningtable 0.0036 201 52 425 294
diningtable 0.0035 149 81 292 240
diningtable 0.0024 245 84 396 262
diningtable 0.0019 53 287 372 373
diningtable 0.0013 2 51 200 139
diningtable 0.0011 139 311 352 370
diningtable 0.0011 318 314 360 355
diningtable 0.0011 0 88 188 235
