person 0.0098 335 0 501 361
person 0.0098 4 0 493 368
person 0.0043 3 105 345 348
person 0.0039 42 207 445 354
person 0.0038 387 253 499 371
person 0.0037 466 160 499 197
person 0.0028 146 251 331 347
person 0.0025 442 48 502 310
person 0.0019 461 0 499 37
person 0.0016 365 6 499 220
person 0.0012 -1 123 291 263
person 0.0011 416 6 498 382
person 0.0010 375 163 499 368
cat 0.0455 145 250 324 347
cat 0.0240 2 150 332 357
cat 0.0114 42 207 445 354
cat 0.0056 1 124 164 255
cat 0.0040 460 0 499 35
cat 0.0033 5 99 502 372
cat 0.0028 0 262 33 292
cat 0.0024 466 160 500 198
dog 0.4798 5 86 483 367
dog 0.1148 4 154 332 354
dog 0.0972 368 5 500 191
dog 0.0525 140 251 320 347
dog 0.0194 36 227 446 351
dog 0.0151 335 0 501 361
dog 0.0123 460 0 498 35
dog 0.0091 1 124 164 255
dog 0.0069 465 158 499 201
dog 0.0024 3 111 331 263
dog 0.0023 170 1 499 298
dog 0.0022 442 48 502 310
dog 0.0017 458 -4 499 160
dog 0.0016 362 0 500 97
dog 0.0013 355 130 498 229
dog 0.0011 231 19 497 165
dog 0.0011 467 0 500 60
chair 0.0051 324 0 502 84
chair 0.0021 461 0 499 38
chair 0.0020 5 42 491 367
chair 0.0010 196 58 377 121
sofa 0.0750 5 42 491 367
sofa 0.0086 335 0 501 361
sofa 0.0048 324 0 502 84
sofa 0.0036 359 9 500 198
sofa 0.0028 42 207 445 354
sofa 0.0015 383 247 499 371
sofa 0.0015 146 251 331 347
sofa 0.0012 463 0 500 43
diningtable 0.0014 5 42 491 367
