person 0.2114 262 1 373 68
person 0.0488 4 2 496 343
person 0.0037 259 0 489 71
person 0.0032 -6 0 482 87
person 0.0023 448 3 499 126
car 0.0016 4 2 496 343
bird 0.0033 4 2 496 343
cat 0.4891 0 4 502 340
cat 0.0046 4 188 495 355
cat 0.0032 3 268 494 370
dog 0.3381 4 2 496 343
dog 0.0039 3 268 494 370
dog 0.0038 4 188 495 355
horse 0.0035 4 2 496 343
cow 0.0032 4 2 496 343
chair 0.0034 0 4 502 340
sofa 0.0276 0 4 502 340
sofa 0.0030 6 186 492 357
sofa 0.0016 3 268 494 370
diningtable 0.0091 4 231 493 367
diningtable 0.0054 0 4 502 340
diningtable 0.0013 2 295 496 375
