person 0.0395 0 216 25 258
person 0.0060 183 -1 230 90
person 0.0017 192 99 270 141
person 0.0016 0 210 22 241
person 0.0013 0 211 26 311
person 0.0012 62 111 280 366
person 0.0012 0 169 26 259
person 0.0011 444 170 499 343
car 0.0044 0 217 23 256
motorbike 0.0010 0 216 23 257
aeroplane 0.0013 0 216 23 257
train 0.0011 0 217 23 256
boat 0.0010 0 217 23 254
bird 0.0217 0 215 24 258
bird 0.0035 66 112 283 367
bird 0.0015 191 99 268 140
bird 0.0011 493 175 499 188
cat 0.0090 67 118 226 368
cat 0.0033 0 215 24 258
cat 0.0017 191 99 268 140
dog 0.2666 68 112 286 367
dog 0.0333 0 216 23 257
dog 0.0080 192 99 270 141
dog 0.0049 2 159 220 368
dog 0.0031 159 101 276 244
dog 0.0031 179 282 365 372
dog 0.0015 191 102 273 180
dog 0.0015 352 171 499 355
dog 0.0011 133 97 267 146
dog 0.0010 307 109 387 230
dog 0.0010 134 115 291 298
horse 0.0153 0 216 23 257
horse 0.0059 67 116 235 369
horse 0.0010 351 170 498 344
sheep 0.8614 307 109 388 230
sheep 0.8155 351 171 499 344
sheep 0.4408 69 112 286 367
sheep 0.0938 186 102 278 243
sheep 0.0937 0 217 23 257
sheep 0.0886 191 99 268 140
sheep 0.0558 179 282 364 372
sheep 0.0521 191 102 273 180
sheep 0.0376 -3 138 218 361
sheep 0.0234 461 170 499 344
sheep 0.0171 159 99 302 287
sheep 0.0112 492 175 499 186
sheep 0.0090 484 172 499 295
sheep 0.0085 486 175 500 191
sheep 0.0082 299 110 460 230
sheep 0.0075 142 100 420 254
sheep 0.0070 481 176 500 202
sheep 0.0064 245 106 397 238
sheep 0.0056 444 284 500 365
sheep 0.0051 106 94 461 356
sheep 0.0041 0 211 26 311
sheep 0.0040 492 176 500 198
sheep 0.0039 162 312 216 374
sheep 0.0035 433 155 500 316
sheep 0.0035 330 16 432 81
sheep 0.0033 363 170 500 228
sheep 0.0032 133 97 267 146
sheep 0.0028 432 170 499 207
sheep 0.0023 474 172 500 191
sheep 0.0021 342 151 500 262
sheep 0.0020 489 170 500 186
sheep 0.0020 122 128 287 249
sheep 0.0020 484 175 499 234
sheep 0.0019 0 210 57 347
sheep 0.0018 68 239 364 373
sheep 0.0017 375 165 499 198
sheep 0.0016 0 217 61 265
sheep 0.0016 -1 207 107 357
sheep 0.0014 124 98 281 186
sheep 0.0014 196 98 236 138
sheep 0.0012 436 162 499 187
sheep 0.0012 336 142 501 199
sheep 0.0011 110 308 219 374
sheep 0.0011 457 168 499 194
sheep 0.0010 427 164 500 237
sheep 0.0010 468 168 500 225
sheep 0.0010 491 174 500 216
sheep 0.0010 5 60 284 301
cow 0.0508 0 217 23 256
cow 0.0066 68 109 283 368
cow 0.0042 179 282 365 372
cow 0.0022 343 168 499 357
cow 0.0015 191 99 268 140
cow 0.0013 0 211 26 311
cow 0.0013 159 101 276 244
cow 0.0013 307 107 387 232
chair 0.0038 0 216 23 257
