person 0.0012 479 48 500 170
person 0.0011 487 47 499 134
person 0.0011 216 84 256 148
person 0.0011 277 110 438 258
bicycle 0.0014 246 116 318 180
car 0.0013 29 99 251 251
car 0.0010 199 160 219 170
bird 0.0027 287 157 337 186
bird 0.0022 216 84 253 147
bird 0.0012 451 48 462 62
bird 0.0010 293 159 320 183
cat 0.1203 284 158 337 185
cat 0.0407 277 111 437 256
cat 0.0210 291 165 322 186
cat 0.0074 245 117 318 185
cat 0.0027 454 91 490 129
cat 0.0019 271 145 350 199
cat 0.0012 28 99 254 251
cat 0.0011 289 176 324 188
cat 0.0011 284 172 342 188
cat 0.0010 57 158 105 188
dog 0.0093 287 157 337 186
dog 0.0078 277 111 437 256
dog 0.0026 245 117 318 185
dog 0.0026 293 159 320 183
horse 0.0022 246 116 318 181
bottle 0.0025 289 157 342 186
bottle 0.0019 1 230 20 271
bottle 0.0018 448 201 491 261
bottle 0.0015 440 110 455 125
bottle 0.0013 294 165 320 186
bottle 0.0013 454 92 488 128
chair 0.4573 216 84 252 145
chair 0.2752 277 111 439 260
chair 0.0050 22 97 246 252
chair 0.0026 218 89 313 178
chair 0.0026 427 116 499 262
chair 0.0023 143 149 265 265
chair 0.0018 188 231 313 304
chair 0.0017 246 116 318 180
chair 0.0017 0 112 32 202
chair 0.0016 446 201 493 261
chair 0.0016 483 55 499 129
chair 0.0016 229 106 253 146
chair 0.0015 390 197 500 300
chair 0.0014 479 48 500 170
chair 0.0013 230 111 249 128
chair 0.0013 456 92 496 133
chair 0.0012 165 158 238 179
chair 0.0012 490 67 499 127
chair 0.0010 221 106 245 129
chair 0.0010 215 85 241 127
sofa 0.9340 24 97 252 251
sofa 0.7145 277 106 438 259
sofa 0.0063 158 160 213 181
sofa 0.0039 275 97 506 343
sofa 0.0036 144 150 264 262
sofa 0.0019 0 112 32 202
sofa 0.0018 419 121 501 266
sofa 0.0014 244 117 318 185
sofa 0.0013 188 231 313 304
sofa 0.0012 216 84 252 147
sofa 0.0012 388 200 499 305
sofa 0.0012 286 159 338 184
sofa 0.0012 63 151 127 197
sofa 0.0011 446 201 493 261
sofa 0.0011 31 93 258 175
pottedplant 0.7931 247 116 319 181
pottedplant 0.5355 427 118 500 261
pottedplant 0.4863 454 91 490 129
pottedplant 0.2343 440 108 455 124
pottedplant 0.0741 446 201 493 261
pottedplant 0.0701 452 22 498 129
pottedplant 0.0562 438 96 463 126
pottedplant 0.0541 461 74 500 182
pottedplant 0.0372 0 15 32 199
pottedplant 0.0266 478 120 499 173
pottedplant 0.0261 479 30 500 129
pottedplant 0.0257 469 113 500 193
pottedplant 0.0243 435 72 500 220
pottedplant 0.0205 288 157 330 183
pottedplant 0.0172 0 110 32 200
pottedplant 0.0158 461 108 500 237
pottedplant 0.0143 395 148 500 294
pottedplant 0.0136 487 47 499 134
pottedplant 0.0103 267 118 318 162
pottedplant 0.0100 480 114 500 249
pottedplant 0.0099 217 85 262 153
pottedplant 0.0089 448 161 500 257
pottedplant 0.0082 482 37 499 78
pottedplant 0.0080 457 99 476 128
pottedplant 0.0072 247 131 275 175
pottedplant 0.0070 445 -15 480 135
pottedplant 0.0058 0 227 19 272
pottedplant 0.0056 429 149 493 211
pottedplant 0.0053 212 115 332 204
pottedplant 0.0047 243 136 268 159
pottedplant 0.0037 442 120 499 185
pottedplant 0.0037 271 142 321 185
pottedplant 0.0037 0 8 26 131
pottedplant 0.0036 436 77 456 126
pottedplant 0.0033 468 89 497 129
pottedplant 0.0031 234 128 287 181
pottedplant 0.0029 417 12 501 133
pottedplant 0.0027 483 179 500 248
pottedplant 0.0027 429 58 482 130
pottedplant 0.0026 251 145 295 187
pottedplant 0.0026 0 113 30 156
pottedplant 0.0024 487 39 499 67
pottedplant 0.0022 450 95 471 127
pottedplant 0.0022 488 43 499 86
pottedplant 0.0017 261 130 306 182
pottedplant 0.0016 296 130 317 160
pottedplant 0.0016 450 47 462 61
pottedplant 0.0016 0 70 28 167
pottedplant 0.0015 476 123 499 146
pottedplant 0.0015 477 78 501 154
pottedplant 0.0015 229 106 253 146
pottedplant 0.0013 230 117 260 165
pottedplant 0.0013 237 113 253 143
pottedplant 0.0013 218 89 313 178
pottedplant 0.0012 0 188 8 204
pottedplant 0.0012 475 102 494 127
pottedplant 0.0012 486 64 497 80
pottedplant 0.0012 491 152 499 181
pottedplant 0.0011 482 131 500 197
pottedplant 0.0011 451 196 493 227
pottedplant 0.0010 488 135 499 183
diningtable 0.0980 143 151 265 264
diningtable 0.0348 157 157 224 181
diningtable 0.0111 408 139 498 275
diningtable 0.0099 188 231 313 304
diningtable 0.0089 380 183 528 296
diningtable 0.0083 28 99 253 252
diningtable 0.0069 448 203 493 260
diningtable 0.0019 188 161 219 173
diningtable 0.0016 391 229 501 302
diningtable 0.0016 69 134 415 277
diningtable 0.0016 313 185 500 364
diningtable 0.0015 216 85 251 146
diningtable 0.0012 454 92 489 128
