person 0.8049 2 10 233 376
person 0.7738 152 71 265 313
person 0.7395 247 71 473 338
person 0.0462 140 115 182 195
person 0.0204 136 95 182 286
person 0.0179 105 75 157 335
person 0.0165 134 72 317 371
person 0.0132 208 192 251 293
person 0.0125 94 34 421 372
person 0.0087 57 64 188 372
person 0.0086 142 126 176 252
person 0.0080 127 77 211 329
person 0.0072 109 128 168 232
person 0.0058 339 76 499 368
person 0.0053 159 179 251 316
person 0.0049 141 99 197 152
person 0.0043 108 147 152 260
person 0.0042 268 130 283 162
person 0.0037 111 184 274 364
person 0.0031 15 116 210 242
person 0.0027 198 161 343 335
person 0.0027 410 163 499 237
person 0.0026 142 84 254 216
person 0.0023 142 121 233 366
person 0.0021 150 145 171 195
person 0.0020 168 216 222 317
person 0.0019 331 191 414 315
person 0.0018 50 203 374 373
person 0.0018 86 186 199 368
person 0.0018 140 130 164 198
person 0.0016 405 144 436 163
person 0.0016 183 64 295 270
person 0.0015 267 125 304 168
person 0.0014 1 189 90 364
person 0.0014 341 143 430 299
person 0.0012 0 66 12 124
person 0.0012 8 139 167 327
person 0.0011 150 111 189 159
person 0.0011 154 132 180 195
person 0.0011 355 214 403 306
person 0.0010 407 128 452 163
person 0.0010 199 197 305 297
bicycle 0.0018 209 196 330 328
bicycle 0.0012 136 111 181 192
bicycle 0.0012 141 90 197 154
boat 0.0011 410 163 499 237
bird 0.0018 268 130 284 165
bottle 0.0018 356 220 401 298
chair 0.5282 208 195 330 328
chair 0.1209 209 190 250 326
chair 0.0634 209 263 403 371
chair 0.0211 196 196 479 358
chair 0.0107 413 164 500 227
chair 0.0095 355 235 401 309
chair 0.0085 233 67 478 369
chair 0.0081 331 191 414 315
chair 0.0076 236 227 390 336
chair 0.0074 224 291 315 328
chair 0.0069 165 183 251 327
chair 0.0056 106 190 309 356
chair 0.0055 215 270 367 339
chair 0.0049 82 258 445 375
chair 0.0048 363 267 402 308
chair 0.0044 130 106 397 353
chair 0.0044 371 155 498 369
chair 0.0042 136 111 181 192
chair 0.0037 151 69 264 352
chair 0.0037 345 233 418 344
chair 0.0035 375 282 402 311
chair 0.0020 241 191 389 300
chair 0.0018 328 354 404 374
chair 0.0015 150 129 178 198
chair 0.0015 194 212 297 365
chair 0.0014 214 207 269 340
chair 0.0014 239 216 256 289
chair 0.0013 139 213 243 370
chair 0.0012 141 98 197 153
chair 0.0012 246 141 410 344
chair 0.0010 228 212 254 292
chair 0.0010 413 140 500 287
chair 0.0010 226 298 293 322
sofa 0.0067 413 164 500 227
sofa 0.0063 371 155 498 369
sofa 0.0014 213 267 401 372
pottedplant 0.1354 141 90 197 154
pottedplant 0.1214 138 110 186 193
pottedplant 0.0729 -17 -6 282 389
pottedplant 0.0183 135 118 166 189
pottedplant 0.0165 107 82 157 292
pottedplant 0.0058 164 101 200 144
pottedplant 0.0055 109 128 168 232
pottedplant 0.0047 147 130 175 198
pottedplant 0.0045 108 97 188 207
pottedplant 0.0042 143 74 193 130
pottedplant 0.0042 129 125 157 179
pottedplant 0.0039 144 99 179 264
pottedplant 0.0039 129 78 211 178
pottedplant 0.0032 151 70 265 292
pottedplant 0.0029 0 69 11 125
pottedplant 0.0023 21 26 210 298
pottedplant 0.0020 137 145 156 173
pottedplant 0.0016 139 108 181 152
pottedplant 0.0015 170 116 197 151
pottedplant 0.0015 97 128 151 210
pottedplant 0.0015 143 145 162 194
pottedplant 0.0014 156 95 199 129
pottedplant 0.0013 82 21 165 298
diningtable 0.1404 210 267 402 373
diningtable 0.1126 413 164 500 227
diningtable 0.0517 381 233 499 369
diningtable 0.0181 185 240 490 377
diningtable 0.0071 375 108 499 348
diningtable 0.0028 345 233 418 344
diningtable 0.0027 413 140 500 287
diningtable 0.0025 357 250 406 325
diningtable 0.0021 452 219 498 240
diningtable 0.0017 321 353 404 374
diningtable 0.0015 41 275 434 372
diningtable 0.0014 101 39 413 371
diningtable 0.0013 211 201 388 337
diningtable 0.0013 408 160 501 194
diningtable 0.0010 451 190 499 267
diningtable 0.0010 435 177 498 244
tvmonitor 0.0040 411 163 499 232
tvmonitor 0.0016 457 14 500 169
