person 0.5815 176 191 208 236
person 0.4210 348 132 386 168
person 0.1765 190 208 222 246
person 0.0659 181 192 208 218
person 0.0545 143 199 161 211
person 0.0446 204 173 221 195
person 0.0418 247 67 416 256
person 0.0337 139 204 174 235
person 0.0305 150 197 168 208
person 0.0283 363 127 390 159
person 0.0266 192 206 214 235
person 0.0246 275 125 305 164
person 0.0216 182 209 212 243
person 0.0197 493 206 499 228
person 0.0190 196 202 222 230
person 0.0187 204 206 224 235
person 0.0168 141 197 187 229
person 0.0164 142 194 170 214
person 0.0138 339 132 369 167
person 0.0130 485 205 499 253
person 0.0127 203 172 224 212
person 0.0123 164 193 195 235
person 0.0117 159 198 171 210
person 0.0106 140 203 164 225
person 0.0087 164 197 174 210
person 0.0079 285 124 304 154
person 0.0077 317 109 390 214
person 0.0075 212 207 225 231
person 0.0074 312 64 346 79
person 0.0073 169 193 203 215
person 0.0068 343 128 378 159
person 0.0066 472 207 499 264
person 0.0064 197 192 221 221
person 0.0064 206 201 224 217
person 0.0062 285 127 313 166
person 0.0059 477 188 488 196
person 0.0056 190 191 209 210
person 0.0052 153 198 175 211
person 0.0049 463 184 480 197
person 0.0045 490 208 499 241
person 0.0042 316 131 350 165
person 0.0042 165 196 188 211
person 0.0041 303 130 334 166
person 0.0040 468 186 486 196
person 0.0039 336 128 359 162
person 0.0039 210 209 226 244
person 0.0037 433 188 447 198
person 0.0037 74 190 79 200
person 0.0036 174 213 200 237
person 0.0034 213 200 225 216
person 0.0033 493 192 500 224
person 0.0032 487 205 500 228
person 0.0032 170 205 187 235
person 0.0030 300 127 366 169
person 0.0028 331 124 361 187
person 0.0028 178 125 250 237
person 0.0028 200 198 220 215
person 0.0027 373 122 394 156
person 0.0027 436 186 459 198
person 0.0024 180 189 203 206
person 0.0023 127 105 295 247
person 0.0021 196 215 243 247
person 0.0019 479 186 495 202
person 0.0018 371 135 390 160
person 0.0018 465 182 490 197
person 0.0018 195 157 228 205
person 0.0017 188 183 216 211
person 0.0017 445 187 462 198
person 0.0017 491 189 499 211
person 0.0016 138 176 160 201
person 0.0016 301 136 317 166
person 0.0014 175 192 193 209
person 0.0014 212 174 224 199
person 0.0013 144 190 172 205
person 0.0013 189 227 219 246
person 0.0013 270 137 302 170
person 0.0013 362 124 382 149
person 0.0013 183 184 207 203
person 0.0012 138 173 146 195
person 0.0012 484 185 494 195
person 0.0012 135 184 169 217
person 0.0012 464 176 483 194
person 0.0012 361 142 387 167
person 0.0012 484 193 497 206
person 0.0011 404 101 422 224
person 0.0011 213 176 259 248
person 0.0011 476 192 492 204
person 0.0011 214 187 224 214
person 0.0010 460 189 478 198
person 0.0010 269 125 291 161
person 0.0010 189 232 205 246
person 0.0010 153 205 174 222
person 0.0010 406 203 418 240
person 0.0010 137 178 143 196
person 0.0010 423 180 445 196
person 0.0010 403 126 415 166
bicycle 0.1047 192 211 222 247
bicycle 0.0718 472 207 499 264
bicycle 0.0298 490 204 500 247
bicycle 0.0231 177 192 210 238
bicycle 0.0217 189 226 220 246
bicycle 0.0148 196 215 243 247
bicycle 0.0125 209 209 226 244
bicycle 0.0117 204 206 224 235
bicycle 0.0114 491 206 499 230
bicycle 0.0106 204 173 221 194
bicycle 0.0097 201 225 226 247
bicycle 0.0081 461 210 495 241
bicycle 0.0067 187 201 217 240
bicycle 0.0056 210 227 234 246
bicycle 0.0050 464 211 490 228
bicycle 0.0047 491 221 499 250
bicycle 0.0045 471 208 497 229
bicycle 0.0038 212 207 225 232
bicycle 0.0036 187 214 209 244
bicycle 0.0030 483 213 499 249
bicycle 0.0028 477 228 499 262
bicycle 0.0028 179 211 203 238
bicycle 0.0027 469 214 486 234
bicycle 0.0024 173 216 215 244
bicycle 0.0022 487 224 499 263
bicycle 0.0022 232 224 262 250
bicycle 0.0020 204 173 224 208
bicycle 0.0019 448 209 498 255
bicycle 0.0019 189 231 206 246
bicycle 0.0017 190 236 216 246
bicycle 0.0014 485 205 500 231
bicycle 0.0014 419 204 444 222
bicycle 0.0012 466 186 491 198
bicycle 0.0011 205 201 223 217
bicycle 0.0011 186 191 212 214
bicycle 0.0011 208 234 221 246
bicycle 0.0010 477 188 489 196
bicycle 0.0010 476 191 492 204
bicycle 0.0010 139 204 174 235
car 0.3718 443 186 459 196
car 0.2147 433 188 448 199
car 0.0941 434 186 459 199
car 0.0828 477 188 488 196
car 0.0387 468 186 486 196
car 0.0375 462 188 480 197
car 0.0372 422 177 441 187
car 0.0287 464 181 483 197
car 0.0277 423 180 445 196
car 0.0210 472 207 499 264
car 0.0166 481 186 494 198
car 0.0142 484 185 494 195
car 0.0106 421 177 435 185
car 0.0092 424 190 444 201
car 0.0092 458 193 483 202
car 0.0079 489 208 499 254
car 0.0077 492 206 499 228
car 0.0059 475 191 492 204
car 0.0057 443 191 461 199
car 0.0048 431 206 494 239
car 0.0046 408 148 422 221
car 0.0041 484 193 497 206
car 0.0041 487 179 494 190
car 0.0040 466 193 490 203
car 0.0036 426 177 448 189
car 0.0035 441 192 475 201
car 0.0035 490 186 499 203
car 0.0034 427 205 463 230
car 0.0031 477 228 499 262
car 0.0030 424 187 437 198
car 0.0029 419 173 428 189
car 0.0024 492 191 499 208
car 0.0024 487 224 499 263
car 0.0023 491 221 499 250
car 0.0022 417 166 429 195
car 0.0021 464 175 486 193
car 0.0020 448 207 490 228
car 0.0019 239 230 262 250
car 0.0019 420 179 427 196
car 0.0019 139 204 174 235
car 0.0018 418 202 446 227
car 0.0014 440 177 491 199
car 0.0014 493 192 500 224
car 0.0013 190 208 222 246
car 0.0013 485 205 500 231
car 0.0012 439 183 456 191
car 0.0012 246 67 418 256
car 0.0011 466 207 496 228
car 0.0011 487 197 498 211
car 0.0011 420 196 441 207
car 0.0010 428 177 464 211
car 0.0010 141 194 170 213
car 0.0010 419 201 444 214
car 0.0010 177 192 210 238
motorbike 0.1746 190 208 222 246
motorbike 0.0329 176 192 209 239
motorbike 0.0116 182 209 212 243
motorbike 0.0107 189 226 220 246
motorbike 0.0104 204 206 224 235
motorbike 0.0080 472 207 499 264
motorbike 0.0075 209 209 226 244
motorbike 0.0052 196 215 243 247
motorbike 0.0040 485 205 499 253
motorbike 0.0032 201 225 226 247
motorbike 0.0031 192 206 214 235
motorbike 0.0028 212 207 225 232
motorbike 0.0028 204 173 221 194
motorbike 0.0016 189 231 206 246
motorbike 0.0011 491 206 499 230
motorbike 0.0010 210 227 234 246
bus 0.7276 249 71 419 257
bus 0.0233 342 129 386 172
bus 0.0154 407 130 422 222
bus 0.0130 317 109 390 214
bus 0.0101 63 83 347 252
bus 0.0067 185 94 314 250
bus 0.0045 214 95 271 247
bus 0.0033 248 117 414 209
bus 0.0025 328 129 364 168
bus 0.0020 423 178 441 188
bus 0.0018 411 146 425 208
bus 0.0011 424 176 445 194
bus 0.0010 226 164 262 246
train 0.0071 247 70 415 258
train 0.0063 63 83 347 252
boat 0.0018 471 207 499 264
boat 0.0010 246 67 418 256
bird 0.0088 74 190 79 199
bird 0.0048 191 237 202 246
bird 0.0020 191 237 211 246
bird 0.0010 191 229 221 246
horse 0.0025 204 173 221 195
horse 0.0011 193 209 222 245
bottle 0.0016 74 190 79 200
chair 0.0606 472 207 499 264
chair 0.0353 176 192 208 239
chair 0.0215 179 211 203 238
chair 0.0194 485 205 499 253
chair 0.0185 190 208 222 246
chair 0.0079 139 212 170 236
chair 0.0073 490 208 499 241
chair 0.0062 491 206 499 229
chair 0.0050 424 208 498 260
chair 0.0047 138 209 161 229
chair 0.0046 477 228 499 262
chair 0.0046 242 234 262 250
chair 0.0036 461 210 495 241
chair 0.0036 487 224 499 263
chair 0.0031 491 221 499 250
chair 0.0025 424 210 469 252
chair 0.0025 143 199 161 211
chair 0.0023 237 226 261 251
chair 0.0020 471 209 497 229
chair 0.0019 469 212 486 227
chair 0.0018 187 214 209 244
chair 0.0017 42 195 86 243
chair 0.0017 138 200 166 224
chair 0.0015 150 197 168 208
chair 0.0015 210 210 226 243
chair 0.0014 205 206 224 234
chair 0.0013 143 207 183 232
chair 0.0011 165 201 193 236
chair 0.0011 173 216 215 244
chair 0.0011 138 210 151 226
chair 0.0010 170 213 188 236
chair 0.0010 196 215 243 247
pottedplant 0.0183 471 211 499 265
pottedplant 0.0098 478 239 500 265
pottedplant 0.0030 490 244 499 266
diningtable 0.0229 139 200 171 231
diningtable 0.0229 41 195 87 243
diningtable 0.0121 140 212 172 236
diningtable 0.0087 426 209 496 257
diningtable 0.0085 141 199 162 211
diningtable 0.0060 469 207 499 262
diningtable 0.0056 176 211 207 239
diningtable 0.0052 142 203 185 225
diningtable 0.0049 149 199 165 210
diningtable 0.0045 141 194 170 213
diningtable 0.0034 171 191 205 237
diningtable 0.0029 148 199 196 231
diningtable 0.0027 153 198 175 211
diningtable 0.0027 138 204 160 224
diningtable 0.0025 152 211 191 236
diningtable 0.0025 144 190 172 205
diningtable 0.0022 45 193 83 213
diningtable 0.0014 461 210 495 241
diningtable 0.0014 159 198 171 210
diningtable 0.0012 464 211 490 228
diningtable 0.0012 491 206 499 229
diningtable 0.0011 485 205 499 253
diningtable 0.0011 184 213 218 245
diningtable 0.0010 138 213 158 234
