person 0.0150 7 113 345 479
person 0.0071 75 80 334 359
person 0.0029 4 217 258 461
person 0.0013 149 -5 389 479
person 0.0013 109 115 298 222
person 0.0011 289 362 374 500
bird 0.0036 101 116 311 311
bird 0.0014 114 117 294 215
cat 0.0143 101 116 311 311
cat 0.0072 114 117 294 215
cat 0.0053 59 41 337 444
cat 0.0017 4 1 374 185
cat 0.0013 61 81 333 222
cat 0.0011 2 143 263 461
dog 0.3562 2 84 339 456
dog 0.0639 100 114 312 315
dog 0.0113 109 115 298 221
dog 0.0095 4 217 258 461
dog 0.0065 4 1 374 185
dog 0.0049 56 70 339 231
dog 0.0017 127 367 248 454
dog 0.0014 1 52 155 462
dog 0.0013 51 291 316 479
cow 0.0010 7 113 345 479
chair 0.0139 289 360 374 500
chair 0.0117 7 112 348 480
chair 0.0026 0 3 365 207
chair 0.0017 75 80 334 359
sofa 0.0327 7 112 348 480
sofa 0.0151 4 1 372 184
sofa 0.0053 75 80 334 359
sofa 0.0027 56 70 339 231
sofa 0.0013 290 363 374 499
sofa 0.0012 109 115 298 222
sofa 0.0010 0 382 289 499
diningtable 0.0023 -2 368 373 500
diningtable 0.0020 290 362 374 499
diningtable 0.0015 42 34 355 458
diningtable 0.0012 83 84 325 353
