person 0.8429 274 152 440 372
person 0.8006 0 134 71 257
person 0.4401 112 124 164 175
person 0.4147 109 124 168 215
person 0.1654 0 185 80 307
person 0.1204 107 146 170 276
person 0.0653 203 118 289 269
person 0.0429 26 126 78 170
person 0.0288 283 154 402 251
person 0.0224 447 28 467 89
person 0.0222 364 242 451 296
person 0.0209 284 155 348 241
person 0.0204 316 174 411 234
person 0.0133 0 136 67 194
person 0.0103 447 54 466 88
person 0.0098 107 125 124 160
person 0.0086 121 124 149 160
person 0.0085 121 150 156 167
person 0.0082 353 196 406 225
person 0.0073 99 128 146 171
person 0.0065 330 228 397 260
person 0.0057 160 56 183 94
person 0.0054 173 58 199 100
person 0.0053 157 41 207 108
person 0.0050 281 172 425 292
person 0.0047 222 148 412 279
person 0.0046 40 184 65 200
person 0.0042 97 132 154 198
person 0.0039 124 135 180 175
person 0.0038 419 157 463 242
person 0.0037 444 1 473 89
person 0.0036 297 227 427 282
person 0.0035 0 185 47 248
person 0.0034 5 124 90 209
person 0.0033 342 232 393 276
person 0.0025 298 209 336 231
person 0.0024 346 127 409 208
person 0.0022 428 22 467 89
person 0.0020 272 225 380 369
person 0.0018 239 78 267 106
person 0.0018 180 63 196 82
person 0.0018 35 161 81 178
person 0.0016 292 169 370 269
person 0.0015 33 148 84 179
person 0.0014 338 189 384 218
person 0.0014 246 143 359 354
person 0.0014 72 145 105 170
person 0.0013 87 28 139 105
person 0.0013 219 145 314 249
person 0.0013 165 55 184 73
person 0.0012 345 213 451 313
person 0.0012 329 182 389 251
person 0.0012 275 149 331 206
person 0.0011 359 253 403 289
person 0.0011 460 7 500 278
person 0.0010 42 132 106 185
person 0.0010 6 138 145 268
person 0.0010 42 165 69 182
bicycle 0.0016 31 224 153 367
bicycle 0.0013 239 78 267 106
bicycle 0.0011 0 185 87 314
car 0.0015 418 156 462 244
boat 0.0022 418 156 462 244
bird 0.0015 233 79 269 108
dog 0.0014 238 82 266 107
horse 0.0026 238 80 265 106
bottle 0.0027 117 125 162 175
bottle 0.0021 128 151 147 166
bottle 0.0011 121 149 157 167
bottle 0.0011 172 161 181 171
bottle 0.0010 174 155 180 169
chair 0.9115 31 223 153 371
chair 0.8888 272 229 376 376
chair 0.8373 107 165 173 298
chair 0.8080 0 187 79 309
chair 0.1416 275 166 438 370
chair 0.1309 203 122 291 267
chair 0.0485 241 143 272 156
chair 0.0253 117 123 159 164
chair 0.0202 0 171 68 264
chair 0.0139 272 143 343 233
chair 0.0119 0 186 46 246
chair 0.0115 210 148 357 273
chair 0.0111 239 149 294 257
chair 0.0108 250 140 288 155
chair 0.0105 275 145 335 167
chair 0.0104 281 344 371 374
chair 0.0103 271 132 291 143
chair 0.0096 274 144 337 193
chair 0.0089 273 225 437 327
chair 0.0080 136 224 171 296
chair 0.0077 269 136 290 155
chair 0.0076 109 124 167 213
chair 0.0075 317 253 389 366
chair 0.0069 28 253 86 292
chair 0.0065 276 146 307 160
chair 0.0064 271 271 440 376
chair 0.0061 118 150 155 168
chair 0.0061 0 187 22 310
chair 0.0058 0 184 22 248
chair 0.0058 70 176 173 326
chair 0.0050 107 125 124 160
chair 0.0045 272 141 301 158
chair 0.0045 238 136 281 161
chair 0.0044 283 156 419 288
chair 0.0043 108 168 170 228
chair 0.0040 268 144 286 154
chair 0.0039 0 236 7 309
chair 0.0037 100 229 165 300
chair 0.0037 271 230 316 367
chair 0.0034 93 138 108 152
chair 0.0033 0 134 69 219
chair 0.0032 345 257 395 295
chair 0.0032 127 151 146 168
chair 0.0029 0 119 10 146
chair 0.0024 275 146 298 156
chair 0.0022 266 148 317 208
chair 0.0022 240 144 325 223
chair 0.0021 311 254 420 300
chair 0.0021 4 142 100 290
chair 0.0021 332 243 352 286
chair 0.0021 286 233 382 304
chair 0.0020 447 54 466 88
chair 0.0020 91 137 113 163
chair 0.0020 272 145 310 183
chair 0.0019 241 137 361 357
chair 0.0019 244 146 271 161
chair 0.0019 42 336 150 373
chair 0.0018 144 168 183 294
chair 0.0018 25 127 97 176
chair 0.0018 384 348 410 374
chair 0.0018 273 315 370 372
chair 0.0016 329 229 381 320
chair 0.0016 112 155 128 170
chair 0.0015 71 143 102 169
chair 0.0015 225 130 289 173
chair 0.0014 364 242 451 296
chair 0.0014 160 160 282 272
chair 0.0013 273 148 301 170
chair 0.0013 124 136 180 174
chair 0.0013 95 128 123 161
chair 0.0013 117 194 163 271
chair 0.0013 281 177 336 236
chair 0.0012 100 135 152 196
chair 0.0012 239 139 272 150
chair 0.0012 252 153 291 165
chair 0.0012 418 156 462 244
chair 0.0011 0 232 15 307
chair 0.0011 99 128 146 171
chair 0.0011 258 139 316 172
chair 0.0010 279 152 394 238
chair 0.0010 278 139 339 155
chair 0.0010 169 179 177 195
chair 0.0010 270 232 294 371
chair 0.0010 89 169 107 192
chair 0.0010 74 151 100 166
chair 0.0010 329 231 352 274
chair 0.0010 108 152 125 167
sofa 0.0802 203 122 291 267
sofa 0.0203 232 147 384 252
sofa 0.0082 219 145 314 249
sofa 0.0078 272 143 343 233
sofa 0.0036 242 150 293 243
sofa 0.0025 107 164 170 296
sofa 0.0021 418 156 462 244
sofa 0.0018 274 144 337 193
sofa 0.0018 31 214 153 371
sofa 0.0018 264 238 384 376
sofa 0.0017 270 143 329 171
sofa 0.0017 115 124 162 169
sofa 0.0016 274 159 442 373
sofa 0.0012 0 178 81 301
sofa 0.0012 259 148 309 219
sofa 0.0011 211 135 350 299
diningtable 0.0104 0 134 79 268
diningtable 0.0057 25 127 97 176
diningtable 0.0054 241 143 272 156
diningtable 0.0050 112 124 171 217
diningtable 0.0047 369 236 457 325
diningtable 0.0046 198 120 295 270
diningtable 0.0042 250 140 288 155
diningtable 0.0036 106 166 173 297
diningtable 0.0035 275 142 336 162
diningtable 0.0033 36 164 95 177
diningtable 0.0030 72 145 105 170
diningtable 0.0029 376 245 455 290
diningtable 0.0021 165 165 206 176
diningtable 0.0019 297 207 462 348
diningtable 0.0018 31 223 153 371
diningtable 0.0018 227 144 306 249
diningtable 0.0017 159 159 203 180
diningtable 0.0016 20 150 133 251
diningtable 0.0014 385 276 456 309
diningtable 0.0012 271 227 375 376
diningtable 0.0011 165 166 199 188
diningtable 0.0011 33 148 84 179
diningtable 0.0011 276 146 315 164
diningtable 0.0011 65 158 101 176
diningtable 0.0010 340 190 409 227
diningtable 0.0010 272 143 343 233
diningtable 0.0010 238 136 281 161
diningtable 0.0010 162 158 217 236
tvmonitor 0.8458 418 156 463 248
tvmonitor 0.6885 355 132 409 208
tvmonitor 0.6540 25 126 74 167
tvmonitor 0.0801 459 6 499 265
tvmonitor 0.0498 335 126 401 193
tvmonitor 0.0422 442 21 496 339
tvmonitor 0.0257 109 126 124 157
tvmonitor 0.0244 113 124 161 170
tvmonitor 0.0133 0 119 10 144
tvmonitor 0.0067 0 133 72 247
tvmonitor 0.0065 5 124 90 209
tvmonitor 0.0064 34 127 104 172
tvmonitor 0.0053 105 124 136 164
tvmonitor 0.0047 452 123 500 381
tvmonitor 0.0043 329 134 423 226
tvmonitor 0.0039 72 144 107 168
tvmonitor 0.0029 316 174 411 234
tvmonitor 0.0028 74 151 100 166
tvmonitor 0.0028 377 246 455 288
tvmonitor 0.0022 440 140 490 221
tvmonitor 0.0018 416 140 486 303
tvmonitor 0.0017 153 147 181 166
tvmonitor 0.0016 95 128 123 161
tvmonitor 0.0016 386 150 479 261
tvmonitor 0.0014 279 152 394 238
tvmonitor 0.0014 90 138 111 164
tvmonitor 0.0011 93 138 108 152
tvmonitor 0.0010 178 123 205 170
