person 0.2055 211 97 283 242
person 0.0018 38 10 379 297
person 0.0013 0 151 10 204
person 0.0012 199 104 221 158
person 0.0010 0 168 10 259
person 0.0010 193 106 229 184
aeroplane 0.0011 211 97 283 242
bird 0.3347 211 99 282 243
bird 0.0020 402 64 410 73
bird 0.0016 419 71 429 94
bird 0.0015 411 64 430 94
bird 0.0012 197 93 253 168
cat 0.0675 212 100 282 243
dog 0.1420 212 100 282 243
horse 0.0350 211 97 283 242
sheep 0.0145 211 97 282 243
cow 0.0164 211 99 282 243
tvmonitor 0.0018 53 14 492 291
