person 0.7955 183 72 244 255
person 0.0200 139 87 244 225
person 0.0067 185 69 235 170
person 0.0039 202 111 349 191
person 0.0035 178 94 351 232
person 0.0028 200 68 230 144
person 0.0025 121 120 193 195
person 0.0024 230 135 287 185
person 0.0020 22 102 84 169
person 0.0019 220 126 309 192
person 0.0019 173 72 267 178
person 0.0018 188 129 268 257
person 0.0016 182 83 214 200
person 0.0011 0 104 83 227
person 0.0010 234 136 264 179
bird 0.0230 121 120 193 194
bird 0.0154 194 69 232 154
bird 0.0146 77 40 93 80
bird 0.0075 22 101 84 150
bird 0.0033 79 41 92 62
bird 0.0023 142 82 248 231
bird 0.0016 72 39 103 88
bird 0.0016 239 114 349 187
bird 0.0016 206 70 227 82
bird 0.0014 408 83 491 185
bird 0.0013 475 85 500 154
bird 0.0013 205 71 228 96
bird 0.0013 443 153 500 239
bird 0.0012 35 103 86 186
bird 0.0010 200 70 230 115
cat 0.0012 121 120 193 194
dog 0.0147 240 115 350 187
dog 0.0052 121 120 193 194
dog 0.0051 22 101 84 149
dog 0.0034 185 72 245 256
dog 0.0020 270 140 347 186
dog 0.0020 235 138 265 180
dog 0.0015 442 152 500 239
horse 0.0134 240 115 350 187
horse 0.0069 183 72 244 255
horse 0.0022 235 138 265 180
horse 0.0021 271 140 347 186
horse 0.0018 121 120 193 195
horse 0.0016 24 102 83 143
horse 0.0014 474 86 500 154
sheep 0.8373 443 153 500 239
sheep 0.6730 410 83 492 185
sheep 0.5588 240 115 350 186
sheep 0.4835 476 86 499 154
sheep 0.2751 121 120 193 194
sheep 0.1350 270 138 351 187
sheep 0.0860 429 128 488 191
sheep 0.0854 22 101 84 149
sheep 0.0421 185 72 245 256
sheep 0.0305 236 138 271 189
sheep 0.0231 457 84 499 162
sheep 0.0164 139 87 244 225
sheep 0.0128 11 101 86 185
sheep 0.0119 490 85 500 100
sheep 0.0100 220 126 309 192
sheep 0.0080 178 94 351 232
sheep 0.0070 484 84 500 107
sheep 0.0061 75 40 95 86
sheep 0.0049 419 81 487 144
sheep 0.0040 480 78 500 123
sheep 0.0038 469 101 500 179
sheep 0.0038 451 141 500 208
sheep 0.0032 49 191 120 249
sheep 0.0027 271 118 353 163
sheep 0.0025 439 130 488 165
sheep 0.0025 3 100 70 139
sheep 0.0021 297 142 343 183
sheep 0.0020 479 112 500 163
sheep 0.0019 243 143 329 185
sheep 0.0019 187 101 357 170
sheep 0.0019 235 136 260 170
sheep 0.0018 41 114 84 192
sheep 0.0018 79 40 93 66
sheep 0.0018 477 97 499 132
sheep 0.0016 120 121 203 247
sheep 0.0014 474 127 499 156
sheep 0.0014 222 131 284 176
sheep 0.0014 473 82 499 109
sheep 0.0014 281 145 327 183
sheep 0.0013 185 72 227 182
sheep 0.0013 458 131 494 159
sheep 0.0012 23 100 76 126
sheep 0.0012 218 113 271 251
sheep 0.0011 433 143 473 195
sheep 0.0011 492 78 499 98
sheep 0.0011 472 152 500 234
cow 0.0336 240 114 349 186
cow 0.0157 22 101 84 151
cow 0.0073 271 143 348 185
cow 0.0064 122 120 192 194
cow 0.0048 474 86 500 154
cow 0.0048 185 72 245 256
cow 0.0039 443 152 499 239
cow 0.0036 12 100 85 185
cow 0.0032 235 138 265 180
cow 0.0029 408 83 491 185
cow 0.0010 230 135 287 185
