person 0.0031 479 155 499 173
person 0.0011 0 65 22 160
person 0.0010 0 1 120 136
car 0.0037 92 185 150 218
bird 0.0013 346 176 364 193
bottle 0.2199 113 107 145 175
bottle 0.1056 119 52 138 110
bottle 0.0510 0 174 13 213
bottle 0.0306 53 189 89 232
bottle 0.0262 0 186 44 239
bottle 0.0131 24 230 75 288
bottle 0.0121 0 51 30 161
bottle 0.0056 117 46 133 102
bottle 0.0053 361 101 396 179
bottle 0.0013 25 237 54 284
bottle 0.0012 0 181 15 235
chair 0.0033 0 1 120 137
chair 0.0032 0 245 58 370
chair 0.0016 0 53 34 160
diningtable 0.0172 0 246 55 370
diningtable 0.0037 2 72 124 287
diningtable 0.0026 24 233 72 291
diningtable 0.0021 -2 112 78 256
diningtable 0.0017 3 189 88 368
diningtable 0.0016 0 183 47 239
diningtable 0.0014 83 296 424 367
diningtable 0.0012 27 160 62 187
diningtable 0.0010 422 121 500 209
tvmonitor 0.8515 135 11 351 183
tvmonitor 0.1794 0 1 124 136
tvmonitor 0.0375 0 52 32 160
tvmonitor 0.0065 422 231 499 306
tvmonitor 0.0037 422 121 500 210
tvmonitor 0.0025 71 8 361 268
tvmonitor 0.0016 361 99 396 177
tvmonitor 0.0013 456 236 498 265
tvmonitor 0.0012 399 238 498 371
