person 0.0609 159 176 177 208
person 0.0220 212 179 231 205
person 0.0177 159 175 193 209
person 0.0123 100 124 410 291
person 0.0113 213 181 245 211
person 0.0062 151 179 171 208
person 0.0061 229 180 248 210
person 0.0052 191 153 201 169
person 0.0045 186 196 200 222
person 0.0042 203 178 226 208
person 0.0039 158 165 174 172
person 0.0030 159 177 174 193
person 0.0026 185 202 201 236
person 0.0025 208 160 216 168
person 0.0025 151 218 165 225
person 0.0023 147 179 163 208
person 0.0022 155 171 171 199
person 0.0020 153 185 182 213
person 0.0020 153 163 171 172
person 0.0019 151 159 166 171
person 0.0017 218 163 246 205
person 0.0015 212 193 231 210
person 0.0012 350 223 358 232
person 0.0012 236 184 253 212
person 0.0011 207 166 232 205
person 0.0011 226 158 239 170
person 0.0011 368 52 372 56
person 0.0010 152 156 173 175
person 0.0010 162 218 178 225
person 0.0010 230 192 251 212
aeroplane 0.0064 368 51 372 56
boat 0.5896 115 30 406 287
boat 0.0260 103 173 410 287
boat 0.0068 402 191 412 196
boat 0.0057 402 183 413 195
boat 0.0043 299 167 338 181
boat 0.0039 368 51 372 56
boat 0.0034 396 180 414 195
boat 0.0015 98 235 405 286
boat 0.0011 240 129 260 137
bird 0.3345 86 81 91 85
bird 0.2455 368 51 372 56
bird 0.0322 84 81 92 86
bird 0.0180 400 191 412 196
bird 0.0087 368 53 372 59
bird 0.0082 400 211 409 218
bird 0.0077 380 164 386 169
bird 0.0060 369 51 374 56
bird 0.0058 53 126 63 130
bird 0.0058 403 184 413 194
bird 0.0036 144 141 155 146
bird 0.0027 440 174 446 178
bird 0.0021 74 216 82 222
bird 0.0020 424 164 432 167
bird 0.0020 86 81 97 85
bird 0.0016 57 127 74 132
bird 0.0016 65 129 77 133
bird 0.0015 382 165 390 168
bird 0.0015 435 136 441 143
bird 0.0015 338 118 345 121
bird 0.0013 157 162 172 171
bird 0.0013 84 130 95 134
bird 0.0013 334 118 343 122
bird 0.0013 418 164 426 167
bird 0.0013 87 145 94 150
bird 0.0012 0 285 11 306
bird 0.0012 378 164 384 168
bird 0.0012 69 165 82 171
bird 0.0012 396 192 411 201
bird 0.0011 79 129 92 133
bird 0.0011 396 180 414 195
bird 0.0011 69 129 83 133
bird 0.0011 92 130 102 134
bird 0.0011 392 192 407 197
bird 0.0011 156 174 184 205
bird 0.0011 402 190 412 198
bird 0.0010 367 50 374 56
