person 0.0023 120 0 295 68
person 0.0010 8 1 77 33
aeroplane 0.0013 120 0 296 67
bus 0.0013 120 0 296 67
boat 0.0015 120 0 295 68
bird 0.0012 255 137 339 261
cat 0.0031 255 139 338 260
cat 0.0023 89 116 274 249
dog 0.7394 94 113 279 249
dog 0.3965 255 138 339 261
dog 0.0017 187 118 337 263
horse 0.0028 255 137 338 261
horse 0.0011 90 112 320 250
sheep 0.4446 256 138 339 260
sheep 0.3602 89 113 321 250
sheep 0.0024 187 118 337 263
cow 0.0065 255 137 338 261
cow 0.0018 90 112 320 250
bottle 0.0011 379 52 425 77
diningtable 0.0018 121 0 297 69
tvmonitor 0.0015 120 0 296 67
