person 0.9189 200 36 355 293
person 0.0034 159 56 457 289
person 0.0033 395 255 407 276
person 0.0025 390 248 408 275
person 0.0018 0 225 50 284
person 0.0016 371 235 440 278
person 0.0011 168 145 266 278
bicycle 0.0010 27 231 483 328
car 0.0012 0 225 49 284
aeroplane 0.0017 27 231 483 328
aeroplane 0.0014 98 151 479 308
boat 0.0758 27 231 483 328
boat 0.0321 179 221 474 307
boat 0.0069 98 151 479 308
boat 0.0019 429 229 467 278
boat 0.0012 171 128 397 292
boat 0.0012 158 266 460 317
boat 0.0010 0 225 50 284
bird 0.0034 433 0 452 18
cat 0.0018 0 225 49 284
sheep 0.0021 162 157 262 276
bottle 0.0025 199 119 219 150
bottle 0.0012 0 225 49 284
chair 0.0341 163 146 265 305
chair 0.0061 166 190 254 260
chair 0.0058 134 216 250 308
chair 0.0030 33 212 428 312
chair 0.0030 173 155 262 236
chair 0.0029 93 230 323 307
chair 0.0027 170 214 235 245
chair 0.0011 177 186 242 234
pottedplant 0.0014 0 224 50 284
diningtable 0.0016 0 225 50 284
diningtable 0.0011 8 231 463 330
