person 0.6909 129 37 496 365
person 0.0287 211 163 500 372
person 0.0105 216 82 493 290
person 0.0032 238 205 377 330
person 0.0017 62 28 325 368
person 0.0016 117 253 493 372
person 0.0015 265 169 354 292
person 0.0015 344 87 500 365
person 0.0010 276 135 388 320
bicycle 0.3656 83 234 339 372
bicycle 0.0603 34 187 447 376
bicycle 0.0228 79 240 184 348
bicycle 0.0216 110 296 333 373
bicycle 0.0072 77 287 499 372
bicycle 0.0049 108 236 177 306
bicycle 0.0034 91 236 240 332
bicycle 0.0012 172 279 266 368
car 0.0012 75 41 504 371
motorbike 0.1024 87 183 494 372
motorbike 0.0262 165 39 502 375
motorbike 0.0193 276 128 498 368
motorbike 0.0082 84 234 338 373
motorbike 0.0068 77 287 499 372
motorbike 0.0030 167 280 335 372
motorbike 0.0012 40 56 396 374
dog 0.0033 165 39 502 375
bottle 0.0010 111 235 184 304
