person 0.0270 208 73 249 113
person 0.0035 84 96 131 158
person 0.0025 8 277 115 343
person 0.0016 126 162 164 204
person 0.0011 101 216 176 257
aeroplane 0.0036 208 74 249 113
aeroplane 0.0023 100 216 176 256
bird 0.8918 8 277 114 343
bird 0.8428 101 216 176 257
bird 0.7035 208 73 249 113
bird 0.6217 126 163 164 204
bird 0.3279 85 97 132 158
bird 0.0540 127 163 164 183
bird 0.0094 111 163 170 239
bird 0.0048 90 162 164 207
bird 0.0044 217 73 248 94
bird 0.0043 93 204 184 280
bird 0.0040 93 157 181 263
bird 0.0031 211 99 246 113
bird 0.0029 27 141 279 348
bird 0.0029 99 213 175 238
bird 0.0027 7 293 96 332
bird 0.0025 110 95 132 126
bird 0.0019 229 107 237 113
bird 0.0019 73 125 217 299
bird 0.0017 101 194 172 245
bird 0.0014 204 76 235 109
bird 0.0012 12 305 113 352
bird 0.0012 231 108 238 114
bird 0.0010 205 93 232 113
bird 0.0010 84 136 186 214
cat 0.0077 208 74 249 113
cat 0.0029 84 96 131 158
cat 0.0012 8 277 115 343
cat 0.0011 102 217 175 257
dog 0.0195 208 73 249 113
dog 0.0081 85 97 132 158
dog 0.0026 8 277 115 343
dog 0.0019 102 217 175 257
dog 0.0018 126 162 164 204
horse 0.0012 208 73 249 113
sheep 0.0026 208 73 249 113
sheep 0.0016 84 96 131 158
sheep 0.0011 8 277 115 343
cow 0.0020 208 73 249 113
cow 0.0019 84 96 131 158
cow 0.0010 8 277 115 343
diningtable 0.0013 7 221 295 397
