person 0.7875 24 13 208 303
person 0.0016 3 279 274 387
person 0.0013 194 120 240 212
person 0.0010 156 216 207 333
bottle 0.0077 0 237 42 349
bottle 0.0015 150 99 164 125
chair 0.0338 200 144 239 255
chair 0.0218 201 159 237 210
chair 0.0207 213 125 287 257
chair 0.0199 192 123 239 210
chair 0.0065 158 130 239 221
chair 0.0041 213 120 287 172
chair 0.0040 8 167 269 365
chair 0.0019 24 9 209 327
chair 0.0018 192 111 270 218
chair 0.0016 195 130 219 164
chair 0.0015 176 117 227 168
chair 0.0014 208 209 228 256
chair 0.0013 214 160 287 350
chair 0.0012 200 112 227 183
chair 0.0011 95 50 259 310
chair 0.0010 170 102 230 191
chair 0.0010 207 114 223 159
sofa 0.0109 212 120 287 254
sofa 0.0037 14 185 272 352
pottedplant 0.0036 213 111 288 237
pottedplant 0.0018 213 118 286 172
diningtable 0.4660 4 251 273 383
diningtable 0.2043 99 311 146 349
diningtable 0.0151 101 213 246 381
diningtable 0.0145 217 159 288 265
diningtable 0.0132 22 196 275 339
diningtable 0.0077 155 214 207 337
diningtable 0.0053 0 347 75 382
diningtable 0.0034 12 272 190 364
diningtable 0.0033 78 310 109 349
diningtable 0.0031 8 306 233 380
diningtable 0.0028 210 112 288 235
diningtable 0.0025 24 74 266 364
diningtable 0.0024 201 149 240 254
diningtable 0.0019 0 310 79 382
diningtable 0.0018 0 261 42 352
diningtable 0.0016 45 345 82 384
diningtable 0.0015 203 160 239 209
diningtable 0.0014 48 271 175 312
diningtable 0.0012 192 123 239 210
diningtable 0.0011 137 243 254 355
diningtable 0.0011 58 294 124 355
tvmonitor 0.0013 164 1 260 127
