person 0.7218 215 143 283 267
person 0.0508 293 155 322 183
person 0.0361 0 264 27 309
person 0.0343 210 160 256 217
person 0.0180 235 149 282 234
person 0.0165 97 130 499 306
person 0.0101 169 136 345 245
person 0.0078 188 152 260 242
person 0.0071 100 119 123 142
person 0.0069 259 160 356 200
person 0.0061 280 159 323 190
person 0.0053 218 109 232 130
person 0.0051 443 133 465 144
person 0.0041 0 263 40 326
person 0.0039 211 165 241 209
person 0.0038 460 136 469 145
person 0.0035 344 124 351 136
person 0.0034 228 138 320 233
person 0.0027 480 132 498 162
person 0.0025 105 121 134 142
person 0.0024 415 132 468 145
person 0.0021 492 138 499 151
person 0.0017 214 149 279 207
person 0.0016 296 152 343 185
person 0.0016 192 105 429 219
person 0.0015 321 119 334 136
person 0.0013 341 121 355 137
person 0.0012 282 148 311 180
person 0.0012 340 122 389 140
person 0.0011 222 173 260 223
person 0.0011 210 185 236 221
person 0.0011 143 148 213 231
person 0.0011 442 132 452 141
person 0.0010 140 160 177 225
bicycle 0.0117 102 121 134 142
bicycle 0.0088 117 122 134 142
bicycle 0.0027 109 119 158 143
bicycle 0.0019 100 118 122 139
car 0.3602 150 134 495 312
car 0.3033 349 120 398 141
car 0.1507 443 134 469 144
car 0.1241 412 131 468 144
car 0.1018 459 135 470 144
car 0.0747 142 163 178 224
car 0.0455 443 133 458 143
car 0.0352 417 132 449 143
car 0.0215 218 109 232 132
car 0.0147 345 123 379 138
car 0.0131 374 123 397 140
car 0.0108 143 152 211 237
car 0.0083 425 132 442 140
car 0.0072 217 141 284 269
car 0.0067 351 123 370 135
car 0.0067 291 126 315 135
car 0.0066 215 115 241 132
car 0.0065 100 120 122 142
car 0.0062 434 132 457 142
car 0.0060 0 263 26 304
car 0.0058 0 116 132 193
car 0.0050 105 121 134 142
car 0.0048 293 157 323 182
car 0.0046 208 108 242 135
car 0.0045 356 125 460 146
car 0.0041 222 121 242 131
car 0.0037 442 132 452 141
car 0.0036 122 121 160 137
car 0.0032 492 138 499 151
car 0.0030 480 132 498 161
car 0.0029 259 120 435 144
car 0.0028 210 160 256 217
car 0.0026 169 136 345 245
car 0.0026 345 125 352 136
car 0.0026 382 124 402 142
car 0.0025 412 132 435 143
car 0.0025 381 123 397 135
car 0.0024 -1 116 275 232
car 0.0024 460 136 475 146
car 0.0024 491 139 499 160
car 0.0024 133 120 159 133
car 0.0021 227 122 250 132
car 0.0021 319 124 336 135
car 0.0021 205 109 228 137
car 0.0019 366 119 410 145
car 0.0018 119 121 137 140
car 0.0017 155 181 171 228
car 0.0015 408 131 443 145
car 0.0015 430 131 449 140
car 0.0015 281 125 322 136
car 0.0014 221 107 230 126
car 0.0014 188 152 260 242
car 0.0014 291 125 337 137
car 0.0014 141 140 195 215
car 0.0014 428 130 496 152
car 0.0013 470 126 498 155
car 0.0013 358 119 384 139
car 0.0013 98 103 121 131
car 0.0012 259 160 356 200
car 0.0012 109 119 158 143
car 0.0011 340 123 359 137
car 0.0011 211 165 241 209
car 0.0011 33 94 486 241
car 0.0011 0 263 36 326
car 0.0011 209 116 234 136
car 0.0011 220 119 256 135
car 0.0010 383 123 420 145
car 0.0010 344 100 400 144
motorbike 0.0022 0 263 26 310
motorbike 0.0016 100 120 123 142
motorbike 0.0010 0 116 136 193
aeroplane 0.0260 0 116 135 195
aeroplane 0.0013 1 111 138 287
bus 0.0018 412 131 468 144
bus 0.0017 0 116 132 193
bus 0.0017 102 131 492 312
boat 0.0296 0 116 135 193
boat 0.0028 96 118 134 143
boat 0.0026 0 263 26 310
boat 0.0014 0 111 208 210
boat 0.0011 59 115 133 159
bird 0.0032 0 264 27 309
dog 0.0085 210 160 255 218
dog 0.0080 213 143 281 227
dog 0.0019 0 263 26 310
dog 0.0014 213 165 247 200
bottle 0.0034 0 263 26 309
chair 0.0271 119 123 134 141
chair 0.0205 0 116 135 195
chair 0.0204 105 121 134 142
chair 0.0107 100 120 122 142
chair 0.0084 109 119 158 143
chair 0.0054 115 119 135 138
chair 0.0043 92 108 127 139
chair 0.0039 122 121 160 137
chair 0.0035 118 117 141 143
chair 0.0017 0 264 27 309
chair 0.0015 98 103 121 127
chair 0.0014 59 115 133 159
chair 0.0010 77 101 105 122
pottedplant 0.0054 0 264 27 309
diningtable 0.0028 0 116 135 193
diningtable 0.0025 119 123 134 141
tvmonitor 0.0037 0 116 132 192
