person 0.0111 0 0 128 122
person 0.0047 224 0 340 91
person 0.0023 165 0 219 93
person 0.0018 176 -1 255 93
person 0.0017 96 0 240 102
person 0.0015 301 0 338 41
person 0.0015 0 84 16 144
person 0.0012 6 0 277 114
person 0.0012 151 -1 208 121
person 0.0012 330 2 372 35
person 0.0012 0 -2 163 206
person 0.0010 0 24 15 144
bicycle 0.4005 340 102 452 268
bicycle 0.0204 366 106 450 213
bicycle 0.0173 153 129 296 325
bicycle 0.0132 233 30 466 279
bicycle 0.0084 3 0 284 310
bicycle 0.0071 391 107 440 125
bicycle 0.0058 357 86 493 223
bicycle 0.0050 141 40 375 306
bicycle 0.0038 242 0 340 88
bicycle 0.0030 2 -1 155 151
bicycle 0.0012 86 3 291 227
car 0.0023 336 5 361 33
car 0.0013 336 0 377 29
motorbike 0.0117 340 99 458 268
bird 0.0269 99 16 283 302
bird 0.0070 144 111 284 260
bird 0.0013 0 -1 132 117
cat 0.0011 140 120 284 273
dog 0.0029 340 99 458 268
chair 0.4332 96 14 284 292
chair 0.1113 153 195 289 329
chair 0.0647 339 100 451 269
chair 0.0191 139 98 284 267
chair 0.0066 337 4 363 32
chair 0.0046 55 5 416 306
chair 0.0042 0 84 16 144
chair 0.0034 452 212 499 296
chair 0.0019 335 0 379 33
chair 0.0015 1 0 138 118
chair 0.0011 1 0 288 167
chair 0.0011 0 79 16 196
chair 0.0010 178 170 268 272
sofa 0.0010 452 212 499 296
pottedplant 0.1279 184 40 455 274
pottedplant 0.0197 228 0 339 90
pottedplant 0.0148 203 10 364 137
pottedplant 0.0129 337 4 362 32
pottedplant 0.0116 0 4 285 326
pottedplant 0.0098 0 -1 124 238
pottedplant 0.0066 153 116 348 303
pottedplant 0.0054 340 99 458 268
pottedplant 0.0045 335 0 379 33
pottedplant 0.0039 245 4 410 92
pottedplant 0.0039 0 92 68 213
pottedplant 0.0039 193 54 329 139
pottedplant 0.0038 244 167 342 252
pottedplant 0.0038 197 18 437 180
pottedplant 0.0034 328 1 432 94
pottedplant 0.0019 290 0 383 68
pottedplant 0.0018 0 80 22 212
pottedplant 0.0015 236 36 397 157
pottedplant 0.0014 297 1 338 65
pottedplant 0.0014 1 0 136 117
pottedplant 0.0012 2 55 173 288
pottedplant 0.0012 331 1 391 71
pottedplant 0.0011 110 9 284 211
pottedplant 0.0010 231 125 372 269
pottedplant 0.0010 1 0 288 167
diningtable 0.0017 153 129 296 325
diningtable 0.0011 452 212 499 296
