person 0.0049 482 207 499 220
person 0.0027 490 210 500 221
person 0.0016 423 196 499 257
person 0.0013 376 168 383 172
person 0.0013 366 167 383 172
person 0.0012 469 168 477 182
person 0.0010 361 167 371 171
person 0.0010 478 199 500 222
car 0.9181 423 196 499 257
car 0.0130 371 168 384 172
car 0.0024 365 167 384 173
car 0.0021 482 207 499 220
car 0.0020 376 167 383 173
car 0.0018 361 167 371 171
car 0.0016 355 166 364 171
car 0.0015 374 166 383 171
car 0.0013 332 163 347 173
car 0.0010 330 161 342 169
car 0.0010 426 209 465 227
car 0.0010 348 166 361 171
car 0.0010 478 199 500 222
motorbike 0.0013 424 196 500 258
aeroplane 0.0016 0 38 329 204
bus 0.0010 0 38 329 204
train 0.9037 -1 44 328 203
train 0.0026 110 93 351 197
train 0.0018 244 134 326 173
train 0.0011 276 138 328 171
train 0.0010 1 21 180 200
