person 0.8526 2 86 299 496
person 0.0059 210 124 297 481
person 0.0045 0 154 70 461
person 0.0039 0 307 94 501
person 0.0034 0 101 142 482
person 0.0026 0 312 26 396
person 0.0010 0 224 54 391
bicycle 0.0011 249 331 292 457
car 0.0061 9 86 312 496
car 0.0024 -14 283 317 496
car 0.0011 0 303 102 500
bus 0.0016 9 86 312 496
train 0.0017 10 88 311 494
boat 0.0026 2 88 298 497
boat 0.0011 -12 319 326 499
bottle 0.0071 245 376 287 458
chair 0.0400 0 303 105 499
chair 0.0061 246 369 289 459
chair 0.0055 256 356 332 459
chair 0.0019 250 403 330 461
chair 0.0013 265 206 331 469
chair 0.0010 10 88 311 494
sofa 0.0377 0 303 105 499
sofa 0.0039 254 365 332 461
sofa 0.0017 246 369 289 459
sofa 0.0014 9 86 312 496
diningtable 0.0014 229 88 332 351
