person 0.0253 8 12 417 365
person 0.0068 362 5 497 357
person 0.0018 106 12 434 233
person 0.0014 -1 8 171 367
person 0.0011 135 0 397 85
car 0.0010 8 12 417 365
cat 0.1520 5 12 417 369
cat 0.0039 361 7 498 354
cat 0.0028 106 12 434 233
cat 0.0027 188 6 469 356
cat 0.0021 -1 8 171 367
dog 0.4389 5 12 417 369
dog 0.0034 127 98 400 304
dog 0.0030 188 6 469 356
dog 0.0022 350 6 495 356
dog 0.0020 106 12 434 233
horse 0.0020 5 10 418 368
sheep 0.0010 5 12 417 369
cow 0.0092 5 12 417 369
chair 0.0070 8 12 417 365
chair 0.0027 363 9 499 360
sofa 0.0551 8 13 418 366
sofa 0.0064 362 5 497 357
diningtable 0.0030 8 13 418 366
diningtable 0.0017 363 8 499 359
tvmonitor 0.0015 362 5 497 357
