person 0.6368 219 178 242 199
person 0.1341 212 174 248 207
person 0.0657 185 170 221 195
person 0.0304 3 134 405 282
person 0.0156 232 176 255 201
person 0.0112 201 169 220 191
person 0.0053 0 247 10 269
person 0.0051 196 179 219 197
person 0.0048 214 177 240 224
person 0.0047 218 173 238 193
person 0.0033 241 181 256 200
person 0.0033 115 161 395 267
person 0.0031 204 180 223 198
person 0.0029 101 192 119 224
person 0.0024 236 209 254 227
person 0.0023 261 213 278 226
person 0.0023 225 174 240 191
person 0.0022 293 190 312 214
person 0.0022 183 180 215 193
person 0.0018 213 182 236 205
person 0.0014 233 176 245 190
person 0.0014 227 180 254 223
person 0.0013 210 187 222 199
person 0.0013 215 187 238 213
person 0.0013 153 159 241 200
person 0.0012 228 180 247 205
person 0.0012 208 170 234 193
person 0.0011 244 177 290 206
person 0.0011 200 185 219 198
person 0.0010 263 204 288 232
person 0.0010 295 199 310 216
car 0.0014 0 247 10 269
motorbike 0.0017 -24 118 492 297
aeroplane 0.4870 92 170 472 290
aeroplane 0.3640 -24 118 492 297
aeroplane 0.0704 212 174 248 207
aeroplane 0.0511 217 178 242 200
aeroplane 0.0150 183 174 236 196
aeroplane 0.0040 -1 140 124 228
aeroplane 0.0035 54 138 345 270
aeroplane 0.0022 31 2 489 275
bus 0.0030 -24 118 492 297
train 0.0016 -24 118 492 297
train 0.0012 0 248 10 269
boat 0.0014 -24 118 492 297
boat 0.0010 0 247 10 269
bird 0.0029 444 290 448 296
chair 0.0039 0 248 10 269
