person 0.0017 173 55 445 288
person 0.0014 46 59 343 303
motorbike 0.0010 46 59 343 303
bird 0.0071 24 25 115 145
bird 0.0030 0 89 10 105
bird 0.0026 23 22 302 277
cat 0.0018 232 49 458 290
cat 0.0015 28 37 337 301
dog 0.6345 172 54 445 288
dog 0.5975 24 39 338 293
dog 0.0311 309 47 461 288
dog 0.0171 24 25 114 152
dog 0.0092 369 75 437 260
dog 0.0025 0 89 10 105
dog 0.0019 348 70 465 184
dog 0.0015 172 143 338 305
dog 0.0010 329 47 477 149
dog 0.0010 25 23 187 165
horse 0.0399 24 39 338 293
horse 0.0034 169 62 430 291
sheep 0.0351 24 40 337 292
sheep 0.0036 0 89 9 104
sheep 0.0016 166 64 421 302
cow 0.1353 24 39 338 293
cow 0.0146 169 63 431 293
bottle 0.0050 370 69 436 265
bottle 0.0010 325 48 456 288
