person 0.1161 146 242 263 318
person 0.0697 205 288 230 314
person 0.0439 237 273 262 288
person 0.0274 128 256 385 369
person 0.0237 404 256 410 264
person 0.0176 231 277 244 289
person 0.0174 292 255 303 261
person 0.0165 79 256 100 273
person 0.0159 239 274 265 297
person 0.0140 401 279 410 292
person 0.0129 40 256 53 269
person 0.0100 423 234 433 241
person 0.0097 149 260 219 324
person 0.0095 172 285 204 312
person 0.0089 77 251 104 299
person 0.0077 5 253 18 269
person 0.0077 10 253 33 271
person 0.0075 247 277 263 288
person 0.0073 228 274 264 307
person 0.0072 5 230 88 326
person 0.0065 390 280 399 291
person 0.0059 344 254 360 269
person 0.0058 21 243 84 298
person 0.0057 358 253 366 262
person 0.0055 34 249 54 268
person 0.0053 43 255 60 268
person 0.0052 38 244 51 251
person 0.0052 427 234 436 242
person 0.0051 422 235 428 240
person 0.0051 128 263 147 293
person 0.0049 213 279 246 310
person 0.0049 15 256 33 268
person 0.0043 170 294 189 314
person 0.0043 20 256 65 272
person 0.0040 138 284 158 319
person 0.0039 161 270 352 315
person 0.0038 5 242 28 269
person 0.0037 400 257 408 265
person 0.0035 425 250 435 259
person 0.0033 354 253 366 266
person 0.0031 0 253 5 300
person 0.0031 4 254 12 272
person 0.0030 38 253 77 273
person 0.0030 358 234 371 243
person 0.0029 25 260 41 271
person 0.0029 80 260 102 286
person 0.0028 121 270 144 296
person 0.0028 1 251 10 271
person 0.0027 377 250 384 260
person 0.0027 35 244 46 253
person 0.0026 188 291 219 314
person 0.0026 375 219 380 226
person 0.0026 303 236 316 262
person 0.0024 189 291 250 333
person 0.0024 0 249 4 267
person 0.0024 137 286 150 318
person 0.0024 97 257 113 270
person 0.0024 364 235 373 246
person 0.0024 392 235 397 240
person 0.0023 291 279 326 309
person 0.0023 324 340 388 374
person 0.0022 35 258 50 270
person 0.0021 242 289 276 315
person 0.0021 42 245 54 251
person 0.0021 128 342 195 374
person 0.0020 133 268 147 309
person 0.0020 38 248 65 269
person 0.0020 431 244 437 251
person 0.0019 432 249 440 256
person 0.0018 0 272 4 308
person 0.0018 381 279 387 290
person 0.0017 4 242 17 266
person 0.0017 0 270 3 296
person 0.0017 292 250 308 262
person 0.0017 38 246 95 316
person 0.0016 161 249 172 266
person 0.0016 2 265 36 354
person 0.0016 351 284 434 319
person 0.0016 225 269 263 287
person 0.0015 303 295 328 312
person 0.0015 88 256 124 302
person 0.0015 0 256 5 280
person 0.0014 7 236 38 272
person 0.0013 229 276 249 301
person 0.0013 4 248 12 264
person 0.0013 183 292 208 313
person 0.0013 110 250 145 288
person 0.0012 46 248 87 271
person 0.0012 425 240 431 247
person 0.0012 157 279 202 318
person 0.0011 409 281 428 298
person 0.0011 60 246 99 301
person 0.0011 331 240 337 246
person 0.0010 358 235 372 249
person 0.0010 405 255 409 261
person 0.0010 251 272 266 289
person 0.0010 9 248 36 283
person 0.0010 1 267 18 352
person 0.0010 141 235 239 294
bicycle 0.0071 138 284 158 319
bicycle 0.0040 118 271 138 296
bicycle 0.0027 131 288 158 331
bicycle 0.0010 137 286 150 318
car 0.9037 122 258 391 373
car 0.8333 1 267 36 358
car 0.7990 139 237 266 314
car 0.6341 84 256 125 303
car 0.6220 78 256 107 306
car 0.6211 4 235 92 331
car 0.4266 115 269 142 296
car 0.3757 104 263 134 298
car 0.2880 110 254 145 294
car 0.1753 127 265 146 294
car 0.1188 109 252 138 276
car 0.0934 110 250 135 267
car 0.0834 138 284 158 319
car 0.0557 358 253 366 262
car 0.0487 354 253 366 266
car 0.0461 147 234 263 274
car 0.0454 81 245 98 254
car 0.0448 344 254 360 270
car 0.0397 344 240 350 247
car 0.0384 87 269 104 305
car 0.0374 110 258 133 288
car 0.0362 359 233 368 241
car 0.0345 0 249 4 267
car 0.0339 114 271 129 299
car 0.0294 113 249 133 259
car 0.0241 38 246 96 316
car 0.0234 125 274 140 297
car 0.0202 392 235 397 240
car 0.0196 292 255 303 261
car 0.0186 109 257 131 274
car 0.0174 98 261 121 297
car 0.0171 358 305 377 323
car 0.0154 79 248 102 269
car 0.0153 4 249 13 269
car 0.0152 79 256 100 274
car 0.0145 345 234 355 242
car 0.0142 378 250 385 261
car 0.0136 131 288 158 331
car 0.0126 112 263 155 313
car 0.0123 1 251 10 271
car 0.0121 331 240 337 246
car 0.0119 1 267 18 352
car 0.0105 403 256 410 264
car 0.0098 364 235 373 246
car 0.0094 82 244 106 258
car 0.0094 344 241 357 249
car 0.0090 358 235 372 249
car 0.0087 0 253 5 283
car 0.0086 98 252 111 262
car 0.0085 136 270 179 323
car 0.0085 93 251 120 270
car 0.0085 137 286 150 318
car 0.0084 103 248 115 256
car 0.0084 348 250 368 267
car 0.0079 98 258 117 271
car 0.0079 106 248 128 259
car 0.0075 3 239 41 300
car 0.0075 5 243 31 269
car 0.0073 340 238 372 272
car 0.0071 6 255 34 271
car 0.0071 377 242 386 249
car 0.0069 74 246 98 300
car 0.0068 400 257 408 265
car 0.0065 104 269 124 302
car 0.0064 74 270 98 307
car 0.0063 334 241 345 247
car 0.0060 346 249 359 266
car 0.0056 130 239 215 304
car 0.0054 133 341 199 373
car 0.0054 117 305 146 352
car 0.0054 133 267 147 310
car 0.0054 348 234 370 254
car 0.0053 0 283 8 359
car 0.0050 422 235 428 240
car 0.0050 142 236 258 256
car 0.0048 424 251 435 260
car 0.0048 3 228 49 341
car 0.0044 352 292 404 323
car 0.0044 71 247 84 256
car 0.0044 117 298 149 334
car 0.0043 35 244 48 253
car 0.0042 427 251 438 259
car 0.0042 350 287 436 336
car 0.0040 161 270 352 315
car 0.0040 80 260 102 286
car 0.0036 134 276 146 300
car 0.0036 30 243 139 318
car 0.0035 80 252 108 265
car 0.0035 123 250 145 268
car 0.0035 135 256 206 326
car 0.0034 135 229 165 263
car 0.0033 116 310 144 331
car 0.0032 5 254 19 270
car 0.0030 323 231 330 237
car 0.0030 6 233 44 270
car 0.0030 266 245 288 260
car 0.0029 3 255 13 280
car 0.0029 120 292 155 365
car 0.0029 156 231 211 244
car 0.0029 354 294 381 322
motorbike 0.0109 138 284 158 319
motorbike 0.0096 120 273 136 297
motorbike 0.0032 137 286 150 318
motorbike 0.0026 133 268 147 309
motorbike 0.0020 134 287 153 328
motorbike 0.0016 344 256 356 270
motorbike 0.0016 116 266 146 296
aeroplane 0.0020 444 91 449 94
bus 0.0135 0 113 9 266
bus 0.0059 110 251 145 286
bus 0.0041 136 232 165 262
bus 0.0039 109 249 136 274
bus 0.0036 4 236 91 332
bus 0.0035 80 244 99 255
bus 0.0032 139 236 267 313
bus 0.0017 343 252 365 270
bus 0.0016 79 255 123 304
bus 0.0016 340 235 371 271
bus 0.0013 112 250 134 261
bus 0.0011 0 267 36 357
bus 0.0011 79 248 102 269
bus 0.0011 358 234 371 243
bus 0.0011 0 108 14 321
bus 0.0010 148 236 249 281
bus 0.0010 353 234 372 251
train 0.0032 0 113 9 266
train 0.0020 340 238 372 272
train 0.0016 343 252 365 270
train 0.0012 350 285 435 328
boat 0.0018 444 91 449 94
bird 0.1617 264 50 268 55
bird 0.1615 257 27 262 31
bird 0.1272 444 91 449 94
bird 0.0979 279 50 288 54
bird 0.0854 253 49 259 54
bird 0.0822 303 52 306 57
bird 0.0133 443 90 450 95
bird 0.0093 277 49 285 54
bird 0.0083 229 46 234 51
bird 0.0047 263 50 270 57
bird 0.0042 301 51 307 58
bird 0.0027 256 26 261 32
bird 0.0019 255 50 262 56
bird 0.0019 179 43 197 54
bird 0.0018 257 25 261 29
bird 0.0017 0 107 6 118
bird 0.0016 318 48 322 53
bird 0.0015 275 51 283 56
bird 0.0013 257 28 263 33
bird 0.0013 303 49 307 55
bird 0.0011 183 167 189 171
chair 0.0018 348 287 421 326
chair 0.0011 5 238 91 331
sofa 0.0013 123 259 389 370
diningtable 0.0045 349 287 436 332
