person 0.0063 170 0 209 26
person 0.0014 0 55 8 64
car 0.0016 171 0 209 25
bird 0.0033 278 264 347 341
bird 0.0019 0 55 8 66
cat 0.0253 277 264 348 341
dog 0.0035 269 262 346 342
horse 0.0016 140 90 326 203
sheep 0.8907 142 94 328 204
sheep 0.8844 100 183 340 345
sheep 0.0533 276 263 347 341
sheep 0.0230 171 0 209 25
sheep 0.0150 0 55 8 64
sheep 0.0037 133 81 332 313
sheep 0.0021 213 253 349 340
sheep 0.0011 98 184 209 330
cow 0.0012 281 263 347 340
cow 0.0012 140 97 328 205
cow 0.0011 100 182 337 344
cow 0.0010 171 0 209 25
