person 0.8565 265 0 392 327
person 0.8508 79 4 336 329
person 0.7465 20 2 146 332
person 0.3639 0 62 30 328
person 0.1845 147 0 270 99
person 0.1094 150 0 211 99
person 0.0969 0 3 32 112
person 0.0749 69 8 203 330
person 0.0188 184 49 303 300
person 0.0179 7 33 79 338
person 0.0170 0 6 34 207
person 0.0159 22 1 143 151
person 0.0123 207 7 352 329
person 0.0114 177 0 208 49
person 0.0103 115 0 213 71
person 0.0091 0 0 65 111
person 0.0063 0 0 168 71
person 0.0057 0 2 47 64
person 0.0054 86 3 299 138
person 0.0054 163 0 207 65
person 0.0034 326 -4 405 332
person 0.0029 272 4 383 146
person 0.0027 0 117 4 164
person 0.0027 0 -14 54 264
person 0.0027 367 17 395 319
person 0.0026 0 62 26 186
person 0.0026 198 86 274 260
person 0.0024 112 28 126 59
person 0.0024 150 50 193 100
person 0.0019 100 8 126 62
person 0.0018 99 7 191 103
person 0.0017 96 1 177 64
person 0.0015 102 0 413 107
person 0.0015 168 -3 230 54
person 0.0015 144 166 177 310
person 0.0014 105 10 146 62
person 0.0013 7 0 72 57
person 0.0012 240 54 267 99
person 0.0011 175 2 255 76
person 0.0011 226 163 260 205
person 0.0010 24 23 75 123
boat 0.0013 25 30 145 333
bottle 0.0886 113 29 125 58
bottle 0.0013 103 26 130 64
chair 0.0011 0 78 31 329
chair 0.0010 106 0 208 99
sofa 0.0054 99 0 201 98
sofa 0.0029 19 1 195 105
sofa 0.0022 145 0 262 99
sofa 0.0010 107 2 186 63
sofa 0.0010 102 0 413 107
