person 0.0032 9 4 486 445
person 0.0021 235 -7 497 424
person 0.0016 242 220 414 470
person 0.0012 22 216 496 479
person 0.0012 487 433 499 473
car 0.0010 11 45 495 450
cat 0.0013 11 182 484 467
dog 0.0015 11 182 484 467
dog 0.0013 31 204 281 473
bottle 0.0158 239 193 366 410
bottle 0.0110 231 6 441 437
bottle 0.0046 290 2 411 242
bottle 0.0017 255 90 390 400
bottle 0.0013 54 40 502 449
bottle 0.0010 127 165 462 433
bottle 0.0010 31 204 281 473
chair 0.0306 345 238 493 474
chair 0.0179 455 216 499 329
chair 0.0168 456 205 499 449
chair 0.0086 310 6 496 447
chair 0.0063 429 92 500 351
chair 0.0052 486 338 500 471
chair 0.0046 487 436 499 473
chair 0.0037 455 85 499 217
chair 0.0037 399 40 501 414
chair 0.0031 464 321 498 346
chair 0.0024 459 295 499 345
chair 0.0024 476 321 500 449
chair 0.0017 13 9 493 440
chair 0.0014 460 325 499 472
chair 0.0013 479 322 500 349
chair 0.0011 477 301 500 380
chair 0.0010 417 234 499 476
pottedplant 0.0064 231 6 441 437
pottedplant 0.0047 290 2 411 242
diningtable 0.1015 11 182 484 467
diningtable 0.0076 455 216 499 329
diningtable 0.0060 487 433 499 473
diningtable 0.0050 456 205 499 449
diningtable 0.0041 438 97 501 414
diningtable 0.0035 0 271 9 304
diningtable 0.0035 300 232 488 476
diningtable 0.0023 111 191 290 314
diningtable 0.0021 281 0 497 442
diningtable 0.0016 486 338 500 471
diningtable 0.0016 3 214 260 477
diningtable 0.0014 0 255 74 470
diningtable 0.0013 43 -4 503 427
diningtable 0.0012 396 37 500 420
diningtable 0.0012 174 250 459 475
diningtable 0.0010 404 212 497 474
diningtable 0.0010 198 181 405 419
diningtable 0.0010 0 262 38 468
