person 0.7769 237 30 494 396
person 0.7438 25 23 273 398
person 0.0127 18 0 478 404
person 0.0116 115 65 300 322
person 0.0115 136 150 284 264
person 0.0055 492 187 500 232
person 0.0055 485 124 499 222
person 0.0040 163 101 252 326
person 0.0033 164 175 234 204
person 0.0022 493 178 500 217
person 0.0022 490 156 499 230
person 0.0017 475 229 499 310
person 0.0014 37 117 262 303
person 0.0014 154 174 196 205
person 0.0013 174 164 231 291
person 0.0011 253 119 488 305
person 0.0011 491 367 499 392
person 0.0010 483 120 500 169
bottle 0.0052 492 190 499 231
chair 0.0602 493 192 499 231
chair 0.0488 412 198 498 394
chair 0.0277 475 229 499 310
chair 0.0072 482 309 499 378
chair 0.0062 273 203 493 398
chair 0.0051 255 338 285 399
chair 0.0036 239 34 493 398
chair 0.0035 483 187 498 232
chair 0.0033 475 207 501 388
chair 0.0032 477 230 499 266
chair 0.0029 419 291 498 399
chair 0.0020 451 224 499 315
chair 0.0017 490 156 499 230
chair 0.0014 480 245 499 342
chair 0.0013 493 178 500 217
chair 0.0012 490 368 499 401
chair 0.0010 469 180 499 247
sofa 0.0084 411 207 497 397
sofa 0.0031 12 23 504 397
sofa 0.0026 475 229 499 310
sofa 0.0019 493 192 499 231
sofa 0.0017 273 203 493 398
sofa 0.0015 482 309 499 378
sofa 0.0012 411 308 497 399
pottedplant 0.0238 485 124 499 222
pottedplant 0.0087 490 156 499 230
pottedplant 0.0059 469 121 500 230
pottedplant 0.0047 491 164 499 208
pottedplant 0.0037 492 187 500 232
pottedplant 0.0028 0 211 29 385
pottedplant 0.0022 493 175 499 197
pottedplant 0.0019 485 157 499 202
pottedplant 0.0017 493 178 500 217
pottedplant 0.0016 483 120 500 169
pottedplant 0.0013 483 187 498 232
pottedplant 0.0012 0 203 31 297
pottedplant 0.0011 494 185 500 199
diningtable 0.0480 476 231 499 310
diningtable 0.0160 477 230 500 270
diningtable 0.0068 420 217 496 399
diningtable 0.0045 482 309 500 400
diningtable 0.0042 439 209 499 341
diningtable 0.0037 415 310 496 398
diningtable 0.0027 492 190 499 231
diningtable 0.0017 475 207 501 388
diningtable 0.0016 469 212 499 279
diningtable 0.0013 458 229 499 324
diningtable 0.0011 483 305 500 357
diningtable 0.0010 480 245 499 342
diningtable 0.0010 483 258 499 310
tvmonitor 0.0043 474 229 499 311
tvmonitor 0.0020 482 308 499 381
tvmonitor 0.0017 493 192 499 231
