person 0.0032 468 61 500 136
person 0.0028 489 98 500 134
person 0.0019 455 61 499 254
person 0.0015 466 60 499 100
person 0.0012 0 0 85 157
person 0.0010 484 86 499 139
car 0.0378 239 195 269 218
car 0.0026 236 127 286 217
car 0.0013 151 174 267 227
boat 0.0024 239 194 267 215
bird 0.8877 81 273 156 332
bird 0.8083 237 125 288 207
bird 0.0997 456 56 499 238
bird 0.0978 239 195 267 216
bird 0.0440 465 61 500 116
bird 0.0269 489 98 500 134
bird 0.0183 239 185 272 224
bird 0.0179 470 57 500 190
bird 0.0141 411 41 498 238
bird 0.0091 484 86 499 139
bird 0.0071 488 77 500 179
bird 0.0062 124 4 297 331
bird 0.0060 185 111 343 233
bird 0.0054 143 156 198 233
bird 0.0053 284 -1 323 320
bird 0.0046 483 61 499 205
bird 0.0045 197 30 355 287
bird 0.0042 234 79 292 306
bird 0.0042 478 65 500 143
bird 0.0040 474 62 499 98
bird 0.0037 0 140 8 162
bird 0.0027 223 288 245 332
bird 0.0024 151 174 267 227
bird 0.0021 107 95 229 280
bird 0.0019 438 34 498 185
bird 0.0019 449 55 500 143
bird 0.0018 490 119 499 139
bird 0.0018 0 142 8 183
bird 0.0016 178 124 290 218
bird 0.0015 250 85 322 316
bird 0.0014 237 126 285 167
bird 0.0014 279 104 315 330
bird 0.0013 227 128 271 177
bird 0.0013 215 116 283 191
bird 0.0012 211 126 261 216
bird 0.0010 170 83 297 276
bird 0.0010 129 367 192 416
cat 0.0014 456 56 499 238
dog 0.0018 456 56 499 238
bottle 0.0016 239 194 267 215
chair 0.0014 223 288 245 332
pottedplant 0.0021 145 0 269 318
pottedplant 0.0019 283 10 501 319
