person 0.4069 7 1 500 330
person 0.3185 381 -1 500 326
person 0.0837 386 0 478 96
person 0.0357 377 0 491 166
person 0.0211 0 325 20 332
person 0.0151 456 12 499 324
person 0.0116 139 218 197 278
person 0.0111 305 11 464 325
person 0.0071 371 33 410 77
person 0.0069 370 9 445 83
person 0.0065 4 5 238 322
person 0.0035 0 33 30 99
person 0.0028 16 2 513 167
person 0.0024 0 320 30 333
person 0.0020 114 46 375 222
person 0.0017 0 94 32 199
person 0.0017 391 30 453 83
person 0.0017 209 47 311 208
person 0.0016 417 27 486 122
person 0.0015 107 206 222 311
person 0.0014 250 70 267 101
person 0.0013 369 38 395 74
person 0.0011 1 11 125 313
person 0.0010 475 0 498 302
car 0.0078 0 33 31 103
bird 0.0112 0 33 30 99
bird 0.0014 134 216 197 273
bottle 0.0058 0 33 30 99
bottle 0.0057 2 5 442 327
bottle 0.0038 178 23 332 320
bottle 0.0036 102 107 242 312
bottle 0.0029 200 50 313 201
bottle 0.0017 5 17 233 324
chair 0.0050 371 37 397 75
chair 0.0038 13 179 81 264
chair 0.0031 381 -1 499 326
chair 0.0028 0 179 40 249
chair 0.0026 374 1 478 94
chair 0.0015 435 14 502 322
chair 0.0013 -13 4 494 330
chair 0.0010 1 165 82 330
sofa 0.0012 386 1 502 327
sofa 0.0012 434 65 500 325
diningtable 0.0011 -13 4 494 330
tvmonitor 0.0157 27 177 82 262
tvmonitor 0.0036 4 175 91 283
tvmonitor 0.0023 0 179 37 240
tvmonitor 0.0016 0 55 77 297
tvmonitor 0.0010 0 87 33 206
