person 0.7104 2 -2 104 365
person 0.4862 281 223 292 246
person 0.4117 311 226 320 246
person 0.2665 297 236 304 246
person 0.1931 0 1 83 230
person 0.1817 319 219 327 231
person 0.1519 318 226 331 243
person 0.1320 0 223 92 362
person 0.1285 279 223 302 251
person 0.1074 96 231 111 237
person 0.0699 264 223 336 260
person 0.0550 185 218 199 229
person 0.0513 292 227 329 249
person 0.0510 77 179 112 236
person 0.0410 309 225 329 245
person 0.0407 313 233 320 251
person 0.0398 321 217 359 228
person 0.0390 304 228 317 248
person 0.0304 104 228 111 236
person 0.0253 293 236 301 247
person 0.0245 269 225 288 245
person 0.0238 298 233 306 244
person 0.0231 292 232 313 245
person 0.0208 265 228 279 245
person 0.0178 305 224 315 238
person 0.0173 316 220 324 228
person 0.0168 9 -3 193 346
person 0.0156 0 323 42 373
person 0.0156 353 217 358 224
person 0.0144 284 237 293 247
person 0.0132 278 237 290 247
person 0.0128 16 80 134 306
person 0.0114 292 231 303 245
person 0.0108 129 225 134 230
person 0.0098 328 233 334 243
person 0.0097 0 25 57 319
person 0.0090 95 229 105 236
person 0.0089 158 90 174 103
person 0.0076 146 91 166 103
person 0.0073 0 270 72 370
person 0.0073 272 222 283 241
person 0.0072 146 90 159 101
person 0.0065 267 227 276 237
person 0.0063 379 215 387 222
person 0.0061 178 90 190 99
person 0.0061 315 218 332 248
person 0.0060 319 217 327 224
person 0.0059 100 232 113 237
person 0.0059 312 217 329 233
person 0.0057 279 235 317 248
person 0.0053 0 131 90 340
person 0.0051 311 236 323 257
person 0.0050 93 226 111 238
person 0.0049 165 90 175 100
person 0.0049 304 235 315 251
person 0.0048 277 219 293 237
person 0.0046 456 215 460 220
person 0.0044 182 91 193 100
person 0.0040 151 90 164 100
person 0.0040 153 90 181 104
person 0.0039 176 221 195 230
person 0.0038 298 233 317 254
person 0.0037 169 91 188 103
person 0.0037 266 228 273 239
person 0.0033 163 92 178 103
person 0.0029 325 230 334 241
person 0.0029 269 237 286 249
person 0.0025 0 116 45 226
person 0.0025 107 231 114 236
person 0.0025 461 216 466 220
person 0.0024 4 137 52 171
person 0.0024 175 224 184 231
person 0.0023 161 89 193 104
person 0.0020 265 225 283 250
person 0.0020 265 230 273 248
person 0.0019 191 218 205 228
person 0.0018 299 238 332 259
person 0.0018 178 93 189 102
person 0.0018 304 219 312 228
person 0.0017 0 120 62 188
person 0.0017 87 232 108 240
person 0.0017 163 204 176 232
person 0.0016 265 234 279 251
person 0.0015 0 263 45 353
person 0.0015 79 220 85 229
person 0.0015 299 223 312 235
person 0.0013 280 220 290 232
person 0.0013 194 65 199 73
person 0.0013 288 221 324 238
person 0.0013 0 216 17 242
person 0.0012 144 93 153 103
person 0.0012 320 236 334 250
person 0.0011 350 217 360 225
person 0.0010 129 223 137 230
person 0.0010 105 215 111 236
person 0.0010 0 216 7 225
person 0.0010 331 215 358 224
bicycle 0.0070 145 90 166 104
bicycle 0.0054 151 90 182 104
bicycle 0.0046 157 90 174 103
bicycle 0.0020 161 89 193 103
bicycle 0.0012 176 91 190 101
car 0.0051 145 92 157 103
car 0.0026 182 91 193 100
car 0.0024 178 90 191 99
car 0.0018 145 90 166 104
car 0.0012 151 90 182 104
car 0.0011 185 218 200 229
car 0.0010 168 91 188 103
bus 0.0010 194 42 358 245
train 0.0033 57 30 255 110
train 0.0018 71 68 213 107
train 0.0015 193 32 364 244
train 0.0011 62 0 278 91
boat 0.8254 186 35 353 247
boat 0.4699 162 203 176 233
boat 0.4527 78 180 113 236
boat 0.4216 185 218 199 229
boat 0.1776 324 217 359 228
boat 0.1629 265 223 338 263
boat 0.1010 273 223 310 251
boat 0.0625 0 226 92 369
boat 0.0506 289 235 313 248
boat 0.0477 131 201 172 231
boat 0.0441 130 216 167 231
boat 0.0427 164 208 184 231
boat 0.0372 280 222 293 248
boat 0.0298 311 226 320 246
boat 0.0276 297 236 305 246
boat 0.0262 292 227 329 249
boat 0.0245 152 202 175 231
boat 0.0225 318 221 330 242
boat 0.0189 175 221 196 230
boat 0.0169 379 215 387 222
boat 0.0150 16 80 134 306
boat 0.0126 129 224 157 231
boat 0.0121 0 325 42 373
boat 0.0111 191 218 205 229
boat 0.0110 129 225 134 230
boat 0.0106 309 225 328 247
boat 0.0103 175 224 184 231
boat 0.0102 96 230 111 237
boat 0.0074 164 218 176 230
boat 0.0071 194 -5 475 246
boat 0.0068 136 222 163 229
boat 0.0063 1 -1 101 366
boat 0.0057 315 218 332 248
boat 0.0056 89 229 110 239
boat 0.0053 264 229 282 248
boat 0.0051 315 220 355 231
boat 0.0047 318 219 328 233
boat 0.0044 283 237 296 247
boat 0.0043 123 107 145 114
boat 0.0041 14 29 362 265
boat 0.0039 303 218 354 242
boat 0.0037 0 296 83 362
boat 0.0037 185 212 204 228
boat 0.0033 285 230 311 246
boat 0.0032 380 217 391 222
boat 0.0032 165 226 175 231
boat 0.0029 350 217 360 225
boat 0.0029 97 182 112 236
boat 0.0029 369 217 382 222
boat 0.0028 261 243 342 269
boat 0.0028 305 224 316 239
boat 0.0028 163 226 171 231
boat 0.0026 69 118 217 290
boat 0.0026 294 237 338 261
boat 0.0026 353 217 358 224
boat 0.0026 129 224 137 231
boat 0.0026 305 228 316 248
boat 0.0025 311 232 320 252
boat 0.0024 319 230 333 243
boat 0.0023 258 234 314 260
boat 0.0021 314 208 360 228
boat 0.0021 100 232 113 238
boat 0.0021 5 99 223 345
boat 0.0020 179 204 206 233
boat 0.0019 77 183 96 239
boat 0.0019 288 221 324 238
boat 0.0018 331 215 358 224
boat 0.0017 298 233 317 254
boat 0.0017 294 236 301 247
boat 0.0017 278 237 291 247
boat 0.0017 145 91 162 103
boat 0.0017 263 226 301 257
boat 0.0016 126 192 189 238
boat 0.0015 373 212 391 224
boat 0.0015 270 236 287 250
boat 0.0015 169 205 199 230
boat 0.0014 312 217 329 233
boat 0.0014 261 188 344 263
boat 0.0013 173 178 185 184
boat 0.0013 158 92 173 103
boat 0.0013 310 235 324 257
boat 0.0013 120 102 146 115
boat 0.0013 102 228 112 236
boat 0.0012 94 229 105 236
boat 0.0012 131 225 147 231
boat 0.0011 0 244 54 366
boat 0.0011 84 193 110 227
boat 0.0010 159 200 170 212
boat 0.0010 100 75 215 106
boat 0.0010 156 90 180 103
bird 0.0034 0 224 93 362
bird 0.0012 77 180 113 237
dog 0.0134 0 223 92 362
dog 0.0023 0 323 42 373
dog 0.0014 0 270 72 370
cow 0.0021 0 226 93 367
chair 0.0011 279 225 292 247
chair 0.0010 0 220 93 357
chair 0.0010 78 181 113 237
pottedplant 0.0024 78 181 112 237
