person 0.8203 245 288 264 329
person 0.7647 202 290 214 327
person 0.7592 0 305 17 373
person 0.0280 242 300 249 330
person 0.0235 242 291 253 330
person 0.0183 265 296 273 323
person 0.0146 196 289 206 327
person 0.0096 282 293 290 305
person 0.0091 207 292 219 329
person 0.0087 0 305 14 341
person 0.0077 210 289 224 328
person 0.0039 352 275 360 290
person 0.0038 267 295 279 315
person 0.0034 0 301 11 328
person 0.0026 0 300 5 313
person 0.0025 240 292 248 326
person 0.0021 355 275 361 286
person 0.0020 4 325 17 345
person 0.0020 259 293 272 326
person 0.0016 263 292 271 318
person 0.0015 196 290 225 329
person 0.0013 0 300 7 317
person 0.0013 242 312 248 329
person 0.0013 0 313 14 331
person 0.0012 252 289 264 307
person 0.0012 187 288 201 328
person 0.0011 0 324 14 352
person 0.0010 203 292 214 308
bicycle 0.0014 202 292 214 328
bicycle 0.0010 0 304 17 373
car 0.0028 0 305 17 371
motorbike 0.0024 0 303 17 373
pottedplant 0.0010 0 306 17 373
