person 0.8376 349 55 420 180
person 0.1340 42 76 57 97
person 0.0413 79 76 97 97
person 0.0260 79 76 114 98
person 0.0064 344 89 419 237
person 0.0042 376 78 381 94
person 0.0041 78 70 94 90
person 0.0040 376 76 381 87
person 0.0020 340 51 390 188
person 0.0013 375 79 384 105
person 0.0013 78 77 88 97
person 0.0013 116 97 121 115
person 0.0012 373 77 380 93
bicycle 0.0011 78 75 114 99
bicycle 0.0010 42 76 57 97
car 0.0023 233 39 240 44
bird 0.0018 186 165 197 191
bird 0.0012 42 76 56 97
dog 0.0039 42 76 57 97
dog 0.0037 78 76 115 98
dog 0.0012 79 76 97 97
dog 0.0010 186 165 197 191
horse 0.8513 342 93 420 236
horse 0.6233 78 75 115 98
horse 0.5423 42 76 56 97
horse 0.1325 79 76 97 97
horse 0.0143 88 76 114 92
horse 0.0128 38 74 99 97
horse 0.0047 78 70 94 90
horse 0.0044 80 83 120 107
horse 0.0031 346 54 421 181
horse 0.0030 37 75 65 98
horse 0.0025 94 78 116 99
horse 0.0022 77 73 115 119
horse 0.0016 76 70 114 86
horse 0.0015 78 77 88 97
horse 0.0013 39 75 58 116
horse 0.0010 186 165 197 191
sheep 0.0026 78 76 115 98
sheep 0.0024 42 76 56 97
sheep 0.0012 79 76 97 97
cow 0.0096 42 76 56 97
cow 0.0076 78 76 115 98
cow 0.0021 79 76 97 97
cow 0.0015 342 92 421 236
