person 0.4926 0 120 94 233
person 0.4838 97 42 354 485
person 0.3525 110 11 183 173
person 0.2387 262 -2 374 437
person 0.2281 59 128 120 202
person 0.1674 293 319 374 485
person 0.1647 270 6 373 209
person 0.0926 0 117 105 364
person 0.0785 243 65 280 119
person 0.0658 198 310 377 499
person 0.0565 170 44 231 91
person 0.0450 218 12 281 72
person 0.0400 51 134 97 197
person 0.0399 111 11 166 105
person 0.0342 79 71 123 149
person 0.0290 95 170 172 348
person 0.0270 173 15 228 73
person 0.0229 177 54 259 99
person 0.0198 123 14 208 120
person 0.0181 144 8 209 82
person 0.0178 82 46 172 219
person 0.0174 56 112 155 243
person 0.0159 191 41 237 74
person 0.0154 -1 412 368 499
person 0.0154 239 10 291 91
person 0.0148 331 316 374 448
person 0.0134 156 41 242 177
person 0.0132 82 106 195 371
person 0.0129 157 41 210 99
person 0.0124 165 60 203 94
person 0.0109 4 121 61 185
person 0.0107 6 75 82 198
person 0.0104 126 9 186 89
person 0.0102 137 49 213 205
person 0.0102 289 2 370 64
person 0.0094 188 21 247 72
person 0.0092 203 6 262 67
person 0.0089 239 63 279 163
person 0.0087 51 142 68 166
person 0.0087 146 33 193 123
person 0.0085 186 51 230 80
person 0.0085 167 67 186 90
person 0.0083 149 36 294 291
person 0.0083 -12 222 383 500
person 0.0081 200 171 258 269
person 0.0079 27 83 170 398
person 0.0077 160 57 253 132
person 0.0077 58 123 104 181
person 0.0076 67 110 237 465
person 0.0070 178 4 276 77
person 0.0069 80 -1 273 327
person 0.0069 8 62 65 160
person 0.0066 166 22 373 362
person 0.0065 176 41 219 77
person 0.0063 172 0 227 52
person 0.0063 47 135 75 177
person 0.0060 107 121 168 193
person 0.0059 201 48 248 88
person 0.0059 71 69 163 315
person 0.0057 154 59 210 124
person 0.0056 148 14 253 107
person 0.0054 81 138 126 206
person 0.0053 311 172 375 499
person 0.0044 145 30 163 61
person 0.0042 0 205 112 434
person 0.0041 76 102 133 189
person 0.0041 50 122 87 175
person 0.0039 195 53 313 199
person 0.0039 254 1 352 75
person 0.0038 207 0 254 34
person 0.0037 291 1 352 44
person 0.0037 89 126 142 194
person 0.0036 186 29 292 136
person 0.0036 217 471 373 499
person 0.0035 139 22 165 80
person 0.0032 236 11 272 60
person 0.0032 214 60 282 127
person 0.0030 32 98 124 200
person 0.0028 58 78 110 158
person 0.0027 209 29 280 104
person 0.0026 202 46 227 71
person 0.0025 150 0 208 49
person 0.0025 244 12 266 26
person 0.0024 220 7 315 103
person 0.0023 184 449 373 501
person 0.0022 59 102 95 162
person 0.0022 181 189 237 274
person 0.0022 82 12 162 156
person 0.0022 76 73 110 130
person 0.0021 135 58 196 151
person 0.0021 85 116 136 262
person 0.0021 240 5 269 33
person 0.0021 240 0 298 52
person 0.0020 136 9 170 63
person 0.0019 68 174 340 395
person 0.0019 134 15 152 49
person 0.0018 190 53 217 76
person 0.0018 104 191 252 379
person 0.0018 336 273 374 411
person 0.0018 199 9 364 163
dog 0.0010 97 42 354 485
bottle 0.0181 194 181 252 263
bottle 0.0079 32 30 372 474
bottle 0.0073 181 189 237 274
bottle 0.0071 127 70 328 404
bottle 0.0029 52 142 68 164
bottle 0.0011 50 132 93 188
bottle 0.0011 190 213 229 260
chair 0.2443 0 207 115 453
chair 0.1023 96 185 167 329
chair 0.0336 19 176 168 401
chair 0.0204 1 395 190 499
chair 0.0148 88 149 199 370
chair 0.0128 62 130 122 201
chair 0.0115 263 132 377 495
chair 0.0101 329 163 376 421
chair 0.0097 217 471 373 499
chair 0.0094 0 411 52 479
chair 0.0088 67 110 237 465
chair 0.0085 4 44 369 486
chair 0.0067 -1 388 83 489
chair 0.0064 185 320 377 497
chair 0.0052 90 125 140 193
chair 0.0045 0 408 371 498
chair 0.0045 0 339 133 483
chair 0.0041 83 57 168 212
chair 0.0037 6 209 114 335
chair 0.0037 107 121 168 193
chair 0.0036 294 313 373 481
chair 0.0034 78 81 131 179
chair 0.0032 336 273 374 411
chair 0.0032 -11 276 370 503
chair 0.0026 184 449 373 501
chair 0.0025 288 173 374 396
chair 0.0024 71 69 163 315
chair 0.0023 160 188 171 219
chair 0.0022 109 10 186 224
chair 0.0022 0 113 112 357
chair 0.0017 94 126 181 297
chair 0.0015 0 120 94 233
chair 0.0015 103 171 120 194
chair 0.0014 53 125 102 190
chair 0.0013 101 178 130 203
chair 0.0012 174 55 358 494
chair 0.0012 97 186 136 218
chair 0.0010 93 166 154 276
sofa 0.0835 0 387 370 499
sofa 0.0655 -1 206 125 458
sofa 0.0652 1 394 191 498
sofa 0.0550 -11 276 370 503
sofa 0.0342 -2 72 375 492
sofa 0.0226 185 320 377 497
sofa 0.0219 -1 388 83 489
sofa 0.0150 0 411 53 481
sofa 0.0126 88 183 168 377
sofa 0.0091 0 339 133 483
sofa 0.0086 252 0 372 433
sofa 0.0080 200 471 372 500
sofa 0.0070 97 186 167 296
sofa 0.0059 69 143 189 467
sofa 0.0043 19 176 168 401
sofa 0.0036 0 162 109 368
sofa 0.0030 104 191 252 379
sofa 0.0029 174 55 358 494
sofa 0.0028 293 317 375 484
sofa 0.0026 11 212 232 496
sofa 0.0024 296 106 376 457
sofa 0.0021 183 424 373 499
sofa 0.0016 16 442 363 500
sofa 0.0015 142 36 360 300
sofa 0.0013 0 121 94 233
sofa 0.0013 196 180 252 258
sofa 0.0011 103 2 303 384
sofa 0.0011 62 129 122 201
sofa 0.0010 51 191 353 433
diningtable 0.0045 217 471 373 499
diningtable 0.0014 2 413 189 499
diningtable 0.0010 35 44 369 486
tvmonitor 0.0013 6 64 59 131
