person 0.8431 1 2 219 314
person 0.6546 169 25 389 323
person 0.1058 0 2 53 61
person 0.0391 3 23 455 326
person 0.0057 0 0 102 62
person 0.0043 8 264 150 331
person 0.0039 328 135 489 329
person 0.0034 0 228 35 297
person 0.0034 0 5 18 63
person 0.0029 246 0 508 326
person 0.0027 32 0 495 177
person 0.0025 0 37 17 64
person 0.0017 0 304 97 332
person 0.0015 13 260 269 331
person 0.0013 121 2 284 94
person 0.0012 176 124 490 328
person 0.0012 0 266 70 313
person 0.0011 0 256 19 298
person 0.0011 156 28 233 322
car 0.0010 76 270 260 333
boat 0.0022 1 17 467 326
boat 0.0011 173 26 388 324
bird 0.0011 324 136 484 330
cat 0.0090 329 136 491 329
dog 0.8779 328 135 491 329
dog 0.0014 257 12 512 327
horse 0.0016 329 136 491 329
sheep 0.0016 328 135 489 329
cow 0.0015 329 136 491 329
bottle 0.0122 5 264 151 331
bottle 0.0035 325 273 344 308
bottle 0.0020 13 260 269 331
bottle 0.0012 1 303 102 332
bottle 0.0011 80 285 131 327
chair 0.0133 0 1 49 63
chair 0.0101 -1 305 101 332
chair 0.0093 169 12 493 324
chair 0.0028 0 37 17 64
chair 0.0026 0 1 218 321
chair 0.0025 0 49 14 64
chair 0.0023 -2 118 492 326
chair 0.0019 327 135 491 329
chair 0.0017 25 -1 497 219
chair 0.0014 429 -2 500 251
chair 0.0013 -1 274 143 331
chair 0.0012 0 43 7 63
chair 0.0012 13 263 270 331
chair 0.0011 0 5 18 63
chair 0.0010 0 0 102 62
sofa 0.1724 149 7 489 324
sofa 0.0352 -2 118 492 326
sofa 0.0239 -3 -4 495 215
sofa 0.0145 0 1 50 63
sofa 0.0128 0 2 234 317
sofa 0.0104 18 0 469 118
sofa 0.0089 327 135 491 329
sofa 0.0087 429 -2 500 251
sofa 0.0045 13 213 470 332
sofa 0.0029 155 22 390 251
sofa 0.0029 129 1 252 94
sofa 0.0021 13 260 269 331
sofa 0.0020 -5 1 282 99
sofa 0.0015 210 0 495 183
sofa 0.0012 0 37 19 64
sofa 0.0012 3 180 293 328
sofa 0.0010 354 65 508 282
diningtable 0.0045 0 300 99 331
diningtable 0.0023 8 264 150 331
diningtable 0.0016 13 260 269 331
diningtable 0.0014 2 289 86 312
diningtable 0.0013 125 299 266 332
diningtable 0.0011 0 291 12 305
