person 0.0749 171 184 184 209
person 0.0373 195 185 209 208
person 0.0367 215 195 226 206
person 0.0231 201 202 210 210
person 0.0215 197 194 211 211
person 0.0146 201 197 213 211
person 0.0119 210 191 226 208
person 0.0078 163 188 185 213
person 0.0068 142 189 152 198
person 0.0062 149 188 159 196
person 0.0045 167 183 183 200
person 0.0044 192 196 207 211
person 0.0040 215 186 227 206
person 0.0036 144 188 160 201
person 0.0034 138 192 146 199
person 0.0031 140 189 163 219
person 0.0030 30 159 475 256
person 0.0028 159 191 171 203
person 0.0028 198 184 211 202
person 0.0025 53 189 67 195
person 0.0025 138 189 153 213
person 0.0025 259 188 271 198
person 0.0022 218 192 227 203
person 0.0022 147 188 166 206
person 0.0021 340 370 348 375
person 0.0020 104 188 112 202
person 0.0020 59 189 69 195
person 0.0015 115 194 126 199
person 0.0014 113 370 125 375
person 0.0013 137 188 159 205
person 0.0012 207 198 220 211
person 0.0011 134 194 140 198
person 0.0011 98 185 112 203
person 0.0011 148 185 160 193
person 0.0010 110 191 118 200
person 0.0010 259 183 277 198
person 0.0010 0 365 13 374
car 0.0478 0 365 13 374
car 0.0090 232 354 245 362
car 0.0056 262 348 273 354
car 0.0035 59 360 81 374
car 0.0031 227 342 247 360
car 0.0027 223 338 245 352
car 0.0026 106 369 125 375
car 0.0026 230 350 251 364
car 0.0023 237 351 254 358
car 0.0020 227 350 241 360
car 0.0017 315 356 322 364
car 0.0017 338 370 349 375
car 0.0016 377 315 402 324
car 0.0016 310 353 322 364
car 0.0015 264 346 273 353
car 0.0014 179 353 227 368
car 0.0013 2 365 22 374
car 0.0012 316 358 322 367
car 0.0012 375 314 394 321
car 0.0012 307 350 320 362
car 0.0011 247 338 258 344
car 0.0011 285 348 297 353
car 0.0011 244 350 255 357
car 0.0011 285 347 305 355
car 0.0010 318 367 340 374
car 0.0010 224 370 235 375
car 0.0010 1 348 12 357
car 0.0010 244 353 254 360
aeroplane 0.7988 24 130 479 258
aeroplane 0.0105 33 175 317 254
aeroplane 0.0012 25 179 472 285
bus 0.0076 176 355 226 369
bus 0.0011 0 365 13 374
bus 0.0010 180 361 226 373
train 0.0014 177 354 226 370
boat 0.0023 0 364 13 374
boat 0.0021 179 355 226 370
