person 0.7616 239 58 490 372
person 0.5642 100 113 321 370
person 0.0234 481 162 499 298
person 0.0173 373 81 494 352
person 0.0119 377 195 494 323
person 0.0079 1 47 121 364
person 0.0071 469 66 499 297
person 0.0068 459 162 499 299
person 0.0067 11 89 273 383
person 0.0051 176 87 237 131
person 0.0045 215 81 351 376
person 0.0044 443 38 500 319
person 0.0026 425 214 495 324
person 0.0024 0 101 54 344
person 0.0022 422 303 500 373
person 0.0016 377 299 444 372
person 0.0015 494 164 500 190
person 0.0015 484 64 499 105
person 0.0015 0 204 31 345
person 0.0013 172 270 293 374
person 0.0013 345 166 473 345
person 0.0011 484 74 499 271
person 0.0011 26 38 447 334
person 0.0011 79 288 120 371
person 0.0010 1 319 91 374
person 0.0010 486 135 500 232
bottle 0.0060 420 305 501 376
bottle 0.0039 1 319 91 374
bottle 0.0024 170 356 263 375
bottle 0.0018 15 50 145 364
bottle 0.0017 378 298 443 373
bottle 0.0017 457 303 499 372
bottle 0.0015 197 277 232 372
chair 0.0263 481 164 499 296
chair 0.0257 378 195 494 323
chair 0.0160 170 356 263 375
chair 0.0093 179 87 236 131
chair 0.0074 239 57 490 372
chair 0.0069 376 48 490 339
chair 0.0048 177 285 295 372
chair 0.0045 0 204 31 345
chair 0.0043 251 292 289 370
chair 0.0041 197 278 232 371
chair 0.0039 488 281 499 303
chair 0.0037 102 108 350 371
chair 0.0037 457 302 499 374
chair 0.0036 426 214 494 323
chair 0.0036 459 162 499 299
chair 0.0033 230 92 255 137
chair 0.0027 472 89 499 296
chair 0.0026 71 261 101 329
chair 0.0024 21 284 299 373
chair 0.0019 188 284 491 372
chair 0.0018 79 288 121 372
chair 0.0017 377 298 444 372
chair 0.0016 9 234 366 370
chair 0.0015 1 320 90 374
chair 0.0015 235 266 295 368
chair 0.0015 447 77 499 305
chair 0.0015 139 255 331 370
chair 0.0015 345 166 473 345
chair 0.0014 1 169 115 371
sofa 0.0037 481 164 499 296
sofa 0.0019 383 96 496 341
sofa 0.0015 178 86 236 132
sofa 0.0011 1 320 90 374
sofa 0.0010 186 60 443 369
pottedplant 0.0053 27 65 155 362
pottedplant 0.0045 1 319 91 374
pottedplant 0.0013 0 74 61 354
diningtable 0.0140 1 320 90 374
diningtable 0.0134 172 357 260 375
diningtable 0.0130 385 300 488 371
diningtable 0.0061 185 282 492 372
diningtable 0.0058 29 325 295 374
diningtable 0.0032 451 304 499 372
diningtable 0.0028 20 281 305 373
diningtable 0.0027 10 306 203 373
diningtable 0.0019 36 295 132 373
diningtable 0.0017 414 321 470 374
diningtable 0.0017 369 209 503 369
diningtable 0.0013 79 290 120 371
diningtable 0.0012 481 164 499 296
diningtable 0.0011 170 306 302 374
