person 0.2163 145 39 398 329
person 0.0514 361 1 498 233
person 0.0247 0 265 40 354
person 0.0199 0 0 98 200
person 0.0100 -4 24 345 338
person 0.0050 0 12 129 339
person 0.0044 0 13 55 325
person 0.0042 0 164 39 318
person 0.0031 23 69 156 299
person 0.0026 328 106 412 218
person 0.0021 0 262 38 304
person 0.0019 292 58 446 249
person 0.0016 28 95 154 215
person 0.0014 81 54 228 355
person 0.0013 0 88 49 258
person 0.0011 0 129 38 232
person 0.0010 0 262 21 285
bicycle 0.0028 376 237 485 266
car 0.0031 134 42 392 332
car 0.0017 0 140 39 285
car 0.0013 0 -1 95 229
car 0.0013 0 13 55 325
motorbike 0.0085 134 42 392 332
motorbike 0.0014 0 265 40 354
bird 0.0013 352 4 499 232
cat 0.0043 358 4 498 232
bottle 0.8033 34 83 156 377
bottle 0.0484 25 94 159 225
bottle 0.0191 29 96 147 156
bottle 0.0054 6 30 191 325
bottle 0.0049 0 -2 103 228
bottle 0.0047 358 4 498 232
bottle 0.0026 0 265 42 359
bottle 0.0022 133 42 396 332
bottle 0.0022 0 160 39 290
bottle 0.0011 0 68 131 285
chair 0.0046 0 265 40 354
chair 0.0043 134 42 392 332
chair 0.0036 0 2 98 197
chair 0.0029 358 4 498 232
chair 0.0015 0 356 45 374
chair 0.0014 0 165 39 317
chair 0.0013 371 237 488 266
chair 0.0010 352 147 476 269
chair 0.0010 36 129 159 374
sofa 0.0071 358 4 498 232
sofa 0.0046 0 264 41 358
sofa 0.0031 0 2 98 198
sofa 0.0014 134 42 392 332
sofa 0.0010 14 61 476 363
pottedplant 0.4539 359 1 498 231
pottedplant 0.0438 337 105 417 209
pottedplant 0.0323 292 58 446 249
pottedplant 0.0218 192 5 479 305
pottedplant 0.0109 329 21 418 240
pottedplant 0.0056 355 140 423 235
pottedplant 0.0054 263 0 423 223
pottedplant 0.0030 335 104 411 158
pottedplant 0.0026 350 116 464 230
pottedplant 0.0016 0 268 41 361
pottedplant 0.0016 352 147 476 269
pottedplant 0.0014 334 43 476 295
pottedplant 0.0010 138 41 388 331
diningtable 0.0312 0 355 46 374
diningtable 0.0132 0 338 44 372
diningtable 0.0053 0 264 41 358
diningtable 0.0045 -14 280 301 369
diningtable 0.0040 0 323 42 360
diningtable 0.0036 6 319 195 371
diningtable 0.0035 0 188 38 346
diningtable 0.0017 -2 340 141 372
diningtable 0.0016 0 248 33 296
diningtable 0.0014 0 263 24 283
diningtable 0.0014 358 4 498 232
diningtable 0.0011 -10 36 441 332
diningtable 0.0011 -4 183 276 371
diningtable 0.0010 0 346 85 374
