person 0.0166 372 120 416 293
person 0.0075 129 62 145 74
person 0.0068 373 37 491 311
person 0.0029 130 62 137 74
person 0.0015 136 63 148 73
person 0.0011 35 131 173 311
boat 0.0010 131 30 135 34
bird 0.0014 129 62 148 74
bird 0.0010 131 30 135 34
dog 0.0088 209 118 312 209
dog 0.0059 129 62 148 74
dog 0.0043 35 131 174 311
dog 0.0010 371 123 417 296
horse 0.8951 207 119 312 209
horse 0.8897 35 131 173 311
horse 0.4994 371 115 416 299
horse 0.4762 129 62 148 74
horse 0.1834 370 103 492 318
horse 0.0366 137 62 148 73
horse 0.0319 130 62 137 74
horse 0.0021 382 119 495 210
horse 0.0017 35 144 96 309
horse 0.0014 132 59 147 68
horse 0.0013 379 119 420 219
horse 0.0013 128 54 150 81
horse 0.0011 383 122 448 291
horse 0.0010 99 144 173 250
sheep 0.0298 129 62 148 74
sheep 0.0070 34 131 172 311
sheep 0.0041 137 62 148 72
sheep 0.0033 208 119 311 208
sheep 0.0013 130 62 136 74
cow 0.2316 129 62 148 74
cow 0.0834 34 131 172 311
cow 0.0180 137 62 148 73
cow 0.0091 130 62 136 74
cow 0.0080 208 119 311 208
cow 0.0021 372 120 416 293
cow 0.0013 35 144 96 309
