person 0.4542 28 70 355 471
person 0.0050 66 137 238 456
person 0.0016 44 171 207 373
person 0.0015 64 231 176 325
person 0.0015 88 141 351 382
person 0.0012 246 418 375 498
person 0.0010 219 75 371 504
car 0.0016 -2 106 376 500
bottle 0.0248 344 8 354 36
bottle 0.0149 354 8 365 38
bottle 0.0120 340 53 360 88
bottle 0.0088 359 9 372 40
bottle 0.0058 358 53 370 82
bottle 0.0039 345 8 367 38
bottle 0.0034 340 53 357 74
bottle 0.0027 364 1 374 39
bottle 0.0026 362 57 371 94
bottle 0.0016 345 54 369 89
chair 0.1103 27 97 368 500
chair 0.0801 251 229 373 500
chair 0.0359 284 144 319 188
chair 0.0270 246 418 375 498
chair 0.0098 283 141 325 230
chair 0.0054 327 240 373 440
chair 0.0035 132 211 367 498
chair 0.0023 1 136 148 410
chair 0.0019 287 195 370 435
chair 0.0015 240 349 374 486
chair 0.0012 308 271 361 446
sofa 0.4629 -2 106 376 500
sofa 0.0201 1 136 148 410
sofa 0.0074 228 201 370 490
sofa 0.0059 6 76 368 309
sofa 0.0054 22 133 246 445
sofa 0.0047 55 235 171 334
sofa 0.0043 327 240 373 440
sofa 0.0034 246 418 375 498
sofa 0.0028 245 320 373 498
sofa 0.0026 282 143 319 185
sofa 0.0023 44 171 207 373
sofa 0.0023 118 199 369 430
sofa 0.0020 287 195 370 435
pottedplant 0.0020 275 117 295 141
pottedplant 0.0010 284 141 318 179
