person 0.0019 279 259 363 358
person 0.0013 89 83 237 314
bird 0.5266 89 83 237 313
bird 0.0296 278 259 363 359
bird 0.0044 284 261 426 370
bird 0.0015 239 163 286 203
bird 0.0011 284 259 353 320
cat 0.0363 94 76 239 319
cat 0.0156 278 260 364 363
cat 0.0010 283 260 351 326
dog 0.3175 278 259 363 359
dog 0.0245 92 72 238 337
dog 0.0103 285 260 425 370
dog 0.0046 291 260 352 325
horse 0.0111 89 83 237 314
horse 0.0027 278 259 363 359
sheep 0.0186 278 259 363 359
sheep 0.0112 89 83 237 314
sheep 0.0024 285 261 425 369
cow 0.0037 89 83 237 314
cow 0.0024 278 259 363 359
