person 0.0042 483 28 500 66
person 0.0022 4 -2 151 303
person 0.0020 397 1 498 184
person 0.0019 37 51 95 120
bicycle 0.0036 398 0 499 184
car 0.0373 398 0 499 184
car 0.0031 484 29 499 65
motorbike 0.0211 398 0 499 184
bus 0.0031 398 0 499 184
train 0.0032 399 0 499 187
boat 0.0088 399 0 499 187
boat 0.0012 4 -2 151 303
bird 0.0040 37 51 95 120
bird 0.0016 14 19 92 106
bird 0.0010 16 25 89 68
bottle 0.6590 41 192 109 293
bottle 0.0148 73 170 108 220
bottle 0.0077 42 192 90 250
bottle 0.0066 9 9 148 306
bottle 0.0041 71 173 115 268
bottle 0.0025 -5 172 99 282
bottle 0.0015 41 99 128 243
bottle 0.0015 88 212 117 254
bottle 0.0013 73 178 98 213
chair 0.0018 9 7 162 309
chair 0.0012 483 28 500 66
pottedplant 0.0019 400 0 499 182
diningtable 0.0038 9 9 148 306
diningtable 0.0014 40 191 107 291
tvmonitor 0.0012 1 4 171 305
