person 0.8876 151 203 331 373
person 0.7552 0 41 241 371
person 0.6985 225 108 494 370
person 0.0254 11 87 475 373
person 0.0084 432 281 500 372
person 0.0065 321 0 500 368
person 0.0053 4 202 381 375
person 0.0028 434 0 500 83
person 0.0025 223 96 375 352
person 0.0017 187 291 295 335
person 0.0015 90 257 413 377
person 0.0015 0 83 46 230
person 0.0013 222 313 252 343
person 0.0013 0 165 9 228
chair 0.0858 321 -1 501 157
chair 0.0625 150 77 270 206
chair 0.0195 431 1 500 133
chair 0.0100 5 53 323 369
chair 0.0088 321 0 500 368
chair 0.0067 0 78 46 231
chair 0.0055 411 285 499 374
chair 0.0052 1 70 301 218
chair 0.0040 0 165 9 228
chair 0.0029 55 70 473 226
chair 0.0023 451 277 499 370
chair 0.0022 481 51 499 131
chair 0.0016 124 74 305 262
chair 0.0013 456 31 499 134
chair 0.0013 259 354 293 374
chair 0.0012 224 107 495 371
sofa 0.1389 11 87 475 373
sofa 0.0431 411 285 499 374
sofa 0.0389 0 41 241 371
sofa 0.0278 149 76 271 205
sofa 0.0146 0 69 303 220
sofa 0.0142 0 80 46 229
sofa 0.0135 451 277 499 370
sofa 0.0122 249 118 500 371
sofa 0.0094 4 202 381 375
sofa 0.0073 328 -3 502 163
sofa 0.0071 148 200 321 371
sofa 0.0029 90 257 413 377
sofa 0.0020 431 1 500 133
sofa 0.0018 145 295 314 361
sofa 0.0018 107 70 322 270
sofa 0.0016 200 295 283 352
sofa 0.0015 51 60 470 215
sofa 0.0013 171 110 414 371
sofa 0.0012 212 302 268 345
diningtable 0.0201 412 286 499 374
diningtable 0.0041 455 285 499 369
diningtable 0.0024 325 0 493 142
diningtable 0.0015 0 80 46 229
