person 0.0033 243 263 268 281
person 0.0031 284 259 302 275
person 0.0029 231 270 240 279
car 0.8631 243 263 268 281
car 0.7880 284 259 303 275
car 0.0566 231 270 241 279
car 0.0351 116 269 141 277
car 0.0110 290 252 300 258
car 0.0106 230 267 247 279
car 0.0073 255 264 269 279
car 0.0072 277 263 287 270
car 0.0054 265 266 275 279
car 0.0051 279 259 294 273
car 0.0047 270 258 296 277
car 0.0040 260 265 267 275
car 0.0026 280 261 289 274
car 0.0026 268 265 283 277
car 0.0022 223 272 235 279
car 0.0020 293 250 306 256
car 0.0019 227 272 235 278
car 0.0019 301 257 312 267
car 0.0018 234 264 246 276
car 0.0016 280 259 289 267
car 0.0016 352 257 368 274
car 0.0014 217 274 230 281
car 0.0014 4 199 427 363
car 0.0012 240 264 252 275
car 0.0011 317 251 333 259
car 0.0011 293 259 304 272
car 0.0010 210 278 220 284
motorbike 0.0031 284 259 302 275
motorbike 0.0017 231 270 241 279
bus 0.0032 284 259 302 275
bus 0.0011 244 262 268 282
boat 0.0011 116 269 141 277
dog 0.0012 117 269 140 277
sheep 0.0176 116 269 140 277
sheep 0.0016 231 270 241 279
sheep 0.0010 353 258 367 273
cow 0.0111 117 269 140 277
cow 0.0041 231 270 241 279
cow 0.0010 352 257 368 274
