person 0.0021 429 61 441 71
person 0.0018 454 62 461 72
person 0.0017 397 74 406 81
person 0.0016 448 61 459 72
person 0.0016 405 74 412 80
person 0.0013 426 60 435 72
person 0.0011 396 73 403 80
person 0.0010 3 144 9 149
person 0.0010 24 80 29 84
person 0.0010 412 63 428 79
car 0.0034 0 108 10 119
car 0.0030 1 134 21 143
car 0.0024 1 141 13 148
car 0.0022 0 113 6 123
car 0.0021 1 143 10 149
car 0.0015 0 114 14 123
car 0.0013 0 128 19 141
car 0.0013 33 96 56 101
car 0.0011 0 130 6 138
bus 0.0013 0 133 33 145
train 0.7425 27 46 493 152
train 0.0415 0 133 32 145
train 0.0289 31 80 431 142
train 0.0234 0 120 32 146
train 0.0065 315 47 493 157
train 0.0064 1 134 21 143
train 0.0063 0 98 10 123
train 0.0061 0 107 10 120
train 0.0054 0 100 7 116
train 0.0047 32 95 57 102
train 0.0046 3 92 17 109
train 0.0045 5 126 28 144
train 0.0044 3 116 27 137
train 0.0044 0 93 12 116
train 0.0030 0 128 19 141
train 0.0028 0 93 7 111
train 0.0025 43 95 60 101
train 0.0025 1 141 13 148
train 0.0025 8 118 21 135
train 0.0023 0 112 15 124
train 0.0023 0 112 7 123
train 0.0023 9 92 18 106
train 0.0021 0 101 30 144
train 0.0019 55 91 240 124
train 0.0015 8 91 298 137
train 0.0013 54 95 60 100
train 0.0011 52 94 62 101
train 0.0011 1 132 31 156
train 0.0011 0 92 18 134
train 0.0010 0 130 8 139
train 0.0010 47 93 84 102
