person 0.0331 104 203 244 440
person 0.0023 314 207 320 217
person 0.0015 315 206 328 220
bicycle 0.0060 106 204 244 452
car 0.0427 105 203 242 456
car 0.0105 119 191 236 227
car 0.0085 161 192 185 205
car 0.0042 147 191 198 207
car 0.0031 120 192 235 285
car 0.0030 154 192 233 218
car 0.0030 106 282 240 406
car 0.0027 159 323 196 359
car 0.0026 107 202 132 212
car 0.0026 337 218 351 224
motorbike 0.0404 106 203 243 442
bus 0.0036 105 203 242 456
train 0.0032 106 204 244 452
dog 0.0065 105 203 242 456
bottle 0.0010 105 203 242 456
