person 0.1450 160 21 170 32
person 0.0139 37 81 44 93
person 0.0049 138 22 145 31
person 0.0033 224 159 238 175
person 0.0027 491 107 499 123
person 0.0026 494 107 500 115
person 0.0025 154 21 160 31
person 0.0022 191 151 238 177
person 0.0019 22 20 29 30
person 0.0018 492 82 499 121
car 0.8960 192 151 238 177
car 0.0536 492 108 500 121
car 0.0347 494 107 500 115
car 0.0187 340 78 355 84
car 0.0173 327 74 342 80
car 0.0170 332 77 349 83
car 0.0164 342 80 360 86
car 0.0134 361 85 383 92
car 0.0127 355 84 376 91
car 0.0109 309 67 325 73
car 0.0102 351 82 371 89
car 0.0102 346 81 362 88
car 0.0098 134 100 147 106
car 0.0091 301 66 312 72
car 0.0088 369 87 387 93
car 0.0081 298 64 311 70
car 0.0077 293 62 302 68
car 0.0068 314 69 330 75
car 0.0064 319 72 339 78
car 0.0064 431 100 438 107
car 0.0063 294 63 308 69
car 0.0056 275 73 293 81
car 0.0052 359 86 374 92
car 0.0051 281 60 300 66
car 0.0047 222 159 237 175
car 0.0044 255 73 289 83
car 0.0028 318 70 335 76
car 0.0027 216 153 238 176
car 0.0022 306 67 313 72
car 0.0019 325 73 336 79
car 0.0016 353 82 385 93
car 0.0015 160 21 170 32
car 0.0015 177 148 251 199
car 0.0014 491 97 499 117
car 0.0014 284 75 296 82
car 0.0013 287 97 295 105
car 0.0012 486 107 500 123
car 0.0012 344 79 375 91
aeroplane 0.0070 492 108 500 121
aeroplane 0.0051 404 156 499 176
aeroplane 0.0022 492 106 500 115
bus 0.0031 492 108 500 121
bus 0.0015 494 107 500 115
bus 0.0012 191 151 238 177
train 0.0021 492 108 500 122
train 0.0015 3 11 163 36
train 0.0010 402 156 499 175
train 0.0010 492 106 500 115
boat 0.0090 492 108 500 121
boat 0.0040 494 107 500 115
boat 0.0019 190 152 237 176
chair 0.0017 37 83 44 93
