person 0.6236 0 61 41 121
person 0.5092 53 60 117 148
person 0.4785 133 71 183 95
person 0.3661 49 68 66 112
person 0.1301 61 55 119 228
person 0.0593 97 69 185 214
person 0.0559 40 66 56 100
person 0.0508 49 63 95 114
person 0.0478 0 46 13 71
person 0.0445 0 61 19 109
person 0.0403 150 68 158 78
person 0.0359 114 68 147 93
person 0.0346 42 66 54 87
person 0.0307 0 69 38 162
person 0.0303 43 66 64 95
person 0.0283 140 70 175 88
person 0.0280 135 68 161 89
person 0.0267 148 63 159 78
person 0.0264 364 241 400 297
person 0.0236 384 281 399 299
person 0.0206 38 69 61 112
person 0.0197 13 81 41 121
person 0.0171 95 68 106 80
person 0.0166 212 41 309 82
person 0.0165 376 12 399 35
person 0.0162 374 12 400 60
person 0.0156 109 62 126 90
person 0.0139 65 72 76 94
person 0.0137 157 72 182 97
person 0.0136 219 43 268 79
person 0.0125 363 240 398 266
person 0.0125 49 77 72 121
person 0.0124 115 67 130 90
person 0.0121 123 75 168 99
person 0.0114 149 71 163 85
person 0.0112 56 128 96 167
person 0.0105 0 122 57 163
person 0.0097 86 63 267 219
person 0.0095 41 66 51 78
person 0.0092 155 66 189 91
person 0.0088 54 68 70 95
person 0.0086 61 59 115 111
person 0.0081 136 74 154 91
person 0.0077 260 43 333 83
person 0.0075 382 253 399 298
person 0.0073 14 63 44 111
person 0.0072 0 89 18 121
person 0.0070 0 86 31 139
person 0.0069 157 58 214 93
person 0.0066 141 67 157 80
person 0.0066 0 60 34 98
person 0.0064 0 46 25 92
person 0.0063 152 73 175 93
person 0.0061 54 69 77 112
person 0.0057 107 58 121 85
person 0.0056 367 12 399 96
person 0.0050 130 85 169 98
person 0.0048 107 65 154 100
person 0.0048 0 83 16 109
person 0.0047 0 59 9 104
person 0.0046 64 63 81 95
person 0.0045 97 65 112 81
person 0.0043 39 67 94 161
person 0.0043 10 99 75 154
person 0.0042 108 70 119 91
person 0.0041 136 69 150 88
person 0.0040 14 61 29 83
person 0.0039 373 62 399 90
person 0.0039 97 68 115 89
person 0.0038 150 55 169 79
person 0.0038 125 65 192 122
person 0.0036 92 85 140 224
person 0.0035 59 135 89 160
person 0.0034 0 116 31 163
person 0.0033 126 67 146 88
person 0.0033 161 71 182 88
person 0.0033 24 70 40 105
person 0.0033 71 108 118 215
person 0.0032 53 95 104 183
person 0.0032 376 273 400 298
person 0.0031 83 64 141 106
person 0.0030 101 72 174 104
person 0.0029 263 41 354 163
person 0.0029 203 73 262 97
person 0.0028 31 83 60 123
person 0.0028 0 79 19 170
person 0.0027 150 50 161 73
person 0.0027 35 71 53 93
person 0.0027 91 63 110 89
person 0.0026 43 57 162 255
person 0.0026 393 63 399 81
person 0.0026 158 64 177 76
person 0.0025 1 69 69 167
person 0.0023 352 57 374 92
person 0.0023 388 289 400 300
person 0.0022 126 74 151 97
person 0.0022 27 65 47 91
person 0.0022 117 58 262 136
person 0.0021 112 58 135 83
person 0.0021 12 71 294 293
bicycle 0.0010 216 41 331 84
car 0.0322 135 71 183 95
car 0.0179 156 56 212 88
car 0.0092 116 67 142 90
car 0.0065 164 283 247 296
car 0.0058 149 65 194 92
car 0.0046 45 34 339 187
car 0.0035 178 62 240 95
car 0.0030 218 41 269 82
car 0.0028 193 56 214 84
car 0.0025 39 68 58 104
car 0.0024 101 25 275 100
car 0.0022 95 62 313 232
car 0.0020 133 49 224 91
car 0.0020 49 68 66 109
car 0.0018 45 6 376 111
car 0.0016 205 57 313 170
car 0.0016 160 273 256 296
car 0.0015 203 73 262 97
car 0.0015 220 41 333 83
car 0.0013 3 164 382 297
car 0.0012 34 70 54 94
car 0.0010 117 58 262 136
aeroplane 0.0013 2 144 380 296
bus 0.0019 154 53 216 91
bus 0.0017 135 71 183 95
bus 0.0015 18 -3 403 91
bus 0.0015 45 34 339 187
bus 0.0013 95 62 313 232
bus 0.0010 10 163 404 298
train 0.0026 3 164 382 297
boat 0.0154 2 144 380 296
bird 0.0371 265 43 332 82
bird 0.0045 280 54 329 81
bird 0.0021 92 61 302 222
bird 0.0018 209 57 315 165
bird 0.0015 261 71 313 162
bird 0.0014 244 185 268 213
cat 0.0019 260 43 333 83
dog 0.0279 221 41 332 82
dog 0.0033 207 42 327 162
dog 0.0018 96 64 299 216
dog 0.0010 268 42 333 77
horse 0.0042 96 64 311 230
horse 0.0028 221 41 332 82
horse 0.0012 51 51 366 298
sheep 0.3969 217 41 331 84
sheep 0.0637 98 65 309 226
sheep 0.0352 207 42 327 162
sheep 0.0239 220 43 267 79
sheep 0.0177 265 48 332 83
sheep 0.0146 202 76 261 97
sheep 0.0113 191 30 319 253
sheep 0.0099 76 27 371 258
sheep 0.0081 250 66 318 164
sheep 0.0049 199 51 319 112
sheep 0.0045 241 46 306 82
sheep 0.0043 192 79 301 164
sheep 0.0043 199 49 273 95
sheep 0.0030 270 60 344 167
sheep 0.0029 148 33 319 99
sheep 0.0028 255 41 323 75
sheep 0.0020 202 75 290 105
sheep 0.0019 272 80 311 163
sheep 0.0016 260 41 338 103
sheep 0.0016 178 62 240 95
sheep 0.0013 209 9 358 88
cow 0.0457 217 41 331 84
cow 0.0106 90 69 316 245
cow 0.0057 264 44 334 89
cow 0.0049 207 42 327 162
cow 0.0019 61 50 387 306
cow 0.0019 220 43 267 79
cow 0.0018 202 76 261 97
cow 0.0018 250 66 318 164
cow 0.0016 263 41 354 163
cow 0.0012 300 68 347 165
cow 0.0012 245 184 268 213
cow 0.0011 191 30 319 253
bottle 0.0012 38 104 52 119
chair 0.0172 53 59 117 211
chair 0.0148 0 136 35 164
chair 0.0148 59 135 89 159
chair 0.0119 0 124 56 162
chair 0.0073 0 152 36 202
chair 0.0063 56 128 96 167
chair 0.0060 116 67 143 90
chair 0.0058 0 138 56 203
chair 0.0057 22 131 61 163
chair 0.0048 0 130 39 183
chair 0.0045 3 123 123 216
chair 0.0045 1 128 86 186
chair 0.0043 0 104 19 121
chair 0.0041 0 140 21 163
chair 0.0036 0 69 38 162
chair 0.0032 90 69 316 245
chair 0.0032 0 119 30 158
chair 0.0028 0 86 31 139
chair 0.0027 10 115 77 162
chair 0.0023 359 174 398 213
chair 0.0021 38 69 61 112
chair 0.0019 49 132 74 162
chair 0.0018 132 71 184 95
chair 0.0017 65 138 87 154
chair 0.0016 0 61 41 121
chair 0.0016 0 168 28 198
chair 0.0016 48 74 67 120
chair 0.0015 115 89 129 99
chair 0.0015 346 130 399 183
chair 0.0015 119 89 136 98
chair 0.0015 0 148 13 163
chair 0.0015 27 116 57 159
chair 0.0014 0 118 25 136
chair 0.0014 0 93 18 151
chair 0.0013 0 156 14 194
chair 0.0013 61 50 387 306
chair 0.0013 53 95 104 183
chair 0.0013 191 30 319 253
chair 0.0012 0 145 14 179
chair 0.0012 33 88 58 120
chair 0.0012 33 135 52 161
chair 0.0012 0 136 132 273
chair 0.0011 51 126 98 204
chair 0.0011 0 89 19 121
chair 0.0010 29 103 59 125
chair 0.0010 216 39 332 77
chair 0.0010 2 106 63 146
chair 0.0010 20 139 45 162
chair 0.0010 310 152 398 213
diningtable 0.0475 0 124 56 162
diningtable 0.0200 53 59 117 211
diningtable 0.0176 0 67 42 160
diningtable 0.0160 10 115 77 162
diningtable 0.0160 1 128 86 186
diningtable 0.0089 2 106 63 146
diningtable 0.0069 3 126 123 211
diningtable 0.0056 22 127 63 163
diningtable 0.0053 0 132 32 163
diningtable 0.0045 38 69 59 111
diningtable 0.0042 59 135 89 159
diningtable 0.0035 50 128 97 177
diningtable 0.0027 0 119 32 137
diningtable 0.0027 29 103 59 125
diningtable 0.0024 17 98 90 153
diningtable 0.0023 23 115 62 138
diningtable 0.0020 21 91 68 137
diningtable 0.0020 0 134 50 197
diningtable 0.0018 3 111 61 132
diningtable 0.0017 45 68 67 113
diningtable 0.0016 31 87 59 121
diningtable 0.0016 38 104 53 120
diningtable 0.0015 9 158 102 209
diningtable 0.0014 26 112 67 153
diningtable 0.0014 32 85 53 109
diningtable 0.0014 30 114 62 129
diningtable 0.0012 117 68 146 93
diningtable 0.0010 2 141 63 168
diningtable 0.0010 0 117 22 129
