person 0.0044 1 21 372 384
person 0.0014 485 97 499 354
bird 0.0012 5 26 353 384
dog 0.0209 5 26 353 384
dog 0.0018 106 17 500 393
horse 0.6767 1 21 372 384
horse 0.0050 74 164 418 391
horse 0.0042 0 75 159 306
horse 0.0021 113 2 499 386
cow 0.0053 5 26 353 384
bottle 0.0105 283 307 329 386
bottle 0.0037 281 302 312 366
bottle 0.0020 280 309 303 348
bottle 0.0017 285 325 312 356
bottle 0.0011 295 341 332 391
chair 0.0045 0 0 88 91
chair 0.0016 485 263 499 384
chair 0.0011 9 -1 163 93
chair 0.0010 485 176 500 332
diningtable 0.0039 0 0 87 91
diningtable 0.0010 0 0 71 56
