person 0.0430 484 183 500 198
person 0.0127 247 229 253 249
person 0.0114 415 174 500 210
person 0.0065 466 179 499 199
person 0.0041 240 230 254 252
person 0.0037 475 184 497 200
person 0.0033 453 181 500 278
person 0.0025 487 220 500 283
person 0.0023 387 170 499 281
person 0.0021 468 185 499 215
person 0.0020 226 232 239 255
person 0.0018 485 197 499 242
person 0.0017 0 215 29 240
person 0.0016 490 204 499 225
person 0.0015 485 184 500 214
person 0.0014 480 217 486 222
person 0.0013 227 201 240 225
person 0.0011 480 213 489 224
person 0.0010 482 177 500 206
person 0.0010 469 218 487 223
car 0.7014 387 170 499 281
car 0.5663 0 215 30 239
car 0.5484 0 216 55 274
car 0.0421 488 218 500 278
car 0.0155 4 209 90 273
car 0.0138 413 172 500 229
car 0.0124 0 225 12 240
car 0.0111 477 209 500 281
car 0.0101 0 217 9 238
car 0.0084 0 223 20 245
car 0.0062 457 201 500 281
car 0.0062 430 171 499 200
car 0.0057 21 197 92 248
car 0.0048 15 187 159 261
car 0.0043 467 179 499 199
car 0.0040 479 183 499 200
car 0.0036 0 217 25 254
car 0.0032 12 138 162 249
car 0.0030 277 199 319 230
car 0.0027 27 200 62 216
car 0.0023 18 202 73 235
car 0.0018 22 194 86 219
car 0.0018 1 214 55 240
car 0.0017 226 204 240 223
car 0.0015 0 215 6 233
car 0.0015 392 170 496 207
car 0.0014 427 168 503 187
car 0.0014 491 230 499 264
car 0.0013 0 138 149 199
car 0.0013 27 210 125 268
car 0.0013 18 228 70 274
car 0.0013 58 202 98 254
car 0.0012 0 212 5 223
car 0.0012 13 216 33 237
car 0.0011 155 194 260 249
car 0.0011 0 226 21 275
car 0.0011 398 209 494 268
car 0.0010 16 182 119 230
car 0.0010 447 181 495 200
car 0.0010 0 227 8 243
car 0.0010 0 232 46 287
bus 0.0035 388 171 499 277
bus 0.0026 7 133 162 208
bus 0.0015 0 215 29 239
bus 0.0012 0 216 55 274
train 0.0056 3 109 163 200
train 0.0026 0 13 166 197
train 0.0014 154 190 270 245
train 0.0012 12 139 162 251
boat 0.0019 155 194 260 249
pottedplant 0.0034 0 1 87 57
pottedplant 0.0015 1 2 84 147
