person 0.6041 1 61 307 396
person 0.3055 196 -5 497 393
person 0.0834 288 161 388 270
person 0.0267 290 183 353 248
person 0.0237 194 120 445 300
person 0.0134 340 11 500 392
person 0.0119 73 134 383 305
person 0.0111 196 188 357 256
person 0.0096 254 202 318 249
person 0.0090 401 0 449 22
person 0.0053 400 0 498 24
person 0.0051 290 182 352 215
person 0.0049 21 265 278 397
person 0.0049 22 106 504 410
person 0.0044 275 5 495 260
person 0.0041 198 197 246 239
person 0.0036 161 265 240 397
person 0.0028 286 78 447 339
person 0.0023 0 271 6 301
person 0.0022 68 245 404 398
person 0.0014 341 243 456 394
person 0.0012 322 76 496 233
person 0.0011 309 179 451 271
person 0.0011 0 84 39 355
bicycle 0.0015 165 264 237 397
bottle 0.8335 166 266 237 397
bottle 0.0241 6 267 301 396
bottle 0.0088 255 204 315 248
bottle 0.0070 167 340 236 398
bottle 0.0070 197 199 246 241
bottle 0.0028 146 259 277 389
bottle 0.0028 177 267 221 351
bottle 0.0022 1 44 418 399
bottle 0.0013 73 134 383 305
bottle 0.0013 196 188 357 256
bottle 0.0012 134 315 265 397
bottle 0.0011 285 192 332 249
bottle 0.0010 253 203 283 243
chair 0.0193 72 236 418 395
chair 0.0034 5 266 305 396
chair 0.0020 0 59 307 397
chair 0.0016 166 266 238 398
chair 0.0011 198 245 370 391
chair 0.0011 282 1 503 395
sofa 0.0014 72 236 418 395
diningtable 0.0124 103 237 456 397
diningtable 0.0065 161 265 240 397
diningtable 0.0053 2 33 520 386
diningtable 0.0012 8 267 300 397
diningtable 0.0012 116 86 471 333
tvmonitor 0.0011 100 238 440 397
