person 0.3187 224 126 243 141
person 0.3114 268 127 286 143
person 0.0240 281 128 294 144
person 0.0224 202 105 310 193
person 0.0204 264 126 295 145
person 0.0175 276 125 292 143
person 0.0098 234 127 254 141
person 0.0089 228 126 286 144
person 0.0044 223 114 306 168
person 0.0041 242 129 260 142
person 0.0037 218 115 248 150
person 0.0031 247 129 294 151
person 0.0030 266 120 292 155
person 0.0028 217 126 231 142
person 0.0022 286 125 306 147
person 0.0016 259 125 285 141
person 0.0016 292 125 308 141
person 0.0014 250 129 264 142
person 0.0013 284 125 301 141
person 0.0012 264 120 323 152
person 0.0010 278 132 291 145
car 0.3430 199 112 309 207
car 0.0352 297 126 313 138
car 0.0183 281 127 303 143
car 0.0058 270 127 288 144
car 0.0053 267 123 302 144
car 0.0025 160 180 201 201
car 0.0024 292 125 308 141
car 0.0018 300 126 326 138
car 0.0013 223 114 306 168
car 0.0011 223 127 241 143
car 0.0010 228 126 286 144
motorbike 0.0020 199 112 309 207
bus 0.0456 200 110 310 207
train 0.0067 200 110 310 207
boat 0.0028 200 110 310 207
pottedplant 0.0041 0 129 60 202
