person 0.8687 9 112 295 374
person 0.8569 255 151 381 370
person 0.0113 104 130 408 371
person 0.0023 254 238 276 278
person 0.0022 495 33 500 57
person 0.0020 266 269 298 295
person 0.0018 235 187 330 349
person 0.0015 329 300 367 361
person 0.0011 254 169 369 287
bicycle 0.0014 304 25 494 364
bird 0.0051 481 70 499 102
bird 0.0037 477 180 499 208
bird 0.0010 469 74 500 141
bottle 0.0523 329 300 368 362
bottle 0.0011 265 274 311 341
bottle 0.0011 332 355 372 372
chair 0.0041 417 246 499 372
chair 0.0028 1 256 110 371
pottedplant 0.3389 303 15 502 352
pottedplant 0.0319 340 26 499 233
pottedplant 0.0106 384 41 444 78
pottedplant 0.0074 370 73 496 381
pottedplant 0.0052 460 54 500 228
pottedplant 0.0047 425 221 499 255
pottedplant 0.0039 366 23 450 174
pottedplant 0.0033 475 177 500 210
pottedplant 0.0032 297 40 446 249
pottedplant 0.0031 348 120 495 269
pottedplant 0.0021 437 162 501 244
pottedplant 0.0021 415 19 500 333
pottedplant 0.0013 420 196 499 298
pottedplant 0.0013 382 43 443 113
pottedplant 0.0013 463 102 498 165
pottedplant 0.0013 469 74 500 141
pottedplant 0.0013 461 116 495 148
pottedplant 0.0011 311 83 410 178
diningtable 0.0129 417 246 499 372
diningtable 0.0010 330 300 370 365
