person 0.1196 430 159 457 226
person 0.0204 425 165 447 227
person 0.0107 441 161 465 183
person 0.0072 310 115 320 126
person 0.0057 435 155 467 211
person 0.0055 89 147 120 192
person 0.0034 430 191 446 226
person 0.0033 89 157 105 178
person 0.0031 89 143 108 178
person 0.0028 305 112 321 127
person 0.0021 0 136 7 142
person 0.0019 295 113 310 126
person 0.0016 422 157 491 220
person 0.0016 80 138 132 198
person 0.0014 89 157 114 185
person 0.0014 46 130 205 256
person 0.0013 88 159 100 175
person 0.0011 434 174 457 194
person 0.0010 72 128 153 184
car 0.0443 440 161 462 179
car 0.0133 431 157 461 224
car 0.0098 436 158 475 195
car 0.0097 441 159 499 183
car 0.0065 0 136 7 142
car 0.0036 437 162 461 188
car 0.0031 438 158 456 174
car 0.0024 444 163 468 185
car 0.0023 0 136 17 143
car 0.0019 434 158 485 218
car 0.0018 442 158 461 169
aeroplane 0.5210 31 107 496 297
aeroplane 0.0173 252 72 501 178
aeroplane 0.0091 274 74 498 132
aeroplane 0.0074 439 159 498 189
aeroplane 0.0031 433 159 500 218
aeroplane 0.0029 429 160 459 226
aeroplane 0.0016 148 61 499 252
aeroplane 0.0014 440 161 465 183
aeroplane 0.0013 455 154 500 174
train 0.0010 31 107 496 297
boat 0.3973 31 107 496 297
boat 0.0017 29 198 496 328
boat 0.0013 66 133 191 180
bird 0.0048 0 169 12 177
chair 0.0063 89 147 120 192
chair 0.0039 88 156 109 194
chair 0.0029 88 159 106 182
chair 0.0026 -1 138 27 170
chair 0.0011 80 138 132 198
chair 0.0010 88 162 100 177
diningtable 0.0018 0 138 25 169
diningtable 0.0017 0 129 44 170
diningtable 0.0011 21 133 101 179
