person 0.0275 281 149 299 166
person 0.0250 126 150 141 163
person 0.0160 119 145 141 161
person 0.0123 458 194 488 212
person 0.0111 110 145 133 161
person 0.0086 107 147 122 162
person 0.0058 353 112 365 140
person 0.0054 489 188 499 209
person 0.0051 320 148 344 168
person 0.0046 292 147 316 166
person 0.0041 469 198 485 212
person 0.0041 29 134 36 144
person 0.0026 313 147 337 167
person 0.0025 130 150 149 162
person 0.0021 450 193 480 208
person 0.0019 0 206 28 226
person 0.0018 42 133 228 224
person 0.0018 260 155 274 165
person 0.0017 276 144 306 164
person 0.0016 292 146 354 168
person 0.0016 296 156 312 166
person 0.0015 488 201 500 213
person 0.0014 137 148 152 162
person 0.0014 227 139 453 237
person 0.0013 463 186 479 195
person 0.0013 450 192 463 206
person 0.0012 109 140 150 169
person 0.0012 266 152 301 167
person 0.0012 457 185 482 197
person 0.0011 188 151 203 167
person 0.0011 149 146 164 163
person 0.0011 288 157 301 167
person 0.0011 4 154 48 224
person 0.0011 81 137 165 159
person 0.0010 318 149 332 167
person 0.0010 269 153 283 166
person 0.0010 0 209 6 223
bicycle 0.0398 0 199 30 226
bicycle 0.0224 0 170 44 226
bicycle 0.0037 3 195 47 226
bicycle 0.0017 489 188 500 210
bicycle 0.0012 24 187 59 223
car 0.9061 43 134 234 231
car 0.8923 227 139 452 237
car 0.6556 451 194 485 211
car 0.1769 449 193 473 208
car 0.0790 450 192 463 206
car 0.0667 489 188 499 209
car 0.0257 460 193 488 205
car 0.0195 0 193 32 226
car 0.0186 465 191 496 210
car 0.0168 0 170 44 226
car 0.0158 445 193 459 207
car 0.0150 470 194 489 212
car 0.0087 440 190 453 203
car 0.0073 188 151 202 167
car 0.0072 446 190 458 197
car 0.0059 440 193 455 208
car 0.0055 440 188 452 196
car 0.0054 457 200 482 213
car 0.0049 449 190 471 198
car 0.0049 490 203 499 212
car 0.0047 450 187 479 200
car 0.0042 473 191 493 205
car 0.0040 0 130 54 213
car 0.0034 12 139 105 225
car 0.0033 12 74 436 180
car 0.0029 474 200 487 212
car 0.0026 53 139 217 193
car 0.0025 457 185 482 197
car 0.0022 3 117 78 188
car 0.0019 452 200 475 211
car 0.0019 0 144 20 224
car 0.0016 463 186 479 195
car 0.0016 0 206 26 225
car 0.0016 0 123 13 211
car 0.0013 23 108 445 249
car 0.0013 3 148 49 182
car 0.0012 3 127 74 151
car 0.0012 244 144 344 204
car 0.0012 0 238 47 277
car 0.0012 467 188 487 199
car 0.0012 0 146 6 159
car 0.0011 283 149 300 167
car 0.0011 471 189 484 197
car 0.0011 28 133 37 144
car 0.0010 443 184 478 211
car 0.0010 2 149 29 207
motorbike 0.0284 0 197 30 227
motorbike 0.0084 0 170 44 226
bus 0.0326 489 188 499 207
bus 0.0042 12 74 436 180
bus 0.0015 453 194 487 209
bus 0.0015 490 176 499 204
train 0.0060 12 74 436 180
train 0.0012 489 188 499 208
boat 0.0011 489 188 499 209
dog 0.0012 0 240 38 279
dog 0.0010 0 253 15 277
chair 0.0033 489 188 500 210
chair 0.0017 0 204 29 226
chair 0.0012 0 146 49 224
pottedplant 0.0020 0 153 38 227
pottedplant 0.0018 0 193 32 226
pottedplant 0.0015 489 188 500 210
