person 0.9392 187 34 391 369
person 0.0071 420 176 448 203
person 0.0023 51 -8 333 371
person 0.0016 319 19 333 37
person 0.0016 66 7 292 143
person 0.0013 323 11 494 383
bus 0.0011 76 4 288 139
bird 0.0010 420 176 448 203
cat 0.0026 419 178 448 202
dog 0.0023 420 178 448 202
bottle 0.0010 320 20 333 38
chair 0.0078 351 52 458 152
chair 0.0038 445 9 499 228
chair 0.0010 192 32 463 371
sofa 0.0018 194 30 466 370
sofa 0.0016 351 52 458 152
diningtable 0.0017 245 136 473 368
diningtable 0.0016 445 9 499 228
tvmonitor 0.0078 74 18 250 137
tvmonitor 0.0045 110 156 281 360
tvmonitor 0.0023 186 34 383 369
tvmonitor 0.0015 442 5 499 224
