person 0.0155 48 96 190 231
person 0.0019 495 201 500 227
person 0.0015 73 91 136 205
person 0.0010 59 51 354 228
bicycle 0.0020 52 81 193 223
bird 0.0012 496 200 500 227
dog 0.0037 48 102 187 231
horse 0.9031 65 56 351 225
horse 0.6949 48 100 187 232
horse 0.0067 48 88 136 193
horse 0.0061 81 82 247 231
horse 0.0060 70 82 201 190
horse 0.0058 0 146 6 162
horse 0.0032 97 91 165 229
horse 0.0029 42 48 348 133
horse 0.0025 48 122 110 210
horse 0.0023 70 81 175 134
horse 0.0015 49 150 58 182
horse 0.0013 58 168 135 229
horse 0.0010 45 167 98 229
horse 0.0010 64 84 126 153
horse 0.0010 70 88 107 132
sheep 0.0150 47 94 182 231
sheep 0.0021 495 201 500 227
sheep 0.0013 64 57 351 225
cow 0.0351 48 96 190 231
cow 0.0017 64 57 351 225
cow 0.0010 495 201 500 227
