person 0.8993 288 203 324 295
person 0.8945 254 202 288 320
person 0.8773 436 186 486 312
person 0.8543 190 201 226 305
person 0.8125 337 207 360 269
person 0.3371 255 203 324 303
person 0.1778 189 241 203 287
person 0.0861 187 204 203 296
person 0.0356 309 207 325 284
person 0.0347 159 252 174 287
person 0.0317 346 214 362 260
person 0.0303 468 231 491 312
person 0.0301 302 182 319 215
person 0.0149 482 232 500 307
person 0.0123 313 220 325 247
person 0.0117 214 207 240 232
person 0.0111 223 233 253 256
person 0.0110 338 215 351 247
person 0.0087 151 183 201 242
person 0.0069 219 203 249 235
person 0.0066 276 176 296 220
person 0.0060 351 222 362 239
person 0.0060 426 228 437 268
person 0.0057 338 210 359 240
person 0.0051 228 216 243 232
person 0.0050 427 231 435 255
person 0.0049 212 214 227 258
person 0.0048 297 197 325 239
person 0.0044 283 223 295 257
person 0.0043 186 243 198 281
person 0.0041 490 231 500 294
person 0.0037 216 212 240 255
person 0.0034 313 221 324 276
person 0.0033 477 230 492 297
person 0.0031 139 182 203 301
person 0.0031 213 205 230 245
person 0.0029 267 119 290 155
person 0.0028 286 220 311 292
person 0.0027 464 192 500 308
person 0.0027 200 224 224 273
person 0.0021 284 180 320 229
person 0.0021 344 223 361 242
person 0.0021 230 146 252 193
person 0.0020 234 219 247 238
person 0.0020 276 197 288 219
person 0.0020 227 200 253 222
person 0.0018 308 212 324 244
person 0.0018 429 235 443 275
person 0.0018 491 240 499 275
person 0.0017 437 200 461 296
person 0.0017 351 219 365 251
person 0.0017 473 243 487 280
person 0.0017 230 203 277 264
person 0.0015 349 227 362 245
person 0.0015 192 248 202 279
person 0.0015 293 177 327 220
person 0.0015 18 278 51 322
person 0.0015 305 192 319 221
person 0.0014 426 197 433 221
person 0.0014 236 223 246 234
person 0.0014 189 218 198 261
person 0.0012 297 215 324 248
person 0.0012 411 189 428 223
person 0.0012 109 136 122 158
person 0.0011 261 210 289 281
person 0.0011 487 252 500 308
person 0.0011 414 228 435 274
person 0.0011 264 114 333 158
person 0.0011 332 214 346 261
person 0.0010 419 192 431 223
person 0.0010 494 230 499 238
person 0.0010 436 245 450 275
person 0.0010 -1 229 165 321
person 0.0010 441 260 475 293
person 0.0010 109 121 124 160
person 0.0010 438 201 483 267
person 0.0010 279 225 291 274
bicycle 0.0021 482 228 500 301
bicycle 0.0016 490 231 500 294
car 0.0021 282 227 294 256
car 0.0013 286 204 324 295
car 0.0011 483 229 500 302
bird 0.0017 158 251 174 287
bird 0.0011 268 116 338 158
bird 0.0011 439 76 448 89
dog 0.0010 158 252 175 287
bottle 0.0011 339 209 356 232
chair 0.0135 224 234 257 256
chair 0.0051 216 212 240 255
chair 0.0036 226 201 254 241
chair 0.0027 255 201 288 320
chair 0.0026 221 221 247 258
chair 0.0025 438 264 478 304
chair 0.0024 234 216 247 233
chair 0.0016 356 222 432 275
chair 0.0013 482 232 500 307
chair 0.0011 466 238 487 306
chair 0.0010 228 205 250 230
chair 0.0010 241 231 270 257
chair 0.0010 490 243 500 306
chair 0.0010 190 201 226 303
sofa 0.0014 356 222 432 275
pottedplant 0.2660 228 200 252 218
pottedplant 0.2055 140 182 201 236
pottedplant 0.0558 226 201 254 241
pottedplant 0.0233 220 205 248 233
pottedplant 0.0156 141 175 200 283
pottedplant 0.0087 322 178 341 216
pottedplant 0.0080 136 181 175 230
pottedplant 0.0062 301 181 319 213
pottedplant 0.0048 474 132 500 287
pottedplant 0.0040 454 121 499 226
pottedplant 0.0035 10 22 36 73
pottedplant 0.0032 446 133 498 290
pottedplant 0.0032 212 203 259 263
pottedplant 0.0028 470 154 499 194
pottedplant 0.0028 230 203 277 264
pottedplant 0.0028 234 216 247 233
pottedplant 0.0026 405 184 427 223
pottedplant 0.0025 466 127 499 199
pottedplant 0.0024 173 180 203 232
pottedplant 0.0024 469 153 499 239
pottedplant 0.0023 137 173 160 222
pottedplant 0.0022 190 201 226 303
pottedplant 0.0020 297 197 325 239
pottedplant 0.0020 233 212 252 230
pottedplant 0.0018 157 170 196 227
pottedplant 0.0017 69 114 90 140
pottedplant 0.0017 161 190 187 224
pottedplant 0.0016 224 234 257 256
pottedplant 0.0016 323 180 340 198
pottedplant 0.0016 50 115 240 299
pottedplant 0.0014 103 181 234 300
pottedplant 0.0013 438 98 498 185
pottedplant 0.0013 65 67 91 143
pottedplant 0.0012 276 176 296 221
pottedplant 0.0011 320 190 335 218
pottedplant 0.0011 161 190 196 259
pottedplant 0.0011 214 203 237 228
pottedplant 0.0011 336 206 359 238
pottedplant 0.0010 240 201 288 288
pottedplant 0.0010 238 212 261 234
pottedplant 0.0010 439 126 458 142
pottedplant 0.0010 460 109 499 177
pottedplant 0.0010 96 135 258 250
diningtable 0.0306 224 234 257 256
diningtable 0.0036 356 224 431 275
diningtable 0.0028 -1 229 165 321
diningtable 0.0026 226 201 254 241
diningtable 0.0022 255 201 288 320
diningtable 0.0019 215 212 241 256
diningtable 0.0016 228 205 250 230
diningtable 0.0015 233 218 247 239
diningtable 0.0010 236 218 251 233
