person 0.3101 1 136 183 314
person 0.0935 0 73 494 352
person 0.0133 347 194 463 243
person 0.0132 -1 24 489 234
person 0.0115 129 100 476 246
person 0.0114 111 216 174 267
person 0.0089 6 124 328 330
person 0.0088 81 191 192 286
person 0.0078 362 148 500 243
person 0.0059 10 1 508 122
person 0.0039 281 123 503 241
person 0.0025 218 105 404 137
person 0.0022 186 175 239 218
person 0.0021 136 201 443 317
person 0.0021 0 138 93 302
person 0.0021 470 176 499 238
person 0.0017 196 186 242 212
person 0.0013 147 87 465 171
person 0.0012 472 205 499 234
person 0.0011 316 160 466 249
car 0.0011 192 188 240 208
bird 0.0010 347 194 444 245
cat 0.3348 168 198 459 312
cat 0.0769 347 194 444 245
cat 0.0264 2 125 496 373
cat 0.0069 174 221 263 319
cat 0.0054 144 215 328 322
cat 0.0035 254 179 473 266
cat 0.0035 316 160 466 249
cat 0.0026 53 189 399 344
cat 0.0023 372 209 441 244
cat 0.0013 196 186 242 212
cat 0.0011 0 243 38 300
cat 0.0010 120 108 487 289
dog 0.3834 168 198 459 312
dog 0.0579 351 195 441 245
dog 0.0511 2 125 496 373
dog 0.0036 316 160 466 249
dog 0.0029 254 179 473 266
dog 0.0025 108 107 490 293
dog 0.0016 152 194 272 313
dog 0.0012 196 186 242 212
dog 0.0012 182 209 339 310
dog 0.0012 53 168 327 323
dog 0.0010 186 175 239 218
dog 0.0010 212 136 502 250
bottle 0.0188 121 225 173 266
bottle 0.0061 117 217 194 277
bottle 0.0049 81 191 192 286
bottle 0.0023 4 136 313 319
bottle 0.0017 125 214 173 243
chair 0.0112 3 76 488 345
chair 0.0025 10 1 508 122
sofa 0.1533 3 76 488 345
sofa 0.0286 10 1 508 122
sofa 0.0088 -9 199 498 373
sofa 0.0069 139 202 434 316
sofa 0.0065 -1 24 489 234
sofa 0.0035 0 1 253 158
sofa 0.0013 348 195 444 245
diningtable 0.0016 -1 89 497 353
