person 0.8351 323 156 499 371
person 0.7941 0 134 88 371
person 0.6650 164 112 261 372
person 0.5818 234 156 341 369
person 0.5703 67 140 187 369
person 0.0521 93 146 172 232
person 0.0451 0 134 90 224
person 0.0370 138 102 370 370
person 0.0112 51 116 271 370
person 0.0098 187 183 242 212
person 0.0064 330 195 371 264
person 0.0062 -2 141 166 382
person 0.0051 316 206 333 228
person 0.0046 329 159 435 273
person 0.0030 213 143 369 274
person 0.0027 254 157 328 249
person 0.0020 324 180 418 365
person 0.0019 182 109 255 223
person 0.0019 -1 125 47 379
person 0.0018 2 127 183 263
person 0.0013 166 170 232 294
person 0.0012 332 195 361 220
person 0.0011 193 156 483 303
chair 0.0080 60 329 88 374
chair 0.0013 339 323 434 372
tvmonitor 0.1356 36 71 99 132
tvmonitor 0.0163 44 72 79 123
tvmonitor 0.0091 51 82 85 131
tvmonitor 0.0091 43 80 83 104
tvmonitor 0.0073 73 84 98 123
tvmonitor 0.0061 43 82 67 127
tvmonitor 0.0026 42 95 64 119
tvmonitor 0.0026 53 96 76 120
