person 0.0013 68 114 207 265
bicycle 0.1453 66 112 208 270
bicycle 0.0023 141 137 225 262
bicycle 0.0013 186 150 245 252
car 0.0353 0 34 54 87
car 0.0043 7 53 64 87
car 0.0042 0 59 28 85
car 0.0018 26 45 53 82
car 0.0015 1 42 32 86
car 0.0013 35 55 55 78
car 0.0010 161 54 245 88
motorbike 0.8087 67 108 207 269
motorbike 0.0032 67 113 151 239
motorbike 0.0014 110 123 176 255
motorbike 0.0010 73 122 202 208
bus 0.0077 0 9 54 86
bus 0.0011 0 50 49 88
dog 0.0019 68 114 208 274
horse 0.0025 68 114 208 274
bottle 0.0024 310 239 320 247
bottle 0.0021 316 180 354 316
bottle 0.0020 334 174 368 304
bottle 0.0010 385 268 464 308
chair 0.0500 336 173 376 302
chair 0.0096 381 167 414 295
chair 0.0018 316 170 422 308
chair 0.0016 336 179 357 313
chair 0.0011 391 267 464 306
pottedplant 0.0019 68 114 208 274
