person 0.0160 324 136 346 161
person 0.0155 363 150 388 182
person 0.0045 306 135 349 164
person 0.0041 364 150 387 167
person 0.0039 364 140 388 163
person 0.0038 318 134 338 160
person 0.0023 331 142 353 161
person 0.0022 324 136 339 153
person 0.0020 329 148 347 161
person 0.0019 348 153 397 181
person 0.0018 275 130 285 135
person 0.0015 333 137 365 163
person 0.0014 288 134 378 177
person 0.0014 253 122 258 128
person 0.0011 316 138 330 158
person 0.0010 369 150 403 182
car 0.0365 198 131 432 272
car 0.0023 276 130 286 136
bus 0.0085 198 130 430 272
boat 0.0204 253 122 258 128
boat 0.0045 275 130 285 135
boat 0.0031 276 128 288 136
boat 0.0020 262 131 280 136
boat 0.0017 198 130 431 272
boat 0.0014 260 127 283 135
bird 0.0052 29 144 33 147
bird 0.0033 253 121 258 127
bird 0.0024 18 175 45 187
bird 0.0023 0 204 7 213
bird 0.0019 26 217 39 229
bird 0.0015 22 212 39 227
bird 0.0014 11 208 20 219
bird 0.0012 20 204 38 225
bird 0.0012 12 207 27 222
bird 0.0011 25 220 38 233
dog 0.0017 18 175 45 186
sheep 0.0043 16 175 44 185
cow 0.0011 18 175 45 186
