person 0.9006 277 117 400 368
person 0.8686 130 31 318 367
person 0.2472 451 311 469 346
person 0.0594 441 310 471 354
person 0.0438 393 292 427 355
person 0.0075 457 310 469 330
person 0.0050 105 84 458 370
person 0.0047 445 309 465 342
person 0.0042 393 296 417 338
person 0.0025 395 304 415 328
person 0.0014 438 319 459 347
person 0.0013 454 308 482 359
bird 0.0010 293 60 398 195
cat 0.0020 393 290 428 355
cat 0.0020 293 60 398 195
cat 0.0016 0 321 22 371
cat 0.0013 442 310 472 353
cat 0.0010 451 311 469 346
dog 0.0030 393 292 427 355
dog 0.0026 451 311 470 346
dog 0.0020 0 322 21 371
chair 0.0100 0 206 160 374
chair 0.0023 393 290 429 354
chair 0.0020 7 349 151 375
chair 0.0020 -18 140 442 365
chair 0.0018 0 209 322 371
chair 0.0014 0 273 431 372
chair 0.0013 462 351 495 374
chair 0.0012 126 35 315 373
sofa 0.1555 -18 140 442 365
sofa 0.0857 0 209 324 371
sofa 0.0467 126 35 315 373
sofa 0.0382 0 273 431 372
sofa 0.0346 0 206 160 374
sofa 0.0030 128 227 485 371
sofa 0.0025 5 349 152 374
sofa 0.0012 274 117 397 367
sofa 0.0010 169 308 203 330
pottedplant 0.3999 300 62 399 194
pottedplant 0.0288 288 51 399 293
pottedplant 0.0174 300 63 395 132
pottedplant 0.0018 343 62 406 220
diningtable 0.0010 -16 140 437 365
