person 0.0031 280 0 319 10
person 0.0024 0 411 20 467
person 0.0023 5 182 179 446
car 0.0060 1 184 179 448
cat 0.0013 280 0 320 11
bottle 0.0098 281 0 319 10
bottle 0.0018 298 0 319 10
bottle 0.0013 0 411 20 467
bottle 0.0011 341 0 374 10
bottle 0.0011 281 0 358 16
bottle 0.0011 279 0 306 7
chair 0.0083 0 181 178 446
chair 0.0041 0 411 20 467
sofa 0.0017 0 411 20 467
sofa 0.0011 4 176 370 479
pottedplant 0.0013 279 0 318 11
diningtable 0.0036 -7 171 382 485
tvmonitor 0.7239 0 181 178 444
tvmonitor 0.7148 201 3 348 177
tvmonitor 0.0174 186 144 303 215
tvmonitor 0.0050 159 222 349 390
tvmonitor 0.0049 190 9 362 301
tvmonitor 0.0040 175 147 313 263
tvmonitor 0.0034 279 0 318 11
tvmonitor 0.0033 3 299 164 450
tvmonitor 0.0013 217 169 295 210
tvmonitor 0.0011 340 0 374 10
tvmonitor 0.0011 9 191 369 427
