bicycle 0.0012 52 74 488 265
car 0.0014 24 128 500 361
cat 0.5132 45 75 471 267
cat 0.0122 39 79 240 255
cat 0.0016 24 128 500 361
dog 0.0012 43 73 472 256
chair 0.0517 45 75 471 267
chair 0.0135 0 -3 165 234
chair 0.0046 62 0 197 115
chair 0.0027 23 0 500 154
chair 0.0025 24 128 500 361
chair 0.0017 462 2 499 217
chair 0.0015 272 0 348 139
chair 0.0010 169 0 422 144
sofa 0.0160 24 128 500 361
sofa 0.0049 0 -10 164 233
sofa 0.0022 45 75 471 267
pottedplant 0.0017 -7 4 120 231
diningtable 0.0109 -2 199 500 357
diningtable 0.0015 52 74 488 265
tvmonitor 0.0038 0 0 139 229
