person 0.0035 213 334 318 374
person 0.0012 218 215 310 351
person 0.0012 222 178 341 310
person 0.0011 22 244 293 367
person 0.0011 384 162 435 207
person 0.0011 219 178 228 206
bicycle 0.0048 17 93 110 229
bicycle 0.0024 48 92 110 183
bicycle 0.0020 38 94 90 147
car 0.0224 0 95 70 147
car 0.0125 2 89 106 225
car 0.0090 137 135 183 188
car 0.0061 31 93 91 148
car 0.0059 137 136 181 155
car 0.0056 1 98 61 192
car 0.0041 136 131 238 186
car 0.0036 180 131 239 177
car 0.0032 3 154 55 199
car 0.0031 135 74 245 124
car 0.0031 4 105 50 143
car 0.0025 2 75 56 94
car 0.0022 1 75 63 118
car 0.0022 51 90 108 154
car 0.0015 274 117 297 155
car 0.0014 5 91 61 129
car 0.0014 30 95 68 140
car 0.0013 136 130 188 164
car 0.0011 383 163 436 212
car 0.0011 0 64 111 174
car 0.0010 135 85 242 182
bird 0.0014 121 277 157 295
cat 0.0017 225 334 318 375
dog 0.0036 217 334 319 374
bottle 0.3322 219 178 228 206
bottle 0.0809 383 203 394 222
bottle 0.0390 435 198 452 230
bottle 0.0136 389 202 400 222
bottle 0.0079 385 171 430 225
bottle 0.0075 441 203 455 228
bottle 0.0075 335 170 345 202
bottle 0.0073 379 194 392 219
bottle 0.0066 420 193 456 228
bottle 0.0056 375 194 398 223
bottle 0.0050 467 195 480 208
bottle 0.0046 221 188 233 206
bottle 0.0040 205 189 217 211
bottle 0.0039 448 200 459 221
bottle 0.0038 444 189 452 202
bottle 0.0037 60 192 83 237
bottle 0.0032 343 161 362 186
bottle 0.0030 214 180 225 208
bottle 0.0028 320 168 342 187
bottle 0.0027 436 194 449 212
bottle 0.0027 462 197 485 223
bottle 0.0026 389 191 415 225
bottle 0.0025 330 175 347 208
bottle 0.0024 327 169 344 199
bottle 0.0024 368 191 387 216
bottle 0.0024 121 277 158 296
bottle 0.0020 334 168 344 189
bottle 0.0020 23 237 294 369
bottle 0.0019 396 181 420 221
bottle 0.0018 365 205 388 219
bottle 0.0018 448 203 497 236
bottle 0.0016 410 201 437 221
bottle 0.0014 408 198 422 219
bottle 0.0014 225 181 238 205
bottle 0.0013 360 197 414 230
bottle 0.0013 430 204 445 226
bottle 0.0013 440 188 454 208
bottle 0.0012 375 192 387 206
bottle 0.0012 452 205 463 222
bottle 0.0012 203 199 212 211
bottle 0.0011 172 300 217 329
bottle 0.0011 464 194 473 205
bottle 0.0010 444 190 455 217
bottle 0.0010 433 195 442 214
chair 0.8227 0 213 55 371
chair 0.7609 22 335 193 373
chair 0.7521 218 215 310 352
chair 0.5558 236 194 283 220
chair 0.5490 379 228 459 345
chair 0.1222 379 228 457 289
chair 0.0760 213 334 318 374
chair 0.0724 384 273 452 337
chair 0.0409 227 174 355 319
chair 0.0282 303 182 362 323
chair 0.0215 307 222 360 256
chair 0.0164 274 168 359 289
chair 0.0144 3 224 97 378
chair 0.0144 22 277 209 373
chair 0.0125 219 191 288 238
chair 0.0125 313 197 359 267
chair 0.0124 222 194 304 277
chair 0.0115 383 163 436 212
chair 0.0102 451 246 498 360
chair 0.0101 209 272 318 373
chair 0.0100 252 223 320 377
chair 0.0086 323 227 358 248
chair 0.0081 234 180 290 226
chair 0.0078 234 190 322 222
chair 0.0076 269 210 366 333
chair 0.0075 319 238 374 278
chair 0.0074 240 174 339 226
chair 0.0073 2 207 63 230
chair 0.0068 334 253 373 269
chair 0.0067 22 238 295 368
chair 0.0064 483 309 499 366
chair 0.0063 208 354 301 375
chair 0.0051 299 187 469 301
chair 0.0051 387 298 447 355
chair 0.0050 206 240 272 294
chair 0.0047 183 200 316 312
chair 0.0043 3 213 51 299
chair 0.0042 112 267 150 288
chair 0.0041 268 170 320 201
chair 0.0041 316 223 381 309
chair 0.0040 230 186 326 248
chair 0.0036 263 180 273 196
chair 0.0036 344 166 365 187
chair 0.0031 256 178 312 214
chair 0.0030 0 290 12 373
chair 0.0029 274 164 311 184
chair 0.0026 491 214 499 224
chair 0.0024 42 216 61 228
chair 0.0024 0 211 167 363
chair 0.0024 280 169 309 178
chair 0.0024 277 170 311 193
chair 0.0024 291 165 346 191
chair 0.0024 324 192 502 258
chair 0.0023 76 199 103 225
chair 0.0023 374 230 400 284
chair 0.0022 308 216 320 237
chair 0.0022 383 226 460 257
chair 0.0021 218 178 227 206
chair 0.0021 299 197 339 317
chair 0.0021 214 182 271 214
chair 0.0020 96 208 107 220
chair 0.0020 299 188 342 248
chair 0.0020 156 237 203 256
chair 0.0020 313 167 341 187
chair 0.0019 58 191 84 237
chair 0.0019 295 199 324 266
chair 0.0018 0 234 18 375
chair 0.0018 272 222 309 338
chair 0.0018 453 263 495 323
chair 0.0018 298 173 376 222
chair 0.0017 400 224 499 371
chair 0.0017 73 242 218 326
chair 0.0017 2 153 70 231
chair 0.0017 81 166 104 214
chair 0.0017 447 218 498 240
chair 0.0017 391 214 447 240
chair 0.0017 276 183 314 222
chair 0.0017 312 192 400 259
chair 0.0016 1 211 84 312
chair 0.0015 77 209 102 224
chair 0.0015 3 154 55 199
chair 0.0015 488 272 499 335
chair 0.0015 0 301 7 370
chair 0.0014 476 210 498 223
chair 0.0014 240 211 320 304
chair 0.0014 0 193 52 228
chair 0.0013 454 286 485 309
chair 0.0013 349 213 433 285
chair 0.0013 115 322 137 329
chair 0.0013 175 253 228 282
chair 0.0013 264 333 318 375
chair 0.0012 225 261 254 284
chair 0.0012 483 247 499 363
chair 0.0012 175 299 221 329
chair 0.0011 286 229 326 334
chair 0.0011 155 236 222 264
chair 0.0011 407 215 436 228
chair 0.0011 273 157 310 177
chair 0.0010 168 228 225 249
chair 0.0010 0 198 71 261
sofa 0.0161 221 214 305 348
sofa 0.0068 236 193 283 220
sofa 0.0029 18 209 293 363
sofa 0.0022 219 175 360 319
sofa 0.0019 383 163 436 212
sofa 0.0019 23 334 192 374
sofa 0.0018 218 184 320 279
sofa 0.0012 381 231 458 357
sofa 0.0011 1 217 55 373
pottedplant 0.1988 17 93 110 229
pottedplant 0.0689 58 191 84 235
pottedplant 0.0296 47 111 110 210
pottedplant 0.0197 435 197 453 230
pottedplant 0.0189 73 106 110 199
pottedplant 0.0167 0 95 70 147
pottedplant 0.0158 35 95 80 146
pottedplant 0.0152 48 155 91 236
pottedplant 0.0104 32 93 106 169
pottedplant 0.0070 420 193 455 228
pottedplant 0.0064 383 156 461 223
pottedplant 0.0056 8 93 82 198
pottedplant 0.0040 438 190 453 213
pottedplant 0.0039 2 192 62 231
pottedplant 0.0038 4 155 58 198
pottedplant 0.0027 87 124 111 181
pottedplant 0.0025 2 153 70 231
pottedplant 0.0021 236 195 297 221
pottedplant 0.0021 83 164 103 205
pottedplant 0.0021 434 183 457 222
pottedplant 0.0021 34 145 121 242
pottedplant 0.0020 382 201 394 222
pottedplant 0.0019 469 196 481 208
pottedplant 0.0018 442 189 453 201
pottedplant 0.0017 407 205 487 234
pottedplant 0.0016 40 101 170 211
pottedplant 0.0016 0 64 111 174
pottedplant 0.0016 55 75 111 161
pottedplant 0.0013 448 203 497 236
pottedplant 0.0012 23 148 100 211
pottedplant 0.0012 413 201 442 223
pottedplant 0.0012 384 162 435 207
pottedplant 0.0011 58 112 111 171
pottedplant 0.0011 464 201 491 224
pottedplant 0.0010 85 169 99 197
diningtable 0.7339 22 244 293 367
diningtable 0.0355 299 189 471 303
diningtable 0.0352 73 242 218 326
diningtable 0.0301 378 226 459 302
diningtable 0.0240 217 220 304 364
diningtable 0.0239 172 300 217 329
diningtable 0.0218 156 237 203 256
diningtable 0.0202 175 253 228 282
diningtable 0.0174 312 192 400 259
diningtable 0.0171 449 215 498 239
diningtable 0.0158 227 174 355 319
diningtable 0.0139 324 192 502 258
diningtable 0.0106 303 182 362 323
diningtable 0.0100 318 189 397 223
diningtable 0.0090 16 184 289 336
diningtable 0.0072 348 215 463 327
diningtable 0.0071 383 162 436 216
diningtable 0.0070 407 205 487 234
diningtable 0.0067 322 227 356 247
diningtable 0.0058 322 203 412 227
diningtable 0.0056 316 223 381 309
diningtable 0.0049 30 336 200 373
diningtable 0.0044 320 216 360 252
diningtable 0.0043 236 193 284 220
diningtable 0.0043 457 204 498 232
diningtable 0.0042 274 168 359 289
diningtable 0.0038 435 211 453 230
diningtable 0.0038 234 190 322 222
diningtable 0.0038 137 244 276 362
diningtable 0.0037 269 170 353 235
diningtable 0.0036 285 199 393 337
diningtable 0.0036 446 210 500 355
diningtable 0.0035 441 193 498 239
diningtable 0.0035 43 206 289 268
diningtable 0.0034 313 197 359 267
diningtable 0.0033 141 227 252 291
diningtable 0.0030 317 197 372 215
diningtable 0.0028 379 204 396 223
diningtable 0.0027 298 173 376 222
diningtable 0.0027 155 236 222 264
diningtable 0.0027 24 303 295 373
diningtable 0.0025 313 192 372 237
diningtable 0.0025 219 191 288 238
diningtable 0.0025 0 225 184 377
diningtable 0.0024 170 251 263 333
diningtable 0.0023 175 256 255 301
diningtable 0.0021 397 197 500 359
diningtable 0.0021 114 319 136 329
diningtable 0.0020 381 210 503 268
diningtable 0.0019 201 190 296 259
diningtable 0.0019 58 191 84 237
diningtable 0.0019 360 197 414 230
diningtable 0.0019 133 184 236 217
diningtable 0.0019 163 221 227 248
diningtable 0.0019 2 207 63 230
diningtable 0.0018 70 166 307 276
diningtable 0.0017 291 165 346 191
diningtable 0.0016 0 214 55 371
diningtable 0.0016 491 214 499 224
diningtable 0.0015 319 238 374 278
diningtable 0.0015 321 212 378 271
diningtable 0.0015 166 272 251 313
diningtable 0.0014 335 209 374 218
diningtable 0.0014 463 201 493 224
diningtable 0.0014 478 212 497 223
diningtable 0.0013 278 183 329 222
diningtable 0.0012 140 262 223 302
diningtable 0.0012 384 264 453 346
diningtable 0.0012 26 260 201 353
diningtable 0.0012 180 199 323 315
diningtable 0.0012 431 201 452 229
diningtable 0.0011 341 193 391 218
diningtable 0.0011 319 169 354 213
diningtable 0.0011 316 200 348 213
diningtable 0.0011 190 183 254 216
diningtable 0.0011 334 253 373 269
diningtable 0.0010 312 163 467 243
diningtable 0.0010 177 285 249 329
diningtable 0.0010 217 182 319 280
tvmonitor 0.8022 383 163 437 207
tvmonitor 0.0806 389 147 470 202
tvmonitor 0.0107 389 168 427 225
tvmonitor 0.0087 8 86 111 230
tvmonitor 0.0064 364 160 472 234
tvmonitor 0.0019 236 193 283 220
tvmonitor 0.0019 9 93 79 198
tvmonitor 0.0015 274 115 297 152
tvmonitor 0.0013 137 136 185 187
tvmonitor 0.0012 396 181 420 221
tvmonitor 0.0010 401 185 419 208
tvmonitor 0.0010 274 127 305 178
