person 0.5550 56 33 255 438
person 0.0249 82 23 250 271
person 0.0088 234 202 291 267
person 0.0044 233 202 266 227
person 0.0022 62 139 252 326
person 0.0020 234 202 287 237
person 0.0017 41 208 301 460
person 0.0016 143 365 173 412
person 0.0016 93 97 317 347
person 0.0013 172 186 287 280
person 0.0010 118 292 141 339
bicycle 0.7509 42 200 302 465
bicycle 0.1673 134 287 171 342
bicycle 0.0035 35 285 190 446
bicycle 0.0025 113 293 146 344
bicycle 0.0020 56 35 258 438
bicycle 0.0014 36 287 116 442
bicycle 0.0012 78 295 124 353
bicycle 0.0010 101 294 137 353
bird 0.0032 241 207 293 268
cat 0.0896 234 202 292 267
cat 0.0012 234 202 287 237
dog 0.7165 234 202 292 267
dog 0.0213 234 202 287 238
dog 0.0099 236 202 271 228
dog 0.0015 180 199 286 268
dog 0.0013 260 207 295 259
dog 0.0010 215 201 271 234
horse 0.0018 236 204 291 268
cow 0.0031 237 206 291 267
bottle 0.7086 135 286 171 342
bottle 0.2776 118 293 141 343
bottle 0.2346 42 205 299 465
bottle 0.1263 142 290 171 324
bottle 0.0558 118 295 139 321
bottle 0.0229 86 293 125 349
bottle 0.0219 101 294 137 353
bottle 0.0112 115 279 136 322
bottle 0.0103 147 287 181 332
bottle 0.0050 128 298 162 350
bottle 0.0049 143 297 177 354
bottle 0.0049 108 271 123 320
bottle 0.0048 149 290 171 312
bottle 0.0038 101 292 122 341
bottle 0.0034 109 297 138 388
bottle 0.0032 90 236 142 358
bottle 0.0026 111 277 120 306
bottle 0.0026 143 365 166 398
bottle 0.0025 42 258 183 428
bottle 0.0024 143 369 172 414
bottle 0.0022 125 295 170 382
bottle 0.0017 109 292 128 341
bottle 0.0017 112 267 127 301
bottle 0.0016 118 266 132 298
bottle 0.0014 97 293 151 393
bottle 0.0013 119 312 145 348
bottle 0.0012 114 337 137 382
bottle 0.0012 134 308 157 340
chair 0.0023 34 208 305 444
chair 0.0018 138 272 177 342
pottedplant 0.0019 237 206 291 267
diningtable 0.0233 34 208 305 444
diningtable 0.0019 138 272 177 342
