person 0.3518 126 393 135 407
person 0.3036 135 393 142 407
person 0.2968 41 399 49 406
person 0.2935 55 391 65 406
person 0.2564 67 396 75 407
person 0.2229 128 392 139 407
person 0.1498 138 393 149 407
person 0.1407 152 393 160 406
person 0.0967 23 399 34 409
person 0.0755 144 392 157 407
person 0.0495 54 385 71 396
person 0.0410 166 396 175 406
person 0.0394 57 395 74 412
person 0.0360 154 393 164 405
person 0.0338 288 378 313 393
person 0.0253 287 373 324 394
person 0.0240 224 375 233 395
person 0.0230 120 395 128 407
person 0.0230 178 366 193 394
person 0.0203 65 397 76 412
person 0.0173 169 394 178 406
person 0.0166 44 394 62 407
person 0.0165 56 398 65 410
person 0.0139 155 394 170 406
person 0.0133 54 385 72 391
person 0.0129 230 382 255 396
person 0.0128 97 401 104 407
person 0.0108 1 383 26 393
person 0.0101 122 393 143 409
person 0.0091 119 392 134 407
person 0.0086 264 396 273 400
person 0.0083 134 390 142 401
person 0.0079 163 391 176 407
person 0.0077 42 395 55 410
person 0.0068 55 397 91 420
person 0.0067 67 399 77 418
person 0.0063 153 326 164 341
person 0.0061 127 389 136 402
person 0.0056 51 397 65 412
person 0.0051 21 396 32 406
person 0.0049 138 396 149 414
person 0.0048 122 397 132 413
person 0.0048 51 383 70 389
person 0.0044 144 397 157 415
person 0.0043 40 397 113 422
person 0.0040 300 376 321 392
person 0.0039 21 395 38 410
person 0.0035 231 376 244 395
person 0.0035 140 391 149 400
person 0.0033 91 400 102 406
person 0.0033 38 373 294 429
person 0.0031 152 390 161 401
person 0.0031 133 396 145 413
person 0.0030 51 380 72 410
person 0.0029 82 384 91 391
person 0.0029 165 399 172 408
person 0.0028 102 411 110 422
person 0.0027 2 372 21 392
person 0.0027 16 388 26 392
person 0.0026 10 388 26 393
person 0.0025 174 392 186 405
person 0.0023 223 370 241 397
person 0.0022 146 390 156 401
person 0.0022 75 397 90 406
person 0.0019 45 311 294 434
person 0.0019 20 400 53 410
person 0.0018 151 325 166 347
person 0.0017 94 400 107 408
person 0.0017 301 384 323 395
person 0.0016 216 351 223 357
person 0.0016 83 309 102 335
person 0.0015 290 382 331 396
person 0.0015 121 388 131 402
person 0.0015 155 371 171 396
person 0.0014 81 399 94 406
person 0.0014 286 369 309 392
person 0.0014 254 395 275 400
person 0.0014 34 392 187 423
person 0.0014 81 331 104 387
person 0.0014 95 412 108 422
person 0.0013 235 388 256 396
person 0.0013 41 375 74 396
person 0.0012 95 397 104 405
person 0.0012 122 409 132 422
person 0.0012 100 402 110 416
person 0.0011 34 368 45 384
person 0.0011 202 376 245 401
person 0.0011 159 374 170 391
car 0.0020 54 385 72 391
car 0.0019 235 388 256 396
car 0.0011 23 398 34 409
car 0.0010 5 386 27 393
aeroplane 0.0022 54 385 71 397
aeroplane 0.0019 2 374 25 393
aeroplane 0.0019 34 384 297 428
aeroplane 0.0012 34 368 45 384
aeroplane 0.0010 78 72 261 432
bus 0.0032 78 71 244 432
bus 0.0012 34 384 297 428
train 0.0370 77 72 261 430
train 0.0022 34 384 297 428
boat 0.4843 1 375 25 393
boat 0.4228 77 72 261 430
boat 0.3391 34 368 44 383
boat 0.2886 34 384 297 428
boat 0.2511 288 373 324 394
boat 0.1740 5 386 27 393
boat 0.1715 288 378 313 393
boat 0.1080 318 389 333 397
boat 0.0911 23 398 34 409
boat 0.0893 146 397 291 428
boat 0.0768 225 295 266 399
boat 0.0760 289 382 332 397
boat 0.0722 54 385 72 391
boat 0.0653 235 388 256 396
boat 0.0483 313 385 333 397
boat 0.0418 16 388 26 392
boat 0.0329 54 385 71 397
boat 0.0267 235 384 266 396
boat 0.0266 255 377 313 396
boat 0.0233 2 359 22 391
boat 0.0225 36 369 61 384
boat 0.0198 264 396 273 400
boat 0.0185 293 388 332 397
boat 0.0176 247 387 263 394
boat 0.0175 254 395 275 400
boat 0.0167 36 395 168 424
boat 0.0164 41 377 73 394
boat 0.0164 56 391 66 406
boat 0.0161 48 383 72 390
boat 0.0156 158 299 282 418
boat 0.0155 21 396 32 407
boat 0.0153 10 387 26 394
boat 0.0147 321 384 332 394
boat 0.0132 233 357 316 399
boat 0.0129 17 382 28 390
boat 0.0124 20 396 40 410
boat 0.0122 230 374 299 398
boat 0.0122 39 403 115 423
boat 0.0115 38 374 46 384
boat 0.0103 45 311 294 434
boat 0.0101 41 399 50 406
boat 0.0099 301 384 323 395
boat 0.0089 255 390 310 400
boat 0.0088 259 394 291 401
boat 0.0086 245 383 295 395
boat 0.0080 286 369 309 392
boat 0.0076 248 386 272 396
boat 0.0076 4 404 33 414
boat 0.0073 132 369 290 427
boat 0.0070 274 382 306 395
boat 0.0067 228 307 312 396
boat 0.0066 0 385 9 391
boat 0.0064 55 397 91 420
boat 0.0063 300 376 321 392
boat 0.0060 267 375 299 395
boat 0.0059 44 394 62 407
boat 0.0057 281 378 293 391
boat 0.0056 223 374 240 396
boat 0.0056 44 377 58 385
boat 0.0055 15 369 37 387
boat 0.0053 3 407 23 414
boat 0.0052 41 384 104 415
boat 0.0049 303 390 325 396
boat 0.0049 53 395 77 412
boat 0.0046 29 363 181 422
boat 0.0046 65 397 76 412
boat 0.0045 0 371 31 405
boat 0.0045 124 393 133 408
boat 0.0045 265 395 280 400
boat 0.0043 230 382 255 396
boat 0.0042 250 396 276 403
boat 0.0041 28 374 77 405
boat 0.0040 43 374 68 384
boat 0.0040 3 408 35 416
boat 0.0040 276 376 290 393
boat 0.0038 39 374 62 387
boat 0.0037 309 380 330 394
boat 0.0037 65 395 75 406
boat 0.0037 282 383 298 393
boat 0.0037 20 400 54 410
boat 0.0033 1 328 23 392
boat 0.0030 42 380 178 412
boat 0.0029 218 325 255 408
boat 0.0029 51 397 65 412
boat 0.0028 197 386 287 418
boat 0.0026 225 335 247 403
boat 0.0024 202 376 245 401
boat 0.0023 286 386 316 396
boat 0.0023 204 290 256 402
boat 0.0023 233 370 257 393
boat 0.0022 291 369 313 384
boat 0.0021 181 373 264 414
boat 0.0021 229 376 245 396
boat 0.0021 33 367 70 390
boat 0.0021 0 391 29 414
boat 0.0019 56 397 68 411
boat 0.0019 0 381 39 415
boat 0.0019 283 389 306 396
boat 0.0018 224 380 234 395
boat 0.0017 83 148 184 379
bird 0.0026 23 398 33 410
bird 0.0011 264 396 273 401
dog 0.0037 23 398 33 409
horse 0.0017 23 398 34 409
cow 0.0018 23 398 34 409
chair 0.0032 23 398 33 409
chair 0.0010 41 399 49 406
tvmonitor 0.0019 82 74 238 420
