person 0.0011 1 16 65 354
person 0.0010 136 33 371 328
car 0.0020 0 20 75 364
bus 0.0016 0 20 75 364
train 0.0017 0 32 78 370
bird 0.0016 136 33 371 328
cat 0.2374 136 32 370 329
cat 0.0069 221 132 261 166
dog 0.2618 137 33 371 328
sheep 0.0044 136 33 371 328
cow 0.0014 136 33 371 328
bottle 0.0021 0 89 28 141
bottle 0.0013 0 15 37 169
chair 0.0192 456 111 498 335
chair 0.0096 471 110 499 276
chair 0.0060 401 0 454 163
chair 0.0041 16 3 301 352
chair 0.0022 136 33 371 328
chair 0.0015 472 253 500 330
chair 0.0010 465 207 498 330
sofa 0.0083 31 26 401 333
pottedplant 0.0075 446 106 498 340
diningtable 0.0040 456 111 498 335
diningtable 0.0038 31 26 401 333
diningtable 0.0023 0 17 81 370
diningtable 0.0017 402 1 454 162
tvmonitor 0.0447 0 8 76 370
tvmonitor 0.0177 469 111 499 316
tvmonitor 0.0142 472 252 499 330
tvmonitor 0.0050 0 13 42 174
tvmonitor 0.0047 473 107 499 224
tvmonitor 0.0032 464 207 499 329
tvmonitor 0.0026 0 29 48 292
tvmonitor 0.0015 446 119 500 340
tvmonitor 0.0011 0 79 32 152
