person 0.2812 436 280 499 322
person 0.0419 2 1 175 157
person 0.0262 246 230 496 329
person 0.0180 8 46 497 330
person 0.0150 188 145 494 333
person 0.0143 -2 -2 163 323
person 0.0126 172 1 253 43
person 0.0076 0 85 46 118
person 0.0062 0 2 167 83
person 0.0061 443 270 499 305
person 0.0057 433 212 499 320
person 0.0049 392 274 501 323
person 0.0039 2 180 432 330
person 0.0030 351 245 501 324
person 0.0022 -5 243 488 342
person 0.0020 0 284 28 316
person 0.0020 0 1 318 184
person 0.0018 309 168 499 312
person 0.0014 0 87 119 167
person 0.0013 0 86 85 142
person 0.0013 463 169 499 280
person 0.0011 0 64 84 326
person 0.0011 447 137 499 264
person 0.0010 242 247 373 330
person 0.0010 2 34 120 256
car 0.0012 2 1 175 157
cat 0.0045 436 280 499 322
cat 0.0011 0 26 384 325
dog 0.6540 0 26 385 325
dog 0.0053 188 145 495 333
dog 0.0032 0 0 180 159
dog 0.0031 436 280 499 322
dog 0.0015 219 32 388 312
dog 0.0015 3 209 477 329
dog 0.0010 -2 -2 163 323
horse 0.0023 1 2 174 166
cow 0.0036 0 26 384 325
cow 0.0017 0 0 180 159
chair 0.0208 0 2 170 164
chair 0.0135 5 26 415 323
chair 0.0075 2 310 142 330
chair 0.0062 446 153 499 179
chair 0.0060 1 86 119 164
chair 0.0049 0 85 46 118
chair 0.0023 169 0 252 42
chair 0.0021 0 22 116 321
chair 0.0020 0 57 131 212
chair 0.0018 5 -2 313 157
chair 0.0016 0 85 86 137
chair 0.0015 0 2 167 83
chair 0.0013 447 137 499 264
chair 0.0012 0 285 30 318
chair 0.0011 433 283 498 324
sofa 0.0682 5 26 415 323
sofa 0.0507 2 1 175 157
sofa 0.0081 0 2 167 83
sofa 0.0067 -2 -2 163 323
sofa 0.0045 283 231 498 328
sofa 0.0044 7 180 473 329
sofa 0.0030 0 298 142 329
sofa 0.0028 0 2 376 194
sofa 0.0027 309 169 498 310
sofa 0.0019 0 87 119 167
sofa 0.0018 433 283 498 324
sofa 0.0018 0 85 46 118
sofa 0.0014 444 153 499 180
sofa 0.0012 169 37 490 330
sofa 0.0012 447 137 499 264
sofa 0.0011 0 313 123 332
diningtable 0.0066 0 2 170 164
diningtable 0.0056 318 233 499 318
diningtable 0.0031 1 305 155 330
diningtable 0.0017 445 149 500 179
diningtable 0.0015 0 85 46 118
diningtable 0.0011 0 313 123 332
diningtable 0.0010 438 101 499 178
