person 0.0089 453 166 499 192
person 0.0026 157 161 244 268
person 0.0015 275 191 395 333
person 0.0011 15 98 412 187
car 0.0065 11 99 414 225
car 0.0025 2 5 221 144
car 0.0012 37 -3 493 79
car 0.0011 112 98 360 170
train 0.0018 37 -3 493 79
boat 0.0012 2 5 222 123
bird 0.0065 156 162 245 268
bird 0.0021 275 192 393 332
cat 0.1007 156 162 245 268
cat 0.0039 274 191 396 332
cat 0.0031 3 93 220 201
cat 0.0031 1 100 272 292
cat 0.0018 144 212 277 276
cat 0.0017 0 97 121 182
cat 0.0013 130 187 405 330
cat 0.0012 15 98 412 187
dog 0.8368 274 191 396 332
dog 0.5162 157 162 244 268
dog 0.0468 130 187 405 330
dog 0.0295 139 188 288 277
dog 0.0125 113 154 338 294
dog 0.0106 453 166 499 193
dog 0.0060 1 100 272 292
dog 0.0041 63 113 404 288
dog 0.0033 141 99 334 150
dog 0.0032 3 93 220 201
dog 0.0029 15 98 412 187
dog 0.0015 118 156 209 187
horse 0.0019 157 162 244 268
sheep 0.0715 156 162 245 268
sheep 0.0025 275 192 393 332
sheep 0.0025 144 212 277 276
sheep 0.0014 3 93 220 201
sheep 0.0014 1 100 272 292
sheep 0.0010 107 206 388 303
cow 0.0877 275 192 393 332
cow 0.0283 156 163 245 268
cow 0.0048 130 187 405 330
cow 0.0011 133 155 310 293
chair 0.0063 2 5 222 123
chair 0.0011 15 98 412 187
sofa 0.0145 1 5 223 122
sofa 0.0142 11 99 414 225
sofa 0.0034 122 99 361 158
sofa 0.0022 159 163 244 267
pottedplant 0.0059 414 0 500 86
pottedplant 0.0022 2 105 182 306
pottedplant 0.0011 0 91 38 126
diningtable 0.0022 1 5 222 116
tvmonitor 0.0072 37 -3 493 79
tvmonitor 0.0050 1 5 222 116
