person 0.0349 0 0 77 81
person 0.0117 -3 1 104 130
person 0.0029 470 1 499 69
person 0.0025 0 65 65 125
person 0.0016 54 60 96 110
person 0.0013 50 43 115 119
person 0.0012 403 38 425 88
person 0.0011 -8 0 143 75
person 0.0010 71 1 133 53
motorbike 0.0010 0 2 77 74
bird 0.0098 0 0 79 74
bird 0.0020 74 5 132 53
bird 0.0010 178 96 209 140
cat 0.0038 179 135 370 283
cat 0.0010 101 214 137 253
dog 0.9377 180 135 366 284
sheep 0.0015 179 135 370 283
bottle 0.4187 404 39 426 85
bottle 0.2541 383 53 411 100
bottle 0.1190 370 33 411 94
bottle 0.0963 304 47 352 77
bottle 0.0662 365 19 399 86
bottle 0.0190 178 96 209 137
bottle 0.0060 400 40 425 63
bottle 0.0057 468 1 500 69
bottle 0.0057 368 3 387 73
bottle 0.0038 373 15 410 67
bottle 0.0023 324 145 370 200
bottle 0.0021 424 0 467 53
bottle 0.0019 220 77 263 111
bottle 0.0019 101 214 136 251
bottle 0.0016 398 29 437 86
bottle 0.0014 385 71 414 116
bottle 0.0011 333 50 410 119
bottle 0.0010 0 1 77 74
chair 0.0105 55 70 84 104
chair 0.0044 -3 1 104 130
chair 0.0034 54 60 96 110
chair 0.0025 50 43 115 119
chair 0.0020 0 0 77 81
chair 0.0018 31 49 93 121
chair 0.0011 62 93 98 125
sofa 0.0014 0 0 78 91
pottedplant 0.0447 178 96 209 138
pottedplant 0.0182 259 71 286 126
pottedplant 0.0157 452 193 500 249
pottedplant 0.0135 102 214 136 251
pottedplant 0.0073 453 194 500 307
pottedplant 0.0063 382 60 412 101
pottedplant 0.0051 0 3 77 74
pottedplant 0.0029 324 146 370 200
pottedplant 0.0029 385 99 412 123
pottedplant 0.0028 0 0 92 125
pottedplant 0.0028 305 47 352 76
pottedplant 0.0021 454 193 498 223
pottedplant 0.0021 72 4 134 52
pottedplant 0.0013 257 96 281 125
pottedplant 0.0010 291 107 319 125
pottedplant 0.0010 365 19 399 86
pottedplant 0.0010 385 71 414 116
pottedplant 0.0010 219 72 282 121
tvmonitor 0.0010 469 1 499 69
