person 0.9160 287 30 325 106
person 0.8739 20 67 224 371
person 0.8637 238 168 393 371
person 0.7541 255 65 484 373
person 0.6049 0 59 22 92
person 0.3304 118 63 234 370
person 0.0495 127 57 215 229
person 0.0406 128 57 162 75
person 0.0126 128 56 195 79
person 0.0093 125 209 181 261
person 0.0071 131 208 229 276
person 0.0059 0 40 20 87
person 0.0057 317 88 441 348
person 0.0053 175 295 231 373
person 0.0040 110 192 181 287
person 0.0039 333 125 405 333
person 0.0035 0 58 9 74
person 0.0033 0 74 11 93
person 0.0032 128 54 206 118
person 0.0029 141 54 176 68
person 0.0028 129 186 234 355
person 0.0025 22 141 146 371
person 0.0024 58 59 228 243
person 0.0023 0 56 7 67
person 0.0021 128 58 148 77
person 0.0019 150 54 166 67
person 0.0014 150 244 221 277
person 0.0013 255 97 365 343
person 0.0012 -1 54 36 114
person 0.0012 148 237 221 324
person 0.0011 291 66 483 233
person 0.0011 0 81 8 92
person 0.0011 22 87 82 357
person 0.0011 286 35 316 80
person 0.0010 306 32 317 44
motorbike 0.0056 0 58 22 92
boat 0.0022 0 58 22 92
bird 0.0094 0 59 22 91
bird 0.0026 128 57 161 75
dog 0.0108 128 57 162 75
dog 0.0045 0 59 22 92
dog 0.0027 128 56 195 79
horse 0.0063 0 59 22 92
horse 0.0019 128 56 167 75
sheep 0.0022 0 59 22 92
cow 0.0052 0 59 24 93
cow 0.0022 127 55 180 77
bottle 0.0015 388 93 403 118
bottle 0.0010 133 213 228 276
chair 0.0012 0 59 22 92
chair 0.0010 241 179 395 368
