person 0.5767 163 70 410 277
person 0.3149 84 126 97 156
person 0.2717 102 136 112 156
person 0.2545 88 127 103 156
person 0.1950 54 128 94 157
person 0.1518 154 141 168 155
person 0.1422 131 136 143 155
person 0.1076 117 136 133 156
person 0.1049 146 133 156 153
person 0.0983 95 128 111 157
person 0.0974 147 136 169 154
person 0.0866 122 136 140 156
person 0.0749 385 100 397 131
person 0.0681 180 138 192 154
person 0.0551 100 119 113 149
person 0.0337 1 120 78 159
person 0.0324 114 112 140 136
person 0.0297 406 94 415 110
person 0.0286 183 133 195 152
person 0.0281 135 133 157 154
person 0.0227 384 99 395 112
person 0.0227 87 126 100 143
person 0.0210 175 135 183 154
person 0.0204 157 135 172 154
person 0.0189 83 122 96 136
person 0.0187 113 136 123 156
person 0.0175 388 99 400 119
person 0.0165 190 139 203 154
person 0.0161 107 130 133 156
person 0.0159 405 95 420 115
person 0.0149 115 129 143 155
person 0.0142 203 133 216 156
person 0.0136 382 101 415 134
person 0.0135 94 122 111 144
person 0.0134 185 104 369 235
person 0.0116 191 134 214 154
person 0.0114 187 129 202 152
person 0.0113 423 93 432 110
person 0.0109 194 140 208 154
person 0.0107 197 126 208 138
person 0.0103 391 100 398 111
person 0.0102 174 128 190 154
person 0.0095 169 115 176 133
person 0.0092 387 111 402 136
person 0.0086 198 126 207 133
person 0.0083 206 130 214 150
person 0.0077 165 132 176 154
person 0.0077 471 133 484 145
person 0.0072 204 127 213 144
person 0.0072 194 128 204 143
person 0.0068 78 127 95 142
person 0.0067 113 130 125 151
person 0.0067 0 127 37 158
person 0.0067 377 98 399 131
person 0.0066 474 133 496 145
person 0.0065 294 110 299 117
person 0.0063 199 127 214 150
person 0.0062 204 126 212 135
person 0.0062 31 122 63 157
person 0.0060 115 122 139 143
person 0.0058 204 143 214 154
person 0.0056 156 123 177 154
person 0.0052 139 129 175 156
person 0.0052 34 125 46 155
person 0.0051 68 126 101 145
person 0.0050 86 119 106 134
person 0.0046 355 127 377 148
person 0.0046 72 130 98 156
person 0.0044 349 130 368 148
person 0.0043 0 129 7 140
person 0.0039 112 129 129 140
person 0.0037 40 132 61 155
person 0.0034 73 120 94 132
person 0.0033 179 128 199 154
person 0.0032 121 119 140 135
person 0.0032 216 132 241 204
person 0.0031 393 103 405 119
person 0.0029 435 130 458 146
person 0.0029 409 93 427 110
person 0.0029 112 120 126 133
person 0.0028 168 113 180 132
person 0.0028 0 126 5 137
person 0.0027 415 108 427 119
person 0.0026 79 123 143 153
person 0.0025 28 128 51 156
person 0.0024 0 127 20 150
person 0.0023 179 81 289 228
person 0.0023 406 109 446 136
person 0.0023 492 133 500 145
person 0.0023 401 95 419 127
person 0.0023 181 131 197 146
person 0.0022 128 124 159 156
person 0.0022 392 105 406 127
person 0.0021 212 128 219 140
person 0.0021 312 115 335 133
person 0.0020 387 100 412 122
person 0.0020 209 129 227 178
person 0.0019 219 154 236 205
person 0.0019 318 114 334 127
person 0.0019 413 110 429 121
bicycle 0.0142 207 147 438 350
bicycle 0.0070 402 119 440 144
bicycle 0.0049 433 129 459 146
bicycle 0.0033 90 138 102 156
bicycle 0.0030 406 111 436 131
bicycle 0.0028 179 136 196 154
bicycle 0.0024 194 140 208 154
bicycle 0.0021 350 129 376 150
bicycle 0.0020 204 138 215 155
bicycle 0.0019 350 117 388 148
bicycle 0.0016 357 112 424 144
bicycle 0.0015 275 112 331 142
bicycle 0.0014 303 92 436 215
bicycle 0.0014 190 134 214 154
bicycle 0.0014 383 111 405 136
bicycle 0.0013 472 133 497 145
bicycle 0.0013 98 138 110 157
bicycle 0.0013 84 127 98 157
bicycle 0.0012 384 99 400 133
bicycle 0.0011 412 127 442 146
bicycle 0.0010 433 117 491 146
bicycle 0.0010 309 84 362 197
car 0.5771 53 128 90 158
car 0.2789 0 121 66 159
car 0.2146 0 127 37 158
car 0.1104 83 115 106 125
car 0.0963 0 131 21 153
car 0.0802 318 114 335 127
car 0.0759 83 125 99 156
car 0.0564 30 116 73 151
car 0.0562 131 136 143 155
car 0.0506 113 112 140 136
car 0.0458 83 115 114 130
car 0.0453 17 117 36 124
car 0.0387 146 137 170 155
car 0.0387 141 133 157 152
car 0.0364 115 135 143 155
car 0.0360 76 117 98 126
car 0.0330 0 140 22 158
car 0.0310 113 124 152 153
car 0.0291 0 131 18 143
car 0.0288 94 118 114 137
car 0.0285 83 122 97 137
car 0.0235 79 123 143 153
car 0.0216 100 119 113 149
car 0.0207 68 120 99 133
car 0.0191 112 119 133 133
car 0.0191 0 129 7 140
car 0.0189 85 118 107 135
car 0.0174 154 140 168 155
car 0.0174 68 126 101 145
car 0.0169 115 132 129 156
car 0.0165 113 128 130 141
car 0.0162 70 115 101 129
car 0.0151 126 131 169 154
car 0.0151 21 115 70 131
car 0.0151 66 117 89 126
car 0.0150 355 126 378 143
car 0.0150 100 116 114 127
car 0.0125 133 132 154 151
car 0.0123 88 115 114 123
car 0.0114 116 111 139 123
car 0.0112 317 110 336 132
car 0.0108 14 116 51 128
car 0.0099 91 130 103 157
car 0.0096 67 115 85 123
car 0.0095 -3 116 70 140
car 0.0084 87 126 100 144
car 0.0083 78 127 95 142
car 0.0082 115 122 139 143
car 0.0081 0 126 5 137
car 0.0078 102 115 113 122
car 0.0075 92 132 113 157
car 0.0074 121 119 140 135
car 0.0074 35 125 59 156
car 0.0074 277 118 325 141
car 0.0070 5 117 39 128
car 0.0067 0 144 10 158
car 0.0057 484 105 500 112
car 0.0055 102 133 113 156
car 0.0055 20 116 46 124
car 0.0054 63 128 89 145
car 0.0053 42 126 78 155
car 0.0052 0 125 28 146
car 0.0052 319 103 340 117
car 0.0050 178 136 195 155
car 0.0049 111 117 126 130
car 0.0046 156 135 172 154
car 0.0042 54 121 91 138
car 0.0042 441 106 499 141
car 0.0040 55 115 90 129
car 0.0039 439 96 470 110
car 0.0038 318 106 338 125
car 0.0038 1 120 39 140
car 0.0037 486 105 500 138
car 0.0034 435 130 465 146
car 0.0032 358 125 379 136
car 0.0032 441 110 451 124
car 0.0031 360 110 377 121
car 0.0031 163 132 177 155
car 0.0030 107 130 133 156
car 0.0030 77 130 96 157
car 0.0029 297 114 337 131
car 0.0028 25 115 70 124
car 0.0028 3 139 47 158
car 0.0027 194 129 210 153
car 0.0027 31 116 48 123
car 0.0026 51 116 112 158
car 0.0026 315 103 341 154
car 0.0026 350 129 376 150
car 0.0025 204 130 215 153
car 0.0024 312 93 359 184
car 0.0023 0 124 20 137
car 0.0023 165 71 391 247
car 0.0022 113 130 125 152
car 0.0022 131 131 148 146
car 0.0022 419 109 455 132
car 0.0021 423 92 433 109
car 0.0020 356 110 386 128
car 0.0020 374 106 427 134
car 0.0020 350 117 388 148
car 0.0020 36 115 76 128
motorbike 0.2803 207 147 438 350
motorbike 0.0230 172 79 432 285
motorbike 0.0155 434 130 459 146
motorbike 0.0130 297 85 444 232
motorbike 0.0104 352 125 378 147
motorbike 0.0075 131 139 141 156
motorbike 0.0073 402 119 440 144
motorbike 0.0072 102 136 112 156
motorbike 0.0068 91 130 103 157
motorbike 0.0062 84 127 98 156
motorbike 0.0052 206 202 307 346
motorbike 0.0046 282 86 384 211
motorbike 0.0042 349 114 440 226
motorbike 0.0040 441 131 490 146
motorbike 0.0040 119 139 133 156
motorbike 0.0039 132 135 146 155
motorbike 0.0038 339 114 394 163
motorbike 0.0034 357 112 424 144
motorbike 0.0034 433 126 478 146
motorbike 0.0032 350 117 388 148
motorbike 0.0031 178 87 329 347
motorbike 0.0029 472 133 497 145
motorbike 0.0028 154 142 168 155
motorbike 0.0028 115 135 143 155
motorbike 0.0028 329 88 427 195
motorbike 0.0027 359 135 374 149
motorbike 0.0022 384 99 400 133
motorbike 0.0021 424 115 468 145
motorbike 0.0021 383 111 405 136
motorbike 0.0020 357 125 397 152
motorbike 0.0020 406 111 436 131
motorbike 0.0019 349 130 369 149
motorbike 0.0018 179 136 196 154
motorbike 0.0018 92 132 113 157
motorbike 0.0017 374 106 427 134
motorbike 0.0016 362 133 378 151
motorbike 0.0014 0 127 37 158
motorbike 0.0014 412 127 442 146
motorbike 0.0014 146 137 170 155
motorbike 0.0013 85 140 98 156
motorbike 0.0013 113 124 152 153
motorbike 0.0012 438 108 496 143
motorbike 0.0011 53 128 91 157
motorbike 0.0011 108 135 132 156
motorbike 0.0011 351 98 434 151
motorbike 0.0010 409 110 428 122
aeroplane 0.0010 177 81 434 251
bus 0.0360 0 120 66 159
bus 0.0089 0 126 40 159
bus 0.0034 53 128 90 157
bus 0.0027 0 127 22 150
bus 0.0026 26 116 70 154
bus 0.0017 -3 116 70 140
bus 0.0015 113 113 143 144
bus 0.0014 113 112 140 131
bus 0.0014 21 115 70 131
bus 0.0011 444 107 497 136
bus 0.0011 5 117 39 128
bus 0.0010 17 118 35 124
boat 0.0016 444 107 497 136
boat 0.0010 270 117 323 133
chair 0.0161 405 120 440 144
chair 0.0079 406 111 436 131
chair 0.0061 444 107 497 136
chair 0.0043 352 126 376 146
chair 0.0038 410 110 428 122
chair 0.0030 434 129 459 146
chair 0.0030 433 126 477 147
chair 0.0029 485 120 500 145
chair 0.0029 413 110 441 123
chair 0.0027 481 133 497 145
chair 0.0027 383 110 439 133
chair 0.0024 492 133 500 145
chair 0.0021 410 127 434 144
chair 0.0021 464 120 499 144
chair 0.0017 309 84 362 197
chair 0.0017 472 133 483 144
chair 0.0015 382 101 415 134
chair 0.0015 446 128 496 145
chair 0.0014 318 115 334 131
chair 0.0013 275 112 331 142
chair 0.0013 391 117 432 136
chair 0.0012 446 108 484 125
chair 0.0012 428 114 489 146
chair 0.0011 350 117 388 148
chair 0.0011 131 139 141 156
chair 0.0010 119 139 133 156
chair 0.0010 415 125 448 146
chair 0.0010 172 78 439 247
chair 0.0010 421 111 461 145
diningtable 0.0163 404 120 438 145
diningtable 0.0037 405 109 446 135
diningtable 0.0029 413 110 441 123
diningtable 0.0025 408 111 433 129
diningtable 0.0024 444 107 497 136
diningtable 0.0021 410 110 428 122
diningtable 0.0020 433 117 491 146
diningtable 0.0019 409 112 455 144
diningtable 0.0013 383 110 439 133
diningtable 0.0013 433 129 459 146
diningtable 0.0011 415 125 448 146
