person 0.2309 14 118 490 371
person 0.0620 307 226 498 372
person 0.0262 1 156 328 333
person 0.0113 18 81 494 251
person 0.0102 396 311 498 373
person 0.0070 -3 200 236 305
person 0.0064 30 246 345 371
person 0.0044 0 352 17 374
person 0.0028 0 58 14 112
person 0.0025 430 206 499 247
person 0.0024 0 296 17 375
person 0.0016 5 95 269 295
person 0.0016 0 218 15 369
person 0.0016 44 150 160 226
person 0.0016 0 222 24 270
person 0.0015 0 219 69 275
person 0.0013 417 199 498 367
person 0.0012 180 113 491 241
person 0.0011 0 234 38 372
bicycle 0.1072 0 58 14 113
car 0.4841 412 51 499 155
car 0.0261 416 86 499 136
car 0.0082 459 96 500 120
car 0.0042 451 95 499 148
bus 0.0014 410 53 499 155
dog 0.0013 398 311 500 373
dog 0.0010 0 356 18 374
bottle 0.0010 0 57 14 112
chair 0.0358 0 291 15 373
chair 0.0222 0 356 18 374
chair 0.0060 0 275 38 374
chair 0.0055 0 273 74 373
chair 0.0032 0 337 18 374
chair 0.0027 25 279 97 375
chair 0.0026 398 311 500 373
chair 0.0018 0 57 14 112
chair 0.0017 0 283 8 354
chair 0.0016 470 354 499 374
chair 0.0015 411 52 499 150
chair 0.0013 0 234 108 376
chair 0.0011 0 218 15 369
sofa 0.0059 0 291 15 373
sofa 0.0035 14 98 507 368
sofa 0.0025 0 356 18 374
sofa 0.0014 0 273 27 367
sofa 0.0014 410 52 499 158
sofa 0.0013 0 232 57 374
sofa 0.0013 397 311 500 373
sofa 0.0012 307 226 499 372
sofa 0.0010 0 218 15 369
diningtable 0.0142 0 358 18 374
diningtable 0.0037 0 291 15 373
diningtable 0.0011 0 275 38 374
tvmonitor 0.1510 410 52 499 157
tvmonitor 0.0018 414 53 500 104
tvmonitor 0.0015 353 0 498 39
tvmonitor 0.0015 417 71 497 128
