person 0.9141 312 59 466 368
person 0.9100 0 140 149 374
person 0.0199 439 114 464 147
person 0.0089 313 166 347 236
person 0.0083 465 54 500 372
person 0.0059 451 85 464 137
person 0.0055 438 88 463 151
person 0.0036 2 144 81 212
person 0.0023 261 62 390 382
person 0.0017 158 29 415 375
person 0.0016 455 86 464 114
person 0.0015 0 143 92 325
person 0.0014 348 -1 535 367
person 0.0011 91 280 125 303
person 0.0010 0 201 8 211
motorbike 0.0013 106 272 261 363
bottle 0.7475 367 5 385 48
bottle 0.7295 314 166 345 234
bottle 0.7061 386 7 412 50
bottle 0.6802 412 2 430 51
bottle 0.0927 413 0 426 33
bottle 0.0516 423 3 435 27
bottle 0.0401 325 270 343 297
bottle 0.0400 389 8 403 45
bottle 0.0335 308 54 468 363
bottle 0.0300 392 8 401 26
bottle 0.0239 332 264 345 297
bottle 0.0236 324 272 335 296
bottle 0.0218 373 3 383 37
bottle 0.0198 273 241 292 254
bottle 0.0185 378 162 386 200
bottle 0.0158 379 155 395 202
bottle 0.0133 415 22 430 51
bottle 0.0095 415 4 435 41
bottle 0.0095 312 97 404 314
bottle 0.0086 318 166 338 193
bottle 0.0084 320 189 355 343
bottle 0.0078 353 219 363 245
bottle 0.0076 332 152 360 212
bottle 0.0076 326 144 382 246
bottle 0.0070 84 302 125 340
bottle 0.0068 323 227 351 315
bottle 0.0065 384 150 397 192
bottle 0.0064 372 156 386 227
bottle 0.0063 312 141 365 351
bottle 0.0059 353 101 423 268
bottle 0.0057 261 62 390 382
bottle 0.0055 314 161 360 262
bottle 0.0049 305 142 348 294
bottle 0.0047 398 4 420 50
bottle 0.0045 316 161 341 210
bottle 0.0041 356 97 383 144
bottle 0.0038 455 87 464 118
bottle 0.0035 451 85 464 137
bottle 0.0035 349 220 360 244
bottle 0.0034 314 192 338 218
bottle 0.0034 325 253 337 295
bottle 0.0032 360 4 395 50
bottle 0.0030 388 27 413 51
bottle 0.0028 323 274 330 293
bottle 0.0028 385 152 397 171
bottle 0.0027 324 149 349 169
bottle 0.0026 411 29 422 52
bottle 0.0026 321 156 342 188
bottle 0.0024 328 148 351 197
bottle 0.0024 136 286 148 311
bottle 0.0024 335 178 377 305
bottle 0.0020 333 162 353 231
bottle 0.0018 324 137 445 247
bottle 0.0018 136 311 172 339
bottle 0.0017 334 194 375 243
bottle 0.0017 359 220 364 232
bottle 0.0017 364 3 378 48
bottle 0.0014 84 297 119 323
bottle 0.0014 177 261 204 302
bottle 0.0014 288 319 345 337
bottle 0.0013 261 243 349 326
bottle 0.0012 381 144 396 176
bottle 0.0012 159 271 167 293
bottle 0.0012 328 153 347 174
bottle 0.0012 366 28 386 47
bottle 0.0011 343 152 354 169
bottle 0.0011 323 162 337 176
bottle 0.0010 357 217 363 240
bottle 0.0010 320 162 335 182
bottle 0.0010 337 270 347 296
chair 0.0065 266 334 356 374
chair 0.0051 0 202 8 211
chair 0.0022 0 219 95 372
chair 0.0012 0 174 10 208
chair 0.0011 0 140 147 373
sofa 0.0047 0 219 95 372
sofa 0.0011 0 140 147 373
sofa 0.0010 0 317 95 373
pottedplant 0.0010 84 302 125 340
diningtable 0.0035 91 278 274 370
diningtable 0.0034 0 313 97 373
diningtable 0.0027 0 202 8 211
diningtable 0.0018 0 219 95 372
tvmonitor 0.0249 355 97 383 145
tvmonitor 0.0035 465 54 500 372
tvmonitor 0.0032 355 104 371 145
