person 0.7769 15 25 423 485
person 0.3427 0 338 36 476
person 0.0110 288 55 390 447
person 0.0058 360 453 421 479
person 0.0052 235 42 418 494
person 0.0030 23 55 170 459
person 0.0024 -2 326 66 479
person 0.0020 18 269 417 477
person 0.0017 329 474 353 479
person 0.0013 0 329 35 414
person 0.0013 297 182 379 324
person 0.0013 1 369 38 439
person 0.0010 0 258 41 454
car 0.0156 357 453 422 479
motorbike 0.0015 360 453 422 479
dog 0.0013 0 22 420 486
bottle 0.0010 0 22 420 486
chair 0.0091 357 453 422 479
chair 0.0024 15 25 428 487
chair 0.0014 0 343 36 477
chair 0.0011 326 440 422 480
sofa 0.0121 19 14 423 477
sofa 0.0022 360 453 421 479
diningtable 0.0021 15 25 423 485
diningtable 0.0017 360 453 421 479
tvmonitor 0.0016 365 452 422 479
