person 0.9415 51 96 220 369
person 0.0065 476 154 500 162
person 0.0012 211 143 229 159
person 0.0012 487 155 499 162
boat 0.0367 211 142 231 159
boat 0.0143 214 144 277 161
boat 0.0141 211 153 227 159
boat 0.0125 207 138 349 162
boat 0.0095 475 155 500 163
boat 0.0092 280 157 290 161
boat 0.0069 219 144 242 159
boat 0.0053 214 140 225 158
boat 0.0050 252 150 275 158
boat 0.0044 221 152 272 161
boat 0.0034 236 151 283 160
boat 0.0033 227 147 303 160
boat 0.0026 213 150 239 160
boat 0.0024 323 158 330 162
boat 0.0021 274 156 290 161
boat 0.0016 259 152 276 158
boat 0.0013 226 148 267 160
boat 0.0011 321 157 343 161
boat 0.0011 236 154 255 160
bird 0.0049 476 154 500 162
bird 0.0010 323 158 330 162
