person 0.0603 386 64 396 70
person 0.0413 384 64 404 70
person 0.0319 395 65 410 70
person 0.0091 462 61 467 67
person 0.0034 464 60 467 65
person 0.0021 42 55 62 62
person 0.0021 462 60 467 64
person 0.0019 77 48 90 59
person 0.0018 43 46 59 59
person 0.0016 69 46 87 60
person 0.0015 48 43 70 59
person 0.0013 75 53 93 61
person 0.0012 401 64 412 70
car 0.0051 386 65 396 69
car 0.0048 384 64 404 70
car 0.0027 395 65 410 70
car 0.0022 40 49 101 65
aeroplane 0.0125 384 64 405 70
aeroplane 0.0091 386 64 396 70
aeroplane 0.0038 41 40 99 65
aeroplane 0.0018 393 65 410 70
bus 0.0010 384 64 405 70
boat 0.3574 40 49 101 65
boat 0.1782 463 60 467 66
boat 0.1517 386 65 396 69
boat 0.0863 395 65 410 70
boat 0.0845 384 64 405 70
boat 0.0629 440 58 451 63
boat 0.0529 435 58 448 63
boat 0.0501 113 47 132 56
boat 0.0485 450 54 459 62
boat 0.0445 389 54 397 59
boat 0.0434 87 52 104 59
boat 0.0430 444 58 456 62
boat 0.0418 0 51 7 56
boat 0.0408 42 33 101 65
boat 0.0370 119 49 134 56
boat 0.0326 109 49 119 55
boat 0.0320 103 51 112 56
boat 0.0303 45 42 88 63
boat 0.0299 139 49 151 56
boat 0.0292 93 52 109 57
boat 0.0276 451 42 459 64
boat 0.0273 109 47 123 56
boat 0.0272 9 52 22 57
boat 0.0266 375 54 381 58
boat 0.0263 424 56 443 62
boat 0.0262 105 50 116 56
boat 0.0259 0 52 15 57
boat 0.0250 240 54 246 58
boat 0.0248 14 51 26 57
boat 0.0206 461 60 468 67
boat 0.0204 423 55 437 62
boat 0.0187 152 50 166 55
boat 0.0182 29 51 40 56
boat 0.0182 375 54 384 59
boat 0.0179 43 31 76 60
boat 0.0152 117 44 137 57
boat 0.0148 41 52 83 63
boat 0.0147 125 49 140 56
boat 0.0141 140 48 164 57
boat 0.0141 461 59 468 65
boat 0.0129 162 50 172 56
boat 0.0125 43 54 65 62
boat 0.0121 385 59 411 71
boat 0.0119 68 47 98 61
boat 0.0113 383 63 394 69
boat 0.0111 165 50 176 56
boat 0.0110 78 47 109 61
boat 0.0104 199 50 207 55
boat 0.0100 19 52 34 57
boat 0.0093 236 53 246 57
boat 0.0090 43 45 61 59
boat 0.0087 83 50 98 58
boat 0.0087 54 43 75 60
boat 0.0081 132 50 149 56
boat 0.0080 42 53 55 60
boat 0.0079 134 46 158 57
boat 0.0078 41 60 100 69
boat 0.0077 87 46 118 59
boat 0.0072 171 50 182 56
boat 0.0072 18 49 37 57
boat 0.0071 354 49 362 58
boat 0.0070 370 54 380 58
boat 0.0068 41 47 54 58
boat 0.0065 401 64 412 70
boat 0.0064 33 51 45 57
boat 0.0063 77 48 90 59
boat 0.0063 56 55 106 63
boat 0.0062 391 53 399 59
boat 0.0060 213 51 224 57
boat 0.0060 49 36 68 58
boat 0.0060 350 49 358 58
boat 0.0060 75 53 93 61
boat 0.0058 227 52 240 57
boat 0.0055 223 52 235 56
boat 0.0052 265 53 274 58
boat 0.0052 385 52 397 59
boat 0.0051 211 51 220 58
boat 0.0050 52 30 58 40
boat 0.0050 60 44 83 62
boat 0.0049 416 54 432 61
boat 0.0049 51 29 60 48
boat 0.0048 170 49 188 56
boat 0.0044 200 50 214 56
boat 0.0044 458 63 467 68
boat 0.0042 268 53 280 57
boat 0.0042 186 48 198 55
boat 0.0041 438 45 459 63
boat 0.0040 204 51 217 57
boat 0.0039 1 46 30 59
boat 0.0039 47 37 62 55
boat 0.0039 140 45 151 54
boat 0.0037 50 28 65 51
boat 0.0036 423 49 435 61
boat 0.0034 67 53 88 61
boat 0.0034 443 40 464 64
boat 0.0033 409 53 419 60
boat 0.0033 418 50 446 65
boat 0.0032 243 55 247 60
boat 0.0031 357 52 368 58
boat 0.0030 387 50 413 69
bird 0.0069 241 54 246 59
bird 0.0042 243 55 247 60
bird 0.0041 265 53 274 58
bird 0.0017 268 53 280 57
bird 0.0015 462 61 467 67
bird 0.0014 462 60 467 64
bird 0.0011 263 53 270 57
