person 0.0554 486 56 499 127
person 0.0135 454 73 500 331
person 0.0053 460 234 500 330
person 0.0039 482 52 499 245
person 0.0016 473 261 499 330
person 0.0012 487 62 499 203
person 0.0012 372 118 482 332
bicycle 0.0022 363 117 481 335
car 0.0010 486 56 499 127
cat 0.0038 371 118 478 332
cat 0.0018 486 57 500 129
dog 0.0031 372 118 482 332
bottle 0.8477 371 118 478 332
bottle 0.0755 276 0 315 126
bottle 0.0050 486 56 500 127
bottle 0.0039 281 51 311 113
bottle 0.0030 455 121 501 329
bottle 0.0012 299 50 314 115
bottle 0.0010 339 68 506 311
chair 0.5131 13 13 278 310
chair 0.0512 486 57 499 128
chair 0.0285 459 231 499 330
chair 0.0162 454 73 500 331
chair 0.0095 36 2 207 100
chair 0.0070 458 230 500 267
chair 0.0062 23 19 194 171
chair 0.0050 342 116 480 332
chair 0.0025 482 52 499 245
chair 0.0021 91 89 276 299
chair 0.0020 305 293 377 330
chair 0.0018 407 79 499 345
chair 0.0015 487 62 499 203
chair 0.0015 473 261 499 330
chair 0.0014 177 79 279 276
sofa 0.4553 13 13 278 310
sofa 0.0070 486 57 499 128
sofa 0.0066 458 232 499 328
sofa 0.0064 23 19 194 171
sofa 0.0028 74 -1 208 94
sofa 0.0027 454 73 500 331
sofa 0.0025 177 79 279 276
sofa 0.0012 97 134 269 300
sofa 0.0010 133 0 336 296
pottedplant 0.0107 486 58 499 128
diningtable 0.0274 359 117 478 331
diningtable 0.0233 454 73 500 331
diningtable 0.0156 458 232 499 328
diningtable 0.0068 304 240 516 329
diningtable 0.0043 458 230 500 267
diningtable 0.0036 407 79 499 345
diningtable 0.0035 265 127 495 325
diningtable 0.0023 486 58 499 128
diningtable 0.0017 305 280 487 330
tvmonitor 0.0066 68 2 204 94
tvmonitor 0.0027 486 58 499 128
tvmonitor 0.0019 268 121 341 151
tvmonitor 0.0015 276 0 315 126
tvmonitor 0.0010 282 0 317 37
