person 0.4537 84 9 445 430
person 0.0184 116 6 348 272
person 0.0061 0 37 8 93
person 0.0059 1 53 28 102
person 0.0046 0 18 12 95
person 0.0033 0 48 39 153
person 0.0033 323 152 441 253
person 0.0026 235 28 492 427
person 0.0020 221 243 500 430
person 0.0019 0 38 19 94
person 0.0019 0 10 27 99
person 0.0017 0 11 274 457
person 0.0017 2 193 485 452
person 0.0014 26 165 123 265
person 0.0013 320 160 497 430
person 0.0012 368 262 502 401
bird 0.0069 335 144 443 249
bird 0.0011 297 50 453 250
cat 0.1343 335 144 443 249
cat 0.0319 311 45 453 248
cat 0.0025 44 230 271 448
cat 0.0022 325 109 448 330
cat 0.0015 356 183 445 243
cat 0.0014 235 28 492 427
dog 0.7949 40 222 272 448
dog 0.1877 336 148 442 249
dog 0.0772 27 169 125 268
dog 0.0412 17 214 467 448
dog 0.0102 312 46 453 248
dog 0.0052 22 159 137 340
dog 0.0030 57 167 119 242
dog 0.0025 325 109 448 330
dog 0.0022 71 17 452 437
dog 0.0021 235 28 492 427
dog 0.0019 19 80 191 388
dog 0.0013 25 213 82 266
dog 0.0011 223 291 353 396
horse 0.0013 337 142 444 247
sheep 0.0030 335 144 443 249
sheep 0.0011 26 165 123 265
bottle 0.1325 222 288 356 397
bottle 0.1168 299 41 375 99
bottle 0.0416 345 53 378 108
bottle 0.0362 303 65 332 97
bottle 0.0258 348 47 387 86
bottle 0.0245 290 8 478 176
bottle 0.0228 318 38 409 118
bottle 0.0192 343 43 376 71
bottle 0.0146 298 52 342 101
bottle 0.0144 0 10 27 99
bottle 0.0132 0 18 12 95
bottle 0.0126 357 48 388 73
bottle 0.0124 3 55 28 94
bottle 0.0123 315 41 368 75
bottle 0.0112 304 75 325 98
bottle 0.0110 296 76 318 101
bottle 0.0100 289 44 321 84
bottle 0.0099 333 162 356 185
bottle 0.0091 361 57 383 106
bottle 0.0091 289 45 307 81
bottle 0.0086 348 69 373 100
bottle 0.0081 391 269 466 324
bottle 0.0075 315 45 352 69
bottle 0.0065 66 126 90 169
bottle 0.0057 179 250 398 403
bottle 0.0053 353 66 387 112
bottle 0.0053 309 53 450 160
bottle 0.0051 25 227 57 263
bottle 0.0049 0 2 20 56
bottle 0.0043 242 0 337 33
bottle 0.0042 299 43 342 77
bottle 0.0041 15 209 65 263
bottle 0.0040 269 379 309 405
bottle 0.0040 331 41 378 88
bottle 0.0038 336 159 371 185
bottle 0.0037 24 170 118 266
bottle 0.0036 0 38 19 94
bottle 0.0034 296 34 392 186
bottle 0.0033 123 53 164 131
bottle 0.0032 378 93 392 114
bottle 0.0031 326 134 381 209
bottle 0.0030 -1 182 526 443
bottle 0.0030 326 41 363 65
bottle 0.0029 317 58 376 116
bottle 0.0025 355 55 380 86
bottle 0.0025 386 269 499 395
bottle 0.0025 1 223 53 291
bottle 0.0025 0 37 8 93
bottle 0.0024 170 196 454 433
bottle 0.0023 345 40 364 56
bottle 0.0023 373 83 394 129
bottle 0.0022 297 64 332 126
bottle 0.0021 363 51 385 88
bottle 0.0021 284 28 428 242
bottle 0.0018 404 272 488 312
bottle 0.0016 1 50 35 116
bottle 0.0016 298 83 311 101
bottle 0.0016 267 4 351 86
bottle 0.0015 13 35 169 234
bottle 0.0014 337 71 378 136
bottle 0.0014 347 55 371 88
bottle 0.0013 50 153 121 246
bottle 0.0012 319 48 340 66
bottle 0.0012 337 142 444 247
bottle 0.0012 371 92 389 113
bottle 0.0011 287 45 301 74
bottle 0.0011 323 8 409 79
bottle 0.0011 285 9 333 81
bottle 0.0011 354 79 379 109
bottle 0.0010 376 78 404 133
bottle 0.0010 336 41 359 58
chair 0.0120 23 60 495 440
chair 0.0039 0 37 8 93
chair 0.0021 0 18 12 95
chair 0.0016 195 149 484 435
chair 0.0014 382 262 500 398
chair 0.0012 0 93 57 186
chair 0.0011 0 136 55 190
sofa 0.0506 23 60 495 440
sofa 0.0079 18 221 433 449
sofa 0.0050 214 289 347 393
sofa 0.0035 179 250 398 403
sofa 0.0014 196 150 481 435
sofa 0.0012 107 14 426 307
sofa 0.0011 119 160 414 363
pottedplant 0.1373 299 36 470 246
pottedplant 0.0236 307 6 490 169
pottedplant 0.0146 331 57 479 153
pottedplant 0.0077 349 44 391 78
pottedplant 0.0053 320 18 426 131
pottedplant 0.0040 337 48 383 109
pottedplant 0.0037 295 55 442 177
pottedplant 0.0037 347 81 464 183
pottedplant 0.0035 12 34 170 237
pottedplant 0.0031 380 95 475 156
pottedplant 0.0030 392 91 445 146
pottedplant 0.0021 382 58 454 150
pottedplant 0.0020 359 49 493 207
pottedplant 0.0020 403 114 443 142
pottedplant 0.0019 377 114 435 153
pottedplant 0.0012 326 134 381 209
diningtable 0.0015 -1 182 526 443
diningtable 0.0012 111 6 455 430
diningtable 0.0011 0 148 49 188
