person 0.8312 309 145 333 208
person 0.8165 382 166 408 231
person 0.7107 311 89 332 107
person 0.5767 283 96 302 149
person 0.0611 306 73 343 103
person 0.0562 398 118 419 173
person 0.0300 348 85 360 104
person 0.0250 356 85 371 104
person 0.0247 367 83 389 102
person 0.0241 476 180 500 214
person 0.0236 352 85 365 104
person 0.0206 209 169 225 181
person 0.0200 215 169 226 180
person 0.0185 280 96 294 136
person 0.0140 417 118 438 174
person 0.0129 337 125 346 135
person 0.0125 467 135 477 148
person 0.0110 384 167 399 217
person 0.0107 153 158 297 214
person 0.0103 391 117 433 172
person 0.0102 302 60 359 94
person 0.0096 381 124 412 168
person 0.0095 228 168 243 180
person 0.0093 343 109 461 173
person 0.0091 488 180 499 214
person 0.0089 288 98 301 126
person 0.0080 296 89 339 145
person 0.0066 399 135 413 168
person 0.0066 309 90 333 119
person 0.0065 274 96 408 162
person 0.0063 319 120 337 146
person 0.0062 404 130 424 171
person 0.0061 492 126 499 142
person 0.0060 455 132 472 148
person 0.0057 491 113 499 141
person 0.0057 365 85 378 103
person 0.0056 397 109 405 125
person 0.0053 314 147 330 179
person 0.0050 466 132 485 147
person 0.0049 293 112 373 149
person 0.0047 322 121 345 137
person 0.0041 398 147 413 176
person 0.0039 271 96 326 149
person 0.0039 482 102 499 112
person 0.0037 470 115 492 140
person 0.0037 486 125 498 143
person 0.0036 477 132 489 146
person 0.0035 410 131 432 171
person 0.0035 396 165 407 177
person 0.0035 183 162 278 191
person 0.0033 470 180 490 204
person 0.0033 282 117 299 146
person 0.0033 396 109 411 128
person 0.0033 431 110 440 122
person 0.0031 387 162 405 183
person 0.0030 385 169 397 188
person 0.0029 458 119 481 146
person 0.0029 476 106 484 116
person 0.0028 477 114 489 129
person 0.0027 483 116 497 140
person 0.0027 490 179 499 195
person 0.0026 382 137 399 162
person 0.0026 207 166 231 182
person 0.0025 379 127 422 243
person 0.0024 344 74 359 105
person 0.0024 303 92 326 110
person 0.0024 404 165 413 177
person 0.0023 313 82 340 100
person 0.0023 235 167 254 179
person 0.0023 395 166 413 231
person 0.0023 444 131 467 148
person 0.0023 478 178 500 197
person 0.0023 346 77 368 104
person 0.0023 472 119 481 129
person 0.0022 389 164 406 175
person 0.0022 426 122 440 165
person 0.0022 388 166 397 178
person 0.0021 220 170 231 179
person 0.0021 476 103 494 114
person 0.0021 469 137 481 148
person 0.0021 225 147 240 158
person 0.0020 289 96 299 112
person 0.0019 480 111 497 130
person 0.0019 419 116 442 152
person 0.0019 398 169 407 187
person 0.0018 469 110 493 130
person 0.0018 492 108 500 127
person 0.0018 386 178 395 202
person 0.0018 319 84 335 98
person 0.0018 479 127 491 145
person 0.0018 306 103 343 138
person 0.0017 313 159 331 186
person 0.0017 283 123 294 145
person 0.0017 404 114 417 128
person 0.0017 295 62 378 136
person 0.0016 403 112 423 158
person 0.0016 489 101 500 109
person 0.0016 460 137 473 148
person 0.0016 308 162 320 187
person 0.0016 403 117 417 140
bicycle 0.1215 470 179 499 205
bicycle 0.0302 301 60 358 92
bicycle 0.0244 261 52 287 86
bicycle 0.0243 348 85 360 104
bicycle 0.0164 351 85 365 104
bicycle 0.0142 367 83 389 102
bicycle 0.0095 306 73 343 103
bicycle 0.0091 345 75 363 105
bicycle 0.0060 486 180 499 215
bicycle 0.0038 466 172 500 217
bicycle 0.0038 310 87 335 108
bicycle 0.0031 489 179 499 201
bicycle 0.0026 393 115 429 170
bicycle 0.0025 320 66 366 96
bicycle 0.0023 478 178 500 197
bicycle 0.0022 356 85 371 104
bicycle 0.0020 335 68 361 100
bicycle 0.0017 326 81 420 115
bicycle 0.0013 299 77 512 173
bicycle 0.0012 365 85 379 103
bicycle 0.0012 295 62 378 136
bicycle 0.0010 398 120 417 174
car 0.8220 152 159 300 214
car 0.0300 277 93 444 162
car 0.0296 300 61 356 92
car 0.0148 280 97 307 148
car 0.0147 470 179 500 213
car 0.0102 286 106 347 150
car 0.0068 312 89 332 107
car 0.0066 343 109 461 173
car 0.0059 273 106 393 155
car 0.0055 0 50 265 196
car 0.0054 298 92 338 141
car 0.0035 306 73 343 103
car 0.0022 317 117 341 143
car 0.0019 308 142 333 202
car 0.0018 312 115 414 165
car 0.0016 326 81 420 115
car 0.0016 381 131 399 161
car 0.0013 207 166 231 182
car 0.0013 486 180 499 216
car 0.0011 189 193 245 255
car 0.0011 332 122 385 139
car 0.0010 349 86 360 103
car 0.0010 475 178 500 198
motorbike 0.1479 470 179 499 211
motorbike 0.0746 301 60 358 92
motorbike 0.0084 486 180 499 215
motorbike 0.0081 306 73 343 103
motorbike 0.0070 470 181 489 205
motorbike 0.0064 475 178 500 198
motorbike 0.0062 310 87 335 108
motorbike 0.0052 489 179 499 201
motorbike 0.0044 468 167 499 201
motorbike 0.0039 260 52 288 86
motorbike 0.0035 277 91 498 167
motorbike 0.0029 367 83 389 102
motorbike 0.0021 314 69 362 95
motorbike 0.0020 347 84 360 104
motorbike 0.0020 345 75 363 105
motorbike 0.0018 295 62 378 136
motorbike 0.0017 301 61 346 78
motorbike 0.0016 274 65 404 160
motorbike 0.0012 326 81 420 115
motorbike 0.0011 343 109 461 173
motorbike 0.0011 393 115 429 170
motorbike 0.0011 299 60 323 81
motorbike 0.0010 335 68 361 100
aeroplane 0.0048 279 89 495 167
aeroplane 0.0021 279 95 401 158
aeroplane 0.0019 470 178 500 211
aeroplane 0.0012 306 73 343 103
aeroplane 0.0010 343 109 461 173
bus 0.0034 0 50 265 196
bus 0.0016 277 91 498 167
bus 0.0012 154 159 297 216
bus 0.0011 296 61 351 91
boat 0.0033 279 89 495 167
boat 0.0023 296 61 351 91
boat 0.0012 280 95 406 152
bird 0.0026 470 178 500 211
bird 0.0019 304 62 316 73
bird 0.0013 301 60 360 94
bird 0.0011 301 60 321 81
dog 0.0020 470 179 500 216
dog 0.0010 312 89 332 107
horse 0.0102 470 178 500 211
horse 0.0041 398 118 420 173
horse 0.0021 301 56 359 90
horse 0.0011 299 77 512 173
horse 0.0010 386 117 435 172
sheep 0.0016 470 180 500 216
cow 0.0016 473 178 500 206
cow 0.0015 301 60 360 94
chair 0.0240 477 181 500 218
chair 0.0045 488 184 500 217
chair 0.0029 471 179 498 204
chair 0.0013 467 134 482 147
chair 0.0012 489 179 499 201
chair 0.0010 477 132 489 146
pottedplant 0.1511 370 84 389 101
pottedplant 0.0107 355 83 406 102
pottedplant 0.0105 445 121 465 147
pottedplant 0.0097 443 132 456 148
pottedplant 0.0090 453 132 468 147
pottedplant 0.0088 279 70 499 164
pottedplant 0.0079 365 83 383 102
pottedplant 0.0079 425 95 488 164
pottedplant 0.0066 403 122 437 171
pottedplant 0.0057 450 108 471 126
pottedplant 0.0054 391 67 506 170
pottedplant 0.0052 445 118 460 131
pottedplant 0.0052 444 112 456 130
pottedplant 0.0049 435 117 458 146
pottedplant 0.0039 359 85 372 104
pottedplant 0.0039 393 107 455 176
pottedplant 0.0037 457 133 478 148
pottedplant 0.0035 429 101 468 136
pottedplant 0.0034 445 109 456 120
pottedplant 0.0031 302 60 359 95
pottedplant 0.0029 458 119 481 146
pottedplant 0.0028 457 107 479 125
pottedplant 0.0028 469 110 494 130
pottedplant 0.0027 326 81 420 115
pottedplant 0.0026 470 178 499 212
pottedplant 0.0024 469 114 495 141
pottedplant 0.0024 414 105 449 162
pottedplant 0.0022 356 82 379 102
pottedplant 0.0022 373 92 389 103
pottedplant 0.0021 472 113 484 129
pottedplant 0.0021 418 115 443 153
pottedplant 0.0020 461 121 471 130
pottedplant 0.0020 480 111 496 130
pottedplant 0.0020 446 109 493 151
pottedplant 0.0020 312 89 332 107
pottedplant 0.0020 430 120 445 148
pottedplant 0.0019 491 113 499 141
pottedplant 0.0018 492 126 499 142
pottedplant 0.0017 472 119 481 129
pottedplant 0.0017 450 120 465 132
pottedplant 0.0017 347 84 360 104
pottedplant 0.0016 306 73 343 103
pottedplant 0.0016 460 113 472 128
pottedplant 0.0014 477 114 489 129
pottedplant 0.0013 463 121 477 130
pottedplant 0.0013 464 116 480 129
pottedplant 0.0013 369 78 390 114
pottedplant 0.0012 460 108 475 120
pottedplant 0.0012 483 115 497 140
pottedplant 0.0011 427 128 441 151
pottedplant 0.0010 485 125 498 143
pottedplant 0.0010 110 240 130 277
pottedplant 0.0010 456 108 469 119
pottedplant 0.0010 452 104 487 136
diningtable 0.0021 478 182 500 217
