person 0.8378 133 2 256 195
person 0.0039 131 16 194 194
person 0.0036 486 306 499 368
person 0.0025 159 0 185 13
person 0.0023 183 5 254 247
person 0.0019 30 9 60 70
person 0.0019 155 0 175 11
person 0.0016 157 26 228 207
person 0.0013 434 24 499 364
person 0.0013 26 1 47 33
person 0.0012 93 10 180 138
person 0.0012 476 0 500 142
person 0.0011 44 3 67 58
person 0.0011 28 6 53 49
person 0.0011 158 1 173 18
person 0.0010 160 2 174 29
motorbike 0.0010 30 9 60 70
cat 0.0023 193 181 418 351
cat 0.0022 194 181 248 228
dog 0.8914 193 181 418 352
dog 0.0064 194 181 248 228
dog 0.0037 189 184 351 304
bottle 0.0272 26 1 42 28
bottle 0.0225 46 0 61 17
bottle 0.0203 28 0 52 32
bottle 0.0155 46 0 67 42
bottle 0.0151 23 2 35 26
bottle 0.0139 32 0 56 21
bottle 0.0112 160 2 174 29
bottle 0.0090 104 2 121 28
bottle 0.0087 50 0 67 12
bottle 0.0072 105 1 118 19
bottle 0.0062 39 0 52 13
bottle 0.0062 29 9 59 68
bottle 0.0056 9 0 31 20
bottle 0.0053 57 3 91 43
bottle 0.0047 46 5 74 62
bottle 0.0041 29 0 40 12
bottle 0.0041 19 2 31 24
bottle 0.0040 161 10 172 31
bottle 0.0039 56 0 73 13
bottle 0.0039 116 4 180 28
bottle 0.0035 35 0 49 11
bottle 0.0030 151 0 162 8
bottle 0.0030 160 0 189 16
bottle 0.0026 6 0 35 35
bottle 0.0024 154 0 167 13
bottle 0.0023 158 8 178 36
bottle 0.0021 149 0 172 15
bottle 0.0020 104 13 130 31
bottle 0.0019 27 9 48 44
bottle 0.0019 163 1 188 28
bottle 0.0019 9 0 50 51
bottle 0.0019 60 4 83 61
bottle 0.0018 68 3 103 37
bottle 0.0018 140 6 184 37
bottle 0.0018 14 0 28 12
bottle 0.0017 91 1 114 31
bottle 0.0016 18 1 33 12
bottle 0.0016 157 4 169 25
bottle 0.0014 136 0 170 12
bottle 0.0014 146 0 160 11
bottle 0.0014 32 1 61 44
bottle 0.0013 61 0 77 9
bottle 0.0012 132 11 173 42
bottle 0.0011 0 4 35 65
bottle 0.0010 102 3 138 30
bottle 0.0010 111 0 129 14
chair 0.1923 82 322 224 372
chair 0.0148 486 306 499 368
chair 0.0016 433 16 499 347
chair 0.0015 8 0 32 19
chair 0.0012 484 334 500 373
chair 0.0011 192 181 422 351
sofa 0.0263 82 323 227 373
sofa 0.0035 485 306 499 371
sofa 0.0029 192 181 422 351
pottedplant 0.0012 26 1 47 33
diningtable 0.0316 83 323 224 372
diningtable 0.0030 485 306 499 371
diningtable 0.0021 30 11 58 70
diningtable 0.0019 0 99 63 156
diningtable 0.0015 29 28 89 77
diningtable 0.0012 431 22 496 335
diningtable 0.0010 40 38 79 75
diningtable 0.0010 0 5 38 64
tvmonitor 0.0356 468 0 499 82
tvmonitor 0.0089 476 1 500 142
tvmonitor 0.0045 486 306 499 368
tvmonitor 0.0040 487 3 499 78
tvmonitor 0.0033 433 17 499 324
tvmonitor 0.0014 478 47 499 122
