person 0.9283 1 60 160 290
person 0.8652 411 143 499 281
person 0.8057 191 28 365 250
person 0.4995 0 245 22 315
person 0.0996 0 180 21 313
person 0.0901 183 160 236 202
person 0.0304 171 158 280 254
person 0.0097 422 78 500 204
person 0.0080 0 159 34 294
person 0.0078 396 73 500 265
person 0.0074 27 152 165 268
person 0.0063 0 294 14 317
person 0.0053 0 156 29 226
person 0.0050 0 178 11 249
person 0.0045 368 208 402 294
person 0.0043 178 156 251 220
person 0.0041 0 181 6 248
person 0.0037 0 285 9 312
person 0.0036 35 185 126 207
person 0.0036 0 156 28 184
person 0.0036 0 276 19 313
person 0.0033 0 300 9 313
person 0.0031 16 144 509 300
person 0.0029 95 199 131 225
person 0.0029 0 181 10 201
person 0.0023 3 71 59 103
person 0.0020 65 190 127 219
person 0.0015 6 208 513 371
person 0.0015 0 72 62 156
person 0.0013 126 273 164 308
person 0.0013 418 146 492 216
person 0.0012 386 164 433 240
person 0.0012 0 251 31 338
person 0.0012 0 336 73 372
person 0.0012 0 166 15 230
person 0.0011 0 227 20 285
person 0.0011 15 254 287 357
person 0.0011 481 219 500 285
person 0.0010 356 136 491 265
person 0.0010 486 282 500 315
person 0.0010 124 47 298 222
person 0.0010 347 0 491 242
bird 0.0015 188 161 235 199
cat 0.0025 187 160 234 199
dog 0.0057 187 160 234 199
bottle 0.8487 367 209 402 294
bottle 0.0300 412 316 500 372
bottle 0.0051 377 208 400 236
bottle 0.0035 486 282 500 318
bottle 0.0033 280 190 491 351
bottle 0.0024 371 206 403 251
bottle 0.0019 417 323 466 374
bottle 0.0019 -1 336 74 372
bottle 0.0019 315 198 460 306
bottle 0.0018 354 35 396 239
bottle 0.0017 140 292 189 316
bottle 0.0014 125 272 164 309
bottle 0.0013 280 255 317 291
bottle 0.0011 409 294 472 336
bottle 0.0011 361 219 387 266
bottle 0.0011 396 276 421 312
chair 0.6651 131 74 177 191
chair 0.2881 0 156 28 187
chair 0.2318 420 39 499 196
chair 0.1876 128 77 159 176
chair 0.1728 0 156 29 226
chair 0.1707 348 0 480 241
chair 0.0894 462 95 500 158
chair 0.0836 457 43 500 158
chair 0.0773 0 160 27 305
chair 0.0699 115 76 149 173
chair 0.0628 0 168 18 244
chair 0.0449 438 83 500 179
chair 0.0435 0 181 6 248
chair 0.0434 386 166 433 240
chair 0.0426 2 68 156 168
chair 0.0425 351 7 419 237
chair 0.0389 411 145 499 282
chair 0.0328 0 181 10 201
chair 0.0237 133 122 162 192
chair 0.0217 0 170 16 212
chair 0.0199 147 82 179 171
chair 0.0173 0 181 8 224
chair 0.0158 396 73 500 265
chair 0.0155 2 59 160 283
chair 0.0144 389 195 432 252
chair 0.0132 427 118 469 198
chair 0.0122 151 71 235 182
chair 0.0102 349 166 383 251
chair 0.0099 146 25 365 258
chair 0.0099 367 207 402 290
chair 0.0088 0 166 22 199
chair 0.0086 413 109 484 229
chair 0.0085 381 73 437 257
chair 0.0083 432 159 465 194
chair 0.0079 425 142 493 192
chair 0.0073 173 219 206 249
chair 0.0072 129 78 152 133
chair 0.0068 63 81 152 177
chair 0.0063 0 89 63 170
chair 0.0061 477 113 499 153
chair 0.0061 494 124 500 148
chair 0.0061 0 186 10 252
chair 0.0057 384 147 475 235
chair 0.0057 140 73 172 146
chair 0.0055 0 162 151 292
chair 0.0055 0 158 51 252
chair 0.0052 227 148 236 161
chair 0.0052 386 0 498 176
chair 0.0050 86 70 193 190
chair 0.0048 1 112 45 195
chair 0.0045 0 192 4 224
chair 0.0043 0 241 25 316
chair 0.0043 282 10 447 259
chair 0.0042 3 71 60 103
chair 0.0040 356 130 386 232
chair 0.0039 82 197 135 224
chair 0.0037 361 7 394 188
chair 0.0035 0 156 27 169
chair 0.0035 227 135 244 170
chair 0.0033 88 133 478 270
chair 0.0033 356 136 491 265
chair 0.0032 186 161 234 200
chair 0.0032 347 241 371 253
chair 0.0031 223 143 240 167
chair 0.0031 481 213 500 282
chair 0.0027 398 53 474 200
chair 0.0026 358 168 384 215
chair 0.0025 383 139 426 219
chair 0.0025 0 234 3 251
chair 0.0025 49 184 100 199
chair 0.0025 464 37 499 100
chair 0.0024 228 142 241 159
chair 0.0024 172 160 280 253
chair 0.0022 13 70 43 85
chair 0.0022 0 151 49 207
chair 0.0022 223 148 237 177
chair 0.0021 12 70 60 89
chair 0.0021 216 145 235 167
chair 0.0020 465 68 499 128
chair 0.0020 149 77 197 197
chair 0.0020 454 74 501 235
chair 0.0019 156 151 410 254
chair 0.0019 482 127 499 150
chair 0.0019 375 209 401 234
chair 0.0017 158 179 203 252
chair 0.0016 348 220 374 252
chair 0.0016 490 128 499 150
chair 0.0016 146 189 245 262
chair 0.0016 170 134 239 173
chair 0.0015 490 112 499 146
chair 0.0015 128 80 148 114
chair 0.0015 119 113 158 197
chair 0.0015 76 251 128 278
chair 0.0014 0 79 19 87
chair 0.0014 346 188 362 252
chair 0.0014 376 184 484 270
chair 0.0014 158 127 181 178
chair 0.0013 376 33 429 202
chair 0.0013 226 121 252 167
chair 0.0013 0 202 4 236
sofa 0.0037 4 60 154 299
sofa 0.0023 3 71 60 105
sofa 0.0021 0 160 27 305
sofa 0.0018 6 208 513 371
sofa 0.0017 16 144 509 300
sofa 0.0015 2 68 156 168
sofa 0.0014 0 156 29 237
sofa 0.0012 411 142 500 282
sofa 0.0012 0 72 62 156
sofa 0.0010 0 156 28 187
pottedplant 0.0010 486 282 500 315
diningtable 0.5884 7 225 479 366
diningtable 0.2890 0 74 62 158
diningtable 0.0685 0 75 61 117
diningtable 0.0601 103 268 210 331
diningtable 0.0452 2 68 156 168
diningtable 0.0438 158 247 201 286
diningtable 0.0387 339 -6 497 239
diningtable 0.0377 -2 259 298 367
diningtable 0.0301 126 273 164 308
diningtable 0.0248 0 156 28 187
diningtable 0.0210 280 254 317 293
diningtable 0.0162 34 296 339 374
diningtable 0.0143 148 72 182 184
diningtable 0.0131 16 144 509 300
diningtable 0.0124 0 265 141 365
diningtable 0.0108 409 293 474 335
diningtable 0.0104 404 280 497 368
diningtable 0.0095 142 293 189 316
diningtable 0.0082 406 3 498 209
diningtable 0.0070 282 240 496 370
diningtable 0.0069 367 209 401 294
diningtable 0.0065 130 76 174 191
diningtable 0.0064 126 66 244 188
diningtable 0.0059 0 155 29 230
diningtable 0.0051 0 59 156 264
diningtable 0.0048 457 43 500 158
diningtable 0.0046 195 281 248 311
diningtable 0.0044 173 166 282 252
diningtable 0.0042 450 279 498 339
diningtable 0.0042 13 173 365 344
diningtable 0.0040 320 324 400 369
diningtable 0.0037 168 279 235 308
diningtable 0.0036 0 156 27 169
diningtable 0.0035 484 280 500 319
diningtable 0.0034 156 251 369 356
diningtable 0.0033 0 181 10 201
diningtable 0.0032 396 276 421 312
diningtable 0.0032 0 168 18 244
diningtable 0.0029 365 262 457 348
diningtable 0.0027 9 69 60 92
diningtable 0.0026 0 170 16 212
diningtable 0.0025 462 95 500 158
diningtable 0.0022 115 76 149 173
diningtable 0.0022 0 79 31 101
diningtable 0.0022 234 269 454 361
diningtable 0.0021 379 62 484 247
diningtable 0.0020 0 331 71 364
diningtable 0.0020 423 76 498 256
diningtable 0.0018 192 262 268 315
diningtable 0.0018 265 254 336 302
diningtable 0.0017 0 166 22 199
diningtable 0.0016 92 199 131 225
diningtable 0.0016 391 249 495 320
diningtable 0.0016 -2 104 64 206
diningtable 0.0016 149 192 521 336
diningtable 0.0015 354 0 432 240
diningtable 0.0014 27 152 165 268
diningtable 0.0013 130 33 372 230
diningtable 0.0013 0 304 9 317
diningtable 0.0013 0 148 29 167
diningtable 0.0012 411 145 499 282
diningtable 0.0012 0 300 15 317
diningtable 0.0012 0 181 7 224
diningtable 0.0011 127 76 154 155
diningtable 0.0010 414 318 499 372
diningtable 0.0010 0 245 24 315
diningtable 0.0010 439 89 499 170
diningtable 0.0010 392 254 429 315
