person 0.3788 3 9 392 301
person 0.0470 265 92 485 312
person 0.0411 0 69 236 309
person 0.0074 1 123 173 255
person 0.0038 1 50 172 188
person 0.0036 73 4 458 194
person 0.0034 0 90 39 141
person 0.0030 1 27 271 218
person 0.0029 147 0 503 313
person 0.0029 141 3 387 120
person 0.0022 334 89 482 243
person 0.0019 -8 -2 337 148
person 0.0018 1 52 106 276
person 0.0015 119 4 311 83
person 0.0010 64 134 341 308
motorbike 0.0011 7 3 504 315
cat 0.0017 1 11 390 311
chair 0.0085 10 6 468 313
chair 0.0067 72 239 262 311
chair 0.0033 0 148 265 311
chair 0.0010 1 176 132 311
sofa 0.0225 7 3 504 315
sofa 0.0023 0 150 169 311
sofa 0.0010 73 4 458 194
sofa 0.0010 71 239 258 312
