person 0.9208 0 237 114 500
person 0.9206 322 247 374 499
person 0.0679 76 53 272 496
person 0.0085 60 208 134 467
person 0.0079 71 199 158 288
person 0.0073 140 182 160 227
person 0.0073 282 240 369 502
person 0.0048 64 210 144 336
person 0.0044 59 237 112 391
person 0.0043 64 277 89 332
person 0.0038 135 150 163 281
person 0.0033 74 188 164 427
person 0.0032 0 250 92 371
person 0.0032 53 105 184 466
person 0.0026 102 141 205 274
person 0.0026 87 141 166 329
person 0.0017 76 145 235 324
person 0.0014 63 221 105 334
person 0.0011 122 56 277 335
person 0.0010 61 269 104 357
dog 0.0014 87 173 265 511
horse 0.6811 77 62 270 501
horse 0.0525 68 208 145 326
horse 0.0210 53 105 184 466
horse 0.0071 132 58 274 364
horse 0.0053 21 186 229 492
horse 0.0052 136 173 266 510
horse 0.0052 64 208 138 419
horse 0.0041 71 207 142 271
horse 0.0036 62 230 116 339
horse 0.0027 20 213 139 351
horse 0.0025 60 164 259 361
horse 0.0022 90 160 164 331
horse 0.0019 71 183 160 285
horse 0.0018 63 239 115 491
horse 0.0015 97 220 267 403
cow 0.0012 87 173 265 511
