person 0.0086 205 292 229 317
person 0.0061 197 285 237 318
person 0.0027 281 324 291 332
person 0.0017 179 270 258 323
person 0.0016 200 292 218 317
person 0.0014 290 324 305 332
person 0.0013 248 27 368 308
bicycle 0.0010 24 31 453 328
bird 0.6952 253 33 366 246
bird 0.0142 294 212 348 250
bird 0.0062 221 31 383 338
bird 0.0058 66 23 454 302
bird 0.0049 194 63 224 105
bird 0.0037 122 51 267 176
bird 0.0025 149 60 239 105
bird 0.0014 198 70 217 103
bird 0.0013 169 64 224 101
bird 0.0012 197 68 250 107
bird 0.0011 177 20 415 219
bird 0.0011 244 208 368 295
bird 0.0011 314 215 356 252
cat 0.0053 252 35 366 235
cat 0.0017 397 1 443 83
dog 0.0093 252 35 366 235
dog 0.0019 122 51 267 175
sheep 0.0063 252 35 364 230
bottle 0.0055 251 31 367 320
chair 0.0124 372 178 498 327
chair 0.0013 55 19 415 309
chair 0.0012 243 32 370 323
sofa 0.0021 372 178 498 327
pottedplant 0.0014 480 89 499 167
diningtable 0.0012 134 215 445 330
tvmonitor 0.0149 373 176 499 328
tvmonitor 0.0055 5 174 377 329
tvmonitor 0.0045 399 77 475 161
tvmonitor 0.0024 0 61 43 213
tvmonitor 0.0021 92 231 335 332
tvmonitor 0.0013 154 241 279 332
