person 0.7742 0 1 464 372
person 0.0083 446 236 499 323
person 0.0064 240 6 486 363
person 0.0051 469 296 500 323
person 0.0048 302 296 500 371
person 0.0039 445 287 499 323
person 0.0037 -4 3 192 366
person 0.0025 0 270 35 370
person 0.0025 1 -13 461 169
person 0.0018 309 167 499 367
person 0.0017 462 177 500 236
person 0.0012 395 43 501 355
person 0.0012 479 185 499 236
person 0.0011 492 186 500 202
person 0.0011 11 183 504 370
person 0.0011 405 154 484 309
person 0.0010 432 84 500 296
car 0.0069 435 1 499 150
car 0.0050 446 236 499 323
car 0.0014 420 5 500 258
car 0.0013 434 113 499 248
car 0.0010 435 72 498 145
bus 0.0012 435 1 499 150
train 0.0011 432 6 499 256
cat 0.0026 1 7 334 365
dog 0.0012 0 1 460 371
chair 0.0035 453 236 499 321
chair 0.0028 6 4 487 370
chair 0.0023 0 271 31 370
chair 0.0015 411 142 494 322
chair 0.0013 432 103 500 290
sofa 0.0129 6 4 487 370
sofa 0.0027 451 235 500 320
sofa 0.0024 0 270 35 370
sofa 0.0012 421 119 500 316
diningtable 0.0055 453 235 500 319
tvmonitor 0.0638 436 0 499 146
