person 0.0021 475 237 496 263
dog 0.0027 476 237 496 263
horse 0.0029 475 237 496 263
sheep 0.9114 282 224 350 278
sheep 0.8379 476 237 496 263
sheep 0.0107 402 236 420 244
sheep 0.0081 377 231 381 237
sheep 0.0064 489 234 499 262
sheep 0.0063 418 226 427 236
sheep 0.0049 405 232 426 240
sheep 0.0047 268 226 273 229
sheep 0.0041 360 235 365 246
sheep 0.0039 419 224 429 234
sheep 0.0037 434 220 444 228
sheep 0.0029 406 240 419 247
sheep 0.0021 401 231 423 245
sheep 0.0020 492 231 500 253
sheep 0.0017 409 226 430 241
sheep 0.0016 429 222 442 230
sheep 0.0012 493 231 500 240
sheep 0.0011 374 229 382 243
sheep 0.0010 315 225 351 258
cow 0.0100 475 237 496 263
cow 0.0028 283 224 350 279
