person 0.0022 -1 25 489 341
person 0.0015 8 218 485 334
person 0.0014 385 29 503 293
person 0.0013 -1 1 234 101
person 0.0010 0 1 117 99
bicycle 0.0090 -11 1 479 152
bicycle 0.0040 5 17 490 324
car 0.1313 -11 1 479 152
car 0.0704 4 31 490 335
car 0.0018 8 218 485 334
car 0.0011 408 9 500 306
motorbike 0.0151 4 31 490 335
motorbike 0.0054 12 0 494 153
cat 0.8232 0 58 262 309
cat 0.6513 213 111 493 334
cat 0.0883 -1 25 489 341
cat 0.0022 385 29 503 293
cat 0.0020 130 78 331 286
dog 0.4220 210 111 495 333
dog 0.0046 -1 58 254 310
dog 0.0043 4 31 490 335
chair 0.0354 -1 25 489 341
chair 0.0035 408 9 500 306
chair 0.0018 -11 1 479 152
chair 0.0017 248 8 510 327
chair 0.0014 8 218 485 334
sofa 0.0697 -1 25 489 341
sofa 0.0075 0 1 236 100
sofa 0.0069 8 218 485 334
sofa 0.0063 0 3 442 156
sofa 0.0051 408 9 500 306
sofa 0.0037 6 56 285 311
sofa 0.0014 0 1 117 99
sofa 0.0013 243 -10 518 355
diningtable 0.0025 -1 25 489 341
