person 0.0025 322 335 451 373
person 0.0024 220 45 337 366
person 0.0012 220 318 452 373
cat 0.8637 220 47 336 365
cat 0.0123 185 51 437 369
cat 0.0014 224 45 335 207
dog 0.0067 221 49 337 362
bottle 0.0010 212 5 244 38
chair 0.0152 217 37 494 368
chair 0.0090 322 335 451 373
chair 0.0036 201 173 450 370
chair 0.0026 219 47 337 365
chair 0.0010 218 292 454 373
sofa 0.0104 325 35 491 374
sofa 0.0061 322 335 451 373
diningtable 0.0011 106 41 384 365
diningtable 0.0010 219 45 336 363
tvmonitor 0.0080 319 9 500 369
tvmonitor 0.0022 170 268 247 372
