person 0.6095 358 183 374 244
person 0.2113 292 164 308 203
person 0.0785 334 215 347 228
person 0.0155 356 180 374 217
person 0.0127 166 120 284 494
person 0.0119 292 155 318 198
person 0.0115 287 137 349 228
person 0.0090 81 188 92 204
person 0.0081 361 189 374 222
person 0.0075 337 216 350 230
person 0.0065 331 212 343 225
person 0.0057 363 205 374 244
person 0.0056 27 226 35 242
person 0.0055 137 190 144 200
person 0.0052 316 215 353 242
person 0.0052 83 188 98 213
person 0.0051 336 229 375 277
person 0.0047 333 180 375 248
person 0.0036 346 193 374 261
person 0.0035 323 201 363 239
person 0.0031 85 184 98 202
person 0.0027 293 166 307 184
person 0.0026 136 191 148 203
person 0.0025 134 190 143 202
person 0.0025 86 195 98 212
person 0.0021 84 201 97 214
person 0.0020 298 179 307 206
person 0.0020 332 204 353 228
person 0.0019 0 0 15 32
person 0.0018 232 94 252 119
person 0.0017 303 171 325 239
person 0.0017 299 167 309 209
person 0.0016 355 196 373 223
person 0.0014 45 187 60 204
person 0.0014 319 189 331 228
person 0.0014 65 187 93 207
person 0.0012 77 9 304 466
person 0.0012 58 228 164 330
person 0.0012 47 185 71 207
person 0.0012 359 206 374 273
person 0.0012 0 0 11 8
person 0.0011 326 219 345 236
person 0.0010 153 242 217 329
person 0.0010 233 90 276 135
bicycle 0.0013 282 236 373 283
car 0.0244 0 0 14 31
car 0.0143 82 186 97 206
car 0.0045 88 183 99 202
car 0.0040 0 0 11 8
car 0.0038 83 192 97 213
car 0.0037 0 0 28 34
car 0.0028 11 190 35 223
car 0.0021 30 191 44 209
car 0.0018 133 190 151 205
car 0.0018 24 188 47 244
car 0.0017 135 190 146 203
car 0.0013 291 172 307 204
car 0.0013 44 185 72 211
car 0.0012 0 153 44 223
car 0.0011 94 176 133 210
car 0.0011 84 201 97 214
bird 0.0103 0 -1 192 182
bird 0.0029 5 -5 184 85
bottle 0.0027 293 165 308 203
bottle 0.0013 232 92 254 121
bottle 0.0010 334 213 345 227
chair 0.0270 114 435 225 500
chair 0.0111 115 474 175 499
chair 0.0101 115 217 140 243
chair 0.0074 101 216 142 249
chair 0.0047 164 429 204 492
chair 0.0030 115 390 244 496
chair 0.0026 0 0 18 33
chair 0.0026 170 463 230 500
chair 0.0018 334 213 345 227
chair 0.0018 113 460 193 499
chair 0.0014 165 419 239 497
chair 0.0013 109 214 139 234
chair 0.0011 0 261 32 316
chair 0.0011 91 214 149 261
chair 0.0011 26 302 219 390
chair 0.0010 131 323 270 497
chair 0.0010 26 193 50 242
sofa 0.0018 33 292 204 390
sofa 0.0011 70 249 163 330
pottedplant 0.7300 58 229 162 329
pottedplant 0.2144 153 242 217 328
pottedplant 0.1966 279 238 373 332
pottedplant 0.1905 77 9 304 466
pottedplant 0.1739 290 138 351 195
pottedplant 0.1101 159 71 285 491
pottedplant 0.0902 8 232 79 313
pottedplant 0.0648 108 195 249 353
pottedplant 0.0603 283 237 375 286
pottedplant 0.0589 0 -2 193 184
pottedplant 0.0511 0 149 47 214
pottedplant 0.0510 292 295 374 349
pottedplant 0.0430 29 230 106 313
pottedplant 0.0381 0 238 32 263
pottedplant 0.0358 121 231 233 329
pottedplant 0.0313 8 53 126 213
pottedplant 0.0300 37 28 266 197
pottedplant 0.0291 0 259 33 310
pottedplant 0.0275 41 118 119 210
pottedplant 0.0227 293 165 308 203
pottedplant 0.0217 157 253 240 354
pottedplant 0.0209 15 235 68 271
pottedplant 0.0188 83 188 98 213
pottedplant 0.0181 4 0 188 89
pottedplant 0.0172 60 144 129 216
pottedplant 0.0164 292 155 318 198
pottedplant 0.0155 62 57 199 317
pottedplant 0.0144 -1 237 35 295
pottedplant 0.0140 28 14 244 360
pottedplant 0.0138 0 68 62 206
pottedplant 0.0132 332 238 374 283
pottedplant 0.0123 90 154 145 220
pottedplant 0.0113 56 229 104 290
pottedplant 0.0107 94 215 146 254
pottedplant 0.0101 140 172 267 437
pottedplant 0.0101 86 216 197 327
pottedplant 0.0098 26 258 72 315
pottedplant 0.0093 84 201 97 214
pottedplant 0.0093 80 188 93 204
pottedplant 0.0093 293 130 354 253
pottedplant 0.0092 69 275 157 328
pottedplant 0.0091 135 190 146 203
pottedplant 0.0082 36 228 241 396
pottedplant 0.0082 86 195 98 212
pottedplant 0.0079 26 302 219 390
pottedplant 0.0075 53 170 188 336
pottedplant 0.0075 87 185 98 206
pottedplant 0.0073 20 188 34 211
pottedplant 0.0072 14 189 36 220
pottedplant 0.0072 113 216 140 244
pottedplant 0.0069 2 184 37 231
pottedplant 0.0068 145 241 221 400
pottedplant 0.0067 281 278 374 378
pottedplant 0.0066 342 301 374 352
pottedplant 0.0064 283 264 349 339
pottedplant 0.0062 1 3 96 185
pottedplant 0.0058 133 190 151 205
pottedplant 0.0057 88 172 122 210
pottedplant 0.0057 46 181 94 210
pottedplant 0.0055 15 182 62 235
pottedplant 0.0053 282 240 336 282
pottedplant 0.0053 123 185 148 206
pottedplant 0.0050 -3 238 54 267
pottedplant 0.0047 147 192 159 202
pottedplant 0.0042 23 188 43 209
pottedplant 0.0042 0 221 54 279
pottedplant 0.0039 274 242 332 323
pottedplant 0.0038 103 211 169 262
pottedplant 0.0038 38 46 171 245
pottedplant 0.0036 -1 0 27 32
pottedplant 0.0035 26 186 51 229
pottedplant 0.0035 191 115 349 456
pottedplant 0.0035 43 180 73 207
pottedplant 0.0035 112 45 276 343
pottedplant 0.0035 23 237 70 297
pottedplant 0.0032 0 263 60 318
pottedplant 0.0032 35 122 265 297
pottedplant 0.0032 144 329 213 392
pottedplant 0.0032 46 133 108 187
pottedplant 0.0031 117 188 145 212
pottedplant 0.0031 12 0 184 47
pottedplant 0.0031 64 186 94 208
pottedplant 0.0030 106 187 132 213
pottedplant 0.0030 32 232 85 272
pottedplant 0.0030 177 26 310 357
pottedplant 0.0030 105 160 164 225
pottedplant 0.0029 117 186 128 209
pottedplant 0.0029 43 148 108 258
pottedplant 0.0029 77 181 126 228
pottedplant 0.0028 158 158 280 325
pottedplant 0.0027 0 247 30 282
pottedplant 0.0027 54 187 74 209
pottedplant 0.0027 88 140 124 205
pottedplant 0.0026 0 144 88 231
pottedplant 0.0025 25 184 58 207
pottedplant 0.0024 3 246 28 268
pottedplant 0.0024 0 188 13 215
pottedplant 0.0024 86 131 172 234
pottedplant 0.0023 230 95 313 165
pottedplant 0.0023 193 140 285 429
diningtable 0.0040 114 448 230 499
diningtable 0.0018 311 221 358 244
diningtable 0.0016 115 474 175 499
diningtable 0.0016 23 0 290 419
diningtable 0.0016 111 481 242 499
diningtable 0.0010 333 213 349 229
diningtable 0.0010 101 214 139 240
tvmonitor 0.0149 292 164 308 202
tvmonitor 0.0011 114 448 230 499
