person 0.4033 227 35 238 45
person 0.3759 137 45 151 88
person 0.1002 218 34 237 47
person 0.0796 231 34 242 43
person 0.0729 137 37 149 62
person 0.0432 121 61 130 75
person 0.0387 139 36 153 54
person 0.0347 278 56 311 88
person 0.0282 150 47 167 77
person 0.0271 142 49 160 86
person 0.0230 240 31 248 42
person 0.0192 146 36 157 53
person 0.0163 241 25 249 41
person 0.0144 134 53 145 88
person 0.0116 146 38 159 76
person 0.0112 270 23 332 38
person 0.0106 274 58 298 86
person 0.0103 206 38 218 50
person 0.0095 120 60 130 83
person 0.0094 207 40 213 51
person 0.0093 153 38 165 53
person 0.0090 293 24 310 35
person 0.0083 245 35 261 42
person 0.0082 68 37 493 186
person 0.0081 8 67 21 87
person 0.0080 161 38 170 53
person 0.0079 138 36 156 67
person 0.0075 157 42 170 56
person 0.0071 153 38 174 64
person 0.0067 152 43 168 57
person 0.0059 212 57 374 133
person 0.0056 284 24 334 46
person 0.0054 133 43 167 87
person 0.0052 0 58 7 73
person 0.0052 2 65 17 87
person 0.0051 215 35 239 54
person 0.0049 246 24 275 40
person 0.0044 239 36 252 43
person 0.0043 142 41 178 82
person 0.0037 2 60 14 79
person 0.0036 12 67 28 87
person 0.0035 243 29 252 40
person 0.0034 206 35 257 63
person 0.0031 270 25 292 35
person 0.0030 130 38 147 63
person 0.0029 155 34 162 49
person 0.0028 220 69 237 88
person 0.0028 162 41 172 59
person 0.0028 130 37 146 88
person 0.0026 248 33 272 42
person 0.0026 1 56 12 73
person 0.0024 291 22 325 36
person 0.0024 21 69 32 86
person 0.0023 33 57 47 82
person 0.0022 19 62 40 86
person 0.0021 212 36 242 74
person 0.0019 249 23 296 40
person 0.0019 300 23 316 34
person 0.0019 278 68 305 88
person 0.0019 205 62 239 89
person 0.0018 138 65 153 87
person 0.0018 292 34 325 46
person 0.0017 287 67 311 89
person 0.0016 282 23 314 35
person 0.0016 254 51 305 86
person 0.0016 253 30 275 41
person 0.0016 137 35 146 49
person 0.0016 119 37 132 87
person 0.0015 295 26 311 44
person 0.0015 161 47 182 71
person 0.0014 5 50 26 80
person 0.0014 204 34 214 51
person 0.0014 204 40 224 52
person 0.0014 150 53 181 79
person 0.0014 0 69 11 83
person 0.0014 5 60 25 89
person 0.0014 199 46 209 54
person 0.0014 300 35 317 45
person 0.0013 182 46 246 84
person 0.0013 225 32 237 41
person 0.0012 167 45 183 66
person 0.0012 199 42 268 80
person 0.0012 201 40 210 52
person 0.0012 299 27 322 44
person 0.0012 120 59 136 89
person 0.0011 215 21 244 55
person 0.0010 254 24 274 35
person 0.0010 29 65 40 84
person 0.0010 19 28 462 118
bicycle 0.0016 0 116 16 148
bicycle 0.0013 137 56 152 87
car 0.7444 1 39 494 194
car 0.1362 248 22 334 44
car 0.0933 249 23 296 40
car 0.0198 253 25 274 40
car 0.0191 270 23 332 38
car 0.0185 282 23 314 35
car 0.0168 263 25 290 36
car 0.0145 246 32 275 42
car 0.0095 215 29 324 43
car 0.0072 150 47 167 77
car 0.0070 243 35 262 42
car 0.0062 10 27 472 127
car 0.0048 212 57 374 133
car 0.0047 283 25 332 46
car 0.0041 300 23 331 39
car 0.0039 225 35 240 46
car 0.0029 137 38 155 86
car 0.0026 206 35 257 63
car 0.0023 150 48 178 83
car 0.0023 8 100 128 173
car 0.0023 276 56 313 90
car 0.0022 241 34 301 42
car 0.0022 158 53 180 74
car 0.0021 235 35 256 43
car 0.0019 54 24 425 85
car 0.0019 269 26 299 40
car 0.0018 293 24 310 35
car 0.0017 258 29 284 41
car 0.0017 269 34 327 45
car 0.0016 286 25 306 42
car 0.0016 255 35 274 41
car 0.0015 488 114 499 124
car 0.0015 272 24 293 34
car 0.0014 121 59 130 75
car 0.0013 0 118 12 147
car 0.0011 242 17 300 44
car 0.0010 142 49 160 86
car 0.0010 115 33 135 80
car 0.0010 0 69 12 84
car 0.0010 240 30 249 42
motorbike 0.0016 269 23 338 46
motorbike 0.0012 149 50 164 82
aeroplane 0.0012 262 23 333 38
aeroplane 0.0011 254 24 298 36
aeroplane 0.0010 1 39 494 194
bus 0.0230 249 23 333 42
bus 0.0151 254 24 311 36
bus 0.0035 268 25 295 36
bus 0.0029 288 23 332 40
bus 0.0014 287 24 309 36
bus 0.0013 3 30 489 193
bus 0.0013 247 26 299 41
bus 0.0011 280 22 322 35
boat 0.0029 249 23 333 42
boat 0.0014 3 30 489 193
bottle 0.0010 28 12 36 29
chair 0.0037 0 116 16 148
chair 0.0020 2 65 17 87
chair 0.0012 0 69 11 83
chair 0.0010 7 65 23 88
chair 0.0010 255 22 334 44
sofa 0.0018 1 39 494 194
pottedplant 0.0114 472 4 496 61
pottedplant 0.0038 471 8 492 42
pottedplant 0.0015 463 75 498 114
pottedplant 0.0015 471 1 499 108
pottedplant 0.0015 473 90 480 114
