person 0.2472 127 -1 486 219
person 0.1040 94 -3 476 432
person 0.0470 0 1 35 103
person 0.0461 0 1 43 317
person 0.0133 310 6 485 315
person 0.0110 406 1 499 76
person 0.0085 323 9 440 231
person 0.0083 329 49 375 192
person 0.0065 0 3 20 314
person 0.0042 0 0 172 425
person 0.0030 47 0 285 426
person 0.0026 0 208 14 292
person 0.0018 278 284 313 358
person 0.0016 142 61 472 306
person 0.0016 -1 -8 87 327
person 0.0014 416 4 499 277
person 0.0014 0 0 268 231
person 0.0012 309 29 403 278
car 0.0041 0 1 35 103
car 0.0011 13 23 472 424
cat 0.0062 91 177 464 429
cat 0.0011 367 177 453 297
cat 0.0010 406 4 500 72
dog 0.4913 86 177 466 430
dog 0.0107 100 1 477 399
dog 0.0046 0 1 43 317
dog 0.0044 311 10 488 372
dog 0.0036 278 279 314 362
dog 0.0027 367 177 461 304
dog 0.0019 112 201 215 368
dog 0.0018 143 132 469 343
dog 0.0017 282 289 354 375
dog 0.0017 230 197 443 418
dog 0.0015 93 152 291 432
bottle 0.0039 327 49 374 195
bottle 0.0016 278 279 314 362
bottle 0.0010 86 177 466 430
chair 0.0472 0 208 14 292
chair 0.0240 0 0 36 106
chair 0.0085 0 4 42 312
chair 0.0059 322 30 495 350
chair 0.0037 330 46 370 191
chair 0.0032 94 -3 476 432
chair 0.0031 0 135 15 305
chair 0.0031 406 1 499 76
chair 0.0022 0 67 24 340
chair 0.0017 311 9 457 216
chair 0.0014 127 -1 486 219
chair 0.0010 0 -5 61 428
sofa 0.0187 318 11 498 315
sofa 0.0163 0 1 35 103
sofa 0.0065 94 -3 476 432
sofa 0.0063 405 0 499 76
sofa 0.0042 416 38 499 282
sofa 0.0038 330 46 370 191
sofa 0.0033 127 -1 486 219
sofa 0.0026 0 208 14 292
sofa 0.0023 0 1 40 298
sofa 0.0021 323 9 440 231
sofa 0.0017 368 1 496 229
sofa 0.0011 374 89 495 330
diningtable 0.0021 0 208 14 292
diningtable 0.0018 0 0 35 108
diningtable 0.0013 18 24 467 423
tvmonitor 0.0011 406 4 500 72
