person 0.6072 15 72 109 212
person 0.3896 16 76 107 139
person 0.0569 1 134 144 235
person 0.0096 109 82 196 226
person 0.0019 430 186 435 193
person 0.0016 16 94 196 229
person 0.0015 37 77 141 192
person 0.0014 154 103 196 139
bicycle 0.8035 109 86 197 236
bicycle 0.0196 154 103 196 139
bicycle 0.0184 150 85 201 239
bicycle 0.0144 2 127 191 238
bicycle 0.0110 132 129 192 235
bicycle 0.0095 112 83 188 167
bicycle 0.0062 160 135 192 229
bicycle 0.0042 125 149 170 238
bicycle 0.0026 108 95 166 206
bicycle 0.0025 221 188 234 202
bicycle 0.0023 228 188 242 202
bicycle 0.0023 155 81 189 100
bicycle 0.0022 153 101 196 193
bicycle 0.0019 220 183 244 205
bicycle 0.0018 217 188 229 202
bicycle 0.0017 151 86 252 231
bicycle 0.0015 144 140 187 186
bicycle 0.0014 132 186 168 237
bicycle 0.0014 165 141 190 193
bicycle 0.0013 129 92 190 135
bicycle 0.0013 221 176 237 204
bicycle 0.0012 233 186 245 202
bicycle 0.0012 169 177 190 228
bicycle 0.0010 208 190 221 202
bicycle 0.0010 153 90 188 117
bicycle 0.0010 210 185 232 205
car 0.0013 150 102 195 140
motorbike 0.0034 107 90 195 237
boat 0.0014 0 131 16 137
bird 0.0046 57 198 86 227
bird 0.0017 430 186 435 193
bird 0.0013 0 135 140 235
bird 0.0011 228 188 241 202
bird 0.0010 36 186 109 233
bird 0.0010 217 187 229 202
cat 0.0055 1 135 142 240
cat 0.0016 60 200 89 223
dog 0.0042 1 135 142 240
dog 0.0023 106 94 193 236
dog 0.0011 60 200 89 223
dog 0.0011 12 76 108 141
horse 0.0018 107 89 195 239
horse 0.0011 4 128 134 234
sheep 0.0024 295 239 320 247
sheep 0.0015 294 196 308 202
sheep 0.0014 416 215 426 222
sheep 0.0011 296 193 308 200
bottle 0.0017 119 87 198 237
chair 0.0022 1 135 143 236
chair 0.0015 106 93 194 237
sofa 0.0010 1 139 121 231
pottedplant 0.0026 106 94 193 236
