person 0.8787 336 168 431 336
person 0.0166 340 245 460 336
person 0.0091 341 226 410 332
person 0.0063 124 147 201 212
person 0.0034 121 153 165 213
person 0.0017 154 142 209 208
person 0.0014 66 152 158 210
bicycle 0.7029 344 247 454 337
bicycle 0.1991 337 170 440 340
bicycle 0.0133 345 248 384 323
bicycle 0.0052 341 229 409 332
bicycle 0.0024 361 272 452 325
car 0.0024 310 215 329 228
motorbike 0.0680 344 247 456 337
motorbike 0.0076 337 170 440 340
dog 0.0035 345 244 456 333
dog 0.0011 334 170 425 336
horse 0.0031 345 244 456 333
sheep 0.0011 345 244 456 333
