person 0.0011 209 216 354 333
bicycle 0.0172 333 129 408 257
bicycle 0.0148 291 125 351 234
bicycle 0.0059 320 175 371 252
bicycle 0.0049 330 172 352 238
bicycle 0.0046 397 189 452 280
bicycle 0.0025 334 186 402 258
bicycle 0.0021 396 157 452 248
motorbike 0.0027 291 120 354 228
motorbike 0.0020 332 155 404 258
boat 0.0026 27 136 102 233
bird 0.0022 209 214 353 332
cat 0.2387 212 213 353 332
cat 0.0029 478 285 500 322
dog 0.7895 209 214 352 332
sheep 0.0020 209 214 353 332
cow 0.0011 209 214 353 332
bottle 0.0062 477 285 500 322
bottle 0.0026 183 212 213 243
chair 0.0812 167 98 231 227
chair 0.0564 332 160 405 259
chair 0.0140 435 184 499 292
chair 0.0070 252 125 307 230
chair 0.0064 291 124 351 234
chair 0.0060 330 180 353 238
chair 0.0042 320 175 371 252
chair 0.0025 340 195 392 257
chair 0.0024 397 186 454 281
chair 0.0024 292 171 340 231
chair 0.0020 425 88 499 292
chair 0.0017 399 159 453 237
chair 0.0015 477 285 500 322
chair 0.0012 170 144 226 212
chair 0.0010 188 96 298 227
sofa 0.0011 210 215 354 333
pottedplant 0.7298 398 158 452 229
pottedplant 0.7006 170 69 234 152
pottedplant 0.6614 26 136 102 234
pottedplant 0.6507 340 112 412 200
pottedplant 0.4601 244 69 308 128
pottedplant 0.4397 292 94 354 184
pottedplant 0.4182 2 65 104 235
pottedplant 0.2045 244 75 313 220
pottedplant 0.1349 167 77 232 222
pottedplant 0.1307 293 119 355 229
pottedplant 0.1163 230 0 267 57
pottedplant 0.1049 333 129 408 257
pottedplant 0.0619 263 89 357 215
pottedplant 0.0472 183 212 213 243
pottedplant 0.0364 478 285 500 322
pottedplant 0.0325 0 68 54 226
pottedplant 0.0306 127 60 172 192
pottedplant 0.0251 252 125 307 230
pottedplant 0.0250 263 86 294 125
pottedplant 0.0244 207 68 258 164
pottedplant 0.0239 220 80 278 208
pottedplant 0.0222 254 134 303 183
pottedplant 0.0177 343 149 401 200
pottedplant 0.0173 235 20 259 58
pottedplant 0.0151 389 136 490 260
pottedplant 0.0148 166 0 268 57
pottedplant 0.0143 261 30 298 74
pottedplant 0.0113 396 191 452 281
pottedplant 0.0112 302 120 350 168
pottedplant 0.0102 233 1 296 63
pottedplant 0.0102 0 103 40 206
pottedplant 0.0099 220 85 254 184
pottedplant 0.0096 268 91 286 125
pottedplant 0.0093 208 62 250 108
pottedplant 0.0085 85 49 175 200
pottedplant 0.0084 242 29 328 130
pottedplant 0.0084 374 156 460 269
pottedplant 0.0083 349 118 470 249
pottedplant 0.0073 423 86 499 294
pottedplant 0.0067 319 62 442 203
pottedplant 0.0062 174 62 267 173
pottedplant 0.0058 27 47 201 219
pottedplant 0.0056 255 57 349 143
pottedplant 0.0055 183 95 301 227
pottedplant 0.0055 293 93 348 131
pottedplant 0.0050 0 153 4 205
pottedplant 0.0049 224 68 295 151
pottedplant 0.0046 168 15 253 128
pottedplant 0.0046 171 65 212 103
pottedplant 0.0046 260 0 322 74
pottedplant 0.0046 435 164 500 286
pottedplant 0.0046 310 128 371 248
pottedplant 0.0043 339 187 407 260
pottedplant 0.0041 283 0 352 70
pottedplant 0.0040 169 41 219 138
pottedplant 0.0038 81 63 136 214
pottedplant 0.0036 0 79 17 215
pottedplant 0.0035 113 48 228 193
pottedplant 0.0034 233 82 284 135
pottedplant 0.0031 395 113 452 250
pottedplant 0.0028 320 175 371 252
pottedplant 0.0028 302 161 352 239
pottedplant 0.0027 205 75 240 105
pottedplant 0.0025 199 68 238 134
pottedplant 0.0024 269 109 308 185
pottedplant 0.0024 353 111 412 162
pottedplant 0.0023 0 149 12 203
pottedplant 0.0022 328 166 354 240
pottedplant 0.0020 166 80 210 160
pottedplant 0.0020 228 90 254 141
pottedplant 0.0020 277 49 333 130
pottedplant 0.0019 205 75 227 98
pottedplant 0.0019 365 162 415 260
pottedplant 0.0018 268 10 338 111
pottedplant 0.0018 375 196 405 259
pottedplant 0.0018 220 129 298 218
pottedplant 0.0018 20 104 133 229
pottedplant 0.0018 303 142 347 213
pottedplant 0.0017 284 41 377 166
pottedplant 0.0017 0 143 33 208
pottedplant 0.0017 194 2 266 96
pottedplant 0.0017 261 84 328 129
pottedplant 0.0016 331 2 438 76
pottedplant 0.0016 0 120 4 149
pottedplant 0.0016 170 49 241 107
pottedplant 0.0016 293 58 338 96
pottedplant 0.0014 163 1 227 98
pottedplant 0.0014 44 66 116 218
pottedplant 0.0014 250 106 294 179
pottedplant 0.0014 297 171 344 211
pottedplant 0.0013 97 137 132 195
pottedplant 0.0012 179 202 217 251
pottedplant 0.0012 266 103 295 125
pottedplant 0.0012 256 148 297 207
pottedplant 0.0011 249 130 285 203
pottedplant 0.0011 0 59 42 166
pottedplant 0.0011 294 40 482 159
pottedplant 0.0010 492 139 499 170
pottedplant 0.0010 436 1 499 104
pottedplant 0.0010 489 118 500 175
diningtable 0.0021 197 280 502 359
diningtable 0.0020 167 96 233 227
diningtable 0.0014 333 128 408 258
tvmonitor 0.0010 478 285 500 322
