person 0.8778 228 35 317 260
person 0.8768 167 31 239 256
person 0.4835 352 129 375 190
person 0.2214 339 140 374 195
person 0.1010 353 128 374 160
person 0.0140 338 129 373 166
person 0.0123 336 142 367 171
person 0.0087 361 129 374 151
person 0.0065 334 142 355 161
person 0.0046 361 130 374 175
person 0.0024 363 140 375 193
person 0.0019 344 134 366 160
motorbike 0.0012 64 121 179 406
bird 0.8855 64 119 178 398
cat 0.0019 63 112 181 409
dog 0.0061 66 120 181 410
dog 0.0014 338 144 371 196
horse 0.0061 63 118 178 398
horse 0.0017 338 144 371 196
sheep 0.0011 64 118 178 397
cow 0.0016 64 121 179 406
bottle 0.0037 343 129 374 194
chair 0.3545 338 144 371 196
chair 0.0351 336 142 367 171
chair 0.0212 344 128 374 187
chair 0.0210 336 145 353 161
chair 0.0115 352 128 375 161
chair 0.0078 340 164 368 195
chair 0.0043 348 158 374 196
chair 0.0030 342 143 364 163
chair 0.0029 287 185 327 206
chair 0.0028 330 145 344 159
chair 0.0027 364 162 375 194
chair 0.0027 340 150 368 179
chair 0.0022 359 128 375 190
chair 0.0018 334 136 360 163
chair 0.0016 349 148 373 170
chair 0.0010 293 166 359 202
chair 0.0010 334 143 354 188
sofa 0.0017 339 140 374 195
diningtable 0.0110 340 156 373 195
diningtable 0.0083 348 131 374 196
diningtable 0.0021 363 161 374 194
diningtable 0.0011 361 131 376 195
