person 0.2779 352 22 498 323
person 0.0416 221 14 494 331
person 0.0167 343 1 499 184
person 0.0085 411 217 499 330
person 0.0042 481 1 499 29
person 0.0010 209 167 489 328
bird 0.0014 204 170 448 328
cat 0.0040 355 24 499 306
cat 0.0027 204 170 448 328
cat 0.0012 206 167 331 268
dog 0.4392 201 168 428 330
dog 0.1219 206 167 330 268
dog 0.0146 190 10 493 332
dog 0.0123 347 22 500 306
dog 0.0021 285 191 417 326
dog 0.0017 84 83 214 183
horse 0.0022 209 167 489 328
sheep 0.0010 204 170 448 328
cow 0.0013 204 170 448 328
chair 0.1949 0 3 105 214
chair 0.1146 0 19 68 102
chair 0.0158 84 82 214 183
chair 0.0094 35 7 145 217
chair 0.0075 411 217 499 330
chair 0.0050 1 0 106 107
chair 0.0049 1 -1 215 216
chair 0.0044 343 1 499 184
chair 0.0042 0 43 45 100
chair 0.0037 0 21 67 184
chair 0.0031 0 0 102 26
chair 0.0031 346 17 501 327
chair 0.0013 0 52 22 98
chair 0.0012 0 19 66 57
chair 0.0012 0 -11 62 79
chair 0.0011 1 4 92 64
sofa 0.0041 348 20 499 323
sofa 0.0029 12 4 520 323
sofa 0.0026 411 217 499 330
sofa 0.0022 203 165 332 267
sofa 0.0021 201 168 428 330
sofa 0.0018 343 1 499 183
sofa 0.0011 84 82 213 183
pottedplant 0.0036 83 81 214 184
diningtable 0.0451 1 4 106 211
diningtable 0.0173 0 20 67 102
diningtable 0.0085 0 0 105 21
diningtable 0.0067 0 0 104 57
diningtable 0.0027 413 217 499 328
diningtable 0.0016 8 -1 206 216
diningtable 0.0016 24 1 504 321
diningtable 0.0013 84 82 214 183
