person 0.0288 492 128 499 158
person 0.0035 489 133 499 160
person 0.0035 493 96 500 162
person 0.0016 486 73 500 159
person 0.0015 490 147 499 161
person 0.0010 0 140 14 234
bicycle 0.0019 0 140 14 234
bicycle 0.0012 157 79 204 139
bicycle 0.0011 489 136 499 161
bicycle 0.0011 83 96 100 131
car 0.2288 489 136 499 161
car 0.0838 490 147 499 161
car 0.0292 480 133 500 160
car 0.0080 463 79 500 163
car 0.0062 494 127 499 150
car 0.0052 486 71 500 99
car 0.0049 486 73 500 159
car 0.0040 438 68 500 155
car 0.0036 81 84 136 133
car 0.0031 17 70 152 128
car 0.0030 464 136 499 160
car 0.0030 473 108 499 158
car 0.0020 55 90 123 133
car 0.0015 486 149 500 166
car 0.0015 0 84 61 235
car 0.0014 0 114 15 231
car 0.0012 83 94 96 128
car 0.0012 58 63 205 136
car 0.0011 474 68 501 119
car 0.0011 0 143 11 162
car 0.0011 0 126 13 165
car 0.0010 487 68 500 122
motorbike 0.7678 150 118 497 342
motorbike 0.6347 6 80 256 277
motorbike 0.0448 14 71 428 347
motorbike 0.0357 0 146 13 236
motorbike 0.0055 80 102 186 151
motorbike 0.0054 0 99 89 267
motorbike 0.0050 0 108 24 232
motorbike 0.0048 31 87 233 176
motorbike 0.0030 489 132 499 160
motorbike 0.0020 131 90 182 146
motorbike 0.0016 151 80 211 137
motorbike 0.0013 0 108 43 242
motorbike 0.0011 83 94 139 136
bus 0.0021 489 132 500 161
bus 0.0010 486 73 500 159
boat 0.0040 489 132 499 160
chair 0.0015 489 136 499 161
chair 0.0010 131 105 151 149
chair 0.0010 83 96 100 131
pottedplant 0.0020 79 33 186 129
pottedplant 0.0012 423 44 457 87
