person 0.8921 304 111 369 340
person 0.3341 65 163 237 330
person 0.2392 60 150 162 321
person 0.0414 128 168 240 300
person 0.0163 54 152 250 250
person 0.0162 491 195 499 262
person 0.0147 494 234 500 262
person 0.0123 129 166 234 239
person 0.0097 70 165 128 311
person 0.0088 122 172 295 261
person 0.0077 51 149 137 206
person 0.0061 182 171 274 243
person 0.0059 117 173 168 316
person 0.0050 198 166 234 224
person 0.0040 297 160 319 226
person 0.0034 0 149 12 196
person 0.0032 119 160 436 278
person 0.0032 77 104 496 339
person 0.0030 283 180 322 254
person 0.0029 44 132 312 227
person 0.0025 278 143 341 247
person 0.0024 309 144 344 185
person 0.0023 240 118 396 275
person 0.0021 281 206 300 223
person 0.0021 0 170 10 199
person 0.0019 301 146 334 213
person 0.0018 236 205 313 240
person 0.0017 484 185 499 262
person 0.0017 130 171 184 268
person 0.0016 284 199 318 231
person 0.0016 172 155 244 220
person 0.0016 0 204 8 218
person 0.0016 0 193 10 219
person 0.0015 80 150 148 266
person 0.0014 280 202 305 233
person 0.0014 278 120 428 342
person 0.0014 44 146 216 214
person 0.0013 113 161 227 206
person 0.0012 264 193 316 230
person 0.0011 274 205 310 245
person 0.0011 319 145 348 171
person 0.0010 187 203 301 243
bicycle 0.0258 0 152 12 200
bicycle 0.0048 0 173 12 204
bicycle 0.0035 0 135 57 202
bicycle 0.0018 0 139 11 182
bicycle 0.0012 221 204 300 241
bicycle 0.0011 0 146 24 199
car 0.1346 55 150 236 326
car 0.1040 49 146 138 204
car 0.0465 132 165 233 317
car 0.0396 0 128 123 200
car 0.0374 41 139 287 224
car 0.0201 187 203 301 243
car 0.0173 52 146 157 260
car 0.0171 112 163 250 253
car 0.0119 494 234 500 262
car 0.0114 175 167 237 236
car 0.0091 102 169 359 321
car 0.0078 170 170 302 244
car 0.0073 0 129 53 174
car 0.0072 142 182 373 250
car 0.0072 12 136 213 199
car 0.0065 117 132 393 219
car 0.0062 227 203 293 229
car 0.0060 227 212 297 242
car 0.0055 139 169 151 178
car 0.0054 0 129 86 157
car 0.0053 0 135 57 202
car 0.0051 0 127 5 138
car 0.0048 0 129 39 154
car 0.0048 81 116 484 276
car 0.0044 0 135 13 190
car 0.0037 302 112 369 341
car 0.0037 0 129 14 155
car 0.0035 264 193 316 230
car 0.0033 69 163 165 312
car 0.0031 330 91 401 102
car 0.0031 0 128 13 141
car 0.0030 0 130 7 146
car 0.0029 158 134 303 216
car 0.0027 0 129 26 186
car 0.0023 434 233 498 272
car 0.0023 74 152 212 204
car 0.0021 263 135 336 217
car 0.0019 282 136 325 162
car 0.0018 309 144 344 185
car 0.0018 493 205 500 264
car 0.0016 0 151 12 180
car 0.0014 151 177 230 255
car 0.0014 0 138 9 171
car 0.0014 240 118 396 275
car 0.0013 136 168 204 263
car 0.0012 338 94 351 101
car 0.0011 0 126 11 134
car 0.0011 335 93 373 101
car 0.0010 319 145 348 171
motorbike 0.0028 0 147 14 198
motorbike 0.0010 66 162 227 329
aeroplane 0.0020 65 163 237 330
bus 0.0032 63 159 238 324
bus 0.0029 53 152 251 250
bus 0.0016 132 166 235 245
bus 0.0015 51 148 140 206
bus 0.0010 43 132 311 226
train 0.0011 64 159 239 324
boat 0.0042 54 150 238 327
cat 0.0022 54 150 238 327
dog 0.0388 56 150 234 326
dog 0.0099 132 165 235 243
dog 0.0028 56 148 147 310
dog 0.0023 44 132 312 227
dog 0.0020 51 148 137 206
dog 0.0014 191 168 232 223
dog 0.0011 122 172 295 261
horse 0.0163 65 163 237 330
horse 0.0020 60 150 162 321
horse 0.0016 53 152 251 250
horse 0.0013 132 166 235 245
sheep 0.0020 68 163 168 322
sheep 0.0014 54 150 238 327
cow 0.0080 63 159 233 331
cow 0.0016 54 152 250 250
bottle 0.0044 493 235 499 262
chair 0.0203 0 152 12 200
chair 0.0122 63 159 233 331
chair 0.0047 69 163 165 312
chair 0.0046 0 173 12 204
chair 0.0019 51 148 137 206
chair 0.0012 130 166 234 267
chair 0.0011 0 135 57 202
chair 0.0010 0 139 11 182
sofa 0.0011 54 150 238 327
