person 0.6144 79 19 359 512
person 0.0508 0 274 33 406
person 0.0410 76 136 262 381
person 0.0109 2 165 317 500
person 0.0051 100 38 306 366
person 0.0040 0 420 99 499
person 0.0029 143 129 281 290
person 0.0025 86 382 139 497
person 0.0023 92 108 182 377
person 0.0022 267 394 375 498
person 0.0016 -6 355 365 498
person 0.0011 255 487 283 500
person 0.0010 222 22 371 498
person 0.0010 16 186 230 418
motorbike 0.0026 0 275 33 406
motorbike 0.0014 -13 324 386 499
bottle 0.7942 86 381 139 498
bottle 0.0043 89 382 139 442
bottle 0.0020 40 379 165 499
bottle 0.0017 66 448 96 500
bottle 0.0010 91 483 111 500
chair 0.0334 0 275 33 406
chair 0.0022 262 375 285 408
chair 0.0022 255 487 283 500
chair 0.0019 263 377 376 499
chair 0.0011 0 380 45 427
chair 0.0011 -13 324 386 499
sofa 0.0018 267 393 375 499
sofa 0.0016 0 274 33 407
sofa 0.0012 0 419 99 499
diningtable 0.0050 0 419 99 499
diningtable 0.0023 267 394 375 498
diningtable 0.0021 86 381 138 497
diningtable 0.0014 -1 371 138 494
