person 0.8749 203 176 252 237
person 0.8475 114 160 195 327
person 0.8319 322 170 385 230
person 0.8264 372 189 467 369
person 0.8120 458 212 499 295
person 0.7403 437 173 499 251
person 0.5535 278 187 333 236
person 0.1056 31 149 57 204
person 0.0563 448 202 499 336
person 0.0388 324 189 340 213
person 0.0376 304 187 335 231
person 0.0295 447 288 499 331
person 0.0281 341 201 350 228
person 0.0253 260 196 316 237
person 0.0230 51 175 62 207
person 0.0207 164 195 179 238
person 0.0190 167 190 410 290
person 0.0182 289 188 328 222
person 0.0160 280 171 390 250
person 0.0131 153 184 188 248
person 0.0122 54 189 79 211
person 0.0122 330 195 343 225
person 0.0121 325 173 358 229
person 0.0105 466 210 499 259
person 0.0098 320 192 338 227
person 0.0088 113 228 168 329
person 0.0086 146 222 316 339
person 0.0080 447 286 499 371
person 0.0080 448 217 497 266
person 0.0074 454 233 489 262
person 0.0067 268 215 286 229
person 0.0065 273 190 308 231
person 0.0061 191 179 325 242
person 0.0053 48 175 83 209
person 0.0053 291 216 299 239
person 0.0052 176 126 192 214
person 0.0048 274 210 310 238
person 0.0044 304 188 324 219
person 0.0043 292 195 326 245
person 0.0042 353 266 445 372
person 0.0041 490 355 499 373
person 0.0040 436 221 491 287
person 0.0037 232 221 384 307
person 0.0034 148 187 203 297
person 0.0034 107 224 122 271
person 0.0033 318 201 333 228
person 0.0032 494 221 499 245
person 0.0032 410 179 508 314
person 0.0032 246 170 343 255
person 0.0031 196 258 285 369
person 0.0028 107 224 124 307
person 0.0027 285 215 305 237
person 0.0027 107 168 162 318
person 0.0025 208 187 278 246
person 0.0025 266 207 291 230
person 0.0024 249 208 297 240
person 0.0023 339 187 359 229
person 0.0023 38 169 59 205
person 0.0023 311 189 331 218
person 0.0022 315 197 347 235
person 0.0022 452 238 475 319
person 0.0022 276 249 352 365
person 0.0020 470 179 499 240
person 0.0020 259 216 286 235
person 0.0019 315 218 325 242
person 0.0019 309 214 326 236
person 0.0018 168 115 197 227
person 0.0017 215 175 242 208
person 0.0016 289 226 300 246
person 0.0016 454 172 500 227
person 0.0015 321 188 332 205
person 0.0015 307 223 317 240
person 0.0014 417 185 491 272
person 0.0014 238 216 251 232
person 0.0014 226 209 237 222
person 0.0014 232 215 255 233
person 0.0013 170 159 193 236
person 0.0013 178 140 191 170
person 0.0012 323 217 332 231
person 0.0012 126 195 226 310
person 0.0012 137 105 196 239
person 0.0012 288 194 306 225
person 0.0012 300 188 322 209
person 0.0012 447 236 478 271
person 0.0012 286 217 323 246
person 0.0012 474 213 498 245
person 0.0011 228 181 247 235
person 0.0011 109 226 135 321
person 0.0011 474 232 500 302
person 0.0010 436 208 471 249
person 0.0010 157 229 275 278
bird 0.0038 56 190 83 211
bird 0.0034 51 176 62 207
bird 0.0021 31 148 54 204
cat 0.0045 55 192 79 211
cat 0.0042 51 176 62 207
cat 0.0035 29 149 55 206
dog 0.0048 29 149 55 206
dog 0.0047 53 189 79 211
dog 0.0030 51 176 62 207
horse 0.0073 31 148 54 204
horse 0.0015 51 176 62 207
cow 0.0013 31 148 54 204
bottle 0.0657 341 203 349 228
bottle 0.0560 289 226 300 246
bottle 0.0519 314 219 327 244
bottle 0.0447 244 220 252 233
bottle 0.0296 292 225 314 244
bottle 0.0266 322 218 331 242
bottle 0.0243 343 229 352 246
bottle 0.0192 291 220 299 241
bottle 0.0180 298 190 332 240
bottle 0.0178 60 193 78 210
bottle 0.0175 356 219 364 229
bottle 0.0149 331 204 342 231
bottle 0.0149 292 229 307 247
bottle 0.0142 323 217 332 231
bottle 0.0124 311 223 324 242
bottle 0.0119 52 175 61 205
bottle 0.0118 303 227 314 242
bottle 0.0109 299 229 307 243
bottle 0.0089 357 227 370 245
bottle 0.0087 345 226 364 245
bottle 0.0072 359 216 367 227
bottle 0.0071 307 223 317 240
bottle 0.0068 250 227 266 244
bottle 0.0067 312 216 323 234
bottle 0.0056 320 227 331 245
bottle 0.0053 65 197 76 211
bottle 0.0048 270 219 292 239
bottle 0.0045 327 225 340 244
bottle 0.0044 228 210 237 232
bottle 0.0043 356 221 366 234
bottle 0.0041 238 216 251 232
bottle 0.0036 265 188 329 238
bottle 0.0031 233 213 247 233
bottle 0.0031 353 270 383 373
bottle 0.0029 245 219 257 234
bottle 0.0027 237 220 247 234
bottle 0.0026 68 194 82 209
bottle 0.0026 53 193 70 211
bottle 0.0024 270 215 284 233
bottle 0.0024 317 228 327 247
bottle 0.0024 338 199 355 228
bottle 0.0024 304 219 335 250
bottle 0.0023 356 215 370 229
bottle 0.0023 259 228 279 244
bottle 0.0022 326 217 335 228
bottle 0.0021 226 211 232 228
bottle 0.0020 319 204 333 227
bottle 0.0020 286 217 323 246
bottle 0.0020 285 213 298 235
bottle 0.0018 268 217 280 228
bottle 0.0016 203 178 252 236
bottle 0.0016 295 223 305 239
bottle 0.0016 335 226 347 245
bottle 0.0015 450 240 458 262
bottle 0.0015 289 236 301 250
bottle 0.0014 323 188 338 212
bottle 0.0014 314 199 331 229
bottle 0.0014 266 232 280 248
bottle 0.0013 31 148 55 204
bottle 0.0013 274 210 310 238
bottle 0.0012 364 228 375 244
bottle 0.0012 363 214 369 223
bottle 0.0012 458 213 499 295
bottle 0.0012 271 233 278 241
bottle 0.0011 191 231 203 244
bottle 0.0010 321 192 337 226
bottle 0.0010 263 232 276 244
bottle 0.0010 0 106 3 117
chair 0.8734 276 249 352 365
chair 0.8488 193 260 284 371
chair 0.8004 352 266 458 373
chair 0.5329 109 226 163 326
chair 0.4752 352 271 385 373
chair 0.2791 108 227 126 312
chair 0.1701 323 187 339 205
chair 0.1098 112 262 148 325
chair 0.0764 114 160 195 327
chair 0.0557 322 169 384 230
chair 0.0371 263 190 332 238
chair 0.0335 112 265 134 315
chair 0.0317 491 357 499 373
chair 0.0302 117 261 175 324
chair 0.0293 365 196 473 371
chair 0.0289 375 349 456 373
chair 0.0288 446 287 499 372
chair 0.0280 155 225 389 361
chair 0.0269 323 189 339 220
chair 0.0227 107 227 120 279
chair 0.0205 359 270 381 341
chair 0.0196 268 215 286 229
chair 0.0127 322 188 331 204
chair 0.0123 373 202 384 224
chair 0.0121 262 202 311 236
chair 0.0105 110 265 124 304
chair 0.0101 243 220 252 233
chair 0.0097 289 226 300 246
chair 0.0096 207 260 275 325
chair 0.0082 234 215 406 314
chair 0.0079 447 210 499 356
chair 0.0079 110 244 141 312
chair 0.0079 115 271 138 300
chair 0.0077 270 219 292 239
chair 0.0075 452 326 500 374
chair 0.0075 436 175 501 243
chair 0.0072 446 289 499 330
chair 0.0070 356 215 370 229
chair 0.0068 261 233 368 327
chair 0.0067 383 223 398 230
chair 0.0059 395 193 405 224
chair 0.0053 261 216 285 235
chair 0.0051 281 187 326 223
chair 0.0047 486 348 499 373
chair 0.0046 258 228 279 244
chair 0.0045 454 251 466 273
chair 0.0044 283 211 300 237
chair 0.0044 238 216 251 232
chair 0.0043 121 278 160 327
chair 0.0043 361 211 382 224
chair 0.0042 110 264 130 291
chair 0.0042 341 203 349 228
chair 0.0041 458 213 500 298
chair 0.0040 273 190 308 231
chair 0.0039 192 223 204 240
chair 0.0038 245 219 257 234
chair 0.0037 291 216 299 239
chair 0.0037 373 326 456 370
chair 0.0036 266 207 291 230
chair 0.0036 118 191 132 219
chair 0.0035 474 356 501 374
chair 0.0035 381 215 402 232
chair 0.0035 287 212 472 252
chair 0.0034 379 220 385 228
chair 0.0033 365 312 484 377
chair 0.0033 203 176 252 236
chair 0.0032 281 249 347 311
chair 0.0032 155 286 184 318
chair 0.0031 455 248 476 278
chair 0.0030 481 330 500 374
chair 0.0029 191 228 208 243
chair 0.0028 108 203 123 272
chair 0.0028 362 217 375 227
chair 0.0027 232 215 255 233
chair 0.0027 452 238 475 319
chair 0.0027 357 227 370 245
chair 0.0026 455 246 468 294
chair 0.0025 342 229 352 246
chair 0.0025 240 210 251 228
chair 0.0023 51 176 62 207
chair 0.0023 315 218 325 242
chair 0.0023 374 215 385 228
chair 0.0022 305 187 335 221
chair 0.0022 284 199 298 222
chair 0.0022 435 212 451 228
chair 0.0021 444 352 500 374
chair 0.0020 361 274 380 311
chair 0.0020 396 204 404 225
chair 0.0019 295 189 325 211
chair 0.0019 232 208 247 224
chair 0.0019 365 197 385 225
chair 0.0018 265 232 277 242
chair 0.0017 444 229 482 264
chair 0.0016 490 334 500 374
chair 0.0016 250 227 266 244
chair 0.0016 54 192 79 211
chair 0.0015 434 205 455 226
chair 0.0015 59 184 83 209
chair 0.0015 201 208 215 236
chair 0.0015 297 190 333 241
sofa 0.0014 351 264 465 373
sofa 0.0013 278 188 333 235
sofa 0.0012 277 250 352 363
pottedplant 0.0328 314 219 327 244
pottedplant 0.0181 55 192 79 211
pottedplant 0.0101 178 143 191 167
pottedplant 0.0096 276 187 332 237
pottedplant 0.0079 176 115 191 175
pottedplant 0.0077 0 107 3 117
pottedplant 0.0063 321 218 331 242
pottedplant 0.0054 311 223 324 242
pottedplant 0.0047 176 126 192 214
pottedplant 0.0040 48 175 83 209
pottedplant 0.0039 144 99 195 168
pottedplant 0.0038 304 219 335 250
pottedplant 0.0037 31 149 57 204
pottedplant 0.0033 161 100 197 195
pottedplant 0.0033 289 225 317 245
pottedplant 0.0028 51 176 62 207
pottedplant 0.0024 67 194 82 210
pottedplant 0.0020 292 229 307 247
pottedplant 0.0019 299 176 387 240
pottedplant 0.0018 326 221 338 242
pottedplant 0.0018 286 217 323 246
pottedplant 0.0016 298 229 307 243
pottedplant 0.0015 65 197 76 211
pottedplant 0.0015 289 229 301 249
pottedplant 0.0014 137 105 196 239
pottedplant 0.0013 331 204 342 231
pottedplant 0.0011 342 229 352 246
pottedplant 0.0010 309 191 334 235
pottedplant 0.0010 303 227 315 242
pottedplant 0.0010 172 100 195 165
pottedplant 0.0010 322 217 332 231
diningtable 0.4317 155 222 399 315
diningtable 0.3509 447 286 499 360
diningtable 0.0986 237 229 370 366
diningtable 0.0981 447 289 499 324
diningtable 0.0775 264 188 330 236
diningtable 0.0562 197 258 284 371
diningtable 0.0500 457 213 499 295
diningtable 0.0431 323 171 384 231
diningtable 0.0344 446 204 499 332
diningtable 0.0231 159 205 384 276
diningtable 0.0224 255 218 406 275
diningtable 0.0198 225 209 488 297
diningtable 0.0189 370 189 467 349
diningtable 0.0186 276 249 352 365
diningtable 0.0170 287 212 472 252
diningtable 0.0157 355 227 372 245
diningtable 0.0148 312 221 329 247
diningtable 0.0135 455 252 472 266
diningtable 0.0130 304 219 335 250
diningtable 0.0109 455 246 475 261
diningtable 0.0108 451 247 466 264
diningtable 0.0107 145 229 299 352
diningtable 0.0103 444 229 483 279
diningtable 0.0090 341 228 354 247
diningtable 0.0087 290 229 311 248
diningtable 0.0070 46 191 82 217
diningtable 0.0068 356 266 478 373
diningtable 0.0066 456 246 471 284
diningtable 0.0065 263 223 338 258
diningtable 0.0062 454 251 467 273
diningtable 0.0058 330 193 496 264
diningtable 0.0055 203 176 252 236
diningtable 0.0051 361 224 398 241
diningtable 0.0051 363 228 376 244
diningtable 0.0050 157 229 275 278
diningtable 0.0050 468 293 499 315
diningtable 0.0049 258 228 279 244
diningtable 0.0048 114 161 194 332
diningtable 0.0046 452 240 479 255
diningtable 0.0046 454 233 489 262
diningtable 0.0045 0 196 93 231
diningtable 0.0045 31 150 55 205
diningtable 0.0044 249 227 270 244
diningtable 0.0043 452 240 474 296
diningtable 0.0042 319 216 376 256
diningtable 0.0038 52 183 82 211
diningtable 0.0036 410 283 503 373
diningtable 0.0035 452 319 500 372
diningtable 0.0034 356 221 366 234
diningtable 0.0034 365 225 377 235
diningtable 0.0032 343 226 370 245
diningtable 0.0031 254 229 266 242
diningtable 0.0031 354 270 385 372
diningtable 0.0028 304 212 410 298
diningtable 0.0028 237 236 256 255
diningtable 0.0026 349 217 380 247
diningtable 0.0025 115 235 176 328
diningtable 0.0025 449 236 467 256
diningtable 0.0025 437 173 499 251
diningtable 0.0024 145 230 238 319
diningtable 0.0024 262 202 311 236
diningtable 0.0024 245 222 253 233
diningtable 0.0024 370 228 383 240
diningtable 0.0023 365 229 390 243
diningtable 0.0023 200 238 239 256
diningtable 0.0023 259 216 286 235
diningtable 0.0023 406 180 496 373
diningtable 0.0022 371 226 383 234
diningtable 0.0022 288 224 302 253
diningtable 0.0022 450 239 459 263
diningtable 0.0021 251 230 267 249
diningtable 0.0020 176 242 242 262
diningtable 0.0019 452 249 460 264
diningtable 0.0019 381 222 399 235
diningtable 0.0019 268 215 286 229
diningtable 0.0019 417 185 491 272
diningtable 0.0018 327 225 340 244
diningtable 0.0018 264 232 281 248
diningtable 0.0017 280 171 390 250
diningtable 0.0016 321 218 331 242
diningtable 0.0016 193 238 295 261
diningtable 0.0014 254 224 268 238
diningtable 0.0014 178 224 333 283
diningtable 0.0014 336 216 422 249
diningtable 0.0014 135 209 304 304
diningtable 0.0013 412 219 487 288
diningtable 0.0013 334 226 347 245
diningtable 0.0013 490 355 499 373
diningtable 0.0013 289 236 301 250
diningtable 0.0012 323 188 338 212
diningtable 0.0012 465 310 499 356
diningtable 0.0012 449 237 466 247
diningtable 0.0012 455 246 492 294
diningtable 0.0012 382 225 395 233
diningtable 0.0012 467 319 499 338
diningtable 0.0012 315 218 325 242
diningtable 0.0011 248 226 260 239
diningtable 0.0011 233 231 261 260
diningtable 0.0011 255 219 275 237
diningtable 0.0011 209 237 228 252
