person 0.9083 219 125 426 370
person 0.8771 401 136 499 368
person 0.8430 50 77 153 241
person 0.8284 121 78 196 220
person 0.8242 0 135 115 299
person 0.8176 173 71 230 183
person 0.7978 231 61 327 159
person 0.7854 377 82 452 263
person 0.7132 51 300 206 374
person 0.6273 338 69 399 208
person 0.0517 205 113 310 372
person 0.0507 371 114 459 345
person 0.0465 463 133 499 231
person 0.0418 461 141 500 365
person 0.0370 0 137 10 196
person 0.0312 102 112 138 148
person 0.0279 210 50 272 158
person 0.0244 436 132 499 252
person 0.0174 330 62 419 273
person 0.0154 269 218 290 260
person 0.0149 171 54 269 176
person 0.0127 0 137 8 169
person 0.0090 442 240 500 368
person 0.0074 219 184 293 362
person 0.0073 0 174 12 208
person 0.0072 483 131 499 210
person 0.0072 0 138 65 269
person 0.0071 469 310 499 374
person 0.0068 369 170 424 268
person 0.0066 226 146 347 348
person 0.0058 194 153 295 303
person 0.0057 0 320 19 374
person 0.0053 4 201 244 383
person 0.0049 0 176 7 204
person 0.0048 229 155 262 183
person 0.0047 276 40 455 340
person 0.0040 129 73 243 262
person 0.0039 213 95 260 163
person 0.0038 0 143 19 213
person 0.0037 -15 106 231 353
person 0.0036 373 153 442 299
person 0.0033 318 89 370 126
person 0.0031 380 186 452 245
person 0.0029 425 324 457 373
person 0.0027 348 94 403 263
person 0.0027 425 313 499 375
person 0.0025 224 113 250 144
person 0.0025 169 248 196 297
person 0.0025 96 154 321 368
person 0.0023 206 71 351 198
person 0.0022 209 207 304 271
person 0.0022 369 188 391 227
person 0.0021 0 185 14 214
person 0.0021 477 221 500 367
person 0.0020 188 188 279 267
person 0.0019 371 183 410 232
person 0.0019 475 137 499 300
person 0.0019 272 221 300 265
person 0.0019 176 154 225 215
person 0.0019 477 169 499 239
person 0.0019 91 266 120 303
person 0.0019 0 159 16 239
person 0.0018 173 77 295 224
person 0.0018 0 145 6 179
person 0.0018 0 138 9 152
person 0.0017 489 130 499 186
person 0.0016 364 164 387 175
person 0.0016 180 96 443 270
person 0.0016 183 289 210 346
person 0.0015 464 263 500 373
person 0.0015 145 125 275 246
person 0.0014 41 81 144 168
person 0.0014 25 105 156 299
person 0.0014 318 129 477 361
person 0.0013 388 145 496 266
person 0.0013 190 177 239 202
person 0.0013 132 89 344 325
person 0.0012 475 134 500 183
person 0.0012 223 164 282 245
person 0.0012 484 80 499 135
person 0.0011 0 139 33 207
person 0.0011 1 137 14 176
person 0.0011 243 61 296 139
person 0.0011 45 181 159 320
person 0.0011 188 289 201 329
person 0.0011 0 192 10 209
person 0.0010 262 67 342 142
person 0.0010 173 289 236 363
bicycle 0.0010 425 324 457 373
dog 0.0012 0 137 8 175
bottle 0.3907 142 218 163 264
bottle 0.0143 168 245 196 298
bottle 0.0121 0 256 53 362
bottle 0.0074 126 211 180 284
bottle 0.0070 239 157 259 185
bottle 0.0066 21 333 59 374
bottle 0.0059 170 204 194 248
bottle 0.0043 92 266 120 305
bottle 0.0039 269 219 290 259
bottle 0.0026 262 144 275 172
bottle 0.0024 24 354 58 374
bottle 0.0023 40 141 281 367
bottle 0.0021 92 233 159 282
bottle 0.0016 0 137 8 175
bottle 0.0011 275 219 300 255
bottle 0.0010 268 217 283 245
chair 0.4523 425 323 458 373
chair 0.3008 101 111 137 148
chair 0.2849 469 310 499 374
chair 0.2233 422 319 484 373
chair 0.1740 209 49 276 151
chair 0.1115 50 78 153 240
chair 0.0755 231 60 327 156
chair 0.0497 120 76 195 222
chair 0.0374 0 137 8 175
chair 0.0221 0 319 19 374
chair 0.0194 171 61 255 175
chair 0.0122 442 240 500 368
chair 0.0094 0 137 8 157
chair 0.0094 445 306 500 367
chair 0.0088 369 190 392 225
chair 0.0087 324 108 344 122
chair 0.0070 368 164 388 177
chair 0.0068 408 278 498 380
chair 0.0068 464 263 500 373
chair 0.0067 0 136 14 197
chair 0.0064 416 324 445 371
chair 0.0062 312 97 355 119
chair 0.0058 101 110 153 164
chair 0.0054 226 110 252 146
chair 0.0052 355 68 452 310
chair 0.0048 178 293 243 369
chair 0.0040 253 53 276 98
chair 0.0039 307 96 335 121
chair 0.0038 463 133 499 231
chair 0.0033 318 89 370 126
chair 0.0032 211 297 235 310
chair 0.0031 101 89 185 158
chair 0.0027 480 276 500 365
chair 0.0025 370 177 421 257
chair 0.0024 249 333 261 369
chair 0.0024 371 183 410 232
chair 0.0022 87 102 176 210
chair 0.0022 229 142 257 157
chair 0.0022 483 131 499 210
chair 0.0021 270 75 337 135
chair 0.0021 229 155 262 183
chair 0.0021 387 81 453 254
chair 0.0020 371 171 390 195
chair 0.0020 277 234 303 266
chair 0.0020 117 181 137 221
chair 0.0020 0 174 12 208
chair 0.0019 112 218 132 238
chair 0.0018 461 131 499 342
chair 0.0018 403 137 499 368
chair 0.0018 213 95 260 163
chair 0.0017 246 53 279 116
chair 0.0017 0 257 47 367
chair 0.0016 114 183 133 201
chair 0.0016 219 69 261 147
chair 0.0016 198 324 254 373
chair 0.0016 0 306 8 366
chair 0.0016 18 331 60 374
chair 0.0015 367 154 435 289
chair 0.0014 326 113 349 128
chair 0.0014 0 136 115 305
chair 0.0014 0 317 46 375
chair 0.0013 243 61 296 139
chair 0.0013 304 94 326 113
chair 0.0012 491 311 500 334
chair 0.0012 479 309 499 350
chair 0.0012 0 192 10 209
chair 0.0012 338 106 356 122
chair 0.0012 109 108 169 146
chair 0.0011 121 110 143 145
chair 0.0011 487 307 500 365
chair 0.0011 337 68 397 177
chair 0.0011 479 341 499 373
chair 0.0011 323 115 341 126
chair 0.0011 296 93 341 125
chair 0.0010 269 216 288 255
chair 0.0010 0 176 7 204
chair 0.0010 348 94 403 263
chair 0.0010 368 167 390 211
chair 0.0010 436 132 499 252
chair 0.0010 76 97 144 153
chair 0.0010 193 295 238 340
sofa 0.1655 101 110 138 149
sofa 0.0569 209 49 276 151
sofa 0.0553 50 78 153 240
sofa 0.0418 231 60 327 156
sofa 0.0147 120 76 195 222
sofa 0.0092 171 61 255 175
sofa 0.0083 465 133 499 238
sofa 0.0072 0 137 8 175
sofa 0.0045 436 132 499 252
sofa 0.0037 101 109 155 165
sofa 0.0028 402 116 498 286
sofa 0.0026 461 131 499 342
sofa 0.0023 0 136 13 199
sofa 0.0020 312 97 355 119
sofa 0.0014 0 136 113 278
sofa 0.0013 318 89 370 126
sofa 0.0012 158 74 226 190
sofa 0.0012 483 131 499 210
sofa 0.0011 101 89 185 158
sofa 0.0010 374 80 465 314
sofa 0.0010 75 96 144 155
pottedplant 0.0013 465 133 499 238
pottedplant 0.0012 0 137 8 169
diningtable 0.5122 19 194 257 373
diningtable 0.1799 170 248 196 296
diningtable 0.0738 117 106 353 359
diningtable 0.0490 91 265 120 303
diningtable 0.0446 77 240 140 316
diningtable 0.0309 126 211 180 284
diningtable 0.0240 214 124 424 371
diningtable 0.0229 156 137 315 321
diningtable 0.0183 51 300 207 374
diningtable 0.0173 190 231 224 255
diningtable 0.0161 101 247 130 271
diningtable 0.0149 312 97 355 119
diningtable 0.0146 0 320 21 374
diningtable 0.0139 92 233 159 282
diningtable 0.0126 165 227 204 304
diningtable 0.0109 68 155 248 311
diningtable 0.0090 169 203 193 247
diningtable 0.0085 218 186 299 276
diningtable 0.0083 240 158 259 188
diningtable 0.0081 141 219 163 265
diningtable 0.0073 211 176 245 200
diningtable 0.0068 164 139 306 225
diningtable 0.0059 155 197 220 312
diningtable 0.0059 0 257 53 363
diningtable 0.0058 184 189 224 213
diningtable 0.0052 -15 106 231 353
diningtable 0.0050 215 154 300 341
diningtable 0.0042 318 89 370 126
diningtable 0.0041 156 118 366 247
diningtable 0.0041 72 214 223 285
diningtable 0.0041 153 214 193 271
diningtable 0.0035 132 97 293 267
diningtable 0.0034 98 211 158 256
diningtable 0.0032 325 106 346 121
diningtable 0.0031 225 159 260 194
diningtable 0.0030 180 96 443 270
diningtable 0.0024 338 69 399 173
diningtable 0.0024 125 250 223 345
diningtable 0.0023 195 247 224 276
diningtable 0.0022 73 221 179 268
diningtable 0.0022 425 324 460 374
diningtable 0.0022 0 317 46 375
diningtable 0.0021 -1 239 92 370
diningtable 0.0017 151 189 267 341
diningtable 0.0017 221 178 241 198
diningtable 0.0016 101 239 148 262
diningtable 0.0016 77 225 236 332
diningtable 0.0016 190 177 239 202
diningtable 0.0016 172 202 207 234
diningtable 0.0015 101 251 144 289
diningtable 0.0015 471 310 499 374
diningtable 0.0014 187 289 201 328
diningtable 0.0013 86 258 184 301
diningtable 0.0012 231 62 328 159
diningtable 0.0012 304 80 371 148
diningtable 0.0012 0 137 8 175
diningtable 0.0012 161 294 188 311
diningtable 0.0011 324 110 342 124
diningtable 0.0011 188 240 235 319
diningtable 0.0011 101 110 138 149
diningtable 0.0010 50 78 153 240
diningtable 0.0010 422 304 499 373
diningtable 0.0010 19 234 171 354
