person 0.6688 155 54 286 269
person 0.0502 37 50 489 317
person 0.0118 120 -1 134 7
person 0.0086 124 128 227 269
person 0.0076 174 5 186 24
person 0.0059 345 0 358 15
person 0.0048 295 0 308 26
person 0.0039 226 -1 233 3
person 0.0033 352 0 365 15
person 0.0030 113 2 144 20
person 0.0026 161 4 187 23
person 0.0025 376 0 384 12
person 0.0024 162 37 407 290
person 0.0023 492 -1 499 5
person 0.0022 341 0 356 10
person 0.0020 354 0 378 12
person 0.0020 279 0 291 7
person 0.0019 481 -1 500 7
person 0.0019 88 -1 99 9
person 0.0018 473 0 499 28
person 0.0017 126 0 138 15
person 0.0015 172 3 210 24
person 0.0015 280 0 301 7
person 0.0015 60 122 319 287
person 0.0014 118 0 129 14
person 0.0013 484 189 498 196
person 0.0012 119 -1 129 5
person 0.0012 119 126 213 212
person 0.0012 277 0 285 6
person 0.0011 348 3 359 18
person 0.0011 95 5 150 21
person 0.0011 146 2 168 22
bicycle 0.0011 24 61 490 333
car 0.0105 23 49 507 318
car 0.0098 353 0 379 12
car 0.0056 136 48 365 277
car 0.0049 343 0 365 13
car 0.0037 345 0 357 11
car 0.0036 169 50 297 253
car 0.0036 455 1 500 28
car 0.0024 351 0 368 11
car 0.0018 476 3 500 28
car 0.0017 353 0 363 14
car 0.0017 492 -1 499 5
car 0.0015 379 0 498 28
car 0.0015 299 -1 360 17
car 0.0014 481 -1 499 7
car 0.0014 478 0 499 15
car 0.0013 280 -1 302 7
car 0.0012 383 -1 411 7
car 0.0012 45 31 431 212
car 0.0012 371 -1 385 13
car 0.0012 170 3 295 26
car 0.0011 371 6 469 322
car 0.0011 380 -1 413 16
car 0.0010 306 -1 350 7
motorbike 0.5243 13 71 476 330
motorbike 0.1032 158 57 302 282
motorbike 0.0702 210 7 472 334
motorbike 0.0045 358 9 505 332
motorbike 0.0019 40 201 480 331
motorbike 0.0015 37 33 487 207
motorbike 0.0013 57 118 327 293
bus 0.0019 156 53 310 252
bus 0.0013 55 37 470 257
bird 0.0021 484 189 498 196
dog 0.0016 180 49 297 273
bottle 0.0010 120 -1 131 6
