person 0.9218 -1 87 275 328
person 0.8863 284 64 503 331
person 0.0051 0 34 84 201
person 0.0046 124 26 207 104
person 0.0044 455 129 499 162
person 0.0043 200 6 275 97
person 0.0033 448 151 499 303
person 0.0033 47 17 133 98
person 0.0018 -8 10 429 318
person 0.0014 477 127 499 140
person 0.0012 365 88 501 296
person 0.0011 472 135 499 163
person 0.0011 473 128 499 148
bird 0.0012 198 7 275 98
cat 0.0013 200 7 276 97
dog 0.0017 47 17 134 98
dog 0.0017 133 21 184 57
dog 0.0017 125 27 205 103
sheep 0.0013 47 17 134 98
chair 0.0437 448 152 500 267
chair 0.0210 455 129 499 162
chair 0.0184 146 87 369 326
chair 0.0135 476 127 499 142
chair 0.0122 273 86 506 336
chair 0.0082 14 97 458 327
chair 0.0049 0 273 5 329
chair 0.0049 472 135 499 163
chair 0.0048 393 134 506 333
chair 0.0047 228 231 302 325
chair 0.0036 1 30 86 309
chair 0.0030 0 209 277 328
chair 0.0025 303 82 508 229
chair 0.0023 103 227 427 329
chair 0.0021 267 208 504 330
chair 0.0021 427 114 501 285
chair 0.0019 428 110 496 162
chair 0.0017 0 294 7 331
chair 0.0013 0 290 3 326
chair 0.0011 488 129 500 141
chair 0.0011 493 269 499 286
chair 0.0010 200 7 276 97
chair 0.0010 449 121 500 225
chair 0.0010 49 17 133 97
sofa 0.2385 146 87 369 326
sofa 0.1381 447 152 499 267
sofa 0.1160 14 97 458 327
sofa 0.0570 273 93 506 331
sofa 0.0509 1 30 86 309
sofa 0.0279 455 129 499 162
sofa 0.0133 13 220 466 329
sofa 0.0099 393 134 506 333
sofa 0.0056 198 235 336 327
sofa 0.0048 476 127 499 142
sofa 0.0047 427 114 501 285
sofa 0.0046 96 84 491 252
sofa 0.0040 253 204 501 330
sofa 0.0031 303 82 508 229
sofa 0.0030 472 135 499 163
sofa 0.0024 449 121 500 225
sofa 0.0023 -2 -6 386 289
sofa 0.0022 428 124 498 165
sofa 0.0020 0 194 279 327
sofa 0.0015 -6 29 139 218
sofa 0.0014 369 118 501 168
sofa 0.0012 180 95 346 255
sofa 0.0012 231 236 299 328
sofa 0.0011 402 307 488 332
sofa 0.0011 272 268 496 331
sofa 0.0010 47 17 133 98
pottedplant 0.0014 476 127 500 143
pottedplant 0.0010 464 127 500 158
diningtable 0.0041 448 152 500 267
diningtable 0.0030 403 312 485 332
diningtable 0.0021 455 129 499 160
diningtable 0.0010 0 34 84 201
diningtable 0.0010 476 127 500 143
