person 0.8439 192 44 334 315
person 0.0434 231 139 367 325
person 0.0088 188 74 270 285
person 0.0072 195 115 246 165
person 0.0066 292 65 316 82
person 0.0036 195 137 288 323
person 0.0020 269 99 371 273
person 0.0019 368 21 425 85
person 0.0016 186 60 326 178
person 0.0015 210 175 292 257
person 0.0013 206 141 352 244
person 0.0010 213 206 266 246
bottle 0.0102 195 92 210 125
bottle 0.0023 408 92 425 120
bottle 0.0015 191 92 209 143
bottle 0.0014 408 95 418 119
chair 0.7474 226 138 372 362
chair 0.0231 415 137 495 322
chair 0.0195 196 66 348 335
chair 0.0143 291 65 316 82
chair 0.0138 271 135 374 279
chair 0.0138 345 134 479 319
chair 0.0130 436 148 490 219
chair 0.0082 231 208 265 229
chair 0.0066 195 137 288 323
chair 0.0062 213 206 266 246
chair 0.0055 197 178 340 288
chair 0.0049 194 92 211 125
chair 0.0042 260 177 346 343
chair 0.0041 231 291 373 367
chair 0.0040 223 195 286 260
chair 0.0032 233 207 352 308
chair 0.0029 192 187 270 304
chair 0.0024 206 141 352 244
chair 0.0022 191 89 258 303
chair 0.0021 221 197 328 360
chair 0.0021 231 192 302 295
chair 0.0020 198 101 244 121
chair 0.0020 190 92 210 143
chair 0.0017 442 172 490 212
chair 0.0017 490 172 499 284
chair 0.0014 194 221 210 246
chair 0.0014 194 115 246 165
chair 0.0012 196 77 294 239
chair 0.0012 173 117 193 142
chair 0.0012 200 160 266 269
chair 0.0011 493 219 500 285
chair 0.0010 173 128 191 140
chair 0.0010 198 101 320 178
sofa 0.0013 200 44 337 303
sofa 0.0011 220 135 369 335
pottedplant 0.0011 439 85 456 120
diningtable 0.0501 354 139 488 323
diningtable 0.0020 233 123 492 324
diningtable 0.0020 414 159 497 323
diningtable 0.0018 362 142 457 192
diningtable 0.0015 60 301 142 346
diningtable 0.0013 0 328 117 373
diningtable 0.0012 195 115 246 165
diningtable 0.0011 247 172 376 365
diningtable 0.0011 356 128 476 229
diningtable 0.0010 28 279 165 357
tvmonitor 0.0156 194 114 245 165
tvmonitor 0.0022 194 93 209 125
tvmonitor 0.0018 194 107 221 163
tvmonitor 0.0010 209 76 334 135
