person 0.9266 132 79 295 495
person 0.5363 53 165 174 494
person 0.0400 116 233 162 360
person 0.0241 -1 184 140 473
person 0.0237 0 229 73 500
person 0.0194 55 153 165 323
person 0.0153 119 277 163 329
person 0.0126 54 228 85 277
person 0.0101 5 238 158 391
person 0.0092 0 293 64 411
person 0.0079 13 134 265 486
person 0.0056 6 236 61 301
person 0.0036 51 179 85 212
person 0.0032 5 236 94 337
person 0.0028 53 228 87 254
person 0.0026 15 229 90 291
person 0.0024 132 189 290 381
person 0.0020 21 188 123 348
person 0.0014 112 219 171 458
person 0.0011 125 244 161 307
bottle 0.0432 121 276 163 329
bottle 0.0218 122 241 163 319
bottle 0.0132 125 281 162 303
bottle 0.0109 54 148 169 479
bottle 0.0025 89 182 166 338
bottle 0.0016 135 270 161 301
bottle 0.0013 130 234 160 294
bottle 0.0012 120 264 161 303
bottle 0.0010 145 131 174 162
chair 0.0756 6 236 60 301
chair 0.0598 1 289 80 498
chair 0.0463 283 253 368 460
chair 0.0143 3 235 80 404
chair 0.0045 5 236 91 322
chair 0.0032 1 275 186 497
chair 0.0032 5 238 158 391
chair 0.0029 287 253 366 362
chair 0.0022 46 146 168 494
chair 0.0017 45 230 85 268
chair 0.0017 157 435 183 500
chair 0.0015 21 236 57 272
chair 0.0014 302 229 370 333
chair 0.0013 0 179 136 460
chair 0.0013 0 400 83 500
chair 0.0012 285 325 353 416
chair 0.0011 236 466 370 499
chair 0.0010 120 286 162 328
sofa 0.2241 1 289 80 498
sofa 0.0860 39 163 169 496
sofa 0.0509 0 276 251 498
sofa 0.0501 285 254 369 440
sofa 0.0301 3 235 80 404
sofa 0.0265 6 236 61 301
sofa 0.0143 0 179 136 460
sofa 0.0091 8 368 346 495
sofa 0.0082 5 238 158 391
sofa 0.0065 233 467 373 499
sofa 0.0060 0 400 83 500
sofa 0.0050 5 236 91 322
sofa 0.0032 287 245 368 355
sofa 0.0028 36 171 302 488
sofa 0.0021 147 421 257 499
sofa 0.0018 189 442 365 499
sofa 0.0017 -2 331 156 496
sofa 0.0016 52 229 86 283
sofa 0.0016 5 406 228 498
sofa 0.0015 116 233 162 360
sofa 0.0014 0 293 64 411
sofa 0.0010 302 470 369 499
sofa 0.0010 115 285 160 325
sofa 0.0010 122 255 161 326
pottedplant 0.1568 0 122 49 160
pottedplant 0.0103 2 122 29 155
pottedplant 0.0087 348 226 369 244
pottedplant 0.0069 2 137 27 156
pottedplant 0.0042 337 225 370 308
pottedplant 0.0039 8 123 57 179
pottedplant 0.0026 340 226 370 256
pottedplant 0.0020 50 179 83 211
pottedplant 0.0010 5 145 23 155
diningtable 0.0021 12 286 328 493
diningtable 0.0011 6 111 282 450
diningtable 0.0010 245 469 372 499
tvmonitor 0.0024 287 251 368 385
tvmonitor 0.0013 326 159 370 242
