person 0.0384 296 58 316 83
person 0.0159 0 325 15 373
person 0.0131 0 263 42 374
person 0.0080 307 39 324 80
person 0.0047 0 274 17 373
person 0.0041 0 321 31 373
person 0.0033 246 79 324 160
person 0.0025 254 0 277 36
person 0.0020 284 53 318 81
person 0.0019 127 0 145 30
person 0.0016 144 0 184 27
person 0.0015 303 220 499 371
person 0.0010 481 245 499 283
person 0.0010 225 0 244 31
bicycle 0.0021 0 263 43 374
car 0.0020 141 192 175 209
car 0.0010 114 172 138 190
motorbike 0.0010 0 263 43 374
bird 0.0030 139 47 161 82
cat 0.0025 84 54 115 86
cat 0.0013 139 47 161 82
cat 0.0010 0 324 14 372
dog 0.0014 84 54 115 86
bottle 0.1915 175 49 192 82
bottle 0.0116 237 46 247 77
bottle 0.0094 310 39 324 79
bottle 0.0073 297 58 317 83
bottle 0.0060 255 0 275 34
bottle 0.0053 353 93 371 116
bottle 0.0051 127 0 146 29
bottle 0.0048 255 49 266 80
bottle 0.0034 232 43 245 79
bottle 0.0024 0 325 15 373
bottle 0.0023 482 249 500 282
bottle 0.0022 366 147 386 174
bottle 0.0021 236 16 261 78
bottle 0.0020 492 250 499 279
bottle 0.0020 424 107 430 114
bottle 0.0018 255 49 280 80
bottle 0.0016 246 1 264 19
bottle 0.0013 347 97 370 136
bottle 0.0012 143 0 182 28
bottle 0.0011 0 322 31 373
bottle 0.0010 84 54 115 86
bottle 0.0010 270 46 286 79
chair 0.7733 309 117 500 371
chair 0.0817 0 263 42 373
chair 0.0461 310 305 460 374
chair 0.0112 0 321 31 373
chair 0.0068 364 111 500 280
chair 0.0045 0 324 14 372
chair 0.0037 0 261 22 363
chair 0.0034 310 226 478 373
chair 0.0034 385 336 457 374
chair 0.0032 363 147 393 177
chair 0.0027 -2 262 97 375
chair 0.0026 10 322 43 374
chair 0.0023 480 232 500 284
chair 0.0022 128 137 500 368
chair 0.0014 99 256 171 373
chair 0.0010 5 248 173 372
sofa 0.0059 0 263 42 373
sofa 0.0019 309 117 500 370
sofa 0.0013 0 324 14 372
sofa 0.0011 0 321 31 373
pottedplant 0.0012 310 39 324 80
diningtable 0.0025 0 263 42 373
diningtable 0.0011 98 134 464 248
tvmonitor 0.8750 246 79 325 161
tvmonitor 0.8632 171 86 248 171
tvmonitor 0.0012 306 113 501 322
tvmonitor 0.0012 0 265 42 376
tvmonitor 0.0012 169 112 310 203
