person 0.2872 1 29 116 129
person 0.2364 87 52 280 144
person 0.2151 2 16 279 190
person 0.0886 160 49 188 77
person 0.0706 247 0 279 38
person 0.0686 1 29 116 72
person 0.0452 233 1 264 37
person 0.0249 0 0 113 64
person 0.0233 0 18 20 50
person 0.0228 5 48 183 144
person 0.0201 151 0 193 33
person 0.0141 50 37 115 71
person 0.0137 3 101 279 189
person 0.0106 112 108 250 149
person 0.0101 0 0 47 48
person 0.0099 150 49 195 86
person 0.0086 3 80 79 132
person 0.0086 187 64 269 125
person 0.0080 0 27 34 54
person 0.0073 39 0 112 36
person 0.0067 0 24 274 101
person 0.0065 253 1 268 38
person 0.0058 133 42 254 76
person 0.0055 189 1 230 36
person 0.0052 102 54 198 128
person 0.0050 19 25 161 94
person 0.0050 129 73 288 187
person 0.0039 110 42 193 77
person 0.0039 0 19 48 128
person 0.0037 131 109 199 148
person 0.0036 0 27 76 90
person 0.0036 263 1 287 38
person 0.0033 165 141 189 162
person 0.0031 112 34 277 84
person 0.0029 0 31 65 61
person 0.0027 150 0 232 37
person 0.0026 38 30 165 68
person 0.0024 76 1 108 28
person 0.0024 11 0 203 59
person 0.0024 26 31 82 71
person 0.0024 228 0 243 35
person 0.0023 43 1 82 35
person 0.0023 141 42 278 108
person 0.0022 212 0 279 39
person 0.0022 0 80 35 129
person 0.0021 58 52 213 182
person 0.0020 -1 0 85 41
person 0.0019 162 138 207 175
person 0.0018 0 89 21 128
person 0.0018 152 1 191 15
person 0.0018 281 1 287 36
person 0.0018 0 2 18 44
person 0.0017 126 126 260 185
person 0.0015 20 30 259 72
person 0.0015 6 20 102 54
person 0.0015 51 0 162 36
person 0.0014 159 49 179 70
person 0.0014 99 63 142 91
person 0.0014 267 24 287 44
person 0.0013 10 59 108 113
person 0.0013 206 37 291 131
person 0.0013 122 1 184 36
person 0.0013 97 56 172 93
person 0.0012 0 74 44 110
person 0.0012 139 124 188 157
person 0.0012 154 134 231 182
person 0.0012 138 93 228 156
person 0.0011 132 44 200 66
person 0.0011 224 37 287 94
person 0.0011 269 37 287 122
person 0.0011 126 121 190 174
person 0.0011 269 34 287 45
person 0.0010 82 38 116 69
train 0.0013 5 24 287 189
boat 0.0037 0 8 280 186
bird 0.0018 186 63 271 124
cat 0.0406 2 40 113 132
cat 0.0348 0 18 18 50
cat 0.0165 0 19 33 54
cat 0.0138 0 0 47 48
cat 0.0082 101 56 280 140
cat 0.0082 187 63 269 126
cat 0.0044 0 0 113 63
cat 0.0042 0 95 20 129
cat 0.0030 5 48 183 144
cat 0.0029 0 31 65 61
cat 0.0028 253 42 288 127
cat 0.0025 2 35 33 54
cat 0.0022 0 30 113 71
cat 0.0022 45 59 114 129
cat 0.0016 270 48 288 125
cat 0.0016 3 53 289 192
cat 0.0015 19 34 79 74
cat 0.0015 224 39 287 115
cat 0.0013 0 80 33 127
cat 0.0012 0 27 76 90
cat 0.0011 0 0 16 45
dog 0.0150 103 54 279 141
dog 0.0143 1 42 111 133
dog 0.0055 0 18 18 49
dog 0.0052 5 24 287 189
dog 0.0048 186 63 271 124
dog 0.0040 0 16 31 52
dog 0.0035 5 48 183 144
dog 0.0034 0 0 47 48
dog 0.0017 0 33 32 54
dog 0.0015 0 0 113 63
dog 0.0015 45 59 114 129
dog 0.0013 0 95 20 129
dog 0.0012 0 26 113 95
dog 0.0011 102 54 198 128
cow 0.0011 2 16 279 190
bottle 0.0279 189 2 229 36
bottle 0.0215 26 31 82 71
bottle 0.0129 40 32 68 73
bottle 0.0104 0 25 113 96
bottle 0.0030 14 40 91 81
bottle 0.0028 165 141 189 162
bottle 0.0025 281 1 287 36
bottle 0.0024 41 50 60 71
bottle 0.0021 0 18 18 49
bottle 0.0018 228 1 260 36
bottle 0.0018 1 42 111 133
bottle 0.0018 228 1 243 35
bottle 0.0012 255 0 280 38
chair 0.0036 101 1 152 31
chair 0.0030 281 1 287 36
chair 0.0027 151 0 193 33
chair 0.0020 250 0 282 39
chair 0.0016 230 1 264 36
chair 0.0013 -4 -2 279 62
chair 0.0013 56 0 153 35
chair 0.0012 111 41 184 67
chair 0.0012 263 1 287 37
chair 0.0011 28 1 244 44
chair 0.0011 228 1 243 35
chair 0.0010 2 16 279 190
sofa 0.0112 2 16 279 190
sofa 0.0020 0 24 274 101
sofa 0.0015 13 107 283 187
sofa 0.0013 163 41 285 110
sofa 0.0011 187 64 269 125
sofa 0.0010 0 18 18 49
pottedplant 0.2739 189 2 229 36
pottedplant 0.0020 132 -3 257 51
pottedplant 0.0017 151 0 193 34
pottedplant 0.0015 0 18 18 49
pottedplant 0.0012 0 1 47 41
diningtable 0.0023 2 16 279 190
diningtable 0.0014 -4 -2 279 62
diningtable 0.0012 151 1 193 34
