person 0.7872 300 315 311 350
person 0.3225 431 286 438 298
person 0.3190 287 287 295 302
person 0.1966 417 284 427 296
person 0.0942 289 286 296 300
person 0.0887 420 285 433 297
person 0.0750 283 287 292 301
person 0.0606 268 293 364 327
person 0.0589 48 251 59 263
person 0.0496 472 283 486 294
person 0.0476 483 205 499 363
person 0.0434 453 285 462 296
person 0.0410 59 250 72 265
person 0.0397 462 285 480 294
person 0.0316 404 285 409 297
person 0.0303 297 286 305 297
person 0.0299 280 287 299 304
person 0.0278 50 251 65 264
person 0.0171 52 241 78 265
person 0.0149 474 255 498 320
person 0.0148 440 286 447 295
person 0.0124 197 247 203 254
person 0.0100 278 294 353 313
person 0.0097 423 284 432 293
person 0.0097 415 286 422 297
person 0.0093 147 258 152 266
person 0.0091 451 282 468 296
person 0.0084 289 301 320 329
person 0.0082 450 282 460 294
person 0.0082 312 286 319 293
person 0.0082 459 217 503 360
person 0.0080 401 289 407 298
person 0.0078 495 206 500 238
person 0.0074 148 258 157 267
person 0.0068 135 260 141 267
person 0.0067 339 284 344 291
person 0.0066 413 285 421 293
person 0.0064 301 286 312 294
person 0.0064 332 293 358 303
person 0.0064 315 296 327 305
person 0.0062 338 289 358 295
person 0.0059 290 287 303 301
person 0.0059 413 285 440 297
person 0.0058 328 291 372 306
person 0.0055 436 283 446 295
person 0.0053 346 288 361 295
person 0.0053 341 291 362 301
person 0.0053 288 286 294 294
person 0.0052 309 295 320 303
person 0.0049 294 285 299 294
person 0.0048 29 246 74 265
person 0.0047 126 260 131 268
person 0.0045 386 286 399 296
person 0.0045 128 261 139 268
person 0.0045 152 259 160 267
person 0.0043 491 206 499 246
person 0.0039 339 276 345 292
person 0.0039 321 296 334 305
person 0.0038 481 353 499 373
person 0.0038 301 295 314 303
person 0.0038 402 284 414 298
person 0.0035 124 262 129 268
person 0.0035 0 2 12 40
person 0.0034 465 279 493 300
person 0.0034 0 2 8 23
person 0.0032 475 272 497 302
person 0.0032 22 315 29 339
person 0.0030 271 284 312 320
person 0.0029 400 281 406 296
person 0.0028 426 285 442 298
person 0.0027 386 291 395 298
person 0.0027 241 290 249 305
person 0.0027 55 254 63 266
person 0.0026 187 248 195 261
person 0.0025 276 287 282 296
person 0.0024 486 213 500 302
person 0.0024 343 292 380 303
person 0.0024 300 313 310 332
person 0.0024 450 290 461 296
person 0.0022 308 296 324 310
person 0.0021 441 287 450 295
person 0.0021 18 226 117 277
person 0.0020 383 288 392 295
person 0.0020 209 244 215 251
person 0.0020 25 0 56 26
person 0.0019 304 297 327 323
person 0.0019 47 234 87 264
person 0.0019 276 289 282 302
person 0.0018 45 244 58 265
person 0.0018 391 290 402 298
person 0.0017 1 0 76 41
person 0.0017 494 215 499 250
person 0.0017 5 220 22 250
person 0.0017 316 295 338 324
person 0.0017 29 225 83 268
person 0.0016 0 17 19 43
person 0.0016 357 292 377 302
person 0.0015 115 291 126 311
person 0.0015 472 278 483 286
person 0.0014 326 295 344 304
bicycle 0.0079 481 353 499 372
bicycle 0.0017 417 285 426 297
car 0.8787 271 292 388 328
car 0.5299 462 285 482 295
car 0.3604 357 295 394 312
car 0.2271 356 292 379 302
car 0.1813 474 284 485 295
car 0.1700 467 282 492 297
car 0.1275 340 291 382 304
car 0.1042 452 284 463 296
car 0.0860 327 291 384 312
car 0.0849 440 286 447 295
car 0.0790 371 298 394 310
car 0.0544 329 292 361 303
car 0.0544 223 297 241 307
car 0.0506 484 242 499 366
car 0.0452 432 286 442 297
car 0.0448 340 292 395 319
car 0.0439 417 284 427 296
car 0.0378 476 283 487 293
car 0.0364 451 284 472 295
car 0.0353 475 272 497 302
car 0.0291 312 294 371 305
car 0.0273 459 284 475 294
car 0.0215 344 288 370 298
car 0.0192 474 255 498 320
car 0.0188 441 287 450 295
car 0.0147 419 285 434 297
car 0.0146 338 291 365 302
car 0.0144 248 299 266 307
car 0.0144 362 294 389 304
car 0.0141 205 290 218 301
car 0.0135 450 290 461 296
car 0.0130 430 285 438 298
car 0.0129 478 287 492 296
car 0.0121 291 293 375 311
car 0.0120 274 299 340 330
car 0.0119 474 203 500 364
car 0.0111 208 296 235 307
car 0.0080 374 296 393 304
car 0.0079 248 300 259 307
car 0.0073 331 294 352 304
car 0.0073 346 288 361 295
car 0.0072 485 278 497 299
car 0.0070 248 297 280 306
car 0.0070 484 263 497 315
car 0.0069 386 291 395 298
car 0.0058 206 289 213 300
car 0.0056 386 286 399 296
car 0.0054 289 301 320 329
car 0.0051 336 289 360 296
car 0.0050 278 286 301 304
car 0.0045 204 295 226 306
car 0.0038 59 250 72 265
car 0.0036 436 283 446 295
car 0.0036 415 286 422 297
car 0.0033 433 284 451 297
car 0.0032 302 314 311 351
car 0.0031 404 285 409 297
car 0.0030 450 282 460 294
car 0.0030 481 353 499 372
car 0.0029 44 234 89 264
car 0.0029 391 290 402 298
car 0.0027 303 286 396 318
car 0.0027 345 294 359 303
car 0.0026 326 295 343 305
car 0.0026 239 296 254 308
car 0.0025 444 239 501 341
car 0.0025 383 286 405 298
car 0.0025 56 308 75 317
car 0.0024 10 217 143 280
car 0.0023 349 293 372 305
car 0.0022 426 285 442 298
car 0.0019 49 251 64 264
car 0.0018 375 300 394 319
car 0.0016 46 245 79 266
car 0.0015 401 289 407 298
car 0.0015 227 293 254 307
car 0.0015 0 202 89 275
car 0.0014 244 295 269 308
car 0.0014 203 293 221 303
car 0.0014 319 295 337 306
car 0.0013 413 285 421 293
car 0.0013 17 235 104 275
car 0.0012 182 268 226 289
car 0.0012 239 291 250 306
car 0.0012 50 309 65 318
car 0.0012 372 290 384 296
car 0.0011 366 289 388 298
car 0.0010 1 198 185 295
car 0.0010 388 282 404 296
car 0.0010 400 281 406 296
car 0.0010 261 296 280 305
motorbike 0.0053 481 353 499 372
motorbike 0.0024 431 286 438 298
aeroplane 0.0126 0 13 133 116
aeroplane 0.0016 4 138 179 203
aeroplane 0.0013 7 80 177 225
aeroplane 0.0010 1 188 54 220
bus 0.2739 484 215 499 369
bus 0.0082 474 255 498 320
bus 0.0065 475 272 497 302
bus 0.0055 467 206 501 371
bus 0.0050 460 286 483 296
bus 0.0035 486 256 499 324
bus 0.0029 467 282 492 297
bus 0.0015 271 292 387 328
bus 0.0014 451 227 498 333
bus 0.0012 1 198 185 295
bus 0.0011 0 202 89 275
bus 0.0011 446 284 470 296
bus 0.0010 340 291 382 304
bus 0.0010 485 278 497 299
train 0.0135 483 206 500 362
train 0.0098 1 14 132 116
train 0.0062 13 223 253 310
train 0.0026 1 198 185 295
train 0.0018 467 206 501 371
train 0.0012 0 250 37 332
train 0.0010 -5 60 165 203
boat 0.0536 1 198 185 295
boat 0.0365 3 216 112 277
boat 0.0330 0 188 81 262
boat 0.0284 0 18 183 217
boat 0.0229 0 5 133 115
boat 0.0180 0 190 38 255
boat 0.0158 3 146 181 204
boat 0.0152 72 190 109 205
boat 0.0137 1 135 183 262
boat 0.0128 0 163 102 203
boat 0.0115 8 164 172 223
boat 0.0100 0 206 20 250
boat 0.0080 0 181 58 237
boat 0.0072 14 222 251 310
boat 0.0066 0 169 103 243
boat 0.0061 0 229 70 320
boat 0.0047 13 177 118 202
boat 0.0035 0 179 30 219
boat 0.0035 2 91 136 208
boat 0.0033 39 229 98 270
boat 0.0031 -1 128 92 198
boat 0.0030 37 181 149 208
boat 0.0028 85 194 292 299
boat 0.0023 0 242 45 312
boat 0.0021 0 211 32 268
boat 0.0020 28 243 73 267
boat 0.0018 73 193 100 209
boat 0.0018 40 180 102 196
boat 0.0016 46 245 79 266
boat 0.0016 483 205 499 363
boat 0.0015 0 159 16 179
boat 0.0015 73 201 100 214
boat 0.0013 0 245 33 278
boat 0.0012 3 190 62 220
boat 0.0012 7 217 31 252
boat 0.0012 59 250 72 265
boat 0.0011 141 262 243 299
boat 0.0011 -1 208 57 258
boat 0.0010 48 220 187 275
horse 0.0013 483 205 499 363
chair 0.0031 484 243 499 369
pottedplant 0.0028 483 205 499 363
pottedplant 0.0011 300 315 310 351
tvmonitor 0.0010 484 241 499 370
