person 0.0155 223 91 237 106
person 0.0089 223 87 233 100
person 0.0037 161 70 174 80
person 0.0036 134 66 146 74
person 0.0033 0 0 2 10
person 0.0016 154 65 174 79
person 0.0016 106 82 116 103
person 0.0014 231 95 241 108
person 0.0013 225 95 240 109
person 0.0012 187 72 202 82
person 0.0012 164 74 175 80
person 0.0011 180 69 199 81
person 0.0011 0 119 7 140
person 0.0010 222 94 234 112
person 0.0010 172 63 200 80
person 0.0010 220 82 237 109
car 0.0011 0 119 7 140
train 0.8741 35 49 434 244
train 0.0016 0 120 8 140
bird 0.0018 0 82 3 89
bird 0.0010 0 0 3 9
