person 0.0173 392 299 398 310
person 0.0075 493 301 499 314
person 0.0066 390 301 397 310
person 0.0063 35 197 48 211
person 0.0034 460 300 467 310
person 0.0020 397 302 405 311
person 0.0013 7 187 28 224
person 0.0013 409 297 423 314
person 0.0012 12 180 41 221
person 0.0011 466 294 473 306
person 0.0010 378 312 389 327
person 0.0010 0 160 13 187
person 0.0010 420 298 433 318
bird 0.6349 48 76 395 304
bird 0.0363 493 301 499 314
bird 0.0310 0 160 13 187
bird 0.0244 2 186 30 224
bird 0.0237 0 166 36 217
bird 0.0231 0 161 31 195
bird 0.0205 432 338 447 348
bird 0.0181 36 198 50 212
bird 0.0151 392 299 398 310
bird 0.0146 7 183 51 222
bird 0.0117 9 193 23 224
bird 0.0116 461 264 480 287
bird 0.0116 27 192 52 215
bird 0.0115 0 171 7 187
bird 0.0112 410 296 423 311
bird 0.0104 0 163 54 199
bird 0.0096 66 79 389 201
bird 0.0080 461 261 491 288
bird 0.0077 459 301 467 310
bird 0.0074 390 301 397 310
bird 0.0068 0 193 20 219
bird 0.0065 4 169 69 219
bird 0.0057 440 336 457 345
bird 0.0057 470 316 475 322
bird 0.0056 461 270 473 286
bird 0.0052 479 343 485 349
bird 0.0046 417 297 433 317
bird 0.0044 397 302 404 311
bird 0.0040 0 178 21 212
bird 0.0039 15 181 38 220
bird 0.0036 29 194 43 213
bird 0.0035 430 339 441 347
bird 0.0032 36 126 75 143
bird 0.0030 467 292 472 299
bird 0.0028 2 184 25 203
bird 0.0028 25 185 57 211
bird 0.0027 -9 114 300 230
bird 0.0026 416 306 426 320
bird 0.0026 413 301 424 319
bird 0.0025 0 192 11 212
bird 0.0023 0 167 9 204
bird 0.0022 405 299 417 312
bird 0.0022 32 198 51 222
bird 0.0019 417 311 424 320
bird 0.0019 32 187 49 209
bird 0.0019 466 294 472 305
bird 0.0018 9 172 43 207
bird 0.0018 482 268 500 290
bird 0.0017 449 337 464 344
bird 0.0016 8 226 14 233
bird 0.0016 420 304 434 319
bird 0.0015 465 301 474 310
bird 0.0015 462 254 494 275
bird 0.0014 483 298 497 309
bird 0.0014 6 174 32 201
bird 0.0014 471 301 483 308
bird 0.0013 461 303 467 312
bird 0.0013 18 183 35 208
bird 0.0012 25 183 72 219
bird 0.0012 409 295 427 321
bird 0.0012 398 303 407 312
bird 0.0011 392 303 399 312
bird 0.0011 440 234 454 246
bird 0.0011 26 199 43 219
bird 0.0011 1 135 188 217
bird 0.0010 457 298 468 312
bird 0.0010 -2 161 104 236
bird 0.0010 361 351 375 365
bird 0.0010 476 260 500 287
bird 0.0010 378 312 389 327
bird 0.0010 0 185 10 206
dog 0.0031 48 76 396 304
