person 0.0141 0 134 36 177
person 0.0085 0 154 6 171
person 0.0062 0 132 17 163
person 0.0060 466 105 497 150
person 0.0040 0 144 13 171
person 0.0036 0 136 12 159
person 0.0031 0 142 25 185
person 0.0025 469 123 499 153
person 0.0023 0 130 35 157
person 0.0021 467 119 489 148
person 0.0019 416 2 468 64
person 0.0018 465 25 499 108
person 0.0017 0 131 14 150
person 0.0017 262 59 342 165
person 0.0016 265 16 331 117
person 0.0015 464 115 499 185
person 0.0013 477 44 499 115
person 0.0013 0 143 38 200
person 0.0011 0 131 15 141
person 0.0010 465 58 500 149
person 0.0010 0 159 6 178
person 0.0010 479 131 500 152
bicycle 0.4539 9 98 377 347
bicycle 0.0843 357 93 501 341
bicycle 0.0446 0 133 37 180
bicycle 0.0224 150 109 266 180
bicycle 0.0168 135 121 269 232
bicycle 0.0165 172 12 401 350
bicycle 0.0132 93 85 289 224
bicycle 0.0129 116 262 162 292
bicycle 0.0113 46 156 294 310
bicycle 0.0106 244 34 368 326
bicycle 0.0106 410 145 498 333
bicycle 0.0102 105 111 225 181
bicycle 0.0085 260 44 512 348
bicycle 0.0076 431 149 499 243
bicycle 0.0065 57 52 413 267
bicycle 0.0064 367 111 499 242
bicycle 0.0064 21 49 250 306
bicycle 0.0056 460 157 499 237
bicycle 0.0041 87 85 196 178
bicycle 0.0039 187 116 268 168
bicycle 0.0038 253 117 336 240
bicycle 0.0037 235 153 433 350
bicycle 0.0035 0 132 17 163
bicycle 0.0033 450 163 499 327
bicycle 0.0032 0 154 6 171
bicycle 0.0031 0 85 125 209
bicycle 0.0026 222 103 268 139
bicycle 0.0025 135 141 332 342
bicycle 0.0024 475 171 500 235
bicycle 0.0024 256 154 330 197
bicycle 0.0024 51 67 167 188
bicycle 0.0023 0 153 15 175
bicycle 0.0022 118 103 197 165
bicycle 0.0021 7 140 46 190
bicycle 0.0020 84 103 158 186
bicycle 0.0020 0 144 38 217
bicycle 0.0020 108 96 210 238
bicycle 0.0020 0 134 113 201
bicycle 0.0019 33 206 352 331
bicycle 0.0016 119 264 165 321
bicycle 0.0015 140 99 270 151
bicycle 0.0015 22 75 191 226
bicycle 0.0015 119 213 291 310
bicycle 0.0014 0 81 79 171
bicycle 0.0014 442 133 499 207
bicycle 0.0014 139 110 217 158
bicycle 0.0013 98 225 182 298
bicycle 0.0013 114 122 201 205
bicycle 0.0013 171 102 267 282
bicycle 0.0012 252 136 350 201
bicycle 0.0012 14 60 139 139
bicycle 0.0011 160 295 231 332
bicycle 0.0011 293 122 396 366
bicycle 0.0011 111 73 173 168
bicycle 0.0010 111 57 206 151
bicycle 0.0010 67 51 150 141
bicycle 0.0010 0 130 35 157
car 0.0042 0 132 36 169
car 0.0014 424 103 466 158
car 0.0013 429 138 500 218
car 0.0012 364 52 500 309
car 0.0010 5 18 464 344
car 0.0010 0 131 15 141
motorbike 0.0596 363 93 499 326
motorbike 0.0130 431 149 499 243
motorbike 0.0100 0 133 37 180
motorbike 0.0079 387 115 498 250
motorbike 0.0076 468 160 500 227
motorbike 0.0070 250 12 516 348
motorbike 0.0039 461 136 499 204
motorbike 0.0036 424 103 466 158
motorbike 0.0036 394 146 487 218
motorbike 0.0030 364 88 479 220
motorbike 0.0026 460 172 499 255
motorbike 0.0025 418 160 469 222
motorbike 0.0019 0 148 8 171
motorbike 0.0018 413 151 477 252
motorbike 0.0018 410 145 498 333
motorbike 0.0016 5 18 464 344
motorbike 0.0014 0 132 17 163
motorbike 0.0014 426 106 498 198
motorbike 0.0014 352 9 486 247
motorbike 0.0013 477 170 500 215
motorbike 0.0012 0 142 15 173
motorbike 0.0010 187 116 268 168
train 0.0074 356 25 510 288
train 0.0064 424 102 465 156
train 0.0021 426 106 498 198
train 0.0019 5 18 464 344
train 0.0015 367 111 499 242
train 0.0011 464 58 500 148
boat 0.0029 0 134 36 177
bird 0.2483 118 262 160 288
bird 0.0461 120 266 161 317
bird 0.0267 170 308 234 337
bird 0.0202 125 289 157 320
bird 0.0054 124 292 144 318
bird 0.0048 284 343 320 364
bird 0.0047 0 132 36 169
bird 0.0031 0 149 8 171
bird 0.0030 0 138 14 165
bird 0.0028 108 304 126 314
bird 0.0024 110 299 142 328
bird 0.0023 111 315 137 328
bird 0.0020 105 300 134 321
bird 0.0013 261 87 322 128
bird 0.0013 -1 138 41 201
bird 0.0012 343 342 371 373
cat 0.0021 118 264 153 289
dog 0.0013 0 134 38 185
horse 0.0010 0 133 37 180
bottle 0.0613 116 262 162 292
bottle 0.0318 15 114 365 351
bottle 0.0195 149 214 192 268
bottle 0.0181 46 156 294 310
bottle 0.0126 164 208 194 253
bottle 0.0115 153 210 191 236
bottle 0.0106 199 226 233 266
bottle 0.0088 126 289 157 317
bottle 0.0085 165 226 193 266
bottle 0.0072 250 141 333 202
bottle 0.0066 173 309 235 337
bottle 0.0059 173 215 198 270
bottle 0.0058 120 265 163 321
bottle 0.0056 253 117 336 240
bottle 0.0056 145 211 181 250
bottle 0.0051 258 157 324 194
bottle 0.0043 172 211 192 235
bottle 0.0043 0 154 6 171
bottle 0.0037 119 213 291 310
bottle 0.0030 244 34 368 326
bottle 0.0029 172 219 213 287
bottle 0.0027 198 240 232 277
bottle 0.0026 366 121 499 335
bottle 0.0022 135 141 332 342
bottle 0.0021 477 170 500 215
bottle 0.0015 160 295 231 332
bottle 0.0013 33 206 352 331
bottle 0.0012 152 222 179 257
bottle 0.0012 312 181 356 225
bottle 0.0012 125 259 174 304
bottle 0.0012 174 209 201 247
bottle 0.0011 11 144 42 187
bottle 0.0010 158 9 418 351
bottle 0.0010 293 96 372 300
bottle 0.0010 148 211 175 236
chair 0.0060 0 135 36 170
chair 0.0031 228 103 266 128
chair 0.0021 1 60 128 142
chair 0.0017 0 142 15 173
chair 0.0016 0 136 42 196
chair 0.0011 0 148 8 171
chair 0.0010 462 142 500 215
pottedplant 0.0025 386 16 471 198
pottedplant 0.0019 0 134 37 177
pottedplant 0.0014 415 20 497 193
pottedplant 0.0013 415 67 471 168
diningtable 0.0055 -20 114 490 363
diningtable 0.0017 1 60 128 142
diningtable 0.0014 0 135 36 170
diningtable 0.0012 0 135 40 198
