person 0.2246 107 469 112 484
person 0.0838 98 472 106 492
person 0.0803 157 473 164 486
person 0.0745 104 467 113 488
person 0.0648 123 478 132 488
person 0.0637 99 469 111 490
person 0.0546 163 479 171 497
person 0.0360 159 473 168 496
person 0.0351 0 460 7 480
person 0.0345 173 483 182 498
person 0.0280 73 462 83 474
person 0.0233 125 478 140 488
person 0.0232 79 462 88 474
person 0.0190 87 463 95 476
person 0.0182 131 479 147 488
person 0.0152 93 465 106 493
person 0.0136 124 480 132 496
person 0.0135 88 463 96 492
person 0.0128 0 437 9 456
person 0.0114 73 459 79 474
person 0.0113 89 465 97 479
person 0.0111 98 467 108 485
person 0.0109 126 491 133 500
person 0.0092 73 458 94 477
person 0.0078 89 476 96 491
person 0.0074 84 462 105 487
person 0.0068 152 477 174 498
person 0.0064 126 481 139 497
person 0.0062 153 473 161 487
person 0.0060 0 449 10 482
person 0.0050 67 458 83 474
person 0.0048 91 475 101 492
person 0.0041 0 464 5 479
person 0.0038 81 466 97 490
person 0.0038 67 428 80 444
person 0.0035 169 483 185 499
person 0.0035 121 478 128 486
person 0.0031 147 475 154 486
person 0.0031 48 494 73 500
person 0.0028 160 480 182 499
person 0.0028 140 477 151 487
person 0.0026 88 461 99 473
person 0.0025 344 379 363 396
person 0.0025 125 476 152 490
person 0.0025 156 469 171 488
person 0.0025 183 471 217 494
person 0.0024 69 434 86 444
person 0.0021 63 426 72 443
person 0.0020 65 419 77 442
person 0.0020 338 460 374 499
person 0.0020 92 463 115 491
person 0.0019 0 435 7 449
person 0.0017 317 388 327 394
person 0.0015 162 470 175 490
person 0.0015 359 387 372 395
person 0.0015 1 467 11 481
person 0.0015 65 434 72 444
person 0.0014 102 469 118 488
person 0.0014 15 392 34 401
person 0.0013 351 382 368 396
person 0.0013 107 473 114 488
person 0.0013 329 376 368 395
person 0.0012 72 458 84 469
person 0.0012 258 464 375 499
person 0.0012 72 460 115 489
person 0.0011 118 480 135 498
person 0.0011 169 470 185 491
person 0.0011 195 471 204 494
person 0.0011 337 468 356 489
person 0.0011 53 453 112 482
person 0.0010 162 320 170 331
person 0.0010 308 387 321 393
car 0.0245 0 437 7 451
car 0.0243 69 434 86 444
car 0.0104 296 385 319 393
car 0.0075 10 391 38 402
car 0.0054 319 388 332 394
car 0.0045 131 479 147 488
car 0.0043 44 494 76 500
car 0.0038 308 387 321 393
car 0.0033 296 385 306 392
car 0.0028 33 394 45 401
car 0.0023 124 478 142 488
car 0.0021 18 394 39 402
car 0.0020 257 476 327 497
car 0.0018 9 392 25 400
car 0.0018 331 377 369 396
car 0.0015 17 381 40 389
car 0.0014 83 433 99 444
car 0.0013 65 434 72 444
car 0.0012 126 477 152 494
car 0.0012 291 379 321 393
car 0.0012 20 387 43 399
car 0.0011 359 387 372 395
car 0.0010 216 468 331 499
car 0.0010 123 478 130 487
aeroplane 0.4488 2 340 365 497
aeroplane 0.2197 191 321 376 500
aeroplane 0.0254 155 433 277 496
aeroplane 0.0139 31 417 337 497
aeroplane 0.0132 295 383 320 393
aeroplane 0.0121 211 465 324 497
aeroplane 0.0114 82 356 248 483
aeroplane 0.0105 125 288 367 465
aeroplane 0.0066 133 300 337 370
aeroplane 0.0054 0 437 9 456
aeroplane 0.0050 257 476 327 497
aeroplane 0.0047 79 399 133 417
aeroplane 0.0045 150 293 208 316
aeroplane 0.0043 -2 417 141 492
aeroplane 0.0042 293 369 370 397
aeroplane 0.0038 173 446 333 499
aeroplane 0.0037 22 204 367 486
aeroplane 0.0036 196 455 287 488
aeroplane 0.0035 290 378 322 394
aeroplane 0.0028 231 368 377 447
aeroplane 0.0026 44 385 97 414
aeroplane 0.0026 322 375 373 396
aeroplane 0.0026 220 465 274 485
aeroplane 0.0025 304 384 324 393
aeroplane 0.0025 282 375 350 402
aeroplane 0.0024 293 377 307 391
aeroplane 0.0024 9 349 207 492
aeroplane 0.0023 0 408 84 481
aeroplane 0.0022 296 385 306 392
aeroplane 0.0021 1 492 71 500
aeroplane 0.0021 110 464 241 499
aeroplane 0.0019 249 453 369 498
aeroplane 0.0019 181 415 363 497
aeroplane 0.0016 11 390 43 402
aeroplane 0.0015 46 385 72 411
aeroplane 0.0015 68 433 85 444
aeroplane 0.0013 44 494 76 500
aeroplane 0.0013 286 352 376 461
aeroplane 0.0013 134 231 331 404
aeroplane 0.0012 -1 442 8 482
aeroplane 0.0012 1 392 43 407
aeroplane 0.0012 134 308 245 347
aeroplane 0.0012 315 388 330 394
aeroplane 0.0011 278 363 334 395
aeroplane 0.0011 -2 440 86 490
aeroplane 0.0010 58 431 91 450
aeroplane 0.0010 30 447 117 486
aeroplane 0.0010 287 382 310 401
aeroplane 0.0010 250 343 351 422
bus 0.0026 0 437 7 451
bus 0.0023 16 390 39 402
bus 0.0014 77 401 130 415
train 0.0049 196 320 372 502
boat 0.0524 154 293 203 309
boat 0.0074 210 321 379 506
boat 0.0026 149 296 205 322
boat 0.0018 0 202 368 494
boat 0.0015 143 306 321 351
boat 0.0014 151 261 230 322
boat 0.0014 139 302 236 341
boat 0.0014 296 385 319 393
boat 0.0012 207 308 226 316
boat 0.0012 0 437 7 451
