bird 0.0023 273 94 285 109
bird 0.0021 166 215 212 263
bird 0.0012 243 95 263 113
bird 0.0010 260 183 308 216
cat 0.0024 166 215 212 264
dog 0.0991 166 215 212 264
dog 0.0059 270 95 286 109
dog 0.0055 260 182 308 217
dog 0.0017 242 96 265 112
dog 0.0015 303 146 411 221
dog 0.0013 244 93 285 111
dog 0.0012 81 178 166 262
dog 0.0011 374 113 418 171
dog 0.0010 117 94 174 146
horse 0.0015 166 215 212 263
horse 0.0012 261 182 308 216
sheep 0.9241 80 178 166 262
sheep 0.9237 305 145 410 220
sheep 0.9086 373 112 418 172
sheep 0.8974 117 95 175 147
sheep 0.8599 165 215 212 263
sheep 0.8035 260 183 309 216
sheep 0.0820 245 94 286 110
sheep 0.0483 242 96 265 112
sheep 0.0361 270 95 286 109
sheep 0.0273 284 183 308 217
sheep 0.0165 65 82 80 99
sheep 0.0104 278 184 328 218
sheep 0.0053 254 174 331 219
sheep 0.0035 258 163 384 219
sheep 0.0031 75 44 285 111
sheep 0.0028 0 78 4 85
sheep 0.0016 265 200 302 217
sheep 0.0011 351 154 414 217
cow 0.0143 260 182 308 217
cow 0.0126 245 94 286 110
cow 0.0078 306 145 411 221
cow 0.0075 165 215 213 263
cow 0.0069 374 113 418 171
cow 0.0059 81 178 166 262
cow 0.0048 272 95 286 109
cow 0.0046 242 96 262 112
cow 0.0039 117 94 174 146
cow 0.0013 65 82 80 99
