person 0.8543 419 66 500 191
person 0.7526 119 69 194 148
person 0.7406 7 64 118 223
person 0.7368 188 69 281 184
person 0.7105 269 83 340 218
person 0.5248 350 66 409 181
person 0.2253 356 97 444 288
person 0.1910 188 70 254 148
person 0.0838 352 65 395 141
person 0.0613 6 66 75 189
person 0.0526 399 86 417 118
person 0.0462 189 69 221 142
person 0.0459 408 89 433 139
person 0.0393 400 87 425 129
person 0.0378 117 75 209 205
person 0.0326 199 92 284 297
person 0.0278 377 79 429 183
person 0.0182 281 88 347 174
person 0.0177 275 86 374 276
person 0.0158 148 68 222 174
person 0.0147 8 117 130 306
person 0.0116 350 78 383 175
person 0.0096 390 82 419 145
person 0.0082 372 77 416 118
person 0.0081 407 82 442 170
person 0.0071 125 99 223 288
person 0.0067 49 118 113 197
person 0.0067 214 77 263 141
person 0.0064 492 165 500 189
person 0.0062 410 74 462 154
person 0.0061 125 71 168 138
person 0.0060 52 105 131 254
person 0.0054 168 74 246 203
person 0.0052 412 77 476 227
person 0.0046 428 123 500 303
person 0.0045 413 70 442 134
person 0.0044 315 141 399 279
person 0.0044 269 86 325 159
person 0.0043 350 87 376 141
person 0.0040 271 88 307 194
person 0.0039 482 163 500 191
person 0.0039 384 80 412 110
person 0.0037 124 89 171 213
person 0.0034 160 82 194 144
person 0.0033 294 90 337 155
person 0.0033 182 86 212 167
person 0.0032 357 117 385 202
person 0.0032 367 74 402 149
person 0.0030 405 72 452 206
person 0.0029 184 106 207 156
person 0.0025 259 85 314 241
person 0.0024 13 69 74 135
person 0.0024 394 94 425 169
person 0.0023 62 136 122 216
person 0.0021 155 95 210 190
person 0.0019 425 119 501 215
person 0.0018 182 127 206 164
person 0.0017 293 108 364 227
person 0.0016 204 78 252 124
person 0.0016 192 77 224 119
person 0.0016 221 81 285 227
person 0.0016 61 137 114 181
person 0.0015 321 156 362 190
person 0.0014 181 100 228 178
person 0.0014 399 101 437 210
person 0.0013 357 107 416 223
person 0.0013 495 172 500 196
person 0.0013 470 156 499 190
person 0.0013 415 122 465 215
person 0.0012 494 157 499 176
person 0.0012 172 130 207 174
person 0.0011 376 70 409 104
person 0.0011 205 91 248 160
person 0.0011 403 83 421 110
person 0.0011 163 106 193 174
person 0.0011 358 132 382 177
person 0.0011 414 94 436 124
person 0.0010 387 78 404 102
person 0.0010 268 99 287 160
car 0.0022 492 165 500 189
car 0.0019 482 163 500 191
dog 0.0038 10 115 122 308
dog 0.0010 129 108 226 291
dog 0.0010 351 75 413 193
horse 0.8807 426 126 499 307
horse 0.8715 129 109 226 291
horse 0.8426 200 105 286 300
horse 0.6480 9 119 134 308
horse 0.5255 357 87 447 285
horse 0.2230 287 135 373 280
horse 0.0941 250 123 288 304
horse 0.0756 270 83 343 236
horse 0.0747 315 144 399 278
horse 0.0488 63 121 144 293
horse 0.0241 375 85 436 196
horse 0.0233 198 77 274 232
horse 0.0233 403 122 448 263
horse 0.0215 314 141 370 247
horse 0.0211 408 88 470 263
horse 0.0174 352 69 414 191
horse 0.0113 282 104 330 297
horse 0.0110 129 91 210 221
horse 0.0091 398 98 439 212
horse 0.0089 242 100 348 303
horse 0.0082 231 104 284 260
horse 0.0074 282 147 333 231
horse 0.0066 420 107 499 225
horse 0.0063 321 154 365 205
horse 0.0058 477 162 499 193
horse 0.0053 377 124 482 301
horse 0.0053 414 124 469 212
horse 0.0051 356 117 432 214
horse 0.0048 458 154 498 207
horse 0.0047 242 129 287 228
horse 0.0045 175 129 209 176
horse 0.0040 124 89 171 213
horse 0.0035 339 167 442 289
horse 0.0034 486 164 500 210
horse 0.0034 404 131 436 195
horse 0.0033 160 84 257 253
horse 0.0033 493 168 500 193
horse 0.0028 130 139 152 199
horse 0.0027 170 125 213 205
horse 0.0024 487 169 500 261
horse 0.0022 293 108 364 227
horse 0.0021 495 172 500 196
horse 0.0020 54 94 243 303
horse 0.0019 371 117 410 193
horse 0.0019 309 161 361 227
horse 0.0019 254 108 299 249
horse 0.0018 410 133 445 215
horse 0.0016 483 134 499 294
horse 0.0015 109 58 197 298
horse 0.0015 86 164 143 281
horse 0.0015 183 129 205 156
horse 0.0014 330 155 362 188
horse 0.0013 173 117 236 287
horse 0.0013 135 157 154 197
horse 0.0012 392 139 429 188
horse 0.0012 282 167 314 230
horse 0.0011 333 166 371 224
horse 0.0011 8 103 121 223
horse 0.0011 269 111 312 313
horse 0.0011 249 141 282 171
horse 0.0011 463 137 500 244
sheep 0.0012 8 118 131 306
cow 0.0036 8 118 131 306
cow 0.0015 129 106 226 290
cow 0.0013 199 104 286 301
cow 0.0013 430 124 500 307
