person 0.9393 62 118 249 374
person 0.8122 197 108 393 373
person 0.1770 432 288 438 300
person 0.1484 457 325 463 332
person 0.0714 433 319 439 331
person 0.0429 74 218 81 229
person 0.0419 424 289 430 299
person 0.0309 397 196 406 221
person 0.0255 455 326 461 333
person 0.0224 460 325 465 332
person 0.0124 79 218 87 229
person 0.0113 451 303 460 316
person 0.0093 421 258 428 270
person 0.0086 452 252 457 265
person 0.0079 495 209 499 224
person 0.0070 420 326 425 332
person 0.0070 72 218 87 234
person 0.0064 421 321 431 332
person 0.0058 471 274 476 281
person 0.0055 469 272 475 278
person 0.0049 424 256 435 265
person 0.0047 70 221 80 236
person 0.0046 428 256 437 263
person 0.0044 423 263 429 271
person 0.0043 463 204 467 210
person 0.0037 432 290 439 303
person 0.0034 397 211 404 224
person 0.0033 432 323 439 333
person 0.0033 404 228 411 253
person 0.0032 82 219 93 233
person 0.0032 400 226 406 246
person 0.0032 421 229 426 240
person 0.0030 417 214 422 223
person 0.0029 48 216 61 236
person 0.0028 59 366 105 375
person 0.0028 486 279 492 284
person 0.0028 77 219 91 236
person 0.0028 461 271 469 278
person 0.0027 64 230 75 238
person 0.0025 419 188 423 194
person 0.0024 70 229 89 239
person 0.0024 442 253 454 267
person 0.0024 402 229 416 255
person 0.0023 405 227 411 239
person 0.0023 338 178 391 376
person 0.0021 409 230 418 256
person 0.0021 429 286 439 299
person 0.0021 470 207 475 212
person 0.0020 423 288 428 297
person 0.0019 419 317 425 330
person 0.0019 90 219 98 230
person 0.0018 459 271 465 279
person 0.0018 473 276 478 282
person 0.0018 484 278 490 283
person 0.0018 68 216 81 232
person 0.0017 394 245 399 254
person 0.0017 437 324 446 330
person 0.0017 487 215 492 225
person 0.0017 421 263 426 271
person 0.0017 440 259 445 268
person 0.0016 469 275 475 284
person 0.0016 416 189 422 194
person 0.0015 468 206 475 211
person 0.0015 398 230 408 256
person 0.0015 438 255 445 266
person 0.0015 74 215 80 224
person 0.0015 416 251 429 270
person 0.0015 420 231 426 244
person 0.0014 400 227 405 237
person 0.0014 381 213 387 223
person 0.0014 425 253 434 260
person 0.0014 432 316 439 324
person 0.0014 441 258 448 268
person 0.0013 452 302 463 323
person 0.0013 393 315 402 321
person 0.0013 494 231 499 246
person 0.0013 428 288 442 302
person 0.0013 492 209 499 226
person 0.0013 437 296 459 312
person 0.0013 450 327 461 334
person 0.0012 456 323 465 331
person 0.0012 63 224 71 237
person 0.0012 449 252 458 267
person 0.0012 447 192 451 196
person 0.0012 396 215 401 223
person 0.0012 400 235 405 253
person 0.0011 488 213 493 224
person 0.0011 103 187 126 200
person 0.0010 184 113 261 369
person 0.0010 429 319 443 332
person 0.0010 492 228 499 243
person 0.0010 0 218 4 236
person 0.0010 468 205 472 210
person 0.0010 0 259 9 287
car 0.0069 3 236 73 250
car 0.0063 0 261 8 285
car 0.0041 0 233 75 273
car 0.0032 217 256 251 313
car 0.0032 0 240 64 291
car 0.0029 388 301 402 311
car 0.0017 0 256 31 288
car 0.0014 1 235 102 299
car 0.0014 428 256 437 263
car 0.0014 0 263 13 289
car 0.0013 79 218 87 229
car 0.0011 70 219 88 233
car 0.0011 0 275 8 289
