person 0.0162 177 0 336 91
person 0.0139 297 3 424 133
person 0.0103 480 97 499 141
person 0.0099 129 0 184 64
person 0.0091 50 0 181 117
person 0.0063 43 0 111 88
person 0.0045 257 0 480 199
person 0.0043 196 0 372 143
person 0.0041 426 -2 500 210
person 0.0038 477 54 499 163
person 0.0030 291 0 338 57
person 0.0024 119 0 435 76
person 0.0020 252 0 372 65
person 0.0019 456 11 497 191
person 0.0019 301 0 424 55
person 0.0018 308 1 380 113
person 0.0017 272 37 389 145
person 0.0016 61 0 128 111
person 0.0015 106 0 184 102
person 0.0014 481 97 499 120
person 0.0014 356 -2 504 191
person 0.0014 64 1 109 67
person 0.0011 24 -6 134 133
person 0.0010 169 0 317 34
person 0.0010 66 122 498 373
bicycle 0.0010 386 -5 498 193
boat 0.0039 52 19 510 365
boat 0.0022 3 126 375 366
bird 0.0022 4 110 75 171
bird 0.0017 6 100 108 187
bird 0.0016 481 95 500 132
bird 0.0013 0 98 122 249
bird 0.0010 2 113 47 149
dog 0.5069 37 133 381 299
dog 0.0261 17 64 508 334
dog 0.0056 195 7 487 317
dog 0.0046 293 11 440 151
dog 0.0027 216 125 366 293
dog 0.0022 22 140 196 291
dog 0.0022 257 0 480 199
dog 0.0011 0 85 170 269
dog 0.0010 413 -1 496 208
horse 0.0012 129 1 184 66
chair 0.5035 106 0 184 119
chair 0.0820 242 0 497 301
chair 0.0683 304 -2 496 199
chair 0.0652 165 -1 330 145
chair 0.0649 38 0 152 112
chair 0.0643 126 0 184 66
chair 0.0427 265 0 415 143
chair 0.0366 2 -1 111 156
chair 0.0241 307 0 479 105
chair 0.0205 420 0 498 178
chair 0.0178 254 38 371 149
chair 0.0169 203 0 333 93
chair 0.0164 40 0 110 89
chair 0.0155 429 0 499 98
chair 0.0105 49 0 186 70
chair 0.0094 96 0 150 116
chair 0.0090 485 16 499 68
chair 0.0085 95 -3 281 144
chair 0.0084 309 0 458 60
chair 0.0081 179 24 278 150
chair 0.0073 443 0 500 56
chair 0.0071 374 0 499 65
chair 0.0069 35 134 385 298
chair 0.0068 483 36 499 100
chair 0.0053 478 4 500 55
chair 0.0052 37 43 489 312
chair 0.0047 137 0 218 63
chair 0.0046 137 -5 226 144
chair 0.0040 480 97 500 142
chair 0.0035 173 0 219 30
chair 0.0035 288 48 397 135
chair 0.0035 64 0 110 69
chair 0.0033 455 6 499 142
chair 0.0031 278 27 434 213
chair 0.0031 486 2 500 41
chair 0.0029 16 3 186 173
chair 0.0029 183 36 233 146
chair 0.0029 1 5 51 146
chair 0.0024 383 22 500 267
chair 0.0023 477 51 499 113
chair 0.0021 119 0 435 76
chair 0.0021 269 7 352 107
chair 0.0021 468 0 500 39
chair 0.0020 479 121 500 191
chair 0.0020 -2 0 95 72
chair 0.0020 143 14 440 223
chair 0.0017 363 -1 497 139
chair 0.0017 325 20 433 112
chair 0.0015 13 -2 368 170
chair 0.0014 292 6 339 78
chair 0.0014 414 75 496 210
chair 0.0014 112 0 297 67
chair 0.0013 484 56 499 71
chair 0.0013 312 54 446 129
chair 0.0013 488 5 500 27
chair 0.0013 307 11 380 126
chair 0.0011 35 1 79 72
chair 0.0011 194 58 264 145
chair 0.0011 470 94 500 196
chair 0.0011 428 40 499 123
chair 0.0010 347 13 409 94
chair 0.0010 401 0 438 20
chair 0.0010 356 0 428 61
chair 0.0010 471 45 499 143
chair 0.0010 -7 138 480 377
chair 0.0010 252 0 372 65
chair 0.0010 152 8 186 68
sofa 0.0081 10 85 499 355
sofa 0.0054 11 131 368 306
pottedplant 0.0012 482 63 500 116
diningtable 0.1499 284 -3 496 199
diningtable 0.0442 165 0 329 145
diningtable 0.0409 106 0 184 119
diningtable 0.0386 307 0 477 104
diningtable 0.0373 265 0 415 142
diningtable 0.0298 310 0 454 57
diningtable 0.0143 200 0 341 92
diningtable 0.0077 37 0 150 111
diningtable 0.0068 116 1 184 67
diningtable 0.0050 420 0 498 177
diningtable 0.0046 95 -3 281 144
diningtable 0.0041 373 0 500 63
diningtable 0.0041 0 13 469 306
diningtable 0.0027 45 0 186 69
diningtable 0.0026 217 19 375 154
diningtable 0.0025 180 24 255 147
diningtable 0.0024 119 0 435 76
diningtable 0.0024 2 -1 112 155
diningtable 0.0024 9 124 513 369
diningtable 0.0019 137 0 218 63
diningtable 0.0019 429 0 499 98
diningtable 0.0017 52 0 110 77
diningtable 0.0015 137 -5 226 144
diningtable 0.0014 165 1 320 65
diningtable 0.0013 483 36 499 100
diningtable 0.0013 252 0 372 65
diningtable 0.0012 229 -2 502 333
diningtable 0.0011 350 2 466 36
diningtable 0.0010 484 56 499 72
