person 0.8946 280 163 338 335
person 0.8484 115 133 163 255
person 0.8089 422 180 455 301
person 0.7777 397 167 434 301
person 0.7469 222 224 264 344
person 0.7128 377 198 410 306
person 0.2417 161 262 207 336
person 0.1676 342 179 409 296
person 0.1651 375 168 390 186
person 0.1640 361 171 385 188
person 0.1238 390 167 413 185
person 0.0735 383 169 399 186
person 0.0439 381 163 398 180
person 0.0437 166 212 268 344
person 0.0434 359 171 397 219
person 0.0358 383 163 390 173
person 0.0331 493 168 499 181
person 0.0279 373 171 395 208
person 0.0275 168 177 186 195
person 0.0155 384 163 398 171
person 0.0154 389 170 406 189
person 0.0150 147 258 230 341
person 0.0147 372 167 414 187
person 0.0128 41 179 269 354
person 0.0124 349 179 388 231
person 0.0124 179 271 212 335
person 0.0123 359 164 391 193
person 0.0114 393 165 427 193
person 0.0106 363 169 462 301
person 0.0093 320 161 358 186
person 0.0077 453 152 498 185
person 0.0069 94 133 194 257
person 0.0059 282 193 335 280
person 0.0058 370 161 396 191
person 0.0057 495 158 500 180
person 0.0057 489 164 500 182
person 0.0056 177 251 202 320
person 0.0054 391 171 432 247
person 0.0045 398 164 435 218
person 0.0045 410 173 447 276
person 0.0038 300 210 331 253
person 0.0038 381 160 427 223
person 0.0036 303 218 327 242
person 0.0036 0 189 10 254
person 0.0033 367 175 411 229
person 0.0032 164 173 189 210
person 0.0031 387 173 420 208
person 0.0030 321 163 338 182
person 0.0029 426 176 455 203
person 0.0029 208 207 309 345
person 0.0029 158 153 191 231
person 0.0028 475 156 496 184
person 0.0028 424 169 452 187
person 0.0027 367 188 377 206
person 0.0027 374 163 386 173
person 0.0026 387 164 403 171
person 0.0025 148 273 198 323
person 0.0024 295 167 303 181
person 0.0022 366 182 424 259
person 0.0022 315 161 331 180
person 0.0021 273 164 298 175
person 0.0021 115 153 159 218
person 0.0020 29 163 36 181
person 0.0020 406 165 426 180
person 0.0019 364 191 375 203
person 0.0019 363 188 382 217
person 0.0019 291 164 302 176
person 0.0018 295 162 304 177
person 0.0018 287 199 328 244
person 0.0018 131 148 224 243
person 0.0016 138 240 207 329
person 0.0015 315 159 327 170
person 0.0015 445 167 453 179
person 0.0015 419 163 429 172
person 0.0014 496 142 499 155
person 0.0014 395 171 415 188
person 0.0014 366 181 391 211
person 0.0014 383 209 410 259
person 0.0013 302 160 325 181
person 0.0013 385 173 407 203
person 0.0013 495 143 500 173
person 0.0012 20 202 66 237
person 0.0012 141 152 190 257
person 0.0012 426 194 453 251
person 0.0012 362 176 383 197
person 0.0011 411 224 432 291
person 0.0011 0 216 18 255
person 0.0011 494 175 499 182
person 0.0011 302 158 327 172
person 0.0011 478 170 495 183
person 0.0011 219 178 270 320
person 0.0010 407 163 422 172
person 0.0010 293 163 304 172
person 0.0010 0 227 7 255
car 0.6712 424 170 452 185
car 0.5590 360 172 380 188
car 0.5575 390 167 413 185
car 0.5409 19 203 66 238
car 0.4863 271 164 297 176
car 0.3474 322 162 358 186
car 0.0983 372 167 414 187
car 0.0677 372 168 393 187
car 0.0416 0 216 19 254
car 0.0402 393 165 427 193
car 0.0400 492 169 499 181
car 0.0315 451 153 497 184
car 0.0315 355 172 372 188
car 0.0304 387 164 403 171
car 0.0281 425 167 438 176
car 0.0273 381 163 398 181
car 0.0264 315 166 346 186
car 0.0250 398 166 434 183
car 0.0242 382 169 400 186
car 0.0205 296 158 327 180
car 0.0201 425 165 447 172
car 0.0195 356 171 377 182
car 0.0173 356 168 400 216
car 0.0161 377 165 390 183
car 0.0150 389 170 406 189
car 0.0144 298 159 321 172
car 0.0117 28 204 64 222
car 0.0115 335 170 361 187
car 0.0106 421 164 435 172
car 0.0105 0 227 8 255
car 0.0099 432 168 454 180
car 0.0088 310 160 336 181
car 0.0085 300 157 329 167
car 0.0084 426 176 454 203
car 0.0082 291 164 302 176
car 0.0080 286 163 305 178
car 0.0078 359 164 391 193
car 0.0078 256 163 295 178
car 0.0078 295 162 304 177
car 0.0076 300 163 341 187
car 0.0075 384 163 398 171
car 0.0071 411 165 430 180
car 0.0068 297 160 311 172
car 0.0062 398 169 435 211
car 0.0060 389 169 430 241
car 0.0060 422 170 437 191
car 0.0057 321 163 338 182
car 0.0057 489 163 500 182
car 0.0056 290 163 307 173
car 0.0052 327 161 358 177
car 0.0051 313 158 328 171
car 0.0051 273 161 315 181
car 0.0049 0 189 10 254
car 0.0049 6 209 57 243
car 0.0049 438 165 452 173
car 0.0048 390 166 412 173
car 0.0047 419 163 429 172
car 0.0046 0 230 15 256
car 0.0043 391 166 449 199
car 0.0041 423 166 453 196
car 0.0040 333 163 363 183
car 0.0039 295 167 303 181
car 0.0038 316 156 327 166
car 0.0038 362 175 383 199
car 0.0035 445 167 453 179
car 0.0035 387 173 420 208
car 0.0034 421 184 433 200
car 0.0033 369 133 384 140
car 0.0032 409 160 464 212
car 0.0032 1 199 22 249
car 0.0031 21 210 47 239
car 0.0031 370 161 396 191
car 0.0030 37 205 63 235
car 0.0030 440 166 459 179
car 0.0030 249 165 275 179
car 0.0030 318 172 340 187
car 0.0027 381 163 391 174
car 0.0024 345 161 387 189
car 0.0023 428 168 473 182
car 0.0023 479 161 500 183
car 0.0022 324 157 354 173
car 0.0022 257 166 272 178
car 0.0020 474 169 496 183
car 0.0020 251 172 268 181
car 0.0020 341 164 356 181
car 0.0019 382 159 405 173
car 0.0019 495 158 500 180
car 0.0018 26 202 99 235
car 0.0018 392 176 414 200
car 0.0017 351 178 374 191
car 0.0017 283 197 334 268
car 0.0016 377 171 415 295
car 0.0014 2 213 21 234
car 0.0014 399 163 418 173
car 0.0014 -1 211 38 254
car 0.0014 300 201 335 240
car 0.0013 494 175 499 182
car 0.0013 423 158 455 185
car 0.0012 322 150 344 165
car 0.0012 347 170 371 181
motorbike 0.0047 375 168 390 186
motorbike 0.0043 362 172 388 189
motorbike 0.0029 390 168 412 186
motorbike 0.0023 492 169 499 181
motorbike 0.0013 382 169 400 186
motorbike 0.0013 318 162 358 188
bus 0.0167 450 152 497 184
bus 0.0075 323 161 358 186
bus 0.0041 20 203 65 238
bus 0.0037 390 167 413 184
bus 0.0034 273 164 298 175
bus 0.0013 298 159 332 182
bus 0.0011 300 157 329 167
boat 0.0012 450 152 497 184
bird 0.0016 310 227 317 239
horse 0.9355 41 179 269 354
horse 0.7437 338 179 397 295
horse 0.2660 369 198 411 307
horse 0.0572 397 165 435 301
horse 0.0344 356 175 396 229
horse 0.0321 157 263 205 336
horse 0.0263 159 175 269 344
horse 0.0182 322 163 358 188
horse 0.0172 373 171 395 208
horse 0.0140 220 190 267 344
horse 0.0094 285 166 347 329
horse 0.0090 358 174 385 190
horse 0.0064 340 205 382 285
horse 0.0062 363 169 462 301
horse 0.0054 360 179 426 263
horse 0.0050 300 202 339 253
horse 0.0046 297 159 332 182
horse 0.0043 357 188 396 265
horse 0.0034 355 167 392 209
horse 0.0033 298 184 352 280
horse 0.0033 301 157 328 173
horse 0.0032 343 187 390 243
horse 0.0029 421 180 454 301
horse 0.0028 167 177 185 195
horse 0.0028 110 155 179 269
horse 0.0027 361 209 392 283
horse 0.0027 372 167 414 187
horse 0.0027 393 165 427 193
horse 0.0025 313 158 328 171
horse 0.0023 390 167 413 185
horse 0.0022 372 173 420 218
horse 0.0022 314 161 332 181
horse 0.0020 296 168 303 184
horse 0.0019 386 205 409 251
horse 0.0018 320 185 379 290
horse 0.0016 383 173 409 203
horse 0.0015 297 164 349 188
horse 0.0015 165 228 245 340
horse 0.0014 176 241 211 336
horse 0.0014 374 175 400 227
horse 0.0012 366 181 391 211
horse 0.0012 143 175 269 258
horse 0.0011 196 166 272 307
horse 0.0011 138 240 207 329
horse 0.0010 362 176 383 197
horse 0.0010 389 169 430 241
horse 0.0010 287 183 336 251
horse 0.0010 377 165 390 183
horse 0.0010 152 274 193 322
horse 0.0010 367 197 414 243
cow 0.0018 339 179 399 297
cow 0.0013 42 176 269 354
bottle 0.0276 281 160 339 335
bottle 0.0213 311 229 319 241
bottle 0.0091 310 227 317 239
bottle 0.0083 303 218 327 242
bottle 0.0048 314 231 323 241
bottle 0.0014 309 229 316 244
bottle 0.0011 300 210 331 253
bottle 0.0011 282 197 335 269
