person 0.4791 456 169 470 200
person 0.2718 392 172 408 196
person 0.2114 410 173 422 191
person 0.1162 396 171 406 185
person 0.0964 399 177 414 197
person 0.0844 364 158 379 187
person 0.0836 404 173 415 193
person 0.0647 414 174 459 199
person 0.0549 405 170 415 183
person 0.0516 447 176 464 199
person 0.0458 414 173 423 184
person 0.0320 86 174 92 186
person 0.0312 407 170 425 197
person 0.0248 448 174 460 192
person 0.0209 436 175 458 198
person 0.0180 362 161 376 177
person 0.0165 463 171 472 192
person 0.0155 175 178 180 191
person 0.0140 388 161 406 196
person 0.0122 358 161 381 194
person 0.0110 174 169 180 187
person 0.0108 452 181 470 200
person 0.0105 459 163 467 179
person 0.0104 404 165 414 176
person 0.0102 366 174 387 194
person 0.0099 414 173 441 195
person 0.0098 347 164 360 190
person 0.0091 89 175 94 186
person 0.0089 398 166 407 178
person 0.0087 137 175 143 182
person 0.0083 390 177 401 195
person 0.0081 369 177 382 191
person 0.0081 383 176 398 191
person 0.0078 363 172 380 191
person 0.0072 339 178 347 195
person 0.0070 391 175 422 197
person 0.0062 408 168 417 177
person 0.0061 378 177 390 191
person 0.0051 175 185 180 191
person 0.0050 356 164 365 176
person 0.0049 448 175 458 182
person 0.0049 0 174 11 191
person 0.0048 343 168 370 196
person 0.0046 348 163 357 177
person 0.0041 133 175 140 182
person 0.0041 469 177 481 191
person 0.0038 202 185 206 189
person 0.0035 421 172 433 183
person 0.0033 368 156 402 193
person 0.0032 477 174 499 194
person 0.0031 484 164 499 191
person 0.0029 0 202 8 215
person 0.0029 176 172 182 186
person 0.0028 486 182 500 191
person 0.0027 139 176 144 184
person 0.0024 478 184 490 192
person 0.0024 328 170 359 196
person 0.0022 438 161 443 170
person 0.0020 23 160 30 170
person 0.0019 406 181 422 197
person 0.0019 21 161 27 169
person 0.0019 0 209 8 215
person 0.0018 0 193 13 215
person 0.0018 47 171 52 182
person 0.0017 0 308 6 330
person 0.0016 323 161 342 196
person 0.0016 378 159 392 191
person 0.0015 426 169 434 175
person 0.0015 203 185 207 190
person 0.0015 335 172 347 195
person 0.0014 0 195 12 324
person 0.0013 473 183 486 190
person 0.0013 83 168 93 185
person 0.0013 104 169 110 181
person 0.0013 381 123 390 129
person 0.0012 347 162 355 174
person 0.0012 341 160 384 196
person 0.0011 487 140 492 152
person 0.0010 487 175 500 192
person 0.0010 54 170 63 182
person 0.0010 175 186 182 192
person 0.0010 4 173 14 191
bicycle 0.0550 452 174 470 200
bicycle 0.0107 391 176 407 197
bicycle 0.0089 447 175 463 199
bicycle 0.0038 416 173 460 198
bicycle 0.0030 174 169 180 188
bicycle 0.0026 400 177 414 197
bicycle 0.0018 408 174 423 197
bicycle 0.0014 0 176 10 196
bicycle 0.0012 176 172 182 186
bicycle 0.0011 440 180 456 198
car 0.6897 415 174 461 198
car 0.5670 0 174 11 191
car 0.0609 486 182 500 191
car 0.0478 454 171 470 200
car 0.0353 436 175 458 198
car 0.0311 478 184 490 192
car 0.0284 391 175 422 197
car 0.0252 406 174 423 197
car 0.0206 412 180 445 197
car 0.0199 483 176 499 192
car 0.0159 392 174 406 194
car 0.0159 369 178 384 191
car 0.0139 446 175 465 199
car 0.0124 473 183 486 190
car 0.0107 448 174 460 192
car 0.0102 364 175 387 193
car 0.0074 377 176 391 191
car 0.0062 323 161 342 196
car 0.0061 463 171 472 192
car 0.0061 469 177 481 191
car 0.0055 202 185 206 189
car 0.0050 490 185 499 191
car 0.0047 382 176 399 191
car 0.0046 0 164 13 193
car 0.0043 447 174 458 183
car 0.0042 4 173 14 191
car 0.0039 338 178 347 195
car 0.0034 0 172 14 212
car 0.0032 410 171 422 191
car 0.0029 356 161 382 194
car 0.0029 480 185 499 192
car 0.0028 203 185 207 190
car 0.0026 399 177 414 197
car 0.0026 411 181 430 197
car 0.0026 390 177 401 195
car 0.0023 484 164 498 191
car 0.0020 364 158 379 187
car 0.0019 341 171 377 196
car 0.0018 0 176 9 206
car 0.0018 326 170 359 196
car 0.0017 0 209 8 215
car 0.0016 416 174 436 194
car 0.0015 325 176 341 195
car 0.0014 417 173 461 186
car 0.0014 339 174 356 194
car 0.0014 355 178 379 195
car 0.0013 394 170 405 186
car 0.0013 457 164 470 192
car 0.0013 434 175 459 182
car 0.0013 247 177 256 183
car 0.0013 471 182 494 192
car 0.0012 175 185 180 191
car 0.0012 373 156 409 193
car 0.0011 404 173 415 193
car 0.0011 277 177 285 183
car 0.0011 0 202 8 215
car 0.0011 401 173 471 223
motorbike 0.4302 452 178 470 200
motorbike 0.4078 391 176 408 197
motorbike 0.1336 399 177 414 197
motorbike 0.1267 410 175 459 198
motorbike 0.1128 408 174 423 197
motorbike 0.0486 446 175 465 199
motorbike 0.0234 412 173 424 190
motorbike 0.0233 384 167 416 197
motorbike 0.0225 390 177 401 195
motorbike 0.0128 404 173 415 193
motorbike 0.0093 382 176 399 191
motorbike 0.0068 440 180 457 198
motorbike 0.0059 364 175 387 193
motorbike 0.0054 478 175 500 193
motorbike 0.0050 411 181 430 197
motorbike 0.0047 463 171 472 192
motorbike 0.0042 479 185 489 191
motorbike 0.0041 0 176 10 196
motorbike 0.0040 457 189 470 199
motorbike 0.0025 369 176 382 191
motorbike 0.0025 375 177 390 191
motorbike 0.0023 0 172 14 212
motorbike 0.0022 410 171 421 185
motorbike 0.0022 448 174 460 192
motorbike 0.0021 471 182 494 192
motorbike 0.0019 390 185 400 197
motorbike 0.0016 339 178 347 195
motorbike 0.0016 473 183 486 190
motorbike 0.0016 461 185 471 199
motorbike 0.0015 390 167 405 194
motorbike 0.0013 456 165 470 198
motorbike 0.0013 392 190 410 198
motorbike 0.0012 341 160 384 196
motorbike 0.0012 486 182 500 191
motorbike 0.0012 363 162 391 193
motorbike 0.0011 490 185 499 191
motorbike 0.0010 354 152 410 195
motorbike 0.0010 0 184 10 215
aeroplane 0.0012 121 102 128 106
aeroplane 0.0011 416 173 460 199
aeroplane 0.0010 0 174 11 192
bus 0.0382 0 174 11 192
bus 0.0033 323 159 342 195
bus 0.0018 356 157 381 194
bus 0.0016 414 174 460 198
bus 0.0015 486 165 500 192
train 0.0036 0 174 11 192
boat 0.0057 0 174 11 192
bird 0.0135 121 102 128 106
bird 0.0096 56 116 66 121
bird 0.0061 382 49 389 57
bird 0.0060 56 116 61 120
bird 0.0035 381 123 390 129
bird 0.0033 376 51 389 58
bird 0.0026 0 207 12 215
bird 0.0024 367 93 374 97
bird 0.0023 121 100 131 106
bird 0.0014 0 202 8 215
bird 0.0014 0 198 14 215
bird 0.0012 382 106 386 117
bird 0.0011 123 101 144 107
horse 0.0020 452 174 470 200
chair 0.0013 365 177 383 193
chair 0.0010 488 178 499 191
pottedplant 0.1492 323 158 342 195
pottedplant 0.0542 363 158 379 182
pottedplant 0.0449 390 167 405 194
pottedplant 0.0299 343 168 370 196
pottedplant 0.0234 326 170 359 196
pottedplant 0.0230 384 167 416 197
pottedplant 0.0210 347 169 360 194
pottedplant 0.0194 341 160 384 196
pottedplant 0.0187 358 161 381 194
pottedplant 0.0184 338 178 347 195
pottedplant 0.0180 381 154 407 181
pottedplant 0.0160 394 170 405 186
pottedplant 0.0114 373 156 409 193
pottedplant 0.0084 325 176 341 195
pottedplant 0.0082 326 159 344 179
pottedplant 0.0082 347 163 367 188
pottedplant 0.0072 363 172 381 191
pottedplant 0.0069 353 176 375 195
pottedplant 0.0067 339 174 356 194
pottedplant 0.0052 388 155 406 170
pottedplant 0.0050 348 163 357 177
pottedplant 0.0049 391 156 410 176
pottedplant 0.0046 355 164 366 176
pottedplant 0.0042 366 174 387 194
pottedplant 0.0035 366 156 395 181
pottedplant 0.0031 381 159 401 191
pottedplant 0.0029 395 171 409 193
pottedplant 0.0029 347 162 355 174
pottedplant 0.0028 336 160 363 192
pottedplant 0.0024 325 158 339 171
pottedplant 0.0021 321 162 332 188
pottedplant 0.0019 344 182 363 196
pottedplant 0.0018 362 159 374 175
pottedplant 0.0018 383 154 401 174
pottedplant 0.0017 324 153 375 195
pottedplant 0.0017 369 177 382 191
pottedplant 0.0017 368 157 381 173
pottedplant 0.0016 389 155 405 164
pottedplant 0.0015 410 175 459 198
pottedplant 0.0014 488 182 499 191
pottedplant 0.0014 378 177 390 191
pottedplant 0.0012 378 159 392 191
pottedplant 0.0011 400 159 412 171
pottedplant 0.0011 278 176 286 183
pottedplant 0.0011 391 176 407 197
