person 0.8902 1 17 110 360
person 0.6944 175 87 410 367
person 0.4590 287 12 502 340
person 0.2226 367 125 424 236
person 0.1377 316 189 366 221
person 0.1170 349 51 474 296
person 0.0950 371 151 422 212
person 0.0772 408 155 469 220
person 0.0731 288 86 420 234
person 0.0730 416 121 456 148
person 0.0614 261 76 464 276
person 0.0539 400 63 492 287
person 0.0283 421 134 491 176
person 0.0268 396 146 427 221
person 0.0258 416 89 487 224
person 0.0148 291 151 318 193
person 0.0106 225 104 405 254
person 0.0104 390 117 440 234
person 0.0073 314 89 399 343
person 0.0067 179 135 228 169
person 0.0054 127 233 235 335
person 0.0036 271 124 355 211
person 0.0034 8 93 86 142
person 0.0027 377 89 478 176
person 0.0027 102 104 332 359
person 0.0026 406 136 497 208
person 0.0026 43 15 135 348
person 0.0024 203 198 269 260
person 0.0022 134 144 147 159
person 0.0022 324 135 499 365
person 0.0020 492 283 499 295
person 0.0018 62 183 469 373
person 0.0018 168 133 178 139
person 0.0016 401 157 489 248
person 0.0016 330 149 485 257
person 0.0016 -2 34 39 373
person 0.0016 312 185 372 275
person 0.0015 301 142 407 255
person 0.0014 258 139 381 345
person 0.0014 409 132 495 156
person 0.0014 237 140 293 175
person 0.0014 328 148 417 218
person 0.0014 160 139 182 159
person 0.0014 491 348 500 370
person 0.0014 415 119 487 152
person 0.0013 214 209 241 246
person 0.0013 221 246 464 371
person 0.0013 2 49 114 152
person 0.0013 444 132 496 164
person 0.0012 421 140 462 165
person 0.0012 0 49 17 359
person 0.0010 68 215 136 362
person 0.0010 159 142 173 158
person 0.0010 227 137 333 197
person 0.0010 0 343 80 374
bicycle 0.0058 186 99 490 364
bicycle 0.0035 126 233 231 330
bicycle 0.0030 237 144 257 170
bicycle 0.0026 236 141 280 169
bicycle 0.0017 79 221 455 372
bicycle 0.0011 371 148 385 157
car 0.8855 179 137 229 171
car 0.7272 416 120 457 148
car 0.4429 134 140 180 158
car 0.2755 161 138 183 158
car 0.2753 134 144 148 156
car 0.0933 410 160 468 218
car 0.0610 422 133 488 162
car 0.0583 406 136 497 208
car 0.0466 159 142 173 158
car 0.0355 348 4 523 314
car 0.0144 409 57 498 258
car 0.0142 241 139 293 165
car 0.0140 134 147 146 162
car 0.0130 146 142 172 157
car 0.0127 146 134 184 156
car 0.0105 257 142 268 151
car 0.0101 375 152 424 211
car 0.0088 258 136 294 158
car 0.0087 254 136 302 173
car 0.0075 103 155 108 162
car 0.0069 402 123 484 154
car 0.0059 254 142 276 156
car 0.0050 261 143 267 154
car 0.0046 380 152 451 226
car 0.0039 153 147 175 159
car 0.0039 421 115 467 157
car 0.0032 168 133 178 139
car 0.0030 461 133 499 158
car 0.0030 156 133 182 150
car 0.0029 234 136 278 171
car 0.0025 161 148 171 159
car 0.0025 103 154 112 161
car 0.0025 256 137 271 150
car 0.0021 451 137 489 161
car 0.0020 130 150 145 167
car 0.0020 237 143 257 169
car 0.0019 377 89 478 176
car 0.0019 166 138 197 167
car 0.0019 134 146 157 164
car 0.0019 292 155 319 191
car 0.0016 421 139 463 166
car 0.0015 429 122 495 145
car 0.0015 241 142 320 186
car 0.0015 307 79 475 253
car 0.0015 158 135 202 159
car 0.0014 246 142 273 163
car 0.0014 128 137 162 168
car 0.0013 135 139 148 151
car 0.0013 177 140 185 165
car 0.0012 134 125 184 166
car 0.0012 268 33 500 363
car 0.0012 350 132 432 245
car 0.0011 275 141 294 167
car 0.0011 316 189 366 221
car 0.0010 253 133 287 150
car 0.0010 438 133 493 153
car 0.0010 254 135 266 148
motorbike 0.0034 211 81 501 363
motorbike 0.0013 417 121 456 148
bus 0.0084 415 120 457 148
bus 0.0013 179 137 229 172
boat 0.0013 224 57 493 354
bird 0.0056 128 233 235 335
bird 0.0036 209 233 224 242
bird 0.0029 208 227 231 243
bird 0.0025 136 232 227 249
bird 0.0020 212 215 237 243
bird 0.0010 177 212 257 248
cat 0.0094 67 214 134 365
cat 0.0082 134 232 233 256
cat 0.0021 128 231 237 298
dog 0.8605 68 215 136 362
dog 0.3476 128 230 237 330
dog 0.0693 133 233 232 252
dog 0.0571 128 233 235 274
dog 0.0123 63 218 222 346
dog 0.0067 164 234 229 244
dog 0.0021 123 161 252 312
dog 0.0020 144 209 250 294
dog 0.0011 208 233 226 242
horse 0.0025 127 236 236 341
sheep 0.0032 127 233 236 332
sheep 0.0012 68 215 136 362
bottle 0.0413 10 95 86 139
bottle 0.0096 314 190 366 220
bottle 0.0015 42 87 93 126
bottle 0.0012 297 158 317 197
bottle 0.0010 55 81 109 124
chair 0.5990 296 156 317 193
chair 0.4388 407 160 473 221
chair 0.2912 373 150 422 212
chair 0.2124 236 272 497 373
chair 0.1564 380 152 451 226
chair 0.1520 349 51 474 296
chair 0.1236 367 125 424 236
chair 0.1210 186 99 490 364
chair 0.1012 406 136 497 208
chair 0.0591 324 135 499 365
chair 0.0556 127 235 237 333
chair 0.0534 397 147 426 220
chair 0.0452 418 129 494 167
chair 0.0426 233 306 394 374
chair 0.0389 316 189 366 221
chair 0.0362 397 152 485 264
chair 0.0347 287 12 502 340
chair 0.0335 283 84 437 256
chair 0.0261 417 121 456 148
chair 0.0257 391 286 499 372
chair 0.0212 454 242 499 294
chair 0.0190 237 338 321 372
chair 0.0166 285 271 416 374
chair 0.0160 421 209 499 305
chair 0.0159 400 63 492 287
chair 0.0151 248 116 380 230
chair 0.0142 130 220 447 372
chair 0.0123 492 283 499 296
chair 0.0111 422 140 488 186
chair 0.0099 242 138 353 208
chair 0.0091 289 154 311 177
chair 0.0074 419 238 499 366
chair 0.0060 291 130 318 189
chair 0.0057 326 150 415 234
chair 0.0056 436 283 500 309
chair 0.0054 407 157 436 222
chair 0.0052 354 148 434 258
chair 0.0051 439 154 481 201
chair 0.0049 299 150 318 175
chair 0.0048 254 136 302 173
chair 0.0048 268 260 400 317
chair 0.0028 299 161 318 212
chair 0.0028 346 153 416 203
chair 0.0027 389 163 424 243
chair 0.0027 461 133 499 158
chair 0.0026 423 263 501 325
chair 0.0026 364 151 406 226
chair 0.0024 450 162 475 181
chair 0.0023 282 158 327 215
chair 0.0023 189 98 403 267
chair 0.0022 442 262 502 305
chair 0.0022 451 137 489 161
chair 0.0021 439 161 501 296
chair 0.0021 442 123 497 179
chair 0.0020 139 312 196 347
chair 0.0019 431 170 464 236
chair 0.0018 483 243 500 265
chair 0.0017 460 297 499 371
chair 0.0017 484 131 499 145
chair 0.0017 399 144 421 184
chair 0.0016 400 150 420 165
chair 0.0015 285 118 339 206
chair 0.0015 367 145 383 156
chair 0.0015 456 198 499 292
chair 0.0014 428 104 495 250
chair 0.0013 396 174 421 202
chair 0.0013 466 140 488 158
chair 0.0013 373 149 385 156
chair 0.0012 275 135 311 180
chair 0.0010 475 242 500 275
chair 0.0010 298 94 371 236
sofa 0.0081 373 150 422 212
sofa 0.0031 408 163 473 219
sofa 0.0017 203 91 472 354
sofa 0.0016 423 137 488 168
sofa 0.0015 373 162 497 339
sofa 0.0012 127 236 236 341
pottedplant 0.0127 423 138 491 168
pottedplant 0.0077 406 136 497 208
pottedplant 0.0041 409 57 498 258
pottedplant 0.0017 444 132 496 164
diningtable 0.0230 240 247 496 371
diningtable 0.0148 454 242 499 294
diningtable 0.0143 388 288 499 371
diningtable 0.0137 128 233 235 335
diningtable 0.0065 373 150 422 212
diningtable 0.0063 315 173 499 373
diningtable 0.0056 224 57 493 354
diningtable 0.0053 492 283 499 296
diningtable 0.0042 400 215 498 344
diningtable 0.0041 79 221 455 372
diningtable 0.0037 410 160 468 218
diningtable 0.0035 297 156 317 191
diningtable 0.0033 436 283 500 309
diningtable 0.0027 406 136 497 208
diningtable 0.0026 351 111 490 267
diningtable 0.0016 397 147 426 220
diningtable 0.0016 1 328 209 374
diningtable 0.0015 316 189 366 221
diningtable 0.0014 423 263 501 325
diningtable 0.0013 442 262 502 305
diningtable 0.0011 454 288 500 373
diningtable 0.0010 373 151 465 226
diningtable 0.0010 290 91 404 236
diningtable 0.0010 424 137 489 166
