person 0.0198 0 266 73 331
person 0.0083 144 7 424 299
person 0.0025 287 33 417 233
person 0.0012 345 60 419 240
person 0.0011 376 94 404 130
person 0.0011 460 160 495 219
bicycle 0.0119 161 7 433 309
bicycle 0.0025 257 25 419 235
car 0.0014 0 254 5 266
car 0.0011 161 7 433 309
boat 0.0028 0 267 73 332
bird 0.0218 145 7 422 254
bird 0.0019 375 92 404 127
bird 0.0010 262 25 417 234
cat 0.0730 145 7 422 254
cat 0.0080 265 35 421 231
cat 0.0054 341 73 418 246
cat 0.0026 1 267 75 332
cat 0.0019 376 94 404 130
cat 0.0011 331 99 387 217
dog 0.0257 144 5 422 259
dog 0.0146 1 267 75 332
dog 0.0040 265 35 421 231
dog 0.0017 345 60 419 240
horse 0.0082 144 5 422 259
sheep 0.0019 145 6 423 259
bottle 0.0622 461 160 495 218
chair 0.0299 150 12 424 314
chair 0.0218 1 265 72 331
chair 0.0017 198 232 267 281
chair 0.0015 198 181 273 286
chair 0.0011 1 264 195 335
chair 0.0010 322 57 420 282
sofa 0.1570 0 266 73 331
sofa 0.0039 4 268 136 331
sofa 0.0013 144 7 424 299
pottedplant 0.0063 145 8 423 298
diningtable 0.0152 0 267 73 332
diningtable 0.0014 161 7 433 309
tvmonitor 0.0288 144 7 424 299
