person 0.5641 158 33 454 326
person 0.1595 415 6 499 330
person 0.1315 0 2 175 324
person 0.0338 356 9 486 328
person 0.0097 -8 -15 476 286
person 0.0034 366 0 475 116
person 0.0025 427 4 498 108
person 0.0021 1 2 462 140
person 0.0010 480 241 499 330
car 0.0015 1 11 472 326
bird 0.0011 1 0 173 330
cat 0.0163 5 7 168 324
cat 0.0029 152 15 469 332
cat 0.0020 411 9 499 330
dog 0.0024 4 6 173 325
dog 0.0014 411 9 499 330
dog 0.0011 152 15 469 332
chair 0.0091 1 3 175 323
chair 0.0086 152 22 491 328
chair 0.0052 363 0 471 120
chair 0.0036 412 4 498 332
chair 0.0031 1 2 462 140
sofa 0.0794 -3 32 468 322
sofa 0.0138 1 2 462 140
sofa 0.0119 365 0 470 119
sofa 0.0087 5 7 168 324
sofa 0.0036 411 4 499 328
sofa 0.0018 163 91 460 330
sofa 0.0013 321 2 498 332
diningtable 0.0015 1 11 472 326
diningtable 0.0012 0 2 175 324
