person 0.4857 114 89 491 412
person 0.4252 2 0 208 419
person 0.0545 2 263 176 413
person 0.0454 492 39 500 93
person 0.0163 17 8 376 405
person 0.0050 439 64 500 377
person 0.0041 424 328 499 413
person 0.0038 491 304 499 330
person 0.0034 132 319 329 407
person 0.0031 460 144 499 285
person 0.0030 0 96 41 186
person 0.0030 7 196 465 457
person 0.0029 5 103 204 288
person 0.0028 122 307 461 412
person 0.0025 400 26 501 410
person 0.0025 493 62 500 94
person 0.0025 443 80 499 223
person 0.0021 184 325 389 417
person 0.0017 475 162 500 269
person 0.0017 0 1 181 208
person 0.0015 490 283 500 334
person 0.0014 116 145 259 232
person 0.0013 481 163 499 212
person 0.0012 493 40 500 68
person 0.0012 491 53 499 116
person 0.0010 484 39 500 187
person 0.0010 461 35 499 194
bicycle 0.0023 424 328 499 413
bicycle 0.0015 440 87 499 304
car 0.0078 0 1 473 415
car 0.0054 441 132 499 363
car 0.0026 492 41 500 94
car 0.0025 439 79 499 270
car 0.0019 454 160 499 279
car 0.0010 412 25 497 413
car 0.0010 -23 50 492 251
motorbike 0.0011 491 41 499 95
motorbike 0.0010 424 328 499 414
bus 0.0032 439 64 500 377
bus 0.0029 14 -3 507 419
bus 0.0015 441 120 500 269
train 0.0017 440 87 499 304
boat 0.0015 439 64 500 377
boat 0.0011 11 91 478 412
bird 0.0104 491 40 499 93
cat 0.0011 136 324 320 367
dog 0.0020 133 321 329 403
bottle 0.0027 134 322 292 362
bottle 0.0026 424 328 499 413
chair 0.0803 424 328 499 413
chair 0.0115 0 96 40 187
chair 0.0075 430 257 500 407
chair 0.0071 1 263 177 413
chair 0.0068 439 151 500 391
chair 0.0044 5 5 443 412
chair 0.0029 157 141 210 211
chair 0.0028 428 367 500 418
chair 0.0028 0 140 37 199
chair 0.0016 439 79 499 270
chair 0.0014 454 160 499 279
chair 0.0013 116 145 259 232
chair 0.0012 0 97 21 156
chair 0.0012 444 278 499 359
chair 0.0010 0 170 31 206
chair 0.0010 491 304 499 330
sofa 0.0397 1 263 177 413
sofa 0.0073 4 99 478 414
sofa 0.0010 5 195 338 414
sofa 0.0010 60 286 402 394
diningtable 0.0656 2 263 176 413
diningtable 0.0024 7 196 465 457
diningtable 0.0014 424 327 500 409
diningtable 0.0010 14 -3 507 419
