person 0.0220 135 193 181 244
person 0.0159 95 198 118 245
person 0.0056 151 192 216 245
person 0.0037 75 111 296 364
person 0.0035 53 270 58 287
person 0.0028 193 194 246 241
person 0.0024 97 191 161 243
person 0.0020 97 188 131 241
person 0.0014 154 194 184 236
person 0.0014 106 188 189 266
person 0.0013 98 192 119 227
person 0.0012 180 193 215 235
person 0.0012 272 122 293 146
person 0.0011 350 234 358 249
person 0.0010 364 242 371 251
person 0.0010 353 233 362 249
person 0.0010 50 267 59 289
person 0.0010 42 273 57 290
car 0.0079 44 276 56 290
car 0.0050 53 270 58 287
car 0.0045 20 276 56 288
car 0.0014 56 99 371 409
bus 0.8765 54 105 375 408
train 0.0021 52 103 374 406
bird 0.0437 22 21 27 26
bird 0.0034 233 63 237 67
