person 0.6842 259 53 499 366
person 0.6286 238 193 293 322
person 0.5274 3 18 260 371
person 0.3636 273 189 344 268
person 0.1509 291 189 347 242
person 0.1417 233 188 336 349
person 0.0749 264 121 416 297
person 0.0691 267 209 338 293
person 0.0657 227 219 258 281
person 0.0348 267 193 300 228
person 0.0284 295 190 330 229
person 0.0235 97 269 244 374
person 0.0209 11 225 246 373
person 0.0187 93 260 160 372
person 0.0126 274 180 365 314
person 0.0121 263 195 298 270
person 0.0111 203 202 256 348
person 0.0105 316 190 352 236
person 0.0081 161 70 431 349
person 0.0060 199 269 248 352
person 0.0051 337 211 354 233
person 0.0050 199 186 299 356
person 0.0050 1 232 140 370
person 0.0045 272 211 327 261
person 0.0036 234 207 276 267
person 0.0034 228 254 311 372
person 0.0032 227 247 253 285
person 0.0031 229 226 253 322
person 0.0030 268 189 323 238
person 0.0030 213 209 253 301
person 0.0028 214 179 320 298
person 0.0027 53 183 314 369
person 0.0027 187 139 348 288
person 0.0023 241 333 309 373
person 0.0022 198 187 478 373
person 0.0021 301 169 353 232
person 0.0020 1 130 178 364
person 0.0019 135 182 181 323
person 0.0018 115 285 158 375
person 0.0017 238 219 281 297
person 0.0015 273 191 304 249
person 0.0014 309 193 344 257
person 0.0014 294 191 319 219
person 0.0014 274 240 301 291
person 0.0013 274 253 295 283
person 0.0012 279 132 356 251
person 0.0012 241 241 299 342
person 0.0011 259 193 291 222
person 0.0011 322 204 344 235
person 0.0011 284 193 305 224
person 0.0010 237 211 260 248
person 0.0010 100 160 193 346
horse 0.0048 2 12 256 363
cow 0.0019 2 12 256 363
bottle 0.0034 115 299 156 374
bottle 0.0022 123 339 156 374
