person 0.0016 64 3 224 142
person 0.0016 88 17 120 40
person 0.0013 284 117 315 138
person 0.0013 343 140 349 200
person 0.0012 345 139 350 180
person 0.0012 87 28 118 68
car 0.0021 180 49 207 68
car 0.0016 90 17 119 40
bottle 0.0132 284 117 316 138
bottle 0.0057 257 248 308 262
bottle 0.0030 341 194 349 210
bottle 0.0017 343 153 350 204
bottle 0.0013 345 147 350 188
bottle 0.0011 0 200 32 254
chair 0.0026 343 140 349 200
chair 0.0022 345 139 350 180
chair 0.0021 290 129 350 216
chair 0.0019 159 186 345 260
chair 0.0016 191 135 348 236
chair 0.0016 285 118 315 139
chair 0.0013 343 173 349 201
chair 0.0012 258 248 309 261
sofa 0.0010 159 184 346 260
pottedplant 0.0755 218 0 279 126
pottedplant 0.0036 222 0 331 133
pottedplant 0.0015 188 -1 293 153
diningtable 0.0131 159 186 345 260
diningtable 0.0065 191 140 345 236
tvmonitor 0.8196 64 2 224 143
tvmonitor 0.0136 191 135 348 236
tvmonitor 0.0054 291 130 350 215
tvmonitor 0.0040 139 58 166 79
tvmonitor 0.0023 51 0 345 206
tvmonitor 0.0016 345 139 350 180
tvmonitor 0.0015 343 153 350 204
tvmonitor 0.0013 127 47 176 86
