person 0.7527 329 0 497 361
person 0.0032 350 1 498 130
person 0.0010 76 28 333 403
cat 0.0052 123 168 257 372
dog 0.9428 120 171 260 367
dog 0.0011 76 28 333 403
sheep 0.0014 120 171 259 367
bottle 0.5470 133 51 173 113
bottle 0.5239 90 0 115 58
bottle 0.5136 162 146 183 189
bottle 0.4432 108 15 131 72
bottle 0.3594 117 3 165 92
bottle 0.1595 85 4 116 96
bottle 0.1569 122 107 140 145
bottle 0.0758 126 0 155 49
bottle 0.0719 67 0 94 32
bottle 0.0663 107 88 136 142
bottle 0.0637 87 58 113 99
bottle 0.0634 104 86 128 129
bottle 0.0626 145 145 168 185
bottle 0.0619 96 70 122 115
bottle 0.0579 134 124 157 164
bottle 0.0444 110 1 131 30
bottle 0.0329 35 3 288 307
bottle 0.0271 87 60 103 93
bottle 0.0261 70 1 107 84
bottle 0.0257 110 3 141 53
bottle 0.0249 142 140 159 183
bottle 0.0236 111 14 129 45
bottle 0.0229 93 64 130 133
bottle 0.0216 113 99 175 180
bottle 0.0200 108 0 116 16
bottle 0.0182 141 136 155 165
bottle 0.0172 152 146 167 175
bottle 0.0170 155 146 178 183
bottle 0.0165 114 1 130 17
bottle 0.0137 117 7 136 43
bottle 0.0131 99 0 117 19
bottle 0.0129 115 26 136 86
bottle 0.0126 131 19 172 96
bottle 0.0123 97 78 115 109
bottle 0.0117 119 33 150 91
bottle 0.0115 103 81 141 164
bottle 0.0111 119 101 138 132
bottle 0.0110 111 37 130 84
bottle 0.0103 123 116 143 158
bottle 0.0100 75 0 109 51
bottle 0.0095 98 11 124 74
bottle 0.0095 125 0 147 32
bottle 0.0092 99 47 124 111
bottle 0.0088 91 0 112 25
bottle 0.0087 98 2 124 39
bottle 0.0082 119 51 143 97
bottle 0.0079 128 114 154 151
bottle 0.0078 152 154 168 192
bottle 0.0065 121 5 146 73
bottle 0.0053 133 135 151 162
bottle 0.0048 100 132 200 193
bottle 0.0046 98 67 117 100
bottle 0.0042 130 127 147 160
bottle 0.0037 163 164 182 191
bottle 0.0034 125 46 160 107
bottle 0.0034 94 19 115 53
bottle 0.0032 111 51 127 74
bottle 0.0031 124 106 155 192
bottle 0.0030 70 1 97 59
bottle 0.0028 128 64 142 96
bottle 0.0027 118 47 138 81
bottle 0.0025 163 143 181 168
bottle 0.0024 111 104 137 155
bottle 0.0023 114 20 133 55
bottle 0.0022 106 50 126 87
bottle 0.0022 109 100 126 136
bottle 0.0020 125 113 146 142
bottle 0.0019 95 4 115 32
bottle 0.0018 132 7 167 68
bottle 0.0018 113 34 133 65
bottle 0.0017 131 74 167 120
bottle 0.0017 75 28 102 97
bottle 0.0017 153 142 175 162
bottle 0.0015 60 -4 225 201
bottle 0.0015 116 60 152 114
bottle 0.0012 88 76 112 110
bottle 0.0012 70 1 166 98
bottle 0.0012 81 58 99 97
bottle 0.0011 85 71 118 125
bottle 0.0011 86 27 111 58
chair 0.0206 247 1 285 49
chair 0.0088 270 2 286 49
chair 0.0068 268 0 341 49
chair 0.0015 336 -3 498 360
chair 0.0014 335 15 411 152
chair 0.0011 271 2 306 50
sofa 0.0032 336 -3 498 360
diningtable 0.0013 17 -27 305 364
diningtable 0.0011 248 1 287 49
