person 0.8778 2 60 158 371
person 0.7053 313 54 424 369
person 0.6877 131 23 275 373
person 0.5712 241 69 341 368
person 0.5400 398 66 449 209
person 0.5360 442 61 499 257
person 0.1842 441 64 481 189
person 0.1681 442 64 479 109
person 0.1101 480 58 500 88
person 0.0701 461 57 500 203
person 0.0579 162 55 386 365
person 0.0546 111 61 162 131
person 0.0485 452 64 479 91
person 0.0470 0 161 40 355
person 0.0428 474 57 500 152
person 0.0308 440 85 462 226
person 0.0250 0 204 13 358
person 0.0217 396 66 414 100
person 0.0213 14 32 326 375
person 0.0178 397 66 442 111
person 0.0165 438 197 501 363
person 0.0164 404 68 464 133
person 0.0142 420 73 471 241
person 0.0138 489 251 499 287
person 0.0133 0 159 36 223
person 0.0127 444 84 458 100
person 0.0123 0 155 21 331
person 0.0102 473 77 500 253
person 0.0091 399 69 421 107
person 0.0090 241 69 265 112
person 0.0079 487 226 500 328
person 0.0078 438 87 446 100
person 0.0074 405 56 492 271
person 0.0066 440 86 453 99
person 0.0065 0 160 34 180
person 0.0063 177 320 332 372
person 0.0051 475 62 500 102
person 0.0050 439 143 449 167
person 0.0045 1 74 76 362
person 0.0041 494 47 499 70
person 0.0041 469 65 482 87
person 0.0040 462 88 499 352
person 0.0032 230 97 438 375
person 0.0032 393 66 407 91
person 0.0032 446 78 461 97
person 0.0031 437 136 462 198
person 0.0030 376 64 418 174
person 0.0029 65 57 168 133
person 0.0028 439 83 462 102
person 0.0026 461 187 500 299
person 0.0026 397 67 422 144
person 0.0024 3 154 121 359
person 0.0022 481 47 500 79
person 0.0020 480 273 499 352
person 0.0019 437 81 457 117
person 0.0019 0 161 22 188
person 0.0018 0 231 33 372
person 0.0018 496 48 499 62
person 0.0017 320 55 422 183
person 0.0017 407 76 421 102
person 0.0017 0 308 8 333
person 0.0017 404 82 445 160
person 0.0016 434 65 452 85
person 0.0015 438 143 453 181
person 0.0015 396 77 427 203
person 0.0014 0 308 28 371
person 0.0014 0 148 39 182
person 0.0014 0 155 48 259
person 0.0014 488 70 499 95
person 0.0013 0 97 44 209
person 0.0013 484 62 500 140
person 0.0013 441 91 468 175
person 0.0013 247 79 328 213
person 0.0013 245 82 264 115
person 0.0013 356 37 476 302
person 0.0013 349 68 446 212
person 0.0012 442 144 453 172
person 0.0011 485 243 499 297
person 0.0011 0 110 21 170
person 0.0011 405 83 425 107
person 0.0010 442 73 464 126
person 0.0010 72 42 215 373
person 0.0010 0 68 32 165
bottle 0.0562 437 144 447 164
bottle 0.0291 438 144 452 170
bottle 0.0070 434 67 448 77
bottle 0.0065 428 67 440 76
bottle 0.0043 440 85 462 226
bottle 0.0039 0 160 34 180
bottle 0.0031 420 73 471 241
bottle 0.0028 442 68 449 79
bottle 0.0026 149 323 168 374
bottle 0.0023 439 88 446 99
bottle 0.0023 135 246 169 370
bottle 0.0020 347 360 379 374
bottle 0.0019 427 65 444 80
bottle 0.0014 434 65 452 85
bottle 0.0013 100 277 133 304
bottle 0.0013 0 157 36 209
bottle 0.0011 440 145 449 159
bottle 0.0011 346 343 389 374
bottle 0.0010 407 80 460 204
bottle 0.0010 437 143 454 189
chair 0.8807 435 200 499 367
chair 0.0796 480 286 500 359
chair 0.0325 0 165 39 370
chair 0.0324 0 204 13 358
chair 0.0198 490 251 499 285
chair 0.0137 487 226 500 328
chair 0.0120 367 185 471 371
chair 0.0110 467 292 500 371
chair 0.0107 0 174 19 336
chair 0.0104 318 181 418 370
chair 0.0079 0 160 34 180
chair 0.0079 0 159 37 223
chair 0.0078 440 85 462 226
chair 0.0078 449 328 491 374
chair 0.0070 438 143 453 181
chair 0.0064 443 65 499 258
chair 0.0064 0 307 30 369
chair 0.0061 485 284 499 335
chair 0.0057 418 61 486 272
chair 0.0051 0 49 41 164
chair 0.0050 0 2 60 184
chair 0.0046 0 308 8 333
chair 0.0044 439 143 449 167
chair 0.0044 0 57 28 77
chair 0.0039 437 136 462 198
chair 0.0031 0 212 10 298
chair 0.0029 0 146 38 271
chair 0.0026 0 58 35 92
chair 0.0025 110 61 162 130
chair 0.0023 437 194 498 278
chair 0.0023 3 237 39 320
chair 0.0022 343 294 420 375
chair 0.0021 485 246 499 292
chair 0.0021 0 97 44 209
chair 0.0019 1 90 53 349
chair 0.0018 406 72 462 213
chair 0.0018 433 130 480 228
chair 0.0018 472 343 495 374
chair 0.0017 345 329 405 373
chair 0.0017 462 88 499 352
chair 0.0016 3 173 81 340
chair 0.0016 0 118 27 321
chair 0.0015 0 244 8 307
chair 0.0015 0 148 39 182
chair 0.0013 461 187 500 299
chair 0.0013 296 70 427 380
chair 0.0013 442 144 453 172
chair 0.0013 0 210 9 234
chair 0.0013 0 285 15 354
chair 0.0012 0 170 22 219
chair 0.0012 487 307 499 335
chair 0.0011 435 199 468 230
chair 0.0011 372 235 442 369
chair 0.0011 0 161 23 189
chair 0.0010 0 280 7 338
chair 0.0010 489 303 500 374
chair 0.0010 411 230 485 373
sofa 0.0063 0 155 38 325
sofa 0.0027 435 200 499 367
sofa 0.0026 95 33 375 369
sofa 0.0019 0 309 24 370
sofa 0.0018 0 231 33 372
sofa 0.0017 0 158 37 229
sofa 0.0017 -1 164 377 376
sofa 0.0015 0 204 13 358
sofa 0.0014 0 308 10 345
sofa 0.0014 126 38 265 374
sofa 0.0010 111 61 162 131
pottedplant 0.0175 64 45 110 70
pottedplant 0.0028 27 40 143 133
pottedplant 0.0017 55 27 113 76
pottedplant 0.0013 14 14 111 85
diningtable 0.0198 0 304 30 369
diningtable 0.0146 443 65 499 258
diningtable 0.0129 0 308 10 345
diningtable 0.0109 437 144 454 181
diningtable 0.0070 0 307 18 357
diningtable 0.0061 420 73 471 241
diningtable 0.0044 434 152 458 199
diningtable 0.0040 0 307 8 333
diningtable 0.0039 439 143 449 167
diningtable 0.0035 403 48 485 358
diningtable 0.0033 400 65 450 210
diningtable 0.0031 434 206 499 372
diningtable 0.0024 0 202 34 372
diningtable 0.0020 440 85 462 226
diningtable 0.0018 381 204 482 370
diningtable 0.0015 0 49 41 164
diningtable 0.0015 0 327 23 371
diningtable 0.0014 0 -6 59 165
diningtable 0.0014 480 285 499 363
diningtable 0.0013 490 252 500 284
diningtable 0.0012 0 57 28 77
diningtable 0.0011 0 58 35 92
diningtable 0.0011 436 161 455 180
diningtable 0.0011 412 111 458 220
diningtable 0.0011 339 52 473 369
tvmonitor 0.0012 0 57 37 172
tvmonitor 0.0010 1 38 59 190
