person 0.8562 95 138 182 373
person 0.7676 183 120 250 317
person 0.3676 262 119 359 377
person 0.0150 81 248 117 315
person 0.0128 80 250 91 290
person 0.0104 82 135 128 368
person 0.0088 133 147 181 334
person 0.0086 301 177 367 374
person 0.0072 260 133 349 186
person 0.0065 79 247 121 377
person 0.0052 152 148 181 300
person 0.0043 298 230 360 333
person 0.0039 280 133 357 294
person 0.0036 81 249 95 310
person 0.0034 181 119 325 319
person 0.0027 188 118 246 176
person 0.0024 268 80 426 410
person 0.0023 97 167 170 294
person 0.0021 259 143 280 176
person 0.0021 259 104 355 228
person 0.0021 304 253 354 370
person 0.0017 151 191 173 339
person 0.0017 324 257 363 292
person 0.0016 97 239 170 356
person 0.0015 286 121 360 196
person 0.0015 197 345 289 400
person 0.0012 147 170 184 221
person 0.0012 305 249 364 301
person 0.0010 256 115 313 312
bird 0.0024 80 381 106 408
cat 0.0497 193 344 285 401
cat 0.0305 80 381 107 408
cat 0.0080 290 378 336 400
cat 0.0020 108 382 169 408
cat 0.0017 127 389 169 410
cat 0.0013 76 383 159 413
cat 0.0012 323 256 364 294
cat 0.0011 301 177 367 374
dog 0.8252 197 345 289 400
dog 0.0279 79 380 109 409
dog 0.0175 291 378 335 401
dog 0.0081 166 372 267 400
dog 0.0025 162 346 248 402
dog 0.0023 174 382 254 399
dog 0.0022 151 308 168 321
dog 0.0021 108 382 169 408
dog 0.0021 301 177 367 374
dog 0.0018 149 297 169 322
dog 0.0017 81 250 91 283
dog 0.0015 195 361 331 405
dog 0.0014 76 383 159 413
dog 0.0013 322 256 364 294
dog 0.0012 203 371 291 401
dog 0.0010 127 389 169 410
horse 0.0029 260 126 349 185
horse 0.0021 193 344 285 401
cow 0.0010 197 345 289 400
bottle 0.0032 81 250 91 283
bottle 0.0016 127 389 168 410
chair 0.0048 80 255 119 331
chair 0.0025 80 227 118 380
pottedplant 0.0026 316 0 503 388
pottedplant 0.0015 0 1 67 107
pottedplant 0.0012 490 147 499 177
