person 0.1205 479 108 499 230
person 0.0536 478 110 499 155
person 0.0259 463 108 500 249
person 0.0236 494 232 500 282
person 0.0094 485 149 499 283
person 0.0071 494 110 499 130
person 0.0068 407 111 498 248
person 0.0054 490 107 499 149
person 0.0037 432 129 445 152
person 0.0031 493 208 499 278
person 0.0029 295 127 313 199
person 0.0028 486 108 500 169
person 0.0026 475 132 500 278
person 0.0025 482 110 499 133
person 0.0023 433 137 447 155
person 0.0021 495 252 500 288
person 0.0020 484 154 499 215
person 0.0020 479 113 492 146
person 0.0016 439 141 448 155
person 0.0013 446 230 466 248
person 0.0011 455 122 481 151
person 0.0010 102 194 208 360
bicycle 0.0018 297 124 313 198
bicycle 0.0010 417 220 438 250
car 0.0014 226 183 263 204
bird 0.0017 446 51 456 58
cat 0.0012 446 230 466 248
cat 0.0011 299 143 311 198
dog 0.0045 446 230 466 248
dog 0.0022 435 231 445 250
bottle 0.5491 299 143 311 198
bottle 0.0591 434 231 446 250
bottle 0.0316 421 127 431 155
bottle 0.0279 425 229 445 251
bottle 0.0269 295 122 314 198
bottle 0.0253 421 226 435 250
bottle 0.0216 412 129 421 153
bottle 0.0141 302 159 311 198
bottle 0.0132 447 230 466 248
bottle 0.0130 414 125 430 154
bottle 0.0120 420 120 427 140
bottle 0.0112 419 115 436 154
bottle 0.0110 437 169 447 185
bottle 0.0109 424 233 434 250
bottle 0.0104 430 233 440 251
bottle 0.0100 420 111 427 131
bottle 0.0099 431 127 442 143
bottle 0.0098 430 129 443 151
bottle 0.0096 429 169 436 185
bottle 0.0092 421 107 431 124
bottle 0.0086 417 228 429 249
bottle 0.0085 421 118 431 142
bottle 0.0076 442 186 449 198
bottle 0.0063 430 187 439 200
bottle 0.0063 439 226 450 249
bottle 0.0062 406 210 432 269
bottle 0.0055 437 185 446 197
bottle 0.0050 435 186 442 201
bottle 0.0048 408 113 494 249
bottle 0.0044 429 121 438 141
bottle 0.0039 439 234 448 250
bottle 0.0038 442 200 449 217
bottle 0.0038 412 117 422 142
bottle 0.0037 440 169 446 179
bottle 0.0036 425 167 432 185
bottle 0.0036 426 187 434 201
bottle 0.0032 439 175 448 194
bottle 0.0031 435 201 447 218
bottle 0.0028 455 205 466 222
bottle 0.0028 414 165 427 186
bottle 0.0027 389 181 429 291
bottle 0.0027 434 202 442 218
bottle 0.0026 432 223 450 251
bottle 0.0026 418 200 436 227
bottle 0.0026 436 124 443 142
bottle 0.0025 479 108 499 230
bottle 0.0024 417 234 426 249
bottle 0.0023 428 112 437 131
bottle 0.0022 412 125 455 260
bottle 0.0022 417 103 428 120
bottle 0.0021 411 108 422 123
bottle 0.0020 433 137 447 155
bottle 0.0018 439 141 448 155
bottle 0.0018 418 108 435 133
bottle 0.0017 432 190 440 211
bottle 0.0016 445 202 452 215
bottle 0.0015 426 110 438 123
bottle 0.0015 480 164 488 183
bottle 0.0014 402 149 412 200
bottle 0.0014 419 167 438 184
bottle 0.0013 477 110 499 153
bottle 0.0013 417 215 437 247
bottle 0.0013 419 222 461 251
bottle 0.0013 414 224 424 257
bottle 0.0013 426 170 434 189
bottle 0.0012 455 118 472 150
bottle 0.0012 438 123 446 146
bottle 0.0011 466 104 475 117
bottle 0.0011 474 165 483 178
bottle 0.0011 455 103 475 117
bottle 0.0011 415 231 423 250
bottle 0.0011 150 199 155 212
bottle 0.0010 454 103 463 119
bottle 0.0010 415 189 440 250
bottle 0.0010 421 155 445 205
bottle 0.0010 332 185 339 205
chair 0.8559 296 182 371 335
chair 0.8493 102 194 208 361
chair 0.7305 220 195 317 366
chair 0.6340 155 181 215 204
chair 0.3427 155 180 216 271
chair 0.2253 1 276 141 371
chair 0.2165 154 179 215 227
chair 0.2015 330 183 369 208
chair 0.1763 134 189 256 365
chair 0.0225 330 184 366 194
chair 0.0212 123 192 347 322
chair 0.0202 494 227 500 280
chair 0.0200 331 183 337 199
chair 0.0178 253 186 360 356
chair 0.0141 332 182 371 310
chair 0.0137 311 196 336 211
chair 0.0136 331 183 349 207
chair 0.0121 218 211 274 366
chair 0.0110 146 191 268 291
chair 0.0109 261 193 316 328
chair 0.0106 145 180 386 275
chair 0.0104 332 185 339 205
chair 0.0099 209 199 219 211
chair 0.0095 122 185 224 302
chair 0.0076 220 194 265 268
chair 0.0076 162 202 218 361
chair 0.0072 315 182 349 206
chair 0.0072 210 195 303 273
chair 0.0063 282 185 362 275
chair 0.0060 311 187 348 221
chair 0.0053 313 181 371 246
chair 0.0044 155 185 190 257
chair 0.0041 305 192 340 239
chair 0.0038 252 196 330 276
chair 0.0036 299 142 312 199
chair 0.0034 491 213 499 280
chair 0.0032 333 191 342 210
chair 0.0032 314 189 339 208
chair 0.0032 331 169 390 251
chair 0.0030 174 183 211 251
chair 0.0027 322 191 351 213
chair 0.0026 172 248 210 260
chair 0.0025 185 182 215 200
chair 0.0025 98 191 171 323
chair 0.0024 317 193 336 205
chair 0.0024 157 215 293 330
chair 0.0023 485 149 499 283
chair 0.0023 184 196 253 321
chair 0.0022 237 170 375 264
chair 0.0022 227 183 262 205
chair 0.0020 183 174 288 264
chair 0.0017 302 159 311 198
chair 0.0016 161 203 207 261
chair 0.0016 312 194 317 202
chair 0.0015 328 182 344 198
chair 0.0014 417 222 437 250
chair 0.0014 220 239 262 266
chair 0.0014 207 198 223 220
chair 0.0013 493 203 499 255
chair 0.0013 201 184 271 248
chair 0.0013 293 120 315 191
chair 0.0013 152 266 209 354
chair 0.0012 195 194 233 224
chair 0.0012 153 183 178 205
chair 0.0011 223 217 260 256
chair 0.0011 155 190 163 205
chair 0.0010 325 183 353 233
chair 0.0010 389 181 429 291
chair 0.0010 186 186 240 231
chair 0.0010 172 180 217 196
sofa 0.7116 0 275 142 372
sofa 0.0024 494 227 500 280
sofa 0.0017 155 180 215 203
sofa 0.0014 103 194 208 362
sofa 0.0010 295 189 371 338
pottedplant 0.1020 297 124 313 198
pottedplant 0.0099 289 121 320 197
pottedplant 0.0099 226 183 263 204
pottedplant 0.0020 299 148 310 196
diningtable 0.3406 133 193 326 368
diningtable 0.1352 219 195 317 365
diningtable 0.0390 150 175 391 278
diningtable 0.0311 227 183 262 203
diningtable 0.0275 145 186 267 335
diningtable 0.0214 294 181 371 334
diningtable 0.0159 102 194 208 361
diningtable 0.0096 313 198 337 209
diningtable 0.0083 158 181 220 273
diningtable 0.0065 330 183 368 206
diningtable 0.0065 253 186 360 356
diningtable 0.0045 312 194 342 214
diningtable 0.0042 492 214 500 279
diningtable 0.0038 302 182 365 230
diningtable 0.0033 322 191 351 213
diningtable 0.0032 178 176 300 244
diningtable 0.0031 183 198 254 362
diningtable 0.0030 282 185 362 275
diningtable 0.0028 155 180 215 206
diningtable 0.0023 389 199 428 287
diningtable 0.0022 0 276 141 372
diningtable 0.0022 296 186 352 217
diningtable 0.0021 261 193 316 328
diningtable 0.0019 309 188 349 243
diningtable 0.0018 299 149 311 197
diningtable 0.0018 226 184 357 245
diningtable 0.0016 99 185 218 283
diningtable 0.0014 255 196 325 219
diningtable 0.0013 331 180 371 312
diningtable 0.0013 485 149 499 283
diningtable 0.0012 165 198 294 284
diningtable 0.0011 252 196 330 276
diningtable 0.0011 329 192 343 211
diningtable 0.0011 226 122 361 221
tvmonitor 0.0027 364 45 401 122
