person 0.0162 23 192 32 222
person 0.0057 8 173 20 196
person 0.0046 0 169 27 240
person 0.0030 0 156 4 185
person 0.0024 281 3 300 41
person 0.0021 169 4 190 44
person 0.0019 0 151 5 169
person 0.0017 29 147 34 156
person 0.0014 25 195 32 209
person 0.0010 2 160 16 238
car 0.0042 342 70 354 77
car 0.0022 0 151 5 169
car 0.0022 339 69 350 76
car 0.0020 493 120 499 134
car 0.0016 347 71 354 77
car 0.0010 0 174 11 241
train 0.1360 8 173 20 196
train 0.0795 2 160 16 238
train 0.0313 0 107 32 181
train 0.0311 0 178 11 243
train 0.0277 0 149 7 185
train 0.0215 0 151 5 169
train 0.0176 -1 167 27 241
train 0.0160 5 167 20 199
train 0.0117 0 141 11 179
train 0.0094 0 106 51 230
train 0.0092 0 156 4 185
train 0.0088 0 135 31 211
train 0.0086 0 151 8 167
train 0.0084 8 162 19 219
train 0.0049 1 99 61 168
train 0.0045 0 149 21 282
train 0.0044 0 99 77 127
train 0.0044 0 100 15 120
train 0.0042 0 100 97 148
train 0.0038 0 105 6 119
train 0.0034 0 99 32 126
train 0.0029 0 132 21 187
train 0.0028 448 62 500 140
train 0.0026 3 100 89 192
train 0.0025 424 154 499 199
train 0.0024 0 97 33 149
train 0.0020 0 200 8 251
train 0.0018 22 185 33 217
train 0.0018 0 161 6 200
train 0.0014 7 153 45 209
train 0.0014 422 128 499 186
train 0.0011 9 169 25 212
train 0.0010 445 118 498 141
