person 0.7686 0 117 28 230
person 0.0773 0 116 20 145
person 0.0733 34 119 49 150
person 0.0576 25 123 58 212
person 0.0512 0 98 90 329
person 0.0476 1 119 52 225
person 0.0241 35 123 56 161
person 0.0141 33 115 49 135
person 0.0132 0 113 23 168
person 0.0116 24 123 50 156
person 0.0092 0 152 24 261
person 0.0078 0 177 20 234
person 0.0044 21 101 78 270
person 0.0042 0 127 40 289
person 0.0035 228 141 239 151
person 0.0035 407 142 445 154
person 0.0033 15 114 58 168
person 0.0025 0 119 13 157
person 0.0023 403 141 416 150
person 0.0022 0 173 10 223
person 0.0022 37 127 59 189
person 0.0021 32 100 60 141
person 0.0020 427 143 442 155
person 0.0019 0 115 11 132
person 0.0018 402 141 431 153
person 0.0015 55 83 75 111
person 0.0014 14 116 44 152
person 0.0012 0 107 42 169
car 0.4958 0 99 91 325
car 0.0106 0 118 29 236
car 0.0072 21 126 62 226
car 0.0050 0 114 63 271
car 0.0037 21 101 78 270
car 0.0027 -3 101 41 327
car 0.0026 5 90 161 336
car 0.0016 54 82 78 113
motorbike 0.0031 1 101 90 322
aeroplane 0.0010 1 99 90 328
bus 0.0331 1 99 90 328
bus 0.0012 0 118 29 236
train 0.0050 1 99 90 328
boat 0.0051 1 101 90 322
bird 0.0103 228 141 239 151
dog 0.0087 55 82 79 113
dog 0.0026 0 116 27 228
dog 0.0021 153 147 329 267
dog 0.0020 0 115 19 146
dog 0.0019 403 141 444 154
dog 0.0014 427 143 442 155
horse 0.0388 55 82 74 111
horse 0.0016 53 83 95 112
horse 0.0010 151 145 336 267
sheep 0.0156 55 83 75 111
sheep 0.0020 407 142 445 154
sheep 0.0017 153 142 333 267
sheep 0.0017 429 147 443 155
sheep 0.0014 427 143 442 155
cow 0.9442 153 142 333 268
cow 0.5590 55 83 75 111
cow 0.1222 402 141 443 154
cow 0.0359 53 83 96 112
cow 0.0337 403 141 426 153
cow 0.0306 427 143 442 155
cow 0.0140 409 143 433 153
cow 0.0114 404 141 416 150
cow 0.0093 70 85 107 106
cow 0.0070 227 141 240 152
cow 0.0023 55 83 74 93
cow 0.0014 400 133 444 158
cow 0.0013 55 91 69 118
cow 0.0010 53 76 112 125
cow 0.0010 78 81 104 101
