person 0.0348 484 316 499 354
person 0.0244 440 291 501 373
person 0.0115 489 315 499 343
person 0.0095 270 234 318 271
person 0.0065 493 313 499 336
person 0.0056 488 327 500 352
person 0.0049 491 348 499 375
person 0.0037 59 194 111 228
person 0.0027 494 314 499 325
person 0.0020 456 348 499 375
person 0.0017 468 85 498 122
person 0.0013 489 337 499 355
person 0.0012 374 312 417 375
person 0.0011 444 290 500 329
person 0.0010 492 358 500 376
person 0.0010 489 348 499 361
cat 0.0037 486 316 499 353
cat 0.0022 447 312 466 334
cat 0.0012 442 292 500 373
dog 0.0037 486 316 499 353
dog 0.0010 493 313 499 336
bottle 0.0196 59 194 111 228
bottle 0.0188 485 316 499 354
bottle 0.0131 491 348 499 375
bottle 0.0131 71 205 96 228
bottle 0.0117 314 262 324 285
bottle 0.0110 83 210 89 227
bottle 0.0055 489 315 499 343
bottle 0.0040 488 327 500 352
bottle 0.0040 494 313 499 335
bottle 0.0036 240 261 262 280
bottle 0.0029 259 264 282 282
bottle 0.0028 495 314 499 325
bottle 0.0026 437 292 499 374
bottle 0.0024 312 260 320 276
bottle 0.0023 319 263 327 282
bottle 0.0022 444 312 470 332
bottle 0.0021 239 263 251 279
bottle 0.0020 316 260 325 277
bottle 0.0018 41 207 87 227
bottle 0.0018 250 263 260 280
bottle 0.0015 489 337 499 355
bottle 0.0015 489 348 499 360
bottle 0.0013 259 259 274 279
bottle 0.0011 373 311 419 375
bottle 0.0011 43 216 85 232
bottle 0.0010 251 260 264 277
chair 0.9365 206 290 313 375
chair 0.4476 438 291 499 373
chair 0.0650 371 309 417 374
chair 0.0351 444 290 499 331
chair 0.0328 380 315 444 376
chair 0.0193 447 332 483 348
chair 0.0164 448 315 496 334
chair 0.0156 453 339 499 375
chair 0.0142 252 287 317 307
chair 0.0122 465 319 487 332
chair 0.0101 447 311 466 335
chair 0.0086 436 299 486 345
chair 0.0085 173 345 211 376
chair 0.0083 486 318 499 354
chair 0.0065 389 325 485 375
chair 0.0059 489 333 500 360
chair 0.0055 432 328 496 374
chair 0.0047 491 351 499 375
chair 0.0031 406 338 442 375
chair 0.0030 59 194 111 228
chair 0.0023 490 348 499 361
chair 0.0023 271 233 318 279
chair 0.0022 480 78 499 105
chair 0.0021 470 80 499 122
chair 0.0021 172 299 202 322
chair 0.0015 220 282 330 343
chair 0.0014 481 79 499 93
chair 0.0013 446 320 495 351
chair 0.0013 413 317 449 375
chair 0.0011 439 355 497 376
chair 0.0011 210 291 269 361
chair 0.0010 390 329 426 374
chair 0.0010 451 363 467 376
chair 0.0010 245 287 255 297
chair 0.0010 446 333 468 347
sofa 0.2973 438 291 499 373
sofa 0.0336 444 290 499 331
sofa 0.0134 453 339 499 375
sofa 0.0056 485 317 499 355
sofa 0.0033 436 299 486 345
sofa 0.0028 491 348 499 375
sofa 0.0028 444 312 473 333
sofa 0.0026 448 315 496 334
sofa 0.0018 449 332 480 347
sofa 0.0018 206 290 313 375
sofa 0.0011 380 315 444 376
pottedplant 0.0061 56 194 111 228
pottedplant 0.0023 485 317 499 352
pottedplant 0.0018 43 212 88 232
pottedplant 0.0012 447 312 467 334
pottedplant 0.0010 437 292 499 374
pottedplant 0.0010 467 83 499 123
diningtable 0.1806 437 292 499 374
diningtable 0.0865 456 348 499 375
diningtable 0.0180 442 332 499 375
diningtable 0.0141 447 332 483 348
diningtable 0.0128 491 348 499 375
diningtable 0.0105 208 290 318 374
diningtable 0.0079 173 300 202 322
diningtable 0.0078 251 289 320 304
diningtable 0.0064 453 318 493 335
diningtable 0.0062 271 233 318 279
diningtable 0.0032 173 345 212 376
diningtable 0.0030 446 320 495 351
diningtable 0.0029 484 342 499 375
diningtable 0.0028 486 318 499 354
diningtable 0.0025 489 348 499 361
diningtable 0.0024 212 267 395 373
diningtable 0.0022 158 295 227 372
diningtable 0.0020 382 312 484 375
diningtable 0.0019 176 320 210 346
diningtable 0.0019 465 319 487 332
diningtable 0.0017 467 318 502 377
diningtable 0.0016 448 311 467 337
diningtable 0.0016 123 290 170 365
diningtable 0.0016 436 299 486 345
diningtable 0.0014 489 332 499 361
diningtable 0.0012 240 279 333 338
diningtable 0.0012 161 287 278 373
diningtable 0.0011 275 274 314 290
diningtable 0.0011 463 363 499 376
tvmonitor 0.4499 271 233 318 278
tvmonitor 0.0052 56 194 111 228
tvmonitor 0.0043 328 280 376 304
tvmonitor 0.0039 485 109 500 285
tvmonitor 0.0011 277 262 314 278
tvmonitor 0.0010 437 292 499 374
tvmonitor 0.0010 488 118 499 212
