person 0.3797 12 8 488 370
person 0.1660 -4 173 328 368
person 0.0406 209 8 447 364
person 0.0367 417 14 499 343
person 0.0077 13 217 150 312
person 0.0064 3 26 273 342
person 0.0042 299 61 337 305
person 0.0039 3 194 157 363
person 0.0036 0 186 30 221
person 0.0033 -12 256 473 373
person 0.0032 0 186 42 245
person 0.0031 290 1 334 57
person 0.0029 0 185 65 304
person 0.0028 340 294 502 373
person 0.0026 494 63 499 87
person 0.0022 441 2 500 90
person 0.0017 489 65 500 96
person 0.0017 76 110 401 369
person 0.0017 289 119 344 271
person 0.0016 471 233 499 309
person 0.0013 486 2 499 86
person 0.0012 495 1 500 13
person 0.0012 56 225 127 305
person 0.0012 -2 277 283 374
person 0.0011 345 4 362 35
person 0.0011 -1 158 130 314
person 0.0010 105 272 252 364
bicycle 0.0018 1 4 481 372
car 0.0476 1 9 482 366
car 0.0120 -27 -2 497 172
car 0.0071 3 26 273 342
car 0.0029 1 61 265 202
car 0.0018 193 1 378 154
car 0.0014 289 1 335 60
motorbike 0.0056 11 10 488 362
bus 0.0014 11 10 488 362
train 0.0016 127 15 489 359
train 0.0011 -13 1 486 207
boat 0.0056 -3 1 485 328
boat 0.0011 9 135 424 370
cat 0.0098 -4 173 331 367
cat 0.0012 19 122 494 374
dog 0.2385 55 180 325 369
dog 0.0305 0 126 474 371
dog 0.0013 5 38 275 365
chair 0.1434 414 61 500 325
chair 0.0806 324 88 501 364
chair 0.0400 335 295 500 372
chair 0.0232 1 4 481 372
chair 0.0173 438 0 500 93
chair 0.0068 470 231 499 309
chair 0.0040 59 157 509 374
chair 0.0037 209 8 447 364
chair 0.0027 -4 173 331 367
chair 0.0022 489 65 500 96
chair 0.0019 460 277 500 323
chair 0.0019 494 63 499 86
chair 0.0016 480 221 499 279
chair 0.0015 462 109 500 352
chair 0.0014 423 7 501 191
chair 0.0014 0 186 32 240
chair 0.0013 484 73 499 101
chair 0.0012 475 171 500 322
chair 0.0010 379 1 504 94
sofa 0.0472 340 294 502 373
sofa 0.0251 -2 87 479 376
sofa 0.0137 414 61 500 325
sofa 0.0121 55 180 326 369
sofa 0.0049 -12 256 473 373
sofa 0.0042 439 1 500 92
sofa 0.0038 321 45 502 355
sofa 0.0034 5 38 275 365
sofa 0.0021 190 6 466 370
sofa 0.0013 -7 1 483 254
diningtable 0.0199 335 294 500 372
diningtable 0.0010 133 8 491 366
