person 0.8548 55 45 246 329
person 0.0073 442 311 501 332
person 0.0066 169 0 229 57
person 0.0041 169 0 228 119
person 0.0033 468 314 500 332
person 0.0031 202 0 229 33
person 0.0021 479 178 499 235
person 0.0015 209 3 274 66
person 0.0014 443 3 499 92
person 0.0014 0 0 12 21
person 0.0014 323 18 373 56
person 0.0013 195 11 506 337
person 0.0013 169 0 261 72
person 0.0012 360 0 501 87
person 0.0011 22 56 401 336
person 0.0011 280 -1 316 39
person 0.0011 0 251 67 291
person 0.0010 175 0 231 30
bicycle 0.0069 206 10 499 332
bicycle 0.0041 169 0 228 119
bicycle 0.0026 309 141 499 326
bicycle 0.0022 193 245 292 331
bicycle 0.0016 189 4 274 110
bicycle 0.0013 168 0 193 50
bicycle 0.0012 262 157 342 272
car 0.0183 213 4 497 330
car 0.0020 12 108 266 330
car 0.0015 348 1 501 106
car 0.0012 322 18 373 55
car 0.0010 0 112 103 302
motorbike 0.0103 213 4 497 330
motorbike 0.0026 323 17 372 55
motorbike 0.0020 169 0 228 119
motorbike 0.0010 189 4 274 110
bus 0.0015 195 11 506 337
train 0.0022 195 11 506 337
boat 0.0029 195 11 506 337
bottle 0.5980 263 157 340 260
bottle 0.0710 256 159 295 237
bottle 0.0542 329 160 357 208
bottle 0.0529 187 4 502 349
bottle 0.0361 0 68 33 119
bottle 0.0298 342 237 432 322
bottle 0.0266 263 192 328 288
bottle 0.0257 334 164 368 220
bottle 0.0239 307 156 378 213
bottle 0.0185 313 184 474 324
bottle 0.0181 232 104 467 266
bottle 0.0180 340 159 355 194
bottle 0.0159 256 257 276 284
bottle 0.0124 265 155 290 193
bottle 0.0115 52 46 125 103
bottle 0.0112 286 156 344 203
bottle 0.0107 224 141 306 317
bottle 0.0103 270 159 297 218
bottle 0.0103 266 180 322 246
bottle 0.0070 281 174 299 193
bottle 0.0066 239 164 347 306
bottle 0.0064 224 124 275 167
bottle 0.0063 224 159 499 328
bottle 0.0062 324 169 349 205
bottle 0.0060 203 247 291 328
bottle 0.0054 264 209 322 258
bottle 0.0054 271 166 295 198
bottle 0.0051 119 33 145 60
bottle 0.0045 318 167 354 219
bottle 0.0045 398 234 435 321
bottle 0.0043 275 152 308 202
bottle 0.0042 255 256 281 297
bottle 0.0042 268 156 288 173
bottle 0.0039 182 140 350 325
bottle 0.0038 277 170 300 202
bottle 0.0037 346 160 354 183
bottle 0.0036 192 269 239 330
bottle 0.0033 16 5 132 111
bottle 0.0032 267 170 305 231
bottle 0.0032 309 154 340 196
bottle 0.0029 393 145 491 212
bottle 0.0026 281 158 303 194
bottle 0.0026 478 177 498 236
bottle 0.0026 306 156 337 179
bottle 0.0025 250 254 300 312
bottle 0.0025 384 132 422 186
bottle 0.0023 193 193 267 328
bottle 0.0023 326 135 493 294
bottle 0.0022 365 199 397 229
bottle 0.0021 344 165 377 211
bottle 0.0021 284 153 309 186
bottle 0.0021 117 80 402 328
bottle 0.0021 390 170 456 215
bottle 0.0021 308 113 393 180
bottle 0.0019 232 161 292 260
bottle 0.0018 379 236 459 321
bottle 0.0018 382 168 430 207
bottle 0.0018 332 188 367 224
bottle 0.0017 319 156 351 197
bottle 0.0017 259 180 288 232
bottle 0.0017 336 180 399 245
bottle 0.0016 335 226 376 299
bottle 0.0015 190 249 230 319
bottle 0.0015 0 68 13 119
bottle 0.0014 378 135 408 203
bottle 0.0014 1 15 51 116
bottle 0.0014 295 264 322 306
bottle 0.0014 176 290 211 313
bottle 0.0014 170 0 218 104
bottle 0.0014 369 204 410 238
bottle 0.0013 315 136 379 186
bottle 0.0013 269 255 346 324
bottle 0.0012 9 84 31 117
bottle 0.0012 355 127 469 191
bottle 0.0011 214 242 360 329
bottle 0.0011 327 193 380 239
bottle 0.0011 266 111 289 137
bottle 0.0011 175 12 208 75
bottle 0.0011 374 133 436 207
bottle 0.0011 272 90 383 244
bottle 0.0011 407 240 434 288
bottle 0.0010 380 171 407 205
bottle 0.0010 337 188 362 213
bottle 0.0010 204 124 251 140
bottle 0.0010 354 189 416 251
bottle 0.0010 321 191 396 311
chair 0.1057 0 113 73 289
chair 0.0795 168 1 224 119
chair 0.0439 323 18 373 56
chair 0.0248 3 114 142 311
chair 0.0235 189 4 274 110
chair 0.0180 168 1 225 61
chair 0.0098 6 83 237 323
chair 0.0062 188 13 237 123
chair 0.0061 195 11 506 337
chair 0.0061 168 1 200 54
chair 0.0058 319 1 390 49
chair 0.0055 209 3 274 66
chair 0.0053 0 250 66 291
chair 0.0048 187 13 216 98
chair 0.0047 220 0 307 48
chair 0.0042 8 2 131 115
chair 0.0020 118 29 182 68
chair 0.0019 217 25 269 57
chair 0.0018 312 20 357 50
chair 0.0017 316 0 384 26
chair 0.0017 349 1 501 106
chair 0.0017 169 0 261 73
chair 0.0016 44 43 122 101
chair 0.0016 282 0 328 42
chair 0.0015 118 34 145 60
chair 0.0014 81 19 246 124
chair 0.0014 212 31 271 80
chair 0.0013 122 7 225 107
chair 0.0012 182 0 231 44
chair 0.0011 444 5 499 91
chair 0.0010 314 21 332 41
sofa 0.1976 0 113 73 289
sofa 0.0373 0 110 126 324
sofa 0.0161 4 89 237 321
sofa 0.0024 0 250 66 291
sofa 0.0020 195 11 506 337
pottedplant 0.0045 0 1 16 68
pottedplant 0.0024 0 0 12 21
pottedplant 0.0024 0 0 13 40
diningtable 0.0046 0 250 66 290
diningtable 0.0033 0 277 73 331
diningtable 0.0023 0 69 35 120
diningtable 0.0023 195 11 506 337
diningtable 0.0014 0 113 73 284
diningtable 0.0014 323 18 373 56
diningtable 0.0012 188 15 273 118
diningtable 0.0011 8 2 131 115
diningtable 0.0010 316 0 396 32
tvmonitor 0.0459 7 2 128 117
tvmonitor 0.0196 0 113 71 286
tvmonitor 0.0047 20 9 93 93
tvmonitor 0.0044 0 250 66 291
tvmonitor 0.0036 479 176 499 236
tvmonitor 0.0034 5 1 48 117
tvmonitor 0.0025 44 43 122 101
tvmonitor 0.0014 1 0 90 21
tvmonitor 0.0013 119 34 146 60
tvmonitor 0.0010 195 11 506 337
tvmonitor 0.0010 0 67 35 119
tvmonitor 0.0010 0 0 88 67
