person 0.3680 31 278 43 303
person 0.2663 388 295 403 308
person 0.2105 303 284 482 336
person 0.1916 380 301 391 310
person 0.0691 401 296 412 304
person 0.0592 396 294 410 305
person 0.0546 383 294 398 307
person 0.0527 386 297 401 321
person 0.0318 24 280 62 304
person 0.0231 409 295 419 304
person 0.0202 374 294 405 312
person 0.0201 24 283 35 298
person 0.0122 28 260 41 290
person 0.0114 413 291 429 304
person 0.0101 415 294 426 303
person 0.0100 419 291 435 303
person 0.0083 379 292 393 309
person 0.0076 374 298 386 309
person 0.0057 425 292 439 303
person 0.0053 64 272 71 281
person 0.0047 32 272 42 292
person 0.0042 422 294 432 303
person 0.0042 25 283 41 306
person 0.0036 37 286 61 303
person 0.0035 50 275 69 299
person 0.0022 80 259 88 270
person 0.0020 373 285 420 315
person 0.0017 0 291 7 299
person 0.0016 76 259 86 271
person 0.0015 352 286 451 317
person 0.0014 25 251 47 289
person 0.0013 368 295 383 308
person 0.0011 63 271 71 288
person 0.0011 66 270 73 281
person 0.0010 395 298 411 310
bicycle 0.0266 28 278 44 303
bicycle 0.0077 24 281 59 304
bicycle 0.0056 24 283 35 299
bicycle 0.0027 26 285 42 311
bicycle 0.0021 37 286 61 303
bicycle 0.0010 0 291 8 300
bicycle 0.0010 25 290 35 307
car 0.9184 305 285 482 346
car 0.0198 465 255 487 262
car 0.0166 27 279 43 302
car 0.0144 0 291 7 299
car 0.0100 24 281 59 304
car 0.0100 387 294 406 308
car 0.0092 0 294 7 301
car 0.0086 374 294 405 312
car 0.0054 64 273 71 281
car 0.0048 20 262 39 281
car 0.0025 463 254 494 265
car 0.0023 24 283 34 295
car 0.0021 386 297 401 321
car 0.0019 0 287 9 298
car 0.0019 25 252 47 289
car 0.0017 37 286 61 303
car 0.0013 17 265 34 278
car 0.0013 377 294 396 308
motorbike 0.0165 28 278 44 303
motorbike 0.0031 30 286 62 304
bus 0.0016 303 282 484 348
bus 0.0013 27 279 43 302
bus 0.0011 0 172 23 294
train 0.0013 303 282 484 348
chair 0.0017 25 280 42 305
pottedplant 0.0366 28 278 44 303
pottedplant 0.0360 42 286 60 303
pottedplant 0.0345 24 283 35 299
pottedplant 0.0143 25 280 60 304
pottedplant 0.0071 0 172 23 294
pottedplant 0.0035 0 291 7 300
pottedplant 0.0024 64 274 72 296
pottedplant 0.0023 29 289 62 308
pottedplant 0.0022 50 275 69 299
pottedplant 0.0014 64 271 70 288
pottedplant 0.0012 26 262 64 303
pottedplant 0.0010 26 285 42 311
