person 0.0376 225 108 285 146
person 0.0185 260 114 307 153
person 0.0152 334 127 362 164
person 0.0140 237 107 271 138
person 0.0138 211 108 259 148
person 0.0096 157 102 324 166
person 0.0055 230 112 307 163
person 0.0046 272 120 321 162
person 0.0043 0 154 3 187
person 0.0041 272 111 315 144
person 0.0032 276 122 309 155
person 0.0023 424 65 450 79
person 0.0018 375 63 380 74
person 0.0017 220 113 248 142
person 0.0013 199 117 247 152
person 0.0013 190 95 323 144
person 0.0013 0 146 7 187
person 0.0011 334 117 352 154
person 0.0011 185 104 257 162
person 0.0011 333 111 367 158
person 0.0010 261 130 306 162
person 0.0010 84 86 392 151
person 0.0010 328 126 352 166
car 0.8774 34 82 444 344
car 0.6770 424 65 451 79
car 0.5871 389 68 429 83
car 0.0589 392 68 419 79
car 0.0510 431 64 473 79
car 0.0384 409 68 429 78
car 0.0234 402 68 437 80
car 0.0196 457 65 476 76
car 0.0174 449 64 467 75
car 0.0113 415 66 444 81
car 0.0101 388 67 408 78
car 0.0083 387 65 432 94
car 0.0068 400 67 418 73
car 0.0068 421 67 437 80
car 0.0059 0 154 3 187
car 0.0053 157 102 324 166
car 0.0051 411 66 422 72
car 0.0049 430 63 457 74
car 0.0040 415 66 426 72
car 0.0038 422 66 433 73
car 0.0037 389 66 416 74
car 0.0033 211 105 272 154
car 0.0032 433 65 455 81
car 0.0021 84 86 428 208
car 0.0020 388 64 406 73
car 0.0020 0 146 7 187
car 0.0020 376 67 385 74
car 0.0019 444 65 471 82
car 0.0019 224 104 302 157
car 0.0018 442 67 461 81
car 0.0018 422 58 452 85
car 0.0017 464 68 476 78
car 0.0015 424 66 479 93
car 0.0015 464 67 475 73
car 0.0010 424 67 455 90
car 0.0010 237 99 280 142
bus 0.0022 424 65 450 79
pottedplant 0.0030 85 39 139 131
