person 0.3558 60 65 222 407
person 0.1441 104 129 190 267
person 0.1005 83 95 195 327
person 0.0081 44 59 160 272
person 0.0052 46 113 107 271
person 0.0020 41 147 55 156
person 0.0013 43 183 87 260
person 0.0012 53 122 89 212
person 0.0010 76 164 119 282
bicycle 0.7052 69 258 192 507
bicycle 0.0164 49 51 214 477
bicycle 0.0033 56 208 186 414
bicycle 0.0031 47 222 99 266
bicycle 0.0023 44 243 96 266
bicycle 0.0020 111 350 194 504
bicycle 0.0014 58 257 144 459
bicycle 0.0013 56 95 158 373
bicycle 0.0012 67 195 128 278
car 0.0776 41 147 55 156
car 0.0421 2 149 22 155
car 0.0152 2 148 35 156
car 0.0107 35 147 50 155
car 0.0092 43 151 61 159
car 0.0080 25 148 44 155
car 0.0075 1 148 48 163
car 0.0060 11 147 48 156
car 0.0057 2 149 11 154
car 0.0027 61 154 74 183
car 0.0020 1 145 24 156
car 0.0019 3 150 31 161
car 0.0017 60 145 84 177
car 0.0015 51 154 62 161
car 0.0015 20 148 35 154
car 0.0015 12 147 29 153
car 0.0014 0 149 20 158
car 0.0013 1 154 42 167
car 0.0011 61 135 95 180
car 0.0010 53 153 72 173
car 0.0010 46 135 90 193
car 0.0010 62 149 77 172
motorbike 0.0044 73 266 191 481
bottle 0.0035 146 329 158 356
bottle 0.0013 144 339 158 355
