person 0.0019 0 304 50 370
boat 0.0060 0 302 51 368
boat 0.0012 0 301 90 376
cat 0.0074 16 237 229 293
cat 0.0012 2 8 470 391
chair 0.0029 0 302 51 368
sofa 0.0018 7 -2 472 384
sofa 0.0010 1 303 54 371
diningtable 0.0054 0 302 54 371
diningtable 0.0025 7 -2 472 384
diningtable 0.0011 45 262 443 381
tvmonitor 0.3930 232 15 465 302
tvmonitor 0.2119 7 0 469 327
tvmonitor 0.1644 6 5 248 250
tvmonitor 0.0222 455 38 499 350
tvmonitor 0.0070 0 7 43 315
tvmonitor 0.0034 460 148 500 294
tvmonitor 0.0033 20 245 234 293
tvmonitor 0.0023 0 302 51 368
