person 0.0102 386 34 500 353
person 0.0058 458 136 499 371
person 0.0053 275 18 502 370
person 0.0018 3 10 429 374
person 0.0011 407 193 497 367
person 0.0011 264 111 420 372
car 0.0013 3 10 429 374
bird 0.0051 0 17 300 373
bird 0.0040 0 128 28 227
bird 0.0029 0 29 128 374
bird 0.0020 0 101 68 252
bird 0.0015 0 82 119 258
cat 0.3778 247 98 418 372
cat 0.3605 1 16 305 370
cat 0.0885 275 18 502 370
cat 0.0502 82 18 481 368
cat 0.0299 386 34 500 353
cat 0.0169 458 136 499 371
cat 0.0154 13 4 495 203
cat 0.0073 112 118 308 367
cat 0.0024 289 39 419 295
cat 0.0020 0 63 124 372
cat 0.0017 320 90 495 310
cat 0.0012 470 213 499 372
dog 0.0789 248 104 418 369
dog 0.0643 1 16 305 370
dog 0.0210 275 19 502 370
dog 0.0115 82 18 481 368
dog 0.0095 458 136 499 371
dog 0.0074 384 75 499 366
dog 0.0031 112 118 308 367
dog 0.0017 13 4 495 203
horse 0.0024 -4 19 457 371
horse 0.0014 458 136 499 371
horse 0.0010 275 18 502 370
sheep 0.0106 1 16 305 370
sheep 0.0019 457 181 499 373
sheep 0.0016 11 4 497 158
cow 0.0034 1 16 305 370
cow 0.0019 458 136 499 371
cow 0.0016 305 18 499 368
cow 0.0012 384 75 499 366
cow 0.0010 287 94 418 352
chair 0.0040 0 1 430 371
chair 0.0025 386 34 500 353
chair 0.0017 459 213 499 370
chair 0.0011 275 19 502 370
sofa 0.0157 1 10 429 373
sofa 0.0040 386 34 500 353
sofa 0.0017 3 2 469 157
sofa 0.0011 452 130 500 369
sofa 0.0011 275 19 502 370
pottedplant 0.0014 268 15 499 358
diningtable 0.0019 1 10 429 373
tvmonitor 0.0019 0 1 430 371
tvmonitor 0.0016 386 34 500 353
