person 0.8866 252 112 448 325
person 0.0024 364 116 447 189
person 0.0022 251 212 277 289
person 0.0020 325 143 341 169
person 0.0017 391 127 420 187
person 0.0015 385 101 452 318
person 0.0015 381 137 402 170
person 0.0013 318 113 408 176
person 0.0013 222 12 241 45
person 0.0011 10 196 166 274
person 0.0011 79 211 100 290
person 0.0011 240 208 263 269
bus 0.0020 10 194 151 286
bottle 0.8230 81 210 103 290
bottle 0.6532 252 219 276 289
bottle 0.5199 219 213 236 275
bottle 0.5140 222 13 241 44
bottle 0.3440 164 0 188 43
bottle 0.2164 240 2 268 44
bottle 0.1864 183 213 206 262
bottle 0.1685 51 233 67 271
bottle 0.1381 43 120 64 157
bottle 0.0823 45 233 59 263
bottle 0.0822 276 1 305 45
bottle 0.0743 202 3 226 42
bottle 0.0733 141 23 162 41
bottle 0.0613 33 232 56 266
bottle 0.0535 56 225 74 266
bottle 0.0528 31 230 45 265
bottle 0.0475 63 224 82 267
bottle 0.0450 239 212 264 277
bottle 0.0437 36 227 59 288
bottle 0.0361 220 199 233 260
bottle 0.0358 49 228 63 261
bottle 0.0342 357 33 367 49
bottle 0.0323 94 212 109 277
bottle 0.0321 195 0 218 43
bottle 0.0299 107 166 117 191
bottle 0.0289 186 1 206 43
bottle 0.0288 164 20 185 42
bottle 0.0218 19 198 148 289
bottle 0.0215 148 252 168 287
bottle 0.0193 82 247 101 290
bottle 0.0187 261 237 277 285
bottle 0.0179 219 258 234 275
bottle 0.0179 55 230 69 289
bottle 0.0179 381 115 390 132
bottle 0.0177 223 209 240 258
bottle 0.0174 305 242 317 273
bottle 0.0153 0 7 5 40
bottle 0.0145 316 143 325 174
bottle 0.0143 166 2 189 21
bottle 0.0123 38 260 58 291
bottle 0.0121 167 197 173 224
bottle 0.0119 309 239 321 283
bottle 0.0118 101 206 127 278
bottle 0.0118 186 199 203 236
bottle 0.0114 206 268 221 292
bottle 0.0113 209 198 235 262
bottle 0.0109 217 244 236 281
bottle 0.0102 183 0 198 42
bottle 0.0100 232 213 245 251
bottle 0.0098 248 242 265 284
bottle 0.0086 0 129 35 285
bottle 0.0077 380 114 392 140
bottle 0.0073 230 214 246 275
bottle 0.0073 238 211 257 252
bottle 0.0071 77 201 140 276
bottle 0.0067 220 211 270 284
bottle 0.0064 120 167 126 178
bottle 0.0060 253 244 273 281
bottle 0.0060 232 230 260 281
bottle 0.0060 49 130 93 158
bottle 0.0056 179 200 202 246
bottle 0.0055 195 197 229 264
bottle 0.0055 23 217 46 269
bottle 0.0054 104 165 120 194
bottle 0.0053 265 251 277 281
bottle 0.0052 204 2 217 40
bottle 0.0052 249 209 265 270
bottle 0.0051 240 208 266 239
bottle 0.0049 308 241 316 265
bottle 0.0049 275 258 284 271
bottle 0.0048 151 20 177 41
bottle 0.0047 219 227 235 259
bottle 0.0047 267 215 279 228
bottle 0.0045 243 1 264 12
bottle 0.0045 257 242 276 269
bottle 0.0044 84 209 107 263
bottle 0.0044 247 223 259 251
bottle 0.0043 38 223 52 259
bottle 0.0040 108 177 154 207
bottle 0.0040 2 129 34 207
bottle 0.0040 397 131 419 187
bottle 0.0037 247 243 260 270
bottle 0.0034 34 239 47 268
bottle 0.0033 149 240 181 287
bottle 0.0033 121 211 142 274
bottle 0.0033 237 244 257 271
bottle 0.0032 78 211 96 257
bottle 0.0030 322 141 341 170
bottle 0.0029 391 124 413 139
bottle 0.0028 181 258 202 293
bottle 0.0028 185 219 204 244
bottle 0.0028 82 241 101 266
bottle 0.0027 251 215 262 249
bottle 0.0027 242 0 265 25
bottle 0.0025 202 272 256 294
bottle 0.0024 207 212 224 273
bottle 0.0023 253 2 272 45
bottle 0.0023 240 12 258 45
bottle 0.0023 56 245 66 275
bottle 0.0022 103 193 123 206
chair 0.0067 411 276 479 329
chair 0.0015 0 127 35 287
chair 0.0012 38 260 58 291
chair 0.0011 207 270 221 291
chair 0.0011 0 302 6 330
chair 0.0010 324 140 341 168
pottedplant 0.0045 276 1 305 45
pottedplant 0.0018 251 212 277 289
pottedplant 0.0011 222 13 241 44
pottedplant 0.0010 241 3 267 44
diningtable 0.0229 4 274 280 327
diningtable 0.0040 76 201 108 286
diningtable 0.0035 179 260 204 292
diningtable 0.0029 145 250 172 289
diningtable 0.0026 99 297 299 327
diningtable 0.0025 10 194 151 286
diningtable 0.0022 38 260 58 291
diningtable 0.0022 79 245 334 326
diningtable 0.0012 82 242 101 291
diningtable 0.0010 208 276 300 297
diningtable 0.0010 1 215 170 321
tvmonitor 0.0030 3 128 35 205
tvmonitor 0.0028 80 213 103 287
tvmonitor 0.0028 418 114 443 190
tvmonitor 0.0027 10 195 148 285
tvmonitor 0.0017 300 135 434 173
tvmonitor 0.0015 108 306 251 330
tvmonitor 0.0014 0 129 35 285
tvmonitor 0.0010 324 119 405 173
