person 0.8437 190 135 292 276
person 0.4082 153 44 172 71
person 0.0927 174 58 195 73
person 0.0379 115 55 133 72
person 0.0321 103 57 128 70
person 0.0313 170 49 184 71
person 0.0249 103 53 145 74
person 0.0248 165 47 180 70
person 0.0204 150 51 199 75
person 0.0128 255 71 261 85
person 0.0125 325 309 337 331
person 0.0111 118 52 129 67
person 0.0101 7 183 45 230
person 0.0083 133 57 148 70
person 0.0073 0 184 15 226
person 0.0067 116 57 140 79
person 0.0065 146 47 175 77
person 0.0044 124 55 147 69
person 0.0040 449 231 482 256
person 0.0038 100 58 119 69
person 0.0037 99 47 135 66
person 0.0034 199 134 308 216
person 0.0034 121 50 142 60
person 0.0032 159 53 187 78
person 0.0029 160 45 194 70
person 0.0029 147 50 167 71
person 0.0029 48 135 368 303
person 0.0029 176 47 190 63
person 0.0027 174 51 199 78
person 0.0024 167 54 179 77
person 0.0024 119 60 150 83
person 0.0024 105 49 126 64
person 0.0023 249 137 290 206
person 0.0023 322 309 347 330
person 0.0021 165 59 193 78
person 0.0021 100 58 131 79
person 0.0019 146 61 179 82
person 0.0017 192 158 320 321
person 0.0017 0 161 163 228
person 0.0017 475 44 482 65
person 0.0017 450 148 482 168
person 0.0015 254 60 264 86
person 0.0014 256 81 262 92
person 0.0013 0 184 29 229
person 0.0013 213 68 227 83
person 0.0013 4 169 74 229
person 0.0011 131 64 150 83
person 0.0011 214 58 229 83
person 0.0011 114 63 136 81
person 0.0010 12 161 48 222
person 0.0010 178 59 204 78
person 0.0010 317 309 360 333
person 0.0010 131 62 171 84
person 0.0010 136 58 155 75
bicycle 0.0045 114 62 144 82
bicycle 0.0029 111 55 137 77
bicycle 0.0029 449 231 482 256
bicycle 0.0021 103 53 149 80
bicycle 0.0016 117 53 148 72
bicycle 0.0010 153 46 172 70
car 0.3550 175 60 197 74
car 0.1780 101 58 120 69
car 0.0523 102 53 145 74
car 0.0354 120 51 142 61
car 0.0345 150 51 199 75
car 0.0284 150 45 176 71
car 0.0282 117 53 139 72
car 0.0279 121 51 145 66
car 0.0268 169 52 187 72
car 0.0213 114 57 143 79
car 0.0202 377 230 481 276
car 0.0199 410 230 482 259
car 0.0164 446 230 483 256
car 0.0161 98 46 137 67
car 0.0118 118 55 129 71
car 0.0115 100 58 132 79
car 0.0112 319 239 481 328
car 0.0109 174 51 199 78
car 0.0106 0 34 19 42
car 0.0105 113 52 133 68
car 0.0080 137 50 185 79
car 0.0075 163 59 194 78
car 0.0069 100 46 132 59
car 0.0063 178 59 205 78
car 0.0056 133 57 149 70
car 0.0054 378 246 481 297
car 0.0050 96 35 118 42
car 0.0045 96 38 123 53
car 0.0040 129 52 152 67
car 0.0039 0 34 22 48
car 0.0037 167 50 180 71
car 0.0036 1 183 45 229
car 0.0034 95 52 122 68
car 0.0032 105 49 126 64
car 0.0024 114 48 135 57
car 0.0024 19 46 143 79
car 0.0024 -1 238 77 299
car 0.0023 369 235 472 257
car 0.0022 420 238 482 271
car 0.0020 127 62 175 84
car 0.0019 160 45 194 70
car 0.0019 112 45 159 73
car 0.0019 108 44 143 59
car 0.0017 127 47 167 69
car 0.0016 462 235 482 256
car 0.0016 0 33 41 74
car 0.0015 98 44 154 86
car 0.0015 128 44 155 59
car 0.0014 245 25 297 44
car 0.0013 118 63 152 83
car 0.0013 93 59 119 79
car 0.0012 63 52 122 79
car 0.0012 0 184 15 226
car 0.0011 0 34 21 61
car 0.0010 250 20 296 37
car 0.0010 133 57 158 75
motorbike 0.0020 449 231 482 256
motorbike 0.0011 153 46 172 70
motorbike 0.0010 102 53 145 74
boat 0.0016 445 230 482 256
bird 0.0025 359 418 409 444
horse 0.8668 21 173 385 440
horse 0.0066 0 233 94 339
horse 0.0056 1 220 152 327
horse 0.0022 223 174 387 423
horse 0.0011 5 183 45 230
horse 0.0010 15 209 210 398
horse 0.0010 2 161 161 229
cow 0.0012 19 173 387 439
chair 0.0258 0 290 21 331
chair 0.0126 1 183 45 229
chair 0.0103 0 242 70 332
chair 0.0038 0 269 26 327
chair 0.0022 447 230 482 256
chair 0.0021 0 184 15 226
chair 0.0018 -1 161 169 231
chair 0.0017 2 163 60 227
chair 0.0017 153 45 172 70
chair 0.0014 0 281 44 333
chair 0.0011 0 246 55 302
diningtable 0.0299 0 158 174 228
diningtable 0.0042 0 240 72 329
diningtable 0.0027 0 289 24 331
diningtable 0.0015 0 138 169 197
diningtable 0.0013 0 253 42 331
diningtable 0.0012 -1 227 92 298
diningtable 0.0011 0 236 81 259
diningtable 0.0011 2 163 55 227
