person 0.7053 138 52 231 277
person 0.3875 60 106 68 122
person 0.1413 54 107 62 122
person 0.1115 47 105 58 123
person 0.0643 53 106 69 122
person 0.0405 121 90 127 104
person 0.0380 129 93 141 102
person 0.0277 156 56 238 197
person 0.0105 225 99 243 169
person 0.0100 46 107 53 123
person 0.0076 57 109 66 124
person 0.0076 319 128 372 226
person 0.0075 120 90 137 104
person 0.0065 221 102 286 169
person 0.0047 65 106 72 121
person 0.0044 178 94 244 172
person 0.0041 257 104 287 169
person 0.0035 168 87 227 262
person 0.0024 61 106 75 121
person 0.0019 208 96 256 166
person 0.0016 177 48 234 161
person 0.0012 182 114 227 216
person 0.0010 221 113 237 155
person 0.0010 44 106 51 122
person 0.0010 366 128 373 145
car 0.0606 130 93 142 102
car 0.0080 120 90 137 104
car 0.0054 132 92 142 98
car 0.0029 144 92 155 96
car 0.0025 120 90 128 103
car 0.0023 139 92 155 98
car 0.0014 159 47 176 60
car 0.0010 133 92 150 100
boat 0.0020 258 104 287 169
boat 0.0010 284 143 338 169
bird 0.0407 319 128 372 226
bird 0.0089 248 186 309 222
bird 0.0035 233 187 286 223
bird 0.0023 363 263 372 277
bird 0.0023 313 258 339 267
bird 0.0023 350 181 373 211
bird 0.0023 243 103 288 169
bird 0.0021 251 187 284 214
bird 0.0016 340 126 372 178
bird 0.0014 286 137 340 169
bird 0.0011 328 115 372 140
bird 0.0011 267 192 316 221
bird 0.0010 255 189 315 242
cat 0.0126 320 135 372 227
cat 0.0016 139 52 231 276
dog 0.0484 140 43 233 247
dog 0.0391 319 128 372 226
dog 0.0122 173 54 240 209
dog 0.0069 142 103 231 182
dog 0.0044 224 102 287 169
dog 0.0025 178 91 234 174
dog 0.0013 191 117 227 188
horse 0.0341 319 128 372 226
horse 0.0153 138 38 228 275
horse 0.0022 55 107 60 122
horse 0.0020 59 106 68 122
horse 0.0014 47 104 58 122
sheep 0.0339 319 127 372 225
sheep 0.0048 138 38 228 275
cow 0.2394 319 128 372 226
cow 0.0079 224 101 287 168
cow 0.0033 138 52 231 277
cow 0.0017 356 131 373 176
cow 0.0017 340 126 372 178
cow 0.0013 59 106 68 122
cow 0.0011 351 175 373 211
bottle 0.0013 285 232 300 244
bottle 0.0010 363 264 372 278
chair 0.0013 258 104 287 169
pottedplant 0.0016 284 126 340 167
pottedplant 0.0013 349 0 372 114
pottedplant 0.0011 328 114 372 138
