person 0.7815 205 68 265 217
person 0.7543 215 160 341 370
person 0.0897 231 62 266 194
person 0.0843 200 81 216 205
person 0.0300 202 75 231 169
person 0.0180 201 81 218 128
person 0.0128 244 186 283 250
person 0.0127 268 188 349 376
person 0.0119 209 69 245 146
person 0.0117 256 205 270 224
person 0.0105 201 70 229 122
person 0.0089 240 66 262 140
person 0.0069 200 94 212 174
person 0.0060 315 195 350 303
person 0.0054 219 170 327 282
person 0.0054 201 96 236 219
person 0.0052 216 71 240 122
person 0.0035 216 55 265 121
person 0.0031 427 180 489 227
person 0.0028 278 250 337 372
person 0.0028 325 191 355 260
person 0.0027 208 85 237 134
person 0.0025 233 84 242 125
person 0.0025 220 76 238 109
person 0.0025 202 80 215 106
person 0.0022 241 200 279 236
person 0.0021 219 102 236 130
person 0.0021 195 78 223 220
person 0.0019 237 89 259 130
person 0.0015 322 191 350 224
person 0.0015 202 100 216 128
person 0.0015 472 153 500 258
person 0.0015 233 91 263 151
person 0.0014 289 187 303 203
person 0.0014 66 188 335 366
person 0.0014 209 53 232 103
person 0.0014 215 82 226 110
person 0.0014 225 201 266 262
person 0.0013 494 161 499 170
person 0.0013 228 82 239 108
person 0.0012 417 165 499 188
person 0.0012 202 95 220 121
person 0.0012 232 107 241 124
person 0.0012 330 201 480 247
person 0.0012 5 363 64 374
person 0.0010 228 85 238 100
person 0.0010 384 236 498 371
person 0.0010 200 120 209 173
person 0.0010 246 86 266 155
car 0.0020 96 286 134 300
car 0.0013 200 276 230 287
car 0.0012 458 158 499 171
bottle 0.0018 450 145 471 168
bottle 0.0017 249 202 265 227
bottle 0.0016 256 206 270 223
bottle 0.0016 416 165 501 187
bottle 0.0012 161 226 206 284
chair 0.8505 405 233 499 375
chair 0.7114 398 161 423 199
chair 0.6331 355 328 384 375
chair 0.5712 329 225 392 328
chair 0.4495 428 179 492 268
chair 0.4423 329 225 350 264
chair 0.3232 322 191 353 250
chair 0.2813 430 181 488 222
chair 0.2733 449 143 473 167
chair 0.2157 478 203 499 259
chair 0.2123 396 195 453 212
chair 0.1997 321 192 376 258
chair 0.1757 420 162 498 227
chair 0.1593 323 227 364 371
chair 0.1520 417 165 499 188
chair 0.1492 397 163 442 204
chair 0.1454 324 213 353 276
chair 0.1373 382 239 465 374
chair 0.1363 460 151 499 170
chair 0.1079 397 180 452 214
chair 0.1015 348 249 400 341
chair 0.0997 336 198 487 242
chair 0.0835 334 198 482 288
chair 0.0753 322 190 351 222
chair 0.0622 459 149 500 187
chair 0.0577 329 212 397 280
chair 0.0489 440 146 452 167
chair 0.0487 455 159 500 243
chair 0.0466 450 143 473 154
chair 0.0401 282 226 352 372
chair 0.0398 207 362 289 375
chair 0.0370 458 160 499 175
chair 0.0367 346 304 388 374
chair 0.0360 383 197 451 241
chair 0.0322 447 229 483 289
chair 0.0285 398 195 465 225
chair 0.0274 353 244 431 366
chair 0.0238 375 244 403 274
chair 0.0237 478 199 499 231
chair 0.0225 464 204 496 267
chair 0.0197 373 196 487 340
chair 0.0188 479 177 500 242
chair 0.0180 15 365 64 375
chair 0.0178 406 172 483 314
chair 0.0168 397 195 439 205
chair 0.0166 333 232 349 279
chair 0.0163 194 224 219 269
chair 0.0141 338 242 391 289
chair 0.0136 326 222 377 262
chair 0.0128 369 235 416 289
chair 0.0127 437 150 483 169
chair 0.0122 486 187 499 207
chair 0.0116 215 160 342 371
chair 0.0110 463 158 501 208
chair 0.0109 307 221 397 371
chair 0.0108 488 215 499 260
chair 0.0106 330 327 381 375
chair 0.0093 315 195 350 303
chair 0.0083 435 222 496 345
chair 0.0078 210 351 293 374
chair 0.0077 61 264 300 371
chair 0.0077 432 312 499 371
chair 0.0075 355 227 401 307
chair 0.0075 164 225 214 283
chair 0.0071 462 223 487 280
chair 0.0066 330 225 360 287
chair 0.0064 423 142 506 196
chair 0.0060 379 278 434 372
chair 0.0059 452 151 467 168
chair 0.0052 494 161 499 170
chair 0.0051 482 217 499 276
chair 0.0051 476 202 499 219
chair 0.0048 398 196 424 204
chair 0.0046 476 183 499 211
chair 0.0046 347 252 394 278
chair 0.0045 495 158 500 168
chair 0.0041 373 174 399 203
chair 0.0038 312 190 396 300
chair 0.0038 355 164 433 207
chair 0.0033 459 146 499 163
chair 0.0033 380 170 411 201
chair 0.0031 491 189 499 209
chair 0.0031 431 147 449 167
chair 0.0030 322 191 350 208
chair 0.0030 363 228 413 339
chair 0.0029 414 147 494 179
chair 0.0028 0 359 65 374
chair 0.0028 400 162 422 177
chair 0.0027 483 205 500 225
chair 0.0026 93 282 138 301
chair 0.0024 396 167 485 214
chair 0.0024 207 333 301 371
chair 0.0024 327 172 406 253
chair 0.0023 325 277 354 372
chair 0.0022 393 153 465 192
chair 0.0021 356 290 403 363
chair 0.0019 473 152 499 166
chair 0.0019 308 196 330 220
chair 0.0017 304 204 325 217
chair 0.0017 322 192 338 224
sofa 0.0105 459 151 499 171
sofa 0.0087 412 165 502 186
sofa 0.0054 419 164 499 246
sofa 0.0043 399 162 423 197
sofa 0.0042 459 157 500 197
sofa 0.0038 436 153 501 182
sofa 0.0037 458 160 499 175
sofa 0.0029 341 197 483 243
sofa 0.0026 428 178 489 278
sofa 0.0025 405 172 491 222
sofa 0.0025 450 143 472 167
sofa 0.0024 397 163 442 204
sofa 0.0018 406 235 499 372
sofa 0.0014 478 196 500 258
sofa 0.0014 397 195 452 212
sofa 0.0013 397 180 452 214
sofa 0.0010 209 153 346 371
diningtable 0.6822 62 262 301 371
diningtable 0.5314 414 165 500 191
diningtable 0.4546 332 200 483 254
diningtable 0.2419 335 197 483 339
diningtable 0.2150 420 162 498 227
diningtable 0.1024 396 163 424 199
diningtable 0.0872 428 179 492 269
diningtable 0.0598 460 151 499 170
diningtable 0.0547 459 149 500 187
diningtable 0.0515 445 144 485 169
diningtable 0.0414 360 173 477 241
diningtable 0.0406 478 201 499 258
diningtable 0.0362 427 179 492 218
diningtable 0.0331 331 221 403 331
diningtable 0.0327 370 238 477 371
diningtable 0.0301 457 160 499 175
diningtable 0.0283 455 159 500 243
diningtable 0.0226 161 226 206 284
diningtable 0.0158 362 229 435 288
diningtable 0.0129 398 163 449 209
diningtable 0.0128 382 188 483 288
diningtable 0.0115 327 196 395 264
diningtable 0.0095 463 158 500 208
diningtable 0.0093 423 142 506 196
diningtable 0.0063 486 187 499 207
diningtable 0.0063 414 147 494 179
diningtable 0.0061 396 195 453 212
diningtable 0.0053 383 197 451 241
diningtable 0.0052 398 195 465 225
diningtable 0.0052 479 177 500 242
diningtable 0.0052 76 195 331 358
diningtable 0.0037 478 202 499 224
diningtable 0.0032 476 183 498 212
diningtable 0.0031 67 323 299 371
diningtable 0.0030 450 144 471 167
diningtable 0.0029 449 163 495 189
diningtable 0.0029 454 151 466 168
diningtable 0.0027 375 243 426 275
diningtable 0.0027 449 196 500 277
diningtable 0.0024 396 223 486 312
diningtable 0.0022 335 204 418 282
diningtable 0.0021 97 283 134 304
diningtable 0.0020 464 205 496 267
diningtable 0.0018 495 158 500 168
diningtable 0.0017 353 244 431 366
diningtable 0.0016 380 246 403 271
diningtable 0.0015 494 161 499 170
diningtable 0.0015 199 276 230 287
diningtable 0.0015 322 190 352 230
diningtable 0.0014 451 151 475 171
diningtable 0.0014 491 184 499 204
diningtable 0.0014 372 199 438 278
diningtable 0.0012 215 159 338 372
diningtable 0.0012 355 328 384 375
diningtable 0.0011 332 177 432 247
diningtable 0.0010 482 217 499 276
diningtable 0.0010 323 235 354 374
tvmonitor 0.0020 460 151 499 170
tvmonitor 0.0014 449 143 475 167
