person 0.7500 20 13 454 371
person 0.0087 335 18 497 362
person 0.0069 282 77 380 285
person 0.0053 219 47 415 317
person 0.0050 299 92 351 152
person 0.0043 -6 20 229 370
person 0.0035 0 106 77 311
person 0.0032 74 271 451 370
person 0.0029 257 55 360 327
person 0.0025 312 61 402 321
person 0.0024 0 34 112 352
person 0.0023 285 92 354 192
person 0.0015 323 97 349 146
person 0.0011 442 18 500 348
car 0.0028 20 13 454 371
bus 0.0010 21 12 460 372
train 0.0015 21 12 460 372
chair 0.0079 335 18 497 362
chair 0.0049 1 301 99 372
chair 0.0018 277 70 394 319
chair 0.0018 20 13 454 371
chair 0.0018 327 45 410 321
chair 0.0017 0 77 83 337
chair 0.0012 36 273 446 367
chair 0.0010 -1 22 176 356
sofa 0.0027 22 10 490 370
sofa 0.0013 0 106 77 311
diningtable 0.0052 0 297 100 372
tvmonitor 0.0025 9 0 465 124
tvmonitor 0.0016 319 14 472 357
