person 0.0123 119 152 128 165
person 0.0036 113 173 121 186
person 0.0015 114 153 127 180
person 0.0011 486 181 499 194
person 0.0011 494 128 499 152
car 0.0094 407 147 465 176
car 0.0078 415 171 437 178
car 0.0052 413 167 438 177
car 0.0038 408 156 437 176
car 0.0027 479 144 499 157
car 0.0022 485 134 500 156
car 0.0021 493 131 499 154
car 0.0015 466 172 490 182
car 0.0014 492 141 499 157
car 0.0014 478 149 493 156
car 0.0013 480 168 499 181
car 0.0012 392 142 425 155
car 0.0012 409 140 499 175
car 0.0012 490 170 499 180
car 0.0011 105 133 412 285
car 0.0010 464 175 483 181
boat 0.0058 105 133 412 285
boat 0.0050 407 147 456 175
boat 0.0019 392 142 425 155
boat 0.0018 484 131 499 158
boat 0.0015 471 168 499 184
boat 0.0014 394 143 440 170
boat 0.0012 483 174 499 194
boat 0.0012 479 143 498 158
boat 0.0012 480 139 499 170
boat 0.0011 492 131 499 155
chair 0.0028 110 134 409 286
sofa 0.0015 110 134 409 286
diningtable 0.0064 110 134 409 286
