person 0.7573 12 24 281 370
person 0.3958 191 0 244 97
person 0.1576 352 0 498 150
person 0.1487 384 97 494 151
person 0.0655 0 0 64 74
person 0.0434 240 143 493 371
person 0.0274 384 94 500 199
person 0.0264 280 235 499 371
person 0.0218 18 0 115 44
person 0.0214 331 48 498 203
person 0.0185 30 0 71 36
person 0.0183 56 1 91 37
person 0.0171 194 1 240 53
person 0.0168 387 97 430 155
person 0.0145 352 72 485 143
person 0.0144 0 295 28 374
person 0.0142 0 1 38 48
person 0.0139 60 1 138 37
person 0.0130 0 341 24 374
person 0.0107 25 0 76 59
person 0.0103 15 54 507 383
person 0.0064 74 154 411 372
person 0.0060 392 90 473 136
person 0.0058 175 2 256 199
person 0.0053 73 3 92 37
person 0.0049 164 -3 291 143
person 0.0049 339 97 465 160
person 0.0049 388 124 424 155
person 0.0046 226 154 358 372
person 0.0040 154 12 239 112
person 0.0039 440 99 500 142
person 0.0039 227 103 290 205
person 0.0038 209 7 242 86
person 0.0037 283 284 374 360
person 0.0035 9 0 68 43
person 0.0035 0 0 25 34
person 0.0030 474 99 499 140
person 0.0029 354 0 397 94
person 0.0029 149 -4 336 208
person 0.0029 217 0 254 94
person 0.0027 457 360 499 374
person 0.0026 385 2 500 100
person 0.0025 242 71 312 166
person 0.0023 261 149 425 314
person 0.0022 483 103 499 204
person 0.0021 494 170 499 191
person 0.0021 179 335 262 373
person 0.0020 223 -2 500 311
person 0.0020 228 -1 312 173
person 0.0019 258 247 424 353
person 0.0018 0 252 25 359
person 0.0018 288 299 352 353
person 0.0018 174 0 205 28
person 0.0018 34 276 493 373
person 0.0018 366 115 444 162
person 0.0017 48 3 68 35
person 0.0015 286 5 328 77
person 0.0015 0 17 26 68
person 0.0015 0 175 16 330
person 0.0015 0 107 51 185
person 0.0015 337 16 351 34
person 0.0015 391 25 472 154
person 0.0015 0 0 53 31
person 0.0015 186 0 219 26
person 0.0014 382 73 435 142
person 0.0013 290 85 501 249
person 0.0013 0 178 33 361
person 0.0012 0 1 61 165
person 0.0012 490 151 499 191
person 0.0012 231 1 302 98
person 0.0011 472 92 500 216
person 0.0011 6 288 31 349
person 0.0010 83 2 249 91
person 0.0010 -5 274 273 372
person 0.0010 230 9 244 86
bicycle 0.0182 316 88 499 214
bicycle 0.0142 384 97 494 151
bicycle 0.0131 386 103 500 231
bicycle 0.0055 348 1 494 168
bicycle 0.0049 270 133 495 367
bicycle 0.0032 218 19 499 339
car 0.3681 353 0 501 100
car 0.0519 387 99 499 147
car 0.0281 355 0 395 91
car 0.0219 474 99 499 140
car 0.0155 391 98 500 197
car 0.0153 286 4 330 77
car 0.0100 11 28 513 367
car 0.0097 303 0 496 157
car 0.0064 438 99 500 142
car 0.0056 378 60 496 155
car 0.0054 295 6 356 46
car 0.0050 310 6 352 34
car 0.0038 354 0 431 96
car 0.0032 313 102 501 228
car 0.0029 276 2 399 88
car 0.0024 337 14 352 33
car 0.0021 178 -8 498 187
car 0.0018 472 96 499 195
car 0.0017 238 2 295 33
car 0.0015 175 0 207 25
car 0.0014 240 143 492 371
car 0.0013 191 0 244 97
car 0.0012 231 2 303 99
car 0.0012 339 2 383 90
car 0.0011 383 130 501 235
car 0.0011 190 1 238 43
car 0.0010 289 5 325 33
motorbike 0.0334 239 135 491 370
motorbike 0.0089 290 85 501 249
motorbike 0.0065 354 0 500 99
motorbike 0.0054 387 99 499 147
motorbike 0.0051 331 48 498 203
motorbike 0.0049 11 28 513 367
motorbike 0.0038 223 -2 500 311
motorbike 0.0028 391 98 500 197
motorbike 0.0027 378 60 496 155
motorbike 0.0023 280 235 499 371
motorbike 0.0015 8 164 433 370
motorbike 0.0015 305 167 408 271
motorbike 0.0013 261 149 425 314
motorbike 0.0011 385 125 502 303
bus 0.0016 354 0 500 99
bus 0.0014 387 99 499 148
train 0.0024 11 28 513 367
train 0.0014 350 0 501 98
train 0.0010 220 20 499 336
boat 0.0019 -9 24 486 375
dog 0.0022 238 135 493 370
horse 0.0027 235 120 487 349
bottle 0.0169 178 335 264 374
bottle 0.0022 324 142 344 170
bottle 0.0016 286 5 328 77
bottle 0.0014 325 143 339 158
bottle 0.0013 287 294 353 354
bottle 0.0010 305 263 386 298
chair 0.3330 60 1 138 37
chair 0.3301 0 0 66 77
chair 0.3221 0 106 51 183
chair 0.1248 0 11 54 178
chair 0.0614 0 178 18 311
chair 0.0570 18 0 115 44
chair 0.0467 0 288 28 373
chair 0.0361 0 139 50 363
chair 0.0278 386 99 498 150
chair 0.0272 56 1 90 37
chair 0.0234 385 102 500 230
chair 0.0211 2 30 282 376
chair 0.0211 286 4 330 77
chair 0.0187 0 89 34 299
chair 0.0183 0 135 29 182
chair 0.0173 0 105 51 139
chair 0.0162 53 1 228 35
chair 0.0147 239 135 491 370
chair 0.0138 355 0 499 129
chair 0.0134 26 0 69 60
chair 0.0133 1 165 88 372
chair 0.0126 317 89 498 204
chair 0.0120 16 0 139 71
chair 0.0117 -1 49 83 340
chair 0.0113 0 1 43 60
chair 0.0111 0 341 24 373
chair 0.0108 313 236 498 370
chair 0.0105 173 0 206 26
chair 0.0098 191 0 241 95
chair 0.0092 0 249 14 305
chair 0.0084 0 229 43 372
chair 0.0083 28 0 67 30
chair 0.0080 0 140 22 274
chair 0.0079 0 236 24 354
chair 0.0077 0 171 19 244
chair 0.0072 1 25 41 109
chair 0.0068 37 29 488 368
chair 0.0068 0 157 20 195
chair 0.0066 174 1 235 45
chair 0.0062 73 3 92 37
chair 0.0055 0 176 19 210
chair 0.0055 1 283 89 373
chair 0.0054 0 17 26 68
chair 0.0052 0 130 42 194
chair 0.0052 468 100 499 140
chair 0.0045 86 1 138 25
chair 0.0043 0 86 113 193
chair 0.0042 12 65 25 77
chair 0.0041 1 5 116 179
chair 0.0035 0 54 50 133
chair 0.0034 83 2 249 91
chair 0.0034 288 30 501 229
chair 0.0033 1 147 168 366
chair 0.0032 7 20 265 182
chair 0.0031 223 -2 500 311
chair 0.0029 4 48 29 98
chair 0.0029 1 288 21 347
chair 0.0027 51 2 135 19
chair 0.0026 317 128 500 247
chair 0.0024 209 144 383 374
chair 0.0021 2 55 26 81
chair 0.0020 228 89 288 204
chair 0.0020 237 2 294 35
chair 0.0020 10 16 53 83
chair 0.0020 5 279 32 346
chair 0.0019 186 0 219 26
chair 0.0019 231 1 302 98
chair 0.0018 0 181 18 199
chair 0.0018 3 39 41 78
chair 0.0018 0 229 239 374
chair 0.0018 409 130 499 209
chair 0.0017 -1 276 174 373
chair 0.0017 45 1 71 37
chair 0.0017 151 87 426 382
chair 0.0017 169 1 192 25
chair 0.0016 261 149 425 314
chair 0.0015 0 132 51 251
chair 0.0015 4 42 146 246
chair 0.0014 295 6 356 46
chair 0.0013 457 360 499 374
chair 0.0013 64 2 83 21
chair 0.0013 0 134 21 162
chair 0.0012 0 0 25 34
chair 0.0012 26 19 50 70
chair 0.0012 0 224 9 297
chair 0.0012 314 101 450 161
chair 0.0012 118 1 227 26
chair 0.0011 0 189 16 264
chair 0.0011 463 101 500 187
chair 0.0011 0 61 21 107
chair 0.0011 436 144 499 194
chair 0.0011 0 31 19 61
chair 0.0010 400 7 499 99
chair 0.0010 494 170 499 191
chair 0.0010 6 292 43 374
sofa 0.0381 0 295 27 374
sofa 0.0278 0 341 24 373
sofa 0.0154 3 23 355 376
sofa 0.0046 0 0 64 74
sofa 0.0041 314 236 498 369
sofa 0.0030 6 290 30 353
sofa 0.0028 0 278 88 373
sofa 0.0026 0 178 18 311
sofa 0.0025 0 172 75 368
sofa 0.0024 113 143 415 374
sofa 0.0020 0 178 33 361
sofa 0.0019 240 142 492 370
sofa 0.0018 5 20 273 222
sofa 0.0015 354 0 500 99
sofa 0.0014 0 252 25 359
sofa 0.0014 61 1 138 38
sofa 0.0011 224 154 325 366
diningtable 0.0125 0 143 32 362
diningtable 0.0113 0 178 18 311
diningtable 0.0089 60 1 138 37
diningtable 0.0084 15 54 507 383
diningtable 0.0073 0 338 24 372
diningtable 0.0065 0 104 52 337
diningtable 0.0057 386 99 498 150
diningtable 0.0056 0 13 54 178
diningtable 0.0056 0 171 19 244
diningtable 0.0053 0 106 23 310
diningtable 0.0052 53 1 228 35
diningtable 0.0050 0 298 24 372
diningtable 0.0038 0 133 87 365
diningtable 0.0036 0 104 52 181
diningtable 0.0034 383 133 501 232
diningtable 0.0034 24 3 254 78
diningtable 0.0028 0 0 64 78
diningtable 0.0021 18 0 115 44
diningtable 0.0018 0 54 50 133
diningtable 0.0016 0 176 19 210
diningtable 0.0015 0 181 18 200
diningtable 0.0014 113 143 415 374
diningtable 0.0013 170 0 200 26
diningtable 0.0011 14 4 258 144
diningtable 0.0010 0 249 14 305
diningtable 0.0010 0 61 29 116
tvmonitor 0.0116 354 0 500 99
