person 0.2153 52 224 58 235
person 0.1109 175 296 243 334
person 0.0728 175 257 255 333
person 0.0188 53 223 61 236
person 0.0145 173 257 337 330
person 0.0137 115 222 129 231
person 0.0120 214 260 255 322
person 0.0118 57 224 63 235
person 0.0101 195 278 259 328
person 0.0078 190 298 229 324
person 0.0055 200 298 218 321
person 0.0052 470 227 481 240
person 0.0049 36 220 43 232
person 0.0047 153 219 165 231
person 0.0036 112 220 125 230
person 0.0031 468 226 499 242
person 0.0027 39 225 51 235
person 0.0026 44 227 52 234
person 0.0023 189 261 257 306
person 0.0023 227 235 239 245
person 0.0019 224 202 289 267
person 0.0017 51 220 59 233
person 0.0017 196 299 217 312
person 0.0015 367 226 375 235
person 0.0014 125 223 133 231
person 0.0013 397 221 409 232
person 0.0013 229 259 269 327
person 0.0013 108 223 117 231
person 0.0013 402 214 416 234
person 0.0013 207 292 250 320
person 0.0011 279 317 285 330
person 0.0011 38 226 45 233
person 0.0011 174 274 223 332
person 0.0011 376 205 382 219
person 0.0010 223 198 280 225
person 0.0010 35 218 46 234
bicycle 0.0018 468 226 499 242
car 0.0369 115 222 129 231
car 0.0054 153 219 166 231
car 0.0049 306 224 320 232
car 0.0028 306 223 332 233
car 0.0026 174 256 338 331
car 0.0023 112 219 126 230
car 0.0023 302 225 321 240
car 0.0020 468 227 499 242
car 0.0019 125 223 133 231
car 0.0017 326 209 339 224
car 0.0014 397 221 409 232
car 0.0013 52 224 58 235
car 0.0012 300 237 321 247
car 0.0010 304 223 340 238
boat 0.0042 432 223 456 271
boat 0.0039 468 227 499 242
boat 0.0012 177 258 351 331
bird 0.0385 227 235 239 244
bird 0.0158 176 297 240 335
bird 0.0056 279 317 285 330
bird 0.0036 470 227 481 240
bird 0.0016 468 227 499 242
bird 0.0014 452 223 459 236
bird 0.0011 174 269 248 336
cat 0.0098 177 297 240 334
cat 0.0024 174 269 248 336
cat 0.0012 186 298 225 324
cat 0.0010 227 235 239 244
dog 0.0434 175 296 243 334
dog 0.0115 227 235 239 244
dog 0.0045 173 259 257 336
dog 0.0032 186 298 225 324
dog 0.0015 224 204 288 267
dog 0.0010 187 288 253 324
dog 0.0010 200 298 218 321
horse 0.8550 224 202 289 268
horse 0.0494 227 234 240 244
horse 0.0193 223 197 260 225
horse 0.0096 218 198 285 233
horse 0.0032 220 208 261 261
horse 0.0030 175 257 255 333
horse 0.0028 175 293 245 335
horse 0.0020 173 257 355 329
horse 0.0014 250 204 298 265
horse 0.0011 225 197 268 247
sheep 0.0137 227 235 239 244
sheep 0.0029 226 205 287 269
sheep 0.0021 176 296 241 335
cow 0.0214 227 235 239 244
cow 0.0104 234 204 290 267
cow 0.0020 176 296 241 335
bottle 0.0281 279 318 285 331
bottle 0.0060 176 297 242 336
bottle 0.0015 277 315 288 330
chair 0.0140 183 258 355 330
chair 0.0033 356 261 425 285
chair 0.0018 468 227 499 242
chair 0.0012 298 237 320 246
chair 0.0011 306 224 320 232
sofa 0.0012 181 258 355 330
diningtable 0.0040 194 259 357 329
diningtable 0.0034 359 264 424 286
