person 0.8661 250 171 368 482
person 0.8183 294 453 370 499
person 0.7765 98 139 227 483
person 0.7130 230 475 286 499
person 0.6694 0 334 43 500
person 0.5676 167 482 223 499
person 0.0805 167 477 285 500
person 0.0730 311 168 368 485
person 0.0597 0 335 43 401
person 0.0487 103 461 172 500
person 0.0083 1 335 80 483
person 0.0077 125 475 240 501
person 0.0071 99 461 240 500
person 0.0070 216 454 377 500
person 0.0066 53 151 328 478
person 0.0053 103 164 215 352
person 0.0048 13 392 78 449
person 0.0046 357 262 374 316
person 0.0039 341 193 374 438
person 0.0038 219 471 328 500
person 0.0033 36 441 111 499
person 0.0032 205 457 296 499
person 0.0032 11 379 106 457
person 0.0030 117 203 192 286
person 0.0022 330 260 374 350
person 0.0021 77 448 319 500
person 0.0019 349 266 374 336
person 0.0015 315 224 329 270
person 0.0013 177 483 208 498
person 0.0012 171 488 254 500
person 0.0010 121 210 177 256
person 0.0010 24 400 119 496
car 0.0048 55 158 334 429
car 0.0025 183 210 278 360
car 0.0019 211 210 278 259
car 0.0011 101 211 291 361
boat 0.0049 23 182 377 477
boat 0.0010 99 146 230 489
bird 0.0047 125 209 193 262
bird 0.0021 91 141 228 491
cat 0.0177 91 141 228 491
cat 0.0047 126 208 197 263
cat 0.0034 125 211 167 259
cat 0.0012 229 476 287 499
cat 0.0011 151 205 201 250
cat 0.0010 168 482 225 500
dog 0.1582 91 141 228 491
dog 0.0356 126 208 197 263
dog 0.0100 168 482 225 500
dog 0.0098 125 211 167 259
dog 0.0079 118 189 210 308
dog 0.0065 163 481 274 500
dog 0.0060 229 476 287 499
dog 0.0032 151 205 201 250
dog 0.0025 0 341 39 501
dog 0.0015 53 151 328 478
horse 0.0029 91 141 228 491
sheep 0.1860 99 137 228 482
sheep 0.0071 53 151 328 478
sheep 0.0053 127 208 197 263
sheep 0.0037 125 211 167 259
sheep 0.0035 118 189 210 308
sheep 0.0027 37 441 113 500
sheep 0.0013 112 217 272 403
sheep 0.0012 346 269 374 441
cow 0.0076 104 139 223 479
cow 0.0022 124 210 192 262
bottle 0.0916 317 217 328 266
bottle 0.0295 103 461 172 500
bottle 0.0211 317 219 327 244
bottle 0.0157 121 208 196 265
bottle 0.0113 315 226 331 275
bottle 0.0062 124 209 167 259
bottle 0.0059 0 329 42 505
bottle 0.0047 311 221 324 270
bottle 0.0019 309 229 329 299
bottle 0.0014 316 216 325 227
bottle 0.0013 299 217 323 295
bottle 0.0012 113 142 220 372
chair 0.0180 211 210 278 260
chair 0.0079 55 158 334 429
chair 0.0057 183 210 278 360
chair 0.0035 0 332 42 500
chair 0.0034 64 196 330 337
chair 0.0032 103 135 226 479
chair 0.0023 351 330 374 444
sofa 0.0041 351 330 374 444
sofa 0.0032 23 182 377 477
sofa 0.0026 0 332 42 500
pottedplant 0.0012 347 265 374 337
diningtable 0.0011 0 332 41 500
