person 0.0746 67 171 190 219
person 0.0137 424 59 433 82
person 0.0078 66 105 193 218
person 0.0037 65 106 106 170
person 0.0033 447 53 453 66
person 0.0029 308 49 319 59
person 0.0016 263 47 272 60
person 0.0014 64 107 132 198
person 0.0010 249 103 284 131
aeroplane 0.0011 309 49 319 59
aeroplane 0.0010 353 118 372 130
boat 0.0069 249 103 284 131
boat 0.0045 350 55 377 93
boat 0.0042 423 58 432 82
boat 0.0022 410 98 420 105
boat 0.0015 422 78 432 85
boat 0.0014 461 48 485 89
boat 0.0010 66 170 192 220
boat 0.0010 247 125 283 135
bird 0.5358 447 53 453 65
bird 0.4431 309 49 319 59
bird 0.4401 263 47 272 60
bird 0.3389 423 58 432 82
bird 0.3113 278 94 289 117
bird 0.2231 354 118 372 130
bird 0.1820 284 75 291 83
bird 0.1134 251 95 287 128
bird 0.1088 410 98 420 105
bird 0.0530 460 132 481 155
bird 0.0487 435 119 450 144
bird 0.0425 356 18 362 25
bird 0.0271 255 102 280 124
bird 0.0192 360 2 370 6
bird 0.0179 354 122 371 135
bird 0.0156 353 114 375 127
bird 0.0150 424 76 432 85
bird 0.0144 424 58 433 72
bird 0.0124 442 53 454 71
bird 0.0120 248 112 284 133
bird 0.0118 351 18 361 25
bird 0.0099 69 170 191 218
bird 0.0093 273 96 288 124
bird 0.0090 356 17 364 23
bird 0.0075 281 73 291 86
bird 0.0074 350 55 377 93
bird 0.0067 276 95 299 123
bird 0.0062 289 47 320 57
bird 0.0058 279 92 289 104
bird 0.0057 261 47 279 60
bird 0.0055 464 80 471 89
bird 0.0052 359 117 375 123
bird 0.0050 353 81 360 94
bird 0.0049 290 96 303 115
bird 0.0044 349 75 358 87
bird 0.0043 444 52 458 66
bird 0.0042 295 97 302 110
bird 0.0040 425 59 432 65
bird 0.0040 256 47 272 59
bird 0.0039 345 71 359 84
bird 0.0038 295 97 306 112
bird 0.0037 352 71 363 94
bird 0.0032 461 133 477 146
bird 0.0031 64 107 105 172
bird 0.0031 356 130 371 136
bird 0.0030 399 20 409 29
bird 0.0028 461 49 487 89
bird 0.0025 247 125 283 135
bird 0.0025 347 63 368 94
bird 0.0024 430 53 461 71
bird 0.0023 251 104 274 130
bird 0.0022 435 147 451 153
bird 0.0022 446 52 452 60
bird 0.0019 429 120 457 149
bird 0.0019 464 79 477 90
bird 0.0019 349 114 375 139
bird 0.0019 409 100 419 106
bird 0.0018 286 48 308 54
bird 0.0018 357 1 370 5
bird 0.0018 66 105 193 218
bird 0.0018 361 56 371 62
bird 0.0018 418 68 428 90
bird 0.0017 465 132 482 145
bird 0.0017 261 102 292 131
bird 0.0015 347 18 363 34
bird 0.0014 465 122 485 127
bird 0.0013 463 130 481 137
bird 0.0013 357 55 372 66
bird 0.0011 389 57 398 63
bird 0.0011 363 57 376 63
bird 0.0011 247 69 291 124
bird 0.0011 351 119 364 128
bird 0.0011 368 56 378 65
bird 0.0010 350 111 372 123
bird 0.0010 261 51 271 63
bird 0.0010 355 21 363 33
bird 0.0010 460 164 482 170
bird 0.0010 280 78 291 91
cat 0.0117 68 171 190 219
cat 0.0114 64 106 105 169
dog 0.7470 65 106 107 170
dog 0.6290 67 170 191 220
dog 0.0552 66 106 105 141
dog 0.0194 64 107 132 198
dog 0.0129 66 106 193 216
dog 0.0022 423 58 432 82
dog 0.0020 81 110 109 139
dog 0.0019 63 147 115 214
dog 0.0012 80 177 165 212
dog 0.0011 24 103 118 173
horse 0.0070 69 170 191 218
horse 0.0055 64 107 105 172
horse 0.0014 66 105 193 218
sheep 0.0131 69 170 191 218
sheep 0.0034 64 107 105 172
cow 0.0276 68 171 190 219
cow 0.0123 64 107 105 172
cow 0.0013 66 105 193 218
bottle 0.0013 424 58 433 82
