person 0.7891 96 24 164 123
person 0.3667 471 83 498 146
person 0.1062 467 81 499 190
person 0.0959 439 94 499 175
person 0.0654 432 113 499 225
person 0.0244 318 176 328 184
person 0.0139 429 113 487 165
person 0.0126 432 118 448 163
person 0.0112 308 176 323 183
person 0.0089 29 26 190 153
person 0.0065 479 91 499 169
person 0.0059 333 129 357 162
person 0.0058 433 81 497 144
person 0.0054 484 90 500 209
person 0.0036 475 92 497 129
person 0.0035 489 95 499 158
person 0.0035 361 176 372 184
person 0.0024 18 58 290 198
person 0.0023 399 67 422 127
person 0.0016 401 172 416 182
person 0.0015 399 56 499 172
person 0.0015 488 86 499 136
person 0.0014 493 111 499 177
person 0.0011 353 175 370 183
person 0.0011 431 139 447 162
person 0.0011 308 175 325 192
person 0.0010 473 83 496 116
person 0.0010 307 175 317 185
person 0.0010 242 63 470 216
bicycle 0.0014 432 101 497 181
car 0.0256 435 111 497 227
car 0.0069 13 138 475 237
car 0.0046 5 163 171 235
car 0.0020 15 91 292 236
car 0.0020 4 25 486 244
motorbike 0.0021 432 115 497 228
motorbike 0.0010 431 117 497 160
aeroplane 0.0032 10 97 493 235
aeroplane 0.0023 426 117 496 225
aeroplane 0.0016 318 28 506 206
aeroplane 0.0014 399 67 422 128
bus 0.0073 13 138 475 237
bus 0.0030 434 115 497 229
bus 0.0018 4 25 486 244
bus 0.0013 235 156 482 215
train 0.0709 235 156 482 215
train 0.0501 11 134 496 235
train 0.0113 432 115 498 225
train 0.0045 5 163 172 235
train 0.0034 266 105 501 219
train 0.0027 245 172 438 227
train 0.0015 88 55 506 220
train 0.0013 11 171 92 204
boat 0.0078 297 40 502 193
boat 0.0068 236 156 482 217
boat 0.0026 398 70 421 127
boat 0.0017 88 55 506 220
boat 0.0012 267 94 502 221
bird 0.0046 397 71 422 127
bird 0.0016 333 129 352 155
cat 0.0010 431 115 498 226
dog 0.0156 432 114 498 226
dog 0.0038 439 94 499 175
dog 0.0033 17 90 292 237
dog 0.0025 430 117 493 161
dog 0.0015 469 81 499 166
horse 0.7286 15 84 289 234
horse 0.6221 431 115 498 226
horse 0.0792 11 134 496 235
horse 0.0421 439 94 499 175
horse 0.0303 95 25 166 151
horse 0.0244 469 81 499 166
horse 0.0159 430 117 493 161
horse 0.0145 124 100 281 230
horse 0.0048 4 25 486 244
horse 0.0040 21 74 198 185
horse 0.0021 33 168 398 234
horse 0.0018 12 154 194 232
horse 0.0016 17 70 145 145
horse 0.0015 53 38 190 161
horse 0.0011 484 90 500 209
horse 0.0011 108 175 301 233
sheep 0.0034 431 114 498 225
cow 0.0118 15 91 292 236
cow 0.0071 435 111 497 227
cow 0.0014 431 111 497 171
pottedplant 0.0031 333 131 361 163
