person 0.0700 0 101 8 183
person 0.0314 0 95 9 140
person 0.0103 0 46 12 174
person 0.0080 0 -6 27 216
person 0.0068 0 78 18 205
person 0.0045 136 45 152 64
person 0.0045 0 9 17 152
person 0.0038 0 75 29 261
person 0.0037 0 102 10 233
person 0.0034 0 180 73 204
person 0.0025 -3 164 71 243
person 0.0023 -3 99 27 181
person 0.0022 356 30 391 134
person 0.0021 131 38 166 68
person 0.0021 -2 90 39 354
person 0.0020 0 55 26 154
person 0.0019 444 86 499 258
person 0.0017 237 92 265 130
person 0.0017 384 87 499 265
person 0.0016 0 331 30 373
person 0.0015 287 287 500 372
person 0.0014 0 95 42 208
person 0.0013 141 39 156 65
person 0.0013 410 89 496 146
person 0.0012 0 146 156 236
person 0.0011 0 133 44 249
person 0.0010 209 143 245 236
bicycle 0.0016 132 98 194 141
car 0.0011 7 151 162 240
motorbike 0.0018 209 143 245 236
motorbike 0.0016 236 90 266 129
bird 0.0044 139 42 154 65
bird 0.0019 131 38 166 68
bird 0.0016 209 145 246 233
bird 0.0012 127 29 177 73
bird 0.0010 63 113 118 157
cat 0.0256 63 113 118 157
cat 0.0012 135 97 197 140
dog 0.0034 135 97 197 140
dog 0.0022 61 111 119 157
dog 0.0011 0 97 9 182
horse 0.0032 135 97 197 140
bottle 0.8708 356 31 392 134
bottle 0.0211 236 91 266 129
bottle 0.0187 236 95 267 194
bottle 0.0054 208 142 246 226
bottle 0.0047 383 85 426 129
bottle 0.0032 364 78 389 134
bottle 0.0030 358 34 392 88
bottle 0.0023 192 175 221 207
bottle 0.0020 218 64 261 114
bottle 0.0020 278 143 304 173
bottle 0.0016 63 113 118 157
bottle 0.0013 222 0 233 26
bottle 0.0013 333 28 449 135
bottle 0.0012 262 93 277 107
bottle 0.0011 223 86 263 120
bottle 0.0011 356 54 379 135
chair 0.6259 391 87 496 145
chair 0.2635 443 98 495 147
chair 0.2191 135 97 197 140
chair 0.2020 384 83 427 128
chair 0.1040 444 88 499 259
chair 0.0901 420 90 460 139
chair 0.0470 285 286 498 371
chair 0.0429 56 96 208 152
chair 0.0393 357 30 392 134
chair 0.0348 463 127 499 263
chair 0.0261 262 93 277 108
chair 0.0249 0 329 30 374
chair 0.0243 261 96 362 145
chair 0.0209 283 119 350 162
chair 0.0176 62 110 121 156
chair 0.0176 484 117 496 147
chair 0.0163 458 198 499 255
chair 0.0162 0 101 8 183
chair 0.0157 445 166 500 275
chair 0.0136 432 84 499 183
chair 0.0096 428 178 500 328
chair 0.0083 382 89 499 265
chair 0.0083 235 90 266 130
chair 0.0073 422 248 450 306
chair 0.0065 0 95 9 140
chair 0.0057 32 102 197 186
chair 0.0056 479 115 500 257
chair 0.0052 259 93 278 125
chair 0.0051 89 106 233 180
chair 0.0049 470 108 496 146
chair 0.0047 489 98 499 147
chair 0.0045 237 92 343 121
chair 0.0042 234 84 268 113
chair 0.0041 376 84 465 129
chair 0.0040 204 91 406 163
chair 0.0038 113 83 210 140
chair 0.0037 3 151 162 241
chair 0.0036 474 209 499 255
chair 0.0035 282 116 500 367
chair 0.0031 434 238 499 343
chair 0.0030 318 123 339 136
chair 0.0030 398 236 464 317
chair 0.0029 71 112 168 150
chair 0.0029 365 181 418 209
chair 0.0027 217 64 261 114
chair 0.0026 70 80 303 177
chair 0.0024 394 141 498 348
chair 0.0023 356 201 482 355
chair 0.0021 424 103 453 133
chair 0.0018 219 98 237 118
chair 0.0018 109 114 137 146
chair 0.0017 259 93 359 113
chair 0.0017 0 -6 27 216
chair 0.0016 237 123 267 192
chair 0.0016 487 127 499 150
chair 0.0015 0 102 10 233
chair 0.0014 483 187 499 252
chair 0.0014 476 124 499 150
chair 0.0014 486 212 499 256
chair 0.0013 149 86 437 138
chair 0.0013 282 131 308 150
chair 0.0013 0 46 12 174
chair 0.0012 0 55 26 154
chair 0.0011 110 99 184 151
chair 0.0011 284 123 341 146
chair 0.0011 345 33 450 139
chair 0.0010 0 168 3 179
chair 0.0010 20 103 244 242
chair 0.0010 135 75 222 125
chair 0.0010 150 136 225 172
sofa 0.0116 3 151 162 241
sofa 0.0097 62 110 121 156
sofa 0.0084 0 101 8 183
sofa 0.0078 56 96 208 152
sofa 0.0056 32 102 197 186
sofa 0.0050 384 86 496 144
sofa 0.0034 283 286 497 371
sofa 0.0033 134 98 200 142
sofa 0.0020 384 83 427 128
sofa 0.0015 0 95 9 140
sofa 0.0015 444 86 499 258
sofa 0.0014 443 98 495 147
sofa 0.0011 0 331 30 373
sofa 0.0010 43 107 140 204
sofa 0.0010 20 103 244 242
pottedplant 0.1565 218 62 260 112
pottedplant 0.0730 236 89 266 128
pottedplant 0.0185 203 26 240 82
pottedplant 0.0117 0 6 19 138
pottedplant 0.0096 227 65 262 94
pottedplant 0.0095 219 25 237 97
pottedplant 0.0032 216 84 247 118
pottedplant 0.0027 0 7 35 180
pottedplant 0.0022 228 79 266 118
pottedplant 0.0017 218 98 238 117
pottedplant 0.0015 0 83 11 143
pottedplant 0.0015 0 46 12 174
pottedplant 0.0012 191 30 276 120
pottedplant 0.0012 63 113 118 157
pottedplant 0.0011 217 65 242 105
pottedplant 0.0011 207 3 220 24
pottedplant 0.0010 208 45 246 113
pottedplant 0.0010 209 1 233 27
diningtable 0.6046 6 91 497 361
diningtable 0.0454 208 143 245 234
diningtable 0.0146 285 287 498 371
diningtable 0.0143 68 72 506 234
diningtable 0.0096 65 100 354 300
diningtable 0.0096 235 127 268 193
diningtable 0.0090 155 89 421 218
diningtable 0.0075 13 151 159 240
diningtable 0.0065 262 117 504 328
diningtable 0.0050 365 181 418 209
diningtable 0.0048 235 90 267 133
diningtable 0.0042 204 91 406 163
diningtable 0.0040 135 98 200 141
diningtable 0.0039 0 330 30 374
diningtable 0.0036 261 95 362 144
diningtable 0.0028 197 159 230 216
diningtable 0.0027 444 86 499 258
diningtable 0.0027 7 94 373 213
diningtable 0.0024 322 133 482 278
diningtable 0.0024 356 30 391 135
diningtable 0.0023 384 113 500 322
diningtable 0.0021 272 116 371 159
diningtable 0.0019 187 172 221 212
diningtable 0.0018 279 142 304 172
diningtable 0.0018 460 208 499 255
diningtable 0.0018 381 86 490 143
diningtable 0.0018 55 96 208 152
diningtable 0.0017 383 85 426 129
diningtable 0.0017 129 132 249 178
diningtable 0.0016 150 136 225 172
diningtable 0.0015 445 166 500 275
diningtable 0.0015 332 176 403 217
diningtable 0.0014 20 103 244 242
diningtable 0.0014 232 112 430 203
diningtable 0.0012 62 112 120 156
diningtable 0.0012 110 109 311 253
diningtable 0.0011 419 177 500 314
diningtable 0.0011 81 100 230 177
diningtable 0.0010 338 169 466 231
diningtable 0.0010 252 75 475 167
diningtable 0.0010 273 118 336 175
tvmonitor 0.0035 0 331 30 373
