person 0.8764 164 57 348 373
person 0.0074 256 70 385 365
person 0.0044 0 111 8 134
person 0.0040 292 155 352 223
person 0.0024 0 115 7 151
person 0.0023 273 135 470 370
person 0.0021 68 283 238 372
person 0.0017 289 133 382 258
person 0.0012 289 105 410 306
person 0.0012 0 106 7 123
person 0.0011 23 133 44 146
person 0.0010 74 112 410 371
person 0.0010 10 122 96 170
person 0.0010 89 261 370 370
person 0.0010 0 123 16 154
bicycle 0.0329 321 190 468 373
bicycle 0.0043 64 269 232 370
bicycle 0.0041 78 244 384 370
bicycle 0.0022 61 167 465 371
bicycle 0.0017 64 230 121 311
bicycle 0.0014 351 303 387 374
bicycle 0.0010 63 235 127 368
car 0.3801 0 168 115 243
car 0.3514 2 128 92 172
car 0.1557 163 116 204 151
car 0.0251 87 129 100 147
car 0.0223 18 119 96 155
car 0.0201 375 126 405 149
car 0.0180 33 190 113 224
car 0.0171 311 113 411 187
car 0.0156 145 117 201 160
car 0.0149 1 178 121 347
car 0.0145 -4 125 160 272
car 0.0134 81 104 161 155
car 0.0107 63 229 121 311
car 0.0098 0 120 101 234
car 0.0095 0 111 8 134
car 0.0070 291 153 354 223
car 0.0069 157 125 187 156
car 0.0066 73 123 100 148
car 0.0064 20 132 51 147
car 0.0063 145 128 166 152
car 0.0061 280 112 357 203
car 0.0059 0 148 43 194
car 0.0055 101 123 160 155
car 0.0055 320 116 362 161
car 0.0055 0 145 38 175
car 0.0052 12 122 72 147
car 0.0047 0 156 42 241
car 0.0047 126 127 163 154
car 0.0042 65 119 135 152
car 0.0042 297 125 392 214
car 0.0040 321 122 366 190
car 0.0035 61 167 465 371
car 0.0034 148 129 158 146
car 0.0032 71 271 235 369
car 0.0031 163 128 179 152
car 0.0031 2 87 201 323
car 0.0031 0 198 36 242
car 0.0031 0 128 32 154
car 0.0029 44 183 113 213
car 0.0028 120 140 150 155
car 0.0026 0 141 35 164
car 0.0025 83 121 114 150
car 0.0024 33 125 102 166
car 0.0022 97 134 163 168
car 0.0022 139 121 178 154
car 0.0022 0 123 16 154
car 0.0020 124 145 144 155
car 0.0020 103 137 156 157
car 0.0020 170 115 204 137
car 0.0020 44 124 98 146
car 0.0018 10 131 46 157
car 0.0017 146 97 373 376
car 0.0017 0 103 8 126
car 0.0017 85 133 183 194
car 0.0016 0 115 7 151
car 0.0016 9 132 34 150
car 0.0015 288 153 330 205
car 0.0015 5 80 331 370
car 0.0013 22 181 154 232
car 0.0013 12 140 27 152
car 0.0013 270 104 326 158
car 0.0012 85 79 287 255
car 0.0012 122 136 162 164
car 0.0012 142 128 158 150
car 0.0011 315 111 392 160
car 0.0010 129 128 184 172
motorbike 0.7029 313 188 467 371
motorbike 0.1008 64 232 233 373
motorbike 0.0257 69 309 236 373
motorbike 0.0116 61 167 465 371
motorbike 0.0114 81 260 348 369
motorbike 0.0078 146 97 373 376
motorbike 0.0051 64 230 121 311
motorbike 0.0047 290 138 422 319
motorbike 0.0047 294 154 354 228
motorbike 0.0033 263 186 408 368
motorbike 0.0022 15 225 127 366
motorbike 0.0021 375 126 405 149
motorbike 0.0020 308 113 410 193
motorbike 0.0012 296 142 402 255
motorbike 0.0011 18 150 261 365
motorbike 0.0010 0 116 6 131
bus 0.0145 14 119 86 146
bus 0.0131 9 122 96 171
bus 0.0011 80 104 158 155
bus 0.0011 0 188 117 241
bus 0.0011 0 143 110 248
boat 0.0010 60 217 460 371
bottle 0.0302 351 306 385 373
bottle 0.0114 285 107 299 128
bottle 0.0068 269 106 302 156
bottle 0.0027 292 155 352 223
bottle 0.0025 278 106 299 140
chair 0.0825 71 271 235 369
chair 0.0123 64 230 121 311
chair 0.0043 57 245 323 370
chair 0.0038 0 215 119 370
chair 0.0037 26 227 208 371
chair 0.0013 0 359 68 374
chair 0.0012 62 229 143 359
chair 0.0012 69 316 240 374
chair 0.0010 331 190 465 372
sofa 0.0099 68 283 238 372
sofa 0.0014 0 215 119 370
sofa 0.0013 0 359 68 374
sofa 0.0010 59 215 253 368
pottedplant 0.0021 375 127 406 149
diningtable 0.0068 71 271 235 369
diningtable 0.0044 1 360 67 374
