person 0.0116 477 166 499 227
person 0.0064 0 187 50 321
person 0.0042 134 194 200 227
person 0.0026 0 215 49 262
person 0.0022 470 157 499 317
person 0.0019 0 225 44 372
person 0.0019 0 180 37 233
person 0.0013 146 191 204 216
person 0.0012 0 127 7 191
person 0.0012 492 205 500 228
person 0.0010 0 160 44 255
bicycle 0.0178 134 192 201 226
bicycle 0.0028 174 192 201 214
bicycle 0.0017 136 203 213 237
bicycle 0.0014 149 191 204 213
car 0.0057 246 178 289 201
car 0.0011 476 167 499 227
motorbike 0.0033 134 192 201 226
bird 0.0010 181 192 201 213
cat 0.0086 135 192 200 225
cat 0.0029 477 166 499 226
cat 0.0017 181 192 200 213
cat 0.0013 252 186 292 227
dog 0.0099 134 192 201 226
dog 0.0024 174 192 201 214
horse 0.0027 134 191 202 223
bottle 0.0127 216 202 222 208
bottle 0.0101 205 204 229 239
bottle 0.0065 215 202 225 211
bottle 0.0039 205 202 225 216
bottle 0.0034 238 184 293 229
bottle 0.0029 476 167 498 232
bottle 0.0029 204 205 226 225
bottle 0.0028 210 202 250 234
bottle 0.0015 141 212 275 246
bottle 0.0013 177 223 219 243
bottle 0.0012 220 218 236 238
bottle 0.0011 134 192 201 226
bottle 0.0011 244 178 289 204
bottle 0.0010 223 202 253 225
bottle 0.0010 207 215 216 238
chair 0.8937 115 231 204 352
chair 0.5697 286 219 328 265
chair 0.4614 223 278 299 372
chair 0.3687 211 228 322 317
chair 0.2719 232 227 311 275
chair 0.1310 121 220 136 230
chair 0.1297 135 192 200 225
chair 0.0833 203 225 298 370
chair 0.0805 276 304 383 352
chair 0.0756 211 279 262 373
chair 0.0746 245 181 292 229
chair 0.0724 123 222 140 239
chair 0.0438 144 220 239 302
chair 0.0410 181 192 200 213
chair 0.0323 154 218 307 297
chair 0.0300 205 209 228 239
chair 0.0259 134 208 156 224
chair 0.0240 141 218 222 245
chair 0.0232 96 220 139 235
chair 0.0216 141 212 275 246
chair 0.0200 90 208 190 243
chair 0.0196 238 248 322 303
chair 0.0191 176 227 209 244
chair 0.0176 209 202 251 234
chair 0.0172 134 186 208 211
chair 0.0139 248 179 291 202
chair 0.0139 204 205 227 226
chair 0.0128 94 218 189 259
chair 0.0124 132 194 161 225
chair 0.0124 82 221 140 242
chair 0.0117 116 224 168 255
chair 0.0116 128 200 245 261
chair 0.0113 136 203 213 237
chair 0.0110 130 225 292 357
chair 0.0110 121 228 146 243
chair 0.0109 263 248 305 266
chair 0.0100 366 234 476 301
chair 0.0099 82 227 109 240
chair 0.0091 138 224 200 287
chair 0.0090 133 218 181 251
chair 0.0090 127 226 178 282
chair 0.0090 116 199 177 231
chair 0.0089 254 195 288 232
chair 0.0087 109 220 138 229
chair 0.0082 88 215 204 284
chair 0.0079 205 203 225 216
chair 0.0076 106 218 158 249
chair 0.0074 259 185 293 214
chair 0.0070 207 222 284 301
chair 0.0069 93 228 122 241
chair 0.0066 236 197 326 274
chair 0.0062 144 226 178 243
chair 0.0059 178 227 226 256
chair 0.0059 181 196 286 252
chair 0.0058 102 228 117 242
chair 0.0057 167 224 230 243
chair 0.0054 141 220 195 262
chair 0.0052 287 220 329 244
chair 0.0052 371 246 436 279
chair 0.0050 138 228 171 254
chair 0.0049 221 203 250 223
chair 0.0049 0 221 50 370
chair 0.0048 183 194 219 218
chair 0.0047 471 162 499 310
chair 0.0047 209 279 236 352
chair 0.0045 259 189 303 227
chair 0.0044 482 273 500 312
chair 0.0043 185 213 247 299
chair 0.0043 230 209 282 242
chair 0.0043 377 247 427 264
chair 0.0042 134 204 174 226
chair 0.0040 477 166 499 228
chair 0.0040 215 273 367 370
chair 0.0038 140 222 206 238
chair 0.0038 209 198 272 242
chair 0.0038 215 202 225 211
chair 0.0037 135 192 156 217
chair 0.0036 241 204 263 229
chair 0.0035 236 200 279 231
chair 0.0033 177 221 437 341
chair 0.0033 156 190 197 218
chair 0.0032 216 202 222 208
chair 0.0032 272 299 356 339
chair 0.0031 198 220 236 265
chair 0.0031 208 247 236 293
chair 0.0031 185 217 204 227
chair 0.0031 142 226 199 247
chair 0.0030 175 190 227 226
chair 0.0030 130 231 162 249
chair 0.0029 112 226 158 286
chair 0.0029 231 288 273 373
chair 0.0027 188 194 202 215
chair 0.0027 168 213 217 236
chair 0.0027 266 196 319 238
chair 0.0025 308 222 327 267
chair 0.0025 188 214 204 224
chair 0.0024 172 237 233 313
chair 0.0023 105 228 126 243
chair 0.0023 168 230 226 273
chair 0.0022 253 221 333 263
sofa 0.0199 384 233 473 302
sofa 0.0090 0 216 48 372
sofa 0.0081 471 162 499 310
sofa 0.0074 207 224 300 340
sofa 0.0067 134 192 201 226
sofa 0.0063 245 181 292 229
sofa 0.0054 363 240 436 282
sofa 0.0051 1 195 48 292
sofa 0.0029 234 233 326 304
sofa 0.0027 477 167 499 231
sofa 0.0026 248 179 291 202
sofa 0.0023 276 304 383 352
sofa 0.0023 0 180 46 254
sofa 0.0023 235 255 501 370
sofa 0.0022 0 220 49 263
sofa 0.0022 289 219 328 265
sofa 0.0014 115 230 204 352
sofa 0.0013 387 244 435 272
sofa 0.0012 225 275 335 374
sofa 0.0011 0 182 26 228
sofa 0.0011 377 247 427 264
sofa 0.0010 212 201 253 236
sofa 0.0010 154 218 307 297
pottedplant 0.0416 252 187 292 227
pottedplant 0.0404 209 202 251 234
pottedplant 0.0177 477 166 499 226
pottedplant 0.0156 465 139 499 226
pottedplant 0.0152 181 196 286 252
pottedplant 0.0111 223 203 253 225
pottedplant 0.0110 209 198 272 242
pottedplant 0.0090 241 216 322 265
pottedplant 0.0085 134 192 201 226
pottedplant 0.0062 250 179 293 210
pottedplant 0.0054 232 195 288 237
pottedplant 0.0053 142 192 317 280
pottedplant 0.0043 141 212 275 246
pottedplant 0.0039 204 203 230 240
pottedplant 0.0038 233 203 266 230
pottedplant 0.0034 471 162 499 310
pottedplant 0.0033 488 142 499 198
pottedplant 0.0028 0 195 51 306
pottedplant 0.0025 492 143 499 183
pottedplant 0.0022 240 211 260 230
pottedplant 0.0017 181 192 200 213
pottedplant 0.0014 224 204 245 235
pottedplant 0.0014 215 208 237 236
pottedplant 0.0014 488 144 499 171
pottedplant 0.0013 467 140 499 175
pottedplant 0.0013 493 142 499 167
pottedplant 0.0012 231 227 312 280
pottedplant 0.0012 222 219 241 238
pottedplant 0.0012 491 155 500 207
pottedplant 0.0011 0 156 53 385
pottedplant 0.0010 266 188 296 217
pottedplant 0.0010 1 218 50 266
diningtable 0.4637 235 255 501 370
diningtable 0.1989 136 220 284 306
diningtable 0.1273 276 304 383 352
diningtable 0.0445 141 212 275 246
diningtable 0.0385 202 226 305 326
diningtable 0.0374 144 228 238 329
diningtable 0.0338 170 231 234 303
diningtable 0.0312 118 231 208 354
diningtable 0.0238 141 218 222 245
diningtable 0.0235 128 200 245 261
diningtable 0.0232 232 227 311 275
diningtable 0.0203 91 221 139 239
diningtable 0.0192 167 224 230 243
diningtable 0.0166 237 302 478 364
diningtable 0.0150 122 222 141 239
diningtable 0.0148 206 207 229 241
diningtable 0.0143 205 201 258 240
diningtable 0.0142 134 191 202 223
diningtable 0.0121 113 215 226 300
diningtable 0.0115 176 227 209 244
diningtable 0.0111 305 328 390 355
diningtable 0.0106 234 233 326 304
diningtable 0.0089 94 218 189 259
diningtable 0.0083 90 208 190 243
diningtable 0.0083 181 196 286 252
diningtable 0.0078 225 275 335 374
diningtable 0.0064 173 239 225 250
diningtable 0.0060 72 221 152 327
diningtable 0.0059 101 228 118 242
diningtable 0.0057 87 227 122 241
diningtable 0.0047 142 192 317 280
diningtable 0.0045 116 224 168 255
diningtable 0.0040 178 227 226 256
diningtable 0.0040 133 185 201 210
diningtable 0.0036 265 221 329 265
diningtable 0.0035 272 299 356 339
diningtable 0.0035 111 220 137 231
diningtable 0.0033 160 229 278 354
diningtable 0.0032 106 218 158 249
diningtable 0.0031 168 230 226 273
diningtable 0.0030 140 222 206 238
diningtable 0.0026 422 342 496 372
diningtable 0.0024 384 233 473 302
diningtable 0.0024 244 186 293 233
diningtable 0.0022 82 227 109 240
diningtable 0.0022 166 218 239 237
diningtable 0.0022 201 210 223 235
diningtable 0.0022 168 224 451 343
diningtable 0.0021 202 207 223 224
diningtable 0.0021 246 179 291 212
diningtable 0.0019 143 223 192 252
diningtable 0.0018 182 214 217 227
diningtable 0.0018 155 229 219 245
diningtable 0.0018 136 203 213 237
diningtable 0.0017 458 357 500 375
diningtable 0.0016 90 220 144 231
diningtable 0.0016 121 227 151 241
diningtable 0.0016 220 202 250 227
diningtable 0.0015 327 239 455 289
diningtable 0.0014 238 225 497 307
diningtable 0.0013 356 243 427 276
diningtable 0.0013 189 211 212 223
diningtable 0.0012 203 203 236 230
diningtable 0.0012 471 163 499 308
diningtable 0.0012 97 228 134 243
diningtable 0.0012 0 216 48 372
diningtable 0.0011 220 277 276 372
diningtable 0.0011 140 226 198 286
diningtable 0.0010 202 237 223 246
diningtable 0.0010 135 222 177 262
diningtable 0.0010 208 244 235 290
diningtable 0.0010 198 220 236 265
diningtable 0.0010 134 209 157 224
diningtable 0.0010 176 234 211 246
tvmonitor 0.0797 0 126 7 188
tvmonitor 0.0668 477 166 499 228
tvmonitor 0.0128 470 158 499 315
tvmonitor 0.0073 245 178 290 205
tvmonitor 0.0065 489 162 500 219
tvmonitor 0.0055 247 183 293 227
tvmonitor 0.0041 0 221 50 370
tvmonitor 0.0025 473 223 500 297
tvmonitor 0.0025 1 128 17 231
tvmonitor 0.0021 421 341 495 372
tvmonitor 0.0019 0 125 14 193
tvmonitor 0.0014 463 139 500 227
tvmonitor 0.0012 476 233 499 273
tvmonitor 0.0012 0 126 37 237
tvmonitor 0.0010 491 191 500 227
