person 0.0030 8 11 176 181
person 0.0029 140 270 300 331
person 0.0028 431 120 500 331
person 0.0011 452 34 500 309
person 0.0010 401 8 501 328
person 0.0010 456 111 499 228
bicycle 0.0018 157 177 266 238
car 0.0023 56 196 372 330
aeroplane 0.0013 125 104 279 198
boat 0.0019 55 196 371 330
bird 0.8898 128 108 277 200
bird 0.1464 160 178 264 236
bird 0.0372 257 0 312 44
bird 0.0329 22 0 150 90
bird 0.0253 8 4 156 176
bird 0.0081 59 197 369 330
bird 0.0045 71 35 197 169
bird 0.0045 7 13 82 180
bird 0.0032 234 179 269 217
bird 0.0022 82 0 148 73
bird 0.0021 100 52 175 158
bird 0.0019 83 155 298 309
bird 0.0019 126 144 265 238
bird 0.0017 13 9 66 113
bird 0.0017 140 271 303 331
bird 0.0013 144 175 245 211
bird 0.0013 26 11 62 86
bird 0.0012 68 30 303 182
bird 0.0010 175 0 210 77
bird 0.0010 58 92 290 212
cat 0.0041 55 196 371 330
cat 0.0030 425 211 499 329
cat 0.0029 157 177 259 235
cat 0.0014 460 114 499 214
cat 0.0013 23 0 153 88
cat 0.0013 139 271 302 330
dog 0.0025 56 196 372 330
dog 0.0021 431 120 500 331
dog 0.0018 140 271 303 331
dog 0.0012 22 0 154 89
dog 0.0011 157 177 259 235
sheep 0.0026 139 270 301 331
sheep 0.0022 90 229 345 330
sheep 0.0013 425 202 499 327
cow 0.0166 140 271 303 331
cow 0.0126 94 226 338 328
sofa 0.0010 425 211 499 329
pottedplant 0.0081 425 202 499 327
pottedplant 0.0058 56 196 372 330
pottedplant 0.0014 8 11 176 181
