person 0.0021 410 52 416 65
person 0.0018 0 135 6 153
person 0.0011 344 47 384 87
cat 0.0028 0 135 6 153
cat 0.0011 69 110 89 143
bottle 0.1997 409 52 416 65
bottle 0.0341 330 61 336 71
bottle 0.0069 400 67 415 87
bottle 0.0027 301 56 317 66
bottle 0.0017 393 56 401 65
bottle 0.0016 331 58 335 69
bottle 0.0010 67 110 90 142
chair 0.1117 0 72 113 273
chair 0.0586 456 96 486 141
chair 0.0358 344 47 384 87
chair 0.0266 268 34 385 84
chair 0.0066 346 65 378 82
chair 0.0049 467 63 498 149
chair 0.0042 259 48 293 67
chair 0.0040 130 59 408 228
chair 0.0035 172 33 230 80
chair 0.0031 488 140 500 168
chair 0.0030 172 29 188 76
chair 0.0021 0 74 90 154
chair 0.0020 301 56 317 66
chair 0.0018 69 114 87 140
chair 0.0017 478 41 499 158
chair 0.0013 51 79 327 342
chair 0.0011 391 70 414 87
chair 0.0010 494 21 499 46
chair 0.0010 489 19 500 53
chair 0.0010 0 109 5 149
sofa 0.7615 0 80 113 264
sofa 0.5947 129 57 409 228
sofa 0.1577 273 35 384 85
sofa 0.0583 27 62 446 339
sofa 0.0024 456 97 485 137
sofa 0.0021 478 41 499 158
sofa 0.0015 467 63 498 149
sofa 0.0012 344 47 384 87
sofa 0.0010 0 69 98 155
pottedplant 0.4682 101 85 134 132
pottedplant 0.0032 129 58 417 224
pottedplant 0.0031 0 67 41 89
pottedplant 0.0025 0 68 42 117
pottedplant 0.0020 89 80 146 180
pottedplant 0.0015 273 35 385 85
pottedplant 0.0010 51 90 131 150
diningtable 0.0034 273 35 385 85
diningtable 0.0032 51 79 327 342
diningtable 0.0020 479 49 499 158
diningtable 0.0019 456 97 485 137
tvmonitor 0.0399 273 35 384 85
tvmonitor 0.0035 492 20 499 47
tvmonitor 0.0023 479 49 499 157
tvmonitor 0.0022 392 71 414 88
tvmonitor 0.0016 456 97 485 137
tvmonitor 0.0015 490 2 499 44
tvmonitor 0.0015 493 5 499 27
