person 0.0100 335 219 475 277
person 0.0082 174 117 184 126
person 0.0065 161 119 169 127
person 0.0049 388 228 454 275
person 0.0035 167 116 177 126
person 0.0033 164 118 174 127
person 0.0025 383 155 387 163
person 0.0023 158 120 167 129
person 0.0014 164 114 185 128
person 0.0010 400 234 431 254
person 0.0010 173 110 184 125
bicycle 0.0639 334 218 474 279
bicycle 0.0025 396 232 465 272
car 0.0226 332 217 471 280
car 0.0055 370 234 463 280
car 0.0052 382 232 451 264
car 0.0050 400 234 431 254
motorbike 0.0473 332 217 471 280
motorbike 0.0024 388 228 454 275
motorbike 0.0015 335 218 418 269
aeroplane 0.6609 47 34 310 186
aeroplane 0.0348 333 218 473 279
aeroplane 0.0155 46 123 194 185
aeroplane 0.0048 53 24 518 288
aeroplane 0.0020 131 33 303 149
aeroplane 0.0015 396 232 465 272
aeroplane 0.0011 37 92 308 229
aeroplane 0.0011 332 218 402 271
train 0.0021 333 217 469 279
boat 0.0543 334 218 474 279
boat 0.0147 396 232 465 272
boat 0.0035 334 218 405 269
bird 0.0296 398 231 468 272
bird 0.0043 334 218 405 269
bird 0.0038 272 267 326 285
bird 0.0034 353 224 480 280
bird 0.0020 382 205 405 213
bird 0.0010 400 241 459 284
bird 0.0010 383 232 495 295
dog 0.0113 401 232 467 272
dog 0.0099 353 224 480 280
dog 0.0039 381 205 407 213
dog 0.0028 377 205 425 215
horse 0.0028 334 218 474 279
horse 0.0013 377 205 425 215
horse 0.0012 382 205 410 214
horse 0.0010 334 218 405 269
sheep 0.0028 273 268 327 286
sheep 0.0019 334 218 405 269
sheep 0.0017 382 205 405 213
sheep 0.0014 333 218 472 279
sheep 0.0011 354 272 370 282
cow 0.0198 333 218 472 279
cow 0.0077 381 205 407 213
cow 0.0046 377 205 425 215
cow 0.0039 334 218 405 269
cow 0.0013 272 267 326 285
bottle 0.0017 370 234 463 280
bottle 0.0012 335 219 475 277
