person 0.7698 104 95 245 393
person 0.5877 285 149 300 180
person 0.0116 147 223 261 407
person 0.0066 0 251 36 372
person 0.0063 176 119 262 394
person 0.0062 294 151 308 181
person 0.0036 98 181 205 381
person 0.0030 104 191 238 293
person 0.0022 286 162 298 183
person 0.0018 104 130 243 263
person 0.0017 147 216 213 326
person 0.0016 298 154 309 172
person 0.0013 95 192 154 358
person 0.0010 303 158 310 174
bicycle 0.1774 105 227 241 457
bicycle 0.0930 0 251 36 372
bicycle 0.0140 126 284 216 464
bicycle 0.0057 216 177 258 239
bicycle 0.0036 213 200 255 255
bicycle 0.0022 217 216 245 253
bicycle 0.0014 120 167 260 261
bicycle 0.0010 108 93 254 394
bicycle 0.0010 200 146 251 332
car 0.0302 0 251 36 372
car 0.0019 105 216 256 407
car 0.0013 318 88 326 96
motorbike 0.6537 101 206 255 432
motorbike 0.1466 0 252 36 372
motorbike 0.0377 102 98 244 381
motorbike 0.0204 108 218 234 340
motorbike 0.0087 146 230 212 323
motorbike 0.0080 101 185 169 374
motorbike 0.0075 126 231 213 404
motorbike 0.0044 216 177 258 239
motorbike 0.0025 216 210 251 253
motorbike 0.0020 120 167 260 261
motorbike 0.0019 285 150 299 182
motorbike 0.0013 85 117 188 373
motorbike 0.0011 104 196 225 288
aeroplane 0.0022 0 253 35 375
boat 0.0146 0 251 36 372
dog 0.0013 285 150 299 182
bottle 0.0034 220 226 243 252
bottle 0.0033 213 200 255 255
bottle 0.0012 207 213 244 254
chair 0.0538 0 252 36 369
chair 0.0010 117 223 262 407
pottedplant 0.0315 222 175 255 211
pottedplant 0.0218 216 177 258 239
pottedplant 0.0029 120 167 260 261
pottedplant 0.0024 199 173 253 217
pottedplant 0.0014 107 124 263 323
diningtable 0.0031 0 250 37 373
