person 0.2831 324 279 341 302
person 0.0831 21 218 34 239
person 0.0612 288 262 378 327
person 0.0586 0 220 8 234
person 0.0525 11 221 22 238
person 0.0509 229 255 415 348
person 0.0435 13 219 31 238
person 0.0411 4 220 20 237
person 0.0404 117 247 232 352
person 0.0330 151 279 164 302
person 0.0195 155 278 169 305
person 0.0154 88 307 104 322
person 0.0124 10 219 25 251
person 0.0119 327 287 345 301
person 0.0110 150 278 160 295
person 0.0098 171 278 188 300
person 0.0085 20 221 35 253
person 0.0083 0 221 12 241
person 0.0073 148 274 173 307
person 0.0053 45 243 65 273
person 0.0048 84 304 100 322
person 0.0040 12 269 21 280
person 0.0038 1 220 11 230
person 0.0038 153 268 204 311
person 0.0035 23 245 31 255
person 0.0034 93 303 109 321
person 0.0033 12 268 39 285
person 0.0033 16 219 30 230
person 0.0032 4 292 25 347
person 0.0032 166 274 217 299
person 0.0030 148 267 230 333
person 0.0030 79 305 109 324
person 0.0028 157 277 185 307
person 0.0028 49 247 74 271
person 0.0027 20 284 132 373
person 0.0027 206 278 223 292
person 0.0027 10 315 23 346
person 0.0025 132 259 187 316
person 0.0023 1 224 13 253
person 0.0022 49 250 58 275
person 0.0022 215 278 223 293
person 0.0019 0 224 8 251
person 0.0019 151 274 163 289
person 0.0018 0 301 18 346
person 0.0018 399 208 405 217
person 0.0016 191 274 210 293
person 0.0016 91 311 101 322
person 0.0016 175 288 189 300
person 0.0015 10 289 32 351
person 0.0015 160 285 179 302
person 0.0015 67 297 111 334
person 0.0014 200 277 218 292
person 0.0014 159 286 206 303
person 0.0014 81 307 95 323
person 0.0014 1 265 13 281
person 0.0013 66 309 116 326
person 0.0013 335 287 350 301
person 0.0012 78 233 94 247
person 0.0012 224 272 235 293
person 0.0012 64 226 75 249
person 0.0011 306 271 350 330
person 0.0011 19 264 42 278
person 0.0010 1 269 22 295
person 0.0010 391 209 403 219
car 0.4836 14 268 40 287
car 0.4028 384 286 418 319
car 0.2935 19 286 134 373
car 0.1860 4 280 35 335
car 0.1438 223 255 411 347
car 0.0863 8 282 36 315
car 0.0777 119 257 234 352
car 0.0769 11 272 40 305
car 0.0684 49 245 73 271
car 0.0460 11 286 41 347
car 0.0408 19 264 42 279
car 0.0370 0 288 23 344
car 0.0364 367 272 419 320
car 0.0335 48 242 71 259
car 0.0294 49 243 65 251
car 0.0272 25 262 40 273
car 0.0223 0 273 24 320
car 0.0218 27 278 92 299
car 0.0195 51 278 68 286
car 0.0193 11 269 21 281
car 0.0165 16 279 39 296
car 0.0156 17 261 60 281
car 0.0151 8 278 27 301
car 0.0133 35 273 77 293
car 0.0117 45 277 69 289
car 0.0107 23 277 51 292
car 0.0104 26 284 93 308
car 0.0102 18 278 69 303
car 0.0098 10 277 23 293
car 0.0097 0 276 20 304
car 0.0091 29 261 45 273
car 0.0085 10 292 31 324
car 0.0083 1 269 22 295
car 0.0075 7 296 30 350
car 0.0069 4 270 19 283
car 0.0066 20 266 54 289
car 0.0062 0 293 12 339
car 0.0057 18 285 65 323
car 0.0054 22 286 42 311
car 0.0052 47 269 82 296
car 0.0043 17 257 42 274
car 0.0042 39 245 65 273
car 0.0038 52 274 74 287
car 0.0038 64 226 75 249
car 0.0037 1 295 20 324
car 0.0036 1 264 13 282
car 0.0035 13 254 69 288
car 0.0034 18 286 71 355
car 0.0032 0 257 40 323
car 0.0029 7 253 59 316
car 0.0028 329 267 428 325
car 0.0027 48 280 71 296
car 0.0026 0 309 19 346
car 0.0025 324 279 342 303
car 0.0025 28 280 45 296
car 0.0024 10 263 38 276
car 0.0023 49 244 61 272
car 0.0021 0 267 7 284
car 0.0021 52 254 75 281
car 0.0020 40 273 68 286
car 0.0020 43 254 91 304
car 0.0020 36 251 58 276
car 0.0019 54 242 72 251
car 0.0019 0 297 10 323
car 0.0017 -6 261 91 352
car 0.0016 72 246 96 295
car 0.0016 121 322 133 344
car 0.0016 8 311 23 346
car 0.0015 0 267 11 301
car 0.0015 46 275 64 285
car 0.0013 36 283 100 331
car 0.0012 29 262 126 330
car 0.0012 34 254 72 283
car 0.0011 78 233 94 247
car 0.0010 0 312 9 344
car 0.0010 0 273 10 319
motorbike 0.0020 385 284 418 317
motorbike 0.0012 4 292 25 347
bus 0.0303 119 252 233 352
bus 0.0094 225 254 412 348
bus 0.0070 18 290 132 372
bus 0.0026 49 247 74 271
bus 0.0018 72 246 96 295
train 0.0010 117 247 232 353
bird 0.0010 484 200 499 207
cow 0.0011 117 247 232 352
sofa 0.0015 119 251 233 352
pottedplant 0.0443 192 203 227 226
pottedplant 0.0037 208 205 227 225
tvmonitor 0.0010 119 251 233 352
