person 0.3029 106 50 457 302
person 0.2562 218 226 316 372
person 0.0606 282 254 295 278
person 0.0603 109 159 357 341
person 0.0424 276 183 493 265
person 0.0340 355 140 415 198
person 0.0313 252 61 493 295
person 0.0289 333 109 432 247
person 0.0271 154 199 331 375
person 0.0251 259 206 314 329
person 0.0233 363 135 411 161
person 0.0231 186 111 433 276
person 0.0229 278 239 295 281
person 0.0212 0 257 34 303
person 0.0191 314 233 342 280
person 0.0158 292 221 344 277
person 0.0147 357 154 378 195
person 0.0137 316 251 334 281
person 0.0117 425 202 438 217
person 0.0104 226 168 491 304
person 0.0102 257 136 405 260
person 0.0095 463 164 499 209
person 0.0093 374 200 498 261
person 0.0087 277 219 305 278
person 0.0086 313 229 339 259
person 0.0082 276 207 386 282
person 0.0077 355 150 406 242
person 0.0074 159 131 518 346
person 0.0073 253 70 419 239
person 0.0071 493 183 500 211
person 0.0069 0 250 19 298
person 0.0061 361 185 456 258
person 0.0059 422 188 437 214
person 0.0056 420 198 440 231
person 0.0056 0 0 22 46
person 0.0055 482 173 499 207
person 0.0052 215 188 381 367
person 0.0046 492 177 500 228
person 0.0044 356 87 453 274
person 0.0043 495 190 500 212
person 0.0043 400 192 459 256
person 0.0040 0 260 11 292
person 0.0038 300 191 361 264
person 0.0038 350 146 497 268
person 0.0037 414 188 428 210
person 0.0036 0 277 23 304
person 0.0036 307 225 361 287
person 0.0030 345 133 383 211
person 0.0029 310 230 359 263
person 0.0027 101 49 421 159
person 0.0024 384 194 431 260
person 0.0024 369 186 420 253
person 0.0023 484 174 497 187
person 0.0022 488 182 499 208
person 0.0021 282 252 335 279
person 0.0021 467 173 489 205
person 0.0019 418 199 444 259
person 0.0018 394 179 445 229
person 0.0018 491 177 499 192
person 0.0017 400 190 418 208
person 0.0017 263 162 356 280
person 0.0017 356 138 392 184
person 0.0016 239 217 286 325
person 0.0016 316 232 351 248
person 0.0015 420 187 432 211
person 0.0015 0 218 39 289
person 0.0015 78 72 317 269
person 0.0014 228 211 318 279
person 0.0013 156 147 280 220
person 0.0013 0 254 8 280
person 0.0013 406 198 435 257
person 0.0013 313 160 410 246
person 0.0013 283 155 361 237
person 0.0013 186 65 323 252
person 0.0013 356 153 398 209
person 0.0012 360 140 447 225
person 0.0012 273 90 371 172
person 0.0012 245 222 297 292
person 0.0011 0 241 14 278
person 0.0011 300 216 348 257
person 0.0010 475 182 496 205
person 0.0010 164 230 507 376
bicycle 0.0016 0 218 39 289
bicycle 0.0015 0 255 36 303
bicycle 0.0010 0 221 39 257
car 0.0033 105 53 422 271
car 0.0017 365 136 411 160
train 0.0037 91 52 406 305
boat 0.0023 101 52 424 274
bird 0.0022 0 1 22 45
bottle 0.0052 366 135 411 159
bottle 0.0041 309 49 374 80
bottle 0.0026 27 301 38 321
bottle 0.0023 405 187 410 195
bottle 0.0015 402 189 416 207
bottle 0.0014 41 303 48 320
bottle 0.0012 0 0 23 45
bottle 0.0011 408 189 423 208
bottle 0.0010 34 302 47 320
bottle 0.0010 413 188 428 209
chair 0.0155 0 255 36 303
chair 0.0115 97 358 144 374
chair 0.0098 85 47 359 360
chair 0.0064 0 218 39 289
chair 0.0060 319 233 353 247
chair 0.0039 311 229 353 270
chair 0.0038 0 221 39 257
chair 0.0037 281 254 295 279
chair 0.0036 94 122 347 284
chair 0.0036 357 230 382 254
chair 0.0030 0 250 19 298
chair 0.0029 327 230 384 254
chair 0.0028 248 200 475 283
chair 0.0027 344 188 498 264
chair 0.0026 390 239 417 263
chair 0.0025 411 189 432 210
chair 0.0025 406 189 424 210
chair 0.0023 0 260 11 292
chair 0.0021 154 40 506 354
chair 0.0021 11 153 86 346
chair 0.0021 401 191 418 209
chair 0.0018 0 269 24 301
chair 0.0018 300 191 361 264
chair 0.0014 346 229 386 265
chair 0.0012 276 207 386 282
chair 0.0011 290 174 346 277
chair 0.0011 257 136 405 260
chair 0.0011 286 138 483 269
chair 0.0010 15 311 103 374
chair 0.0010 427 201 438 228
sofa 0.0070 344 188 498 264
sofa 0.0052 112 48 420 361
sofa 0.0016 223 158 498 292
sofa 0.0015 319 233 353 247
sofa 0.0014 386 235 425 263
sofa 0.0010 0 257 34 303
sofa 0.0010 382 257 499 324
diningtable 0.0160 381 258 500 326
diningtable 0.0016 0 251 37 303
diningtable 0.0010 374 200 498 261
tvmonitor 0.0166 15 311 103 374
tvmonitor 0.0063 34 152 90 369
tvmonitor 0.0057 463 163 499 209
tvmonitor 0.0045 6 131 80 246
tvmonitor 0.0025 0 255 37 305
tvmonitor 0.0019 366 135 411 163
tvmonitor 0.0014 0 128 84 335
tvmonitor 0.0010 0 221 39 257
