person 0.1487 175 106 211 140
person 0.0935 106 143 127 161
person 0.0580 31 167 42 187
person 0.0530 32 167 41 178
person 0.0478 189 98 239 135
person 0.0347 0 162 26 190
person 0.0189 211 95 243 135
person 0.0155 11 166 26 188
person 0.0153 490 173 500 247
person 0.0136 181 111 230 146
person 0.0122 32 176 47 192
person 0.0106 489 208 500 248
person 0.0090 28 165 44 192
person 0.0087 214 98 265 142
person 0.0075 228 108 279 143
person 0.0075 491 223 499 248
person 0.0068 175 109 199 134
person 0.0058 268 111 312 145
person 0.0056 194 93 224 129
person 0.0056 18 168 29 180
person 0.0053 448 214 457 236
person 0.0052 447 203 464 238
person 0.0051 2 162 26 176
person 0.0049 237 114 269 140
person 0.0048 290 104 317 145
person 0.0046 451 204 484 240
person 0.0046 481 213 498 245
person 0.0045 248 114 287 143
person 0.0041 263 114 296 143
person 0.0041 37 180 48 192
person 0.0034 172 100 202 129
person 0.0030 457 216 482 240
person 0.0028 419 159 500 243
person 0.0024 493 168 500 225
person 0.0023 37 172 47 188
person 0.0023 33 167 39 175
person 0.0022 198 106 221 134
person 0.0022 15 164 26 175
person 0.0020 19 168 35 186
person 0.0020 495 180 500 198
person 0.0019 214 111 250 142
person 0.0018 494 170 500 195
person 0.0017 163 110 195 141
person 0.0017 442 196 472 238
person 0.0017 294 122 318 147
person 0.0016 213 87 293 138
person 0.0015 476 198 499 244
person 0.0015 457 166 499 243
person 0.0014 463 213 493 241
person 0.0013 115 145 130 161
person 0.0013 495 186 500 204
person 0.0013 465 229 473 239
person 0.0012 460 227 476 239
person 0.0012 168 107 310 157
person 0.0011 467 232 473 238
person 0.0010 0 182 8 191
person 0.0010 188 103 215 131
bicycle 0.0010 492 226 500 247
car 0.2766 0 163 27 190
car 0.2150 115 70 375 318
car 0.0284 0 163 15 183
car 0.0254 31 167 42 187
car 0.0248 0 163 21 177
car 0.0196 25 174 45 191
car 0.0143 11 166 26 188
car 0.0106 0 176 11 191
car 0.0081 21 177 41 190
car 0.0067 13 167 41 188
car 0.0060 0 182 8 191
car 0.0058 104 141 128 163
car 0.0050 363 143 501 236
car 0.0043 0 182 15 190
car 0.0036 37 180 48 192
car 0.0034 32 167 41 180
car 0.0033 489 208 500 248
car 0.0031 418 157 499 241
car 0.0022 492 226 500 247
car 0.0022 490 170 500 247
car 0.0020 18 168 29 180
car 0.0017 0 163 11 173
car 0.0013 30 179 50 193
car 0.0012 357 105 430 249
car 0.0010 477 199 499 244
motorbike 0.0057 491 223 499 248
motorbike 0.0046 489 208 500 248
motorbike 0.0019 485 183 499 248
motorbike 0.0010 481 213 498 245
bus 0.1713 112 71 374 317
bus 0.0586 356 104 502 245
bus 0.0111 357 106 430 249
bus 0.0081 0 162 24 186
bus 0.0035 419 152 499 241
bus 0.0011 490 170 500 247
bus 0.0011 105 143 128 161
train 0.0039 362 33 497 245
train 0.0013 362 142 501 237
train 0.0010 378 95 484 185
boat 0.0016 359 106 502 232
chair 0.0020 0 163 25 190
chair 0.0010 31 175 47 192
