person 0.0293 448 347 454 359
person 0.0223 390 108 403 120
person 0.0154 99 190 109 201
person 0.0116 99 184 107 199
person 0.0107 294 355 301 364
person 0.0082 207 366 230 374
person 0.0080 214 365 236 374
person 0.0080 351 346 359 353
person 0.0079 95 188 105 202
person 0.0078 96 184 103 197
person 0.0077 99 181 106 192
person 0.0074 259 334 271 345
person 0.0073 219 365 231 374
person 0.0064 326 355 341 361
person 0.0059 284 350 293 359
person 0.0058 276 336 286 344
person 0.0052 296 348 309 355
person 0.0052 210 363 246 374
person 0.0052 284 352 297 363
person 0.0049 227 362 242 373
person 0.0045 393 81 400 86
person 0.0044 333 345 342 353
person 0.0041 103 193 110 202
person 0.0039 283 340 294 349
person 0.0038 258 325 263 333
person 0.0037 81 188 119 204
person 0.0037 91 183 113 201
person 0.0036 292 132 299 137
person 0.0035 344 100 444 130
person 0.0035 250 351 272 373
person 0.0034 123 133 132 145
person 0.0034 256 325 262 332
person 0.0033 95 180 104 191
person 0.0032 228 118 236 125
person 0.0032 421 112 431 122
person 0.0031 51 207 58 216
person 0.0030 356 91 427 121
person 0.0030 444 341 452 358
person 0.0029 288 349 303 358
person 0.0029 192 297 201 307
person 0.0029 294 344 311 354
person 0.0028 75 182 124 201
person 0.0026 281 354 294 364
person 0.0026 39 171 159 208
person 0.0025 193 301 207 312
person 0.0025 101 184 111 200
person 0.0025 222 341 229 351
person 0.0025 301 347 312 354
person 0.0024 92 142 96 147
person 0.0023 242 367 251 374
person 0.0023 284 340 299 351
person 0.0023 386 339 392 348
person 0.0023 372 281 382 293
person 0.0023 100 177 111 188
person 0.0022 456 113 466 119
person 0.0022 439 340 475 361
person 0.0022 94 181 111 193
person 0.0021 352 347 364 355
person 0.0021 192 299 204 310
person 0.0020 360 352 369 360
person 0.0020 282 340 302 358
person 0.0019 258 327 264 339
person 0.0019 94 192 113 203
person 0.0018 263 333 275 345
person 0.0018 492 208 500 218
person 0.0018 234 364 246 374
person 0.0017 495 7 499 15
person 0.0017 384 105 401 119
person 0.0016 183 297 199 308
person 0.0016 168 316 177 328
person 0.0016 211 310 226 322
person 0.0016 221 119 235 127
person 0.0016 58 178 143 200
person 0.0015 449 343 460 359
person 0.0015 441 343 460 362
person 0.0015 392 335 403 348
person 0.0015 494 215 499 228
person 0.0015 236 117 246 124
person 0.0015 48 171 86 183
person 0.0015 34 129 81 148
person 0.0014 2 103 20 113
person 0.0014 292 124 300 129
person 0.0014 240 361 251 374
person 0.0013 279 337 300 353
person 0.0013 249 351 261 371
person 0.0013 362 103 377 118
person 0.0013 321 91 467 143
person 0.0012 494 221 499 230
person 0.0012 492 352 499 367
person 0.0012 84 174 129 193
person 0.0012 148 284 160 295
person 0.0012 29 134 50 148
person 0.0012 279 348 298 367
person 0.0012 359 353 372 362
person 0.0011 438 114 449 120
person 0.0011 340 108 408 134
person 0.0011 333 348 344 356
person 0.0011 447 112 461 119
person 0.0011 410 330 417 346
person 0.0011 391 338 398 347
bicycle 0.0097 258 335 268 346
bicycle 0.0033 260 334 273 345
bicycle 0.0016 294 356 302 365
bicycle 0.0015 211 310 226 322
bicycle 0.0011 277 358 303 368
bicycle 0.0010 193 301 207 312
car 0.3581 410 33 430 43
car 0.0766 110 281 120 287
car 0.0728 194 48 212 55
car 0.0692 326 354 342 362
car 0.0587 282 340 298 350
car 0.0466 185 17 196 24
car 0.0440 195 303 208 312
car 0.0382 327 40 344 45
car 0.0315 146 31 167 37
car 0.0287 211 310 227 323
car 0.0267 0 102 19 113
car 0.0262 309 115 321 123
car 0.0244 378 34 390 41
car 0.0232 488 26 500 32
car 0.0193 260 334 273 345
car 0.0186 276 336 286 344
car 0.0175 149 286 161 294
car 0.0174 399 13 417 25
car 0.0173 112 115 121 123
car 0.0162 282 341 302 357
car 0.0160 366 25 374 32
car 0.0149 400 17 420 26
car 0.0132 284 348 295 358
car 0.0128 287 341 303 350
car 0.0116 425 19 437 24
car 0.0112 302 117 321 124
car 0.0107 295 118 307 124
car 0.0107 292 354 302 365
car 0.0104 199 306 227 318
car 0.0097 286 347 304 359
car 0.0096 445 12 457 18
car 0.0091 112 291 124 300
car 0.0088 161 288 174 298
car 0.0085 437 115 448 121
car 0.0082 221 119 235 127
car 0.0072 335 77 345 83
car 0.0072 284 352 299 363
car 0.0071 151 18 162 25
car 0.0058 447 12 458 16
car 0.0057 311 113 324 122
car 0.0057 13 41 27 47
car 0.0057 207 365 233 375
car 0.0052 212 116 233 127
car 0.0050 167 138 179 146
car 0.0050 259 335 268 346
car 0.0048 124 119 145 125
car 0.0047 352 74 364 82
car 0.0047 109 280 124 298
car 0.0047 296 348 309 355
car 0.0046 368 70 390 77
car 0.0046 441 334 489 360
car 0.0046 493 56 500 66
car 0.0046 294 344 311 354
car 0.0045 114 293 130 305
car 0.0044 228 118 236 125
car 0.0044 281 354 294 364
car 0.0043 219 121 236 129
car 0.0043 400 11 414 18
car 0.0042 416 10 425 15
car 0.0042 332 265 378 291
car 0.0042 81 116 101 123
car 0.0041 314 77 327 83
car 0.0041 174 56 186 64
car 0.0041 10 56 26 61
car 0.0041 363 74 378 81
car 0.0041 10 107 20 113
car 0.0040 473 314 500 341
car 0.0040 328 77 342 83
car 0.0040 355 74 376 82
car 0.0040 285 349 311 365
car 0.0039 279 337 300 353
car 0.0039 336 75 352 82
car 0.0038 376 71 391 78
car 0.0038 277 349 300 366
car 0.0038 365 72 378 77
car 0.0037 150 25 165 31
car 0.0037 399 64 411 75
car 0.0037 247 352 283 373
car 0.0037 184 325 200 337
car 0.0034 107 279 121 291
car 0.0034 321 77 334 83
car 0.0033 482 113 497 121
car 0.0032 192 299 204 310
car 0.0032 82 114 97 121
car 0.0031 70 114 83 120
car 0.0031 215 59 226 65
car 0.0030 315 138 343 146
car 0.0030 321 38 342 44
car 0.0030 436 34 460 48
car 0.0030 402 11 424 19
car 0.0029 327 112 339 119
car 0.0029 464 326 485 338
car 0.0029 290 116 304 123
car 0.0028 268 52 283 57
car 0.0028 430 80 446 87
car 0.0028 108 112 118 119
car 0.0027 193 113 242 128
car 0.0027 274 360 296 367
car 0.0026 120 116 136 123
car 0.0026 183 15 197 26
motorbike 0.0125 259 335 271 346
aeroplane 0.0038 390 185 498 225
aeroplane 0.0016 261 154 492 219
aeroplane 0.0015 332 187 498 245
aeroplane 0.0015 321 91 467 143
aeroplane 0.0014 336 115 402 135
aeroplane 0.0013 344 100 444 130
aeroplane 0.0012 53 89 476 184
aeroplane 0.0011 342 207 416 225
bus 0.0197 256 210 335 252
bus 0.0093 32 133 445 355
bus 0.0079 207 213 337 260
bus 0.0077 222 233 273 259
bus 0.0070 277 230 385 281
bus 0.0065 247 353 282 374
bus 0.0053 274 212 341 241
bus 0.0045 287 223 393 259
bus 0.0044 222 220 296 257
bus 0.0042 331 266 382 294
bus 0.0038 324 353 343 365
bus 0.0030 440 334 493 363
bus 0.0030 310 264 405 303
bus 0.0029 242 244 268 258
bus 0.0024 478 314 499 341
bus 0.0023 278 243 406 297
bus 0.0022 326 225 389 255
bus 0.0020 215 352 279 375
bus 0.0020 324 251 435 304
bus 0.0017 248 134 388 157
bus 0.0016 281 135 327 149
bus 0.0016 319 354 372 370
bus 0.0016 282 341 302 357
bus 0.0015 273 355 366 373
bus 0.0015 193 48 212 55
bus 0.0014 217 235 240 252
bus 0.0014 195 303 208 312
bus 0.0014 374 262 490 310
bus 0.0013 462 274 499 315
bus 0.0012 0 102 19 113
bus 0.0012 207 360 245 374
bus 0.0012 275 234 345 275
bus 0.0011 135 206 407 278
bus 0.0011 284 340 300 351
bus 0.0011 277 349 300 366
bus 0.0011 410 33 430 43
bus 0.0010 280 131 324 140
bus 0.0010 52 138 426 242
train 0.3241 61 136 425 213
train 0.2663 100 155 467 241
train 0.2129 215 212 351 250
train 0.1885 111 187 452 262
train 0.1767 172 120 480 223
train 0.1483 126 211 437 283
train 0.1215 38 122 385 256
train 0.1001 55 198 481 350
train 0.0657 258 210 405 254
train 0.0467 229 125 478 182
train 0.0251 263 233 408 300
train 0.0221 190 220 482 322
train 0.0212 269 221 454 275
train 0.0211 124 103 489 183
train 0.0187 210 224 283 259
train 0.0187 162 143 350 192
train 0.0185 264 211 340 245
train 0.0184 149 116 475 158
train 0.0157 299 257 421 299
train 0.0155 271 231 374 278
train 0.0151 233 138 410 174
train 0.0148 165 180 351 233
train 0.0112 287 223 393 259
train 0.0107 248 134 388 157
train 0.0106 323 265 383 294
train 0.0097 261 154 492 219
train 0.0083 244 176 493 268
train 0.0080 290 237 479 307
train 0.0070 211 175 374 207
train 0.0053 246 163 411 196
train 0.0052 230 216 301 254
train 0.0047 328 229 501 278
train 0.0041 218 235 272 257
train 0.0038 281 119 457 162
train 0.0037 287 213 342 235
train 0.0035 281 135 327 149
train 0.0035 332 248 436 288
train 0.0035 390 185 498 225
train 0.0033 211 352 278 375
train 0.0031 244 352 284 374
train 0.0030 374 254 499 312
train 0.0030 326 225 389 255
train 0.0029 284 205 429 236
train 0.0029 332 187 498 245
train 0.0025 288 214 373 249
train 0.0024 122 248 460 378
train 0.0023 198 234 337 263
train 0.0022 275 208 330 223
train 0.0021 236 242 272 256
train 0.0018 257 216 334 263
train 0.0018 221 188 390 230
train 0.0018 478 314 499 341
train 0.0017 331 208 410 228
train 0.0017 436 270 499 315
train 0.0017 233 183 312 205
train 0.0017 281 135 351 156
train 0.0016 269 145 439 186
train 0.0016 209 221 358 275
train 0.0014 310 231 421 282
train 0.0014 217 235 240 252
train 0.0013 230 119 356 147
train 0.0013 339 223 391 243
train 0.0012 256 216 304 245
train 0.0012 247 347 303 372
train 0.0011 179 161 363 200
train 0.0011 414 233 499 275
train 0.0011 246 244 268 257
train 0.0011 269 139 328 153
train 0.0010 207 360 245 374
train 0.0010 336 217 408 230
boat 0.4556 29 128 85 149
boat 0.1679 37 162 148 206
boat 0.1644 51 126 382 225
boat 0.0880 229 125 478 182
boat 0.0539 403 182 499 219
boat 0.0514 89 119 274 179
boat 0.0462 336 115 402 135
boat 0.0432 47 152 138 192
boat 0.0397 106 108 264 153
boat 0.0337 29 130 272 263
boat 0.0310 256 144 489 208
boat 0.0291 0 102 19 113
boat 0.0288 159 116 262 150
boat 0.0263 34 171 156 243
boat 0.0246 53 89 476 184
boat 0.0203 279 116 445 155
boat 0.0188 28 182 364 258
boat 0.0179 15 55 86 150
boat 0.0177 43 109 275 209
boat 0.0172 70 114 83 120
boat 0.0156 482 114 497 122
boat 0.0148 102 95 324 160
boat 0.0136 455 205 499 232
boat 0.0127 37 139 87 148
boat 0.0126 33 123 176 227
boat 0.0124 97 74 236 146
boat 0.0124 168 131 263 153
boat 0.0123 47 164 111 190
boat 0.0122 456 184 499 228
boat 0.0120 344 87 431 128
boat 0.0119 337 101 415 135
boat 0.0113 351 186 488 225
boat 0.0110 81 116 101 123
boat 0.0105 43 175 112 206
boat 0.0104 56 139 87 146
boat 0.0101 110 281 120 287
boat 0.0100 193 48 212 55
boat 0.0097 211 310 227 323
boat 0.0096 68 151 137 176
boat 0.0086 25 94 85 150
boat 0.0084 321 91 467 143
boat 0.0084 170 105 246 144
boat 0.0078 29 133 57 148
boat 0.0068 122 133 133 143
boat 0.0062 338 124 404 140
boat 0.0057 85 152 123 166
boat 0.0055 168 136 179 146
boat 0.0054 490 111 499 120
boat 0.0051 82 114 97 121
boat 0.0050 117 116 176 127
boat 0.0050 477 182 500 209
boat 0.0049 171 114 480 206
boat 0.0047 81 188 119 204
boat 0.0046 122 118 147 125
boat 0.0046 67 140 86 146
boat 0.0045 81 120 101 126
boat 0.0042 490 114 500 122
boat 0.0041 73 113 95 120
boat 0.0041 68 115 79 122
boat 0.0039 131 135 280 165
boat 0.0039 149 116 475 158
boat 0.0039 75 182 124 201
boat 0.0039 277 189 491 252
boat 0.0039 26 136 72 149
boat 0.0038 488 26 500 32
boat 0.0037 476 112 500 123
boat 0.0036 48 136 433 290
boat 0.0035 466 113 490 121
boat 0.0035 29 139 50 149
boat 0.0035 360 105 434 127
boat 0.0035 491 207 499 217
boat 0.0034 105 110 189 129
boat 0.0033 167 133 179 143
boat 0.0032 456 113 467 119
boat 0.0032 85 112 209 143
boat 0.0032 482 192 499 211
boat 0.0032 466 235 499 272
boat 0.0031 465 198 500 222
boat 0.0030 370 182 500 267
boat 0.0030 470 187 499 218
boat 0.0029 92 142 97 146
boat 0.0028 56 126 151 198
boat 0.0028 345 99 398 127
boat 0.0028 414 233 499 275
boat 0.0028 112 291 133 305
boat 0.0028 58 178 143 200
boat 0.0027 390 108 404 119
boat 0.0026 27 109 34 115
boat 0.0025 151 18 162 25
boat 0.0025 473 207 499 228
boat 0.0025 124 66 218 127
boat 0.0024 119 119 161 126
boat 0.0024 111 115 122 124
boat 0.0024 47 171 89 183
boat 0.0023 483 203 499 217
boat 0.0023 10 107 20 113
boat 0.0023 489 186 499 208
boat 0.0022 62 87 240 170
boat 0.0022 169 319 197 335
boat 0.0021 97 190 109 202
bird 0.0013 122 133 133 145
chair 0.0166 149 286 161 294
chair 0.0089 161 286 174 296
chair 0.0042 177 292 190 307
chair 0.0039 163 289 176 300
chair 0.0031 151 286 174 299
chair 0.0028 175 292 186 303
chair 0.0027 193 301 207 312
chair 0.0026 110 281 120 287
chair 0.0024 128 275 141 287
chair 0.0020 211 310 226 322
chair 0.0017 196 306 208 313
chair 0.0015 192 297 201 307
chair 0.0014 124 275 155 291
chair 0.0013 282 340 298 350
chair 0.0012 183 294 194 307
chair 0.0011 192 299 204 310
chair 0.0010 478 183 499 211
pottedplant 0.0435 211 310 226 322
pottedplant 0.0092 179 294 190 307
pottedplant 0.0053 193 301 207 312
pottedplant 0.0029 176 293 187 306
pottedplant 0.0024 258 335 268 346
pottedplant 0.0016 192 299 204 310
pottedplant 0.0015 199 306 227 318
pottedplant 0.0014 182 297 198 308
pottedplant 0.0013 106 263 120 276
pottedplant 0.0011 215 311 232 322
