person 0.0022 86 47 353 508
person 0.0019 270 26 442 488
person 0.0019 -1 274 147 439
person 0.0018 1 460 113 499
person 0.0014 0 -16 143 489
person 0.0014 131 427 453 499
person 0.0014 174 470 253 500
bicycle 0.0018 175 471 253 500
motorbike 0.0015 -6 372 453 499
bird 0.0011 175 471 253 500
cat 0.0059 -1 271 145 426
cat 0.0019 91 66 353 501
cat 0.0012 -1 18 156 506
dog 0.4799 91 66 353 501
dog 0.0209 -2 258 309 487
dog 0.0205 -1 274 147 439
dog 0.0046 1 23 211 504
dog 0.0045 21 7 416 345
dog 0.0040 97 70 332 306
dog 0.0026 267 6 444 471
horse 0.0011 -1 274 147 439
bottle 0.0237 172 471 252 499
bottle 0.0057 329 476 398 500
bottle 0.0016 44 432 393 502
bottle 0.0016 93 449 301 500
chair 0.0055 313 403 463 498
chair 0.0026 90 22 344 485
chair 0.0021 273 31 448 486
chair 0.0016 -19 308 465 501
chair 0.0016 175 471 253 500
chair 0.0014 2 463 116 499
sofa 0.0468 86 47 353 508
sofa 0.0087 313 403 463 498
sofa 0.0082 268 0 452 473
sofa 0.0080 -19 308 465 501
sofa 0.0051 41 -18 442 418
sofa 0.0050 0 -16 143 489
sofa 0.0030 1 448 117 498
sofa 0.0026 0 418 480 498
sofa 0.0018 -23 0 462 167
sofa 0.0013 172 471 252 499
sofa 0.0011 -8 192 334 488
pottedplant 0.0106 -1 18 156 506
pottedplant 0.0020 273 28 448 485
pottedplant 0.0010 326 475 409 500
diningtable 0.0047 313 403 463 498
diningtable 0.0032 3 413 435 501
tvmonitor 0.0010 433 268 458 315
