person 0.0926 122 74 139 105
person 0.0739 376 92 387 114
person 0.0688 161 118 178 147
person 0.0507 354 122 367 146
person 0.0145 171 123 179 146
person 0.0138 365 223 499 362
person 0.0106 256 103 274 130
person 0.0073 356 221 432 367
person 0.0044 216 66 241 134
person 0.0039 127 75 139 89
person 0.0027 160 119 171 130
person 0.0025 222 104 233 132
person 0.0022 164 119 176 133
person 0.0021 122 75 136 90
person 0.0019 161 118 168 139
person 0.0016 288 114 305 132
person 0.0013 255 114 262 131
person 0.0013 434 176 458 226
person 0.0012 264 107 279 132
person 0.0011 269 39 284 61
person 0.0010 465 170 483 218
bird 0.0029 122 74 139 104
cat 0.0024 121 73 139 107
dog 0.0104 121 73 139 105
dog 0.0015 161 118 178 147
horse 0.0052 121 74 140 105
horse 0.0020 161 118 178 147
bottle 0.3027 221 68 237 92
bottle 0.0630 466 170 485 220
bottle 0.0275 219 67 239 132
bottle 0.0134 315 112 330 133
bottle 0.0116 461 172 491 232
bottle 0.0074 445 106 461 145
bottle 0.0060 468 170 480 206
bottle 0.0046 435 175 458 214
bottle 0.0044 222 104 232 132
bottle 0.0042 457 172 477 217
bottle 0.0038 468 290 499 374
bottle 0.0035 287 114 304 132
bottle 0.0033 434 174 490 229
bottle 0.0015 475 173 485 209
bottle 0.0014 438 207 455 226
bottle 0.0012 356 221 432 367
bottle 0.0010 455 175 468 218
chair 0.7778 355 221 458 371
chair 0.3277 468 289 500 372
chair 0.0687 354 217 437 277
chair 0.0561 402 256 499 370
chair 0.0201 404 255 499 293
chair 0.0160 382 233 506 327
chair 0.0131 460 274 499 294
chair 0.0120 355 222 397 368
chair 0.0114 451 254 500 277
chair 0.0081 448 260 499 359
chair 0.0067 469 288 499 332
chair 0.0042 431 287 495 372
chair 0.0042 456 274 500 315
chair 0.0037 487 289 500 365
chair 0.0028 359 243 500 296
chair 0.0026 469 228 500 262
chair 0.0025 365 282 473 374
chair 0.0023 436 245 459 256
chair 0.0020 453 261 498 293
chair 0.0019 350 217 429 241
chair 0.0018 449 250 476 261
chair 0.0017 460 191 493 228
chair 0.0016 453 286 494 345
chair 0.0015 432 178 459 228
chair 0.0013 348 221 431 319
chair 0.0013 445 244 495 262
chair 0.0013 399 282 459 362
chair 0.0012 462 209 496 232
chair 0.0011 396 233 464 352
chair 0.0010 416 237 432 261
chair 0.0010 481 205 500 261
sofa 0.0183 358 220 467 367
sofa 0.0018 356 239 502 304
sofa 0.0015 407 254 499 292
sofa 0.0014 472 287 499 370
sofa 0.0014 450 254 499 277
sofa 0.0014 355 218 436 319
pottedplant 0.0135 462 171 490 233
pottedplant 0.0048 477 117 497 145
pottedplant 0.0041 221 67 237 92
pottedplant 0.0020 26 196 55 227
pottedplant 0.0017 460 209 490 230
pottedplant 0.0016 315 112 329 133
pottedplant 0.0014 287 114 305 132
pottedplant 0.0010 472 121 488 145
diningtable 0.2645 362 236 498 371
diningtable 0.1881 404 255 499 293
diningtable 0.1287 453 283 501 373
diningtable 0.1169 410 254 498 336
diningtable 0.0472 450 254 500 277
diningtable 0.0300 377 235 501 297
diningtable 0.0210 446 250 477 265
diningtable 0.0170 460 275 499 294
diningtable 0.0101 421 247 502 279
diningtable 0.0082 357 219 435 368
diningtable 0.0078 453 261 498 293
diningtable 0.0075 420 249 475 269
diningtable 0.0066 354 217 436 269
diningtable 0.0055 419 270 496 295
diningtable 0.0055 450 266 499 315
diningtable 0.0051 412 259 479 269
diningtable 0.0028 403 263 481 282
diningtable 0.0023 471 286 500 358
diningtable 0.0021 427 256 453 266
diningtable 0.0019 355 222 397 368
diningtable 0.0015 432 244 459 257
diningtable 0.0014 437 246 473 260
diningtable 0.0013 457 276 501 334
diningtable 0.0013 448 226 503 282
diningtable 0.0012 445 244 495 262
diningtable 0.0012 52 286 458 370
diningtable 0.0012 432 178 459 228
diningtable 0.0010 451 249 486 260
diningtable 0.0010 469 228 499 262
diningtable 0.0010 391 250 464 370
tvmonitor 0.0012 452 254 500 276
tvmonitor 0.0011 469 228 500 262
