person 0.8331 268 0 500 375
person 0.7732 4 79 248 369
person 0.1899 459 182 499 299
person 0.0750 306 176 499 373
person 0.0474 480 180 499 217
person 0.0300 413 177 498 373
person 0.0103 485 260 499 307
person 0.0063 0 184 73 370
person 0.0057 475 199 499 313
person 0.0052 378 130 503 347
person 0.0043 86 125 329 348
person 0.0042 370 266 499 372
person 0.0041 463 169 499 245
person 0.0037 479 101 500 233
person 0.0029 228 262 495 372
person 0.0025 272 99 497 292
person 0.0024 69 90 501 342
person 0.0023 0 278 46 373
person 0.0021 451 196 500 362
person 0.0020 458 87 499 274
person 0.0017 204 133 326 362
person 0.0014 84 165 145 274
person 0.0013 0 350 15 374
person 0.0011 482 223 500 297
person 0.0011 15 117 155 366
person 0.0010 24 211 499 371
person 0.0010 478 179 499 250
cat 0.0014 485 260 500 307
bottle 0.0107 79 357 119 374
bottle 0.0054 223 354 247 374
bottle 0.0014 485 261 500 306
chair 0.0819 212 138 322 319
chair 0.0451 118 134 442 368
chair 0.0400 0 274 59 372
chair 0.0071 0 184 73 370
chair 0.0058 486 262 500 306
chair 0.0044 0 291 30 372
chair 0.0036 6 269 102 373
chair 0.0036 268 0 501 375
chair 0.0034 460 180 499 290
chair 0.0029 0 350 15 374
chair 0.0022 25 87 295 371
chair 0.0020 372 353 465 374
chair 0.0011 0 318 15 374
chair 0.0010 303 175 498 373
chair 0.0010 260 183 305 263
sofa 0.2866 118 134 442 368
sofa 0.2452 186 131 343 364
sofa 0.0346 19 83 331 373
sofa 0.0320 -2 211 487 369
sofa 0.0319 247 2 497 378
sofa 0.0194 459 181 500 300
sofa 0.0148 286 183 499 373
sofa 0.0089 413 177 498 373
sofa 0.0053 228 262 495 372
sofa 0.0053 485 261 500 307
sofa 0.0040 222 147 311 324
sofa 0.0028 0 274 59 372
sofa 0.0026 378 130 503 347
sofa 0.0024 0 184 73 370
sofa 0.0023 370 267 499 372
sofa 0.0019 373 351 466 374
sofa 0.0019 12 223 277 372
sofa 0.0017 51 295 513 376
sofa 0.0016 475 179 500 229
sofa 0.0011 451 196 500 362
sofa 0.0010 192 100 490 306
sofa 0.0010 475 199 499 313
sofa 0.0010 108 243 312 371
pottedplant 0.0291 267 70 286 122
pottedplant 0.0079 268 70 286 96
pottedplant 0.0026 0 352 14 374
pottedplant 0.0026 259 69 297 129
