person 0.7617 85 111 136 173
person 0.6446 232 140 293 194
person 0.6156 263 152 372 252
person 0.3260 308 154 373 214
person 0.1499 172 144 208 171
person 0.1392 261 170 292 199
person 0.0992 195 146 210 171
person 0.0977 247 161 293 198
person 0.0832 170 146 192 170
person 0.0660 20 109 140 173
person 0.0575 230 140 269 181
person 0.0355 123 133 396 247
person 0.0282 272 166 302 221
person 0.0241 263 150 313 239
person 0.0190 23 95 361 248
person 0.0183 163 140 261 189
person 0.0127 100 131 293 193
person 0.0121 44 52 440 296
person 0.0114 234 154 461 242
person 0.0096 207 153 266 182
person 0.0077 184 141 246 177
person 0.0074 230 150 251 180
person 0.0070 293 155 356 201
person 0.0066 272 181 293 201
person 0.0058 179 138 231 169
person 0.0058 191 121 345 201
person 0.0052 120 136 211 178
person 0.0049 132 133 167 171
person 0.0034 283 161 361 228
person 0.0034 229 154 267 190
person 0.0033 217 143 255 179
person 0.0033 77 137 502 281
person 0.0033 191 153 229 173
person 0.0030 325 164 376 204
person 0.0027 234 157 260 182
person 0.0027 255 164 279 192
person 0.0026 155 138 179 161
person 0.0025 91 122 165 172
person 0.0024 193 139 217 169
person 0.0024 324 154 364 194
person 0.0019 249 145 314 199
person 0.0019 168 135 201 166
person 0.0018 307 155 340 211
person 0.0017 235 162 253 179
person 0.0016 142 146 198 174
person 0.0016 491 125 500 178
person 0.0015 156 151 303 197
person 0.0014 230 158 244 180
person 0.0014 155 139 189 169
person 0.0013 298 172 475 214
person 0.0012 264 143 345 201
person 0.0010 340 166 376 228
person 0.0010 273 168 292 194
person 0.0010 218 69 450 256
aeroplane 0.0042 64 16 507 283
aeroplane 0.0021 234 139 293 196
aeroplane 0.0015 263 153 374 253
aeroplane 0.0013 191 121 345 201
bus 0.0032 54 113 467 278
bus 0.0025 234 139 293 196
train 0.0058 234 139 293 196
train 0.0041 80 89 438 268
boat 0.1946 234 139 293 196
boat 0.1755 54 113 467 278
boat 0.0995 123 133 396 247
boat 0.0409 88 198 360 308
boat 0.0380 248 161 292 202
boat 0.0318 258 149 359 254
boat 0.0236 171 142 209 173
boat 0.0193 88 253 363 305
boat 0.0164 191 121 345 201
boat 0.0126 163 140 261 189
boat 0.0120 229 140 276 181
boat 0.0090 0 59 390 249
boat 0.0084 100 131 293 193
boat 0.0071 234 154 461 242
boat 0.0057 285 155 399 235
boat 0.0042 344 182 479 209
boat 0.0041 291 177 477 217
boat 0.0037 308 154 373 207
boat 0.0027 95 42 447 171
boat 0.0021 186 144 244 175
boat 0.0015 128 143 197 174
boat 0.0014 190 144 211 172
boat 0.0013 85 110 137 173
boat 0.0011 207 153 266 182
boat 0.0010 171 134 257 164
boat 0.0010 156 151 303 197
dog 0.0063 192 145 209 171
dog 0.0029 172 144 208 171
bottle 0.0022 170 146 191 170
bottle 0.0014 186 146 209 172
chair 0.0018 234 140 293 196
chair 0.0014 170 147 191 170
chair 0.0013 229 140 276 181
chair 0.0011 172 144 208 171
chair 0.0010 194 148 210 171
tvmonitor 0.0014 233 140 293 194
tvmonitor 0.0012 54 113 467 278
