person 0.0671 108 137 133 175
person 0.0247 57 135 93 176
person 0.0105 74 134 102 177
person 0.0091 111 136 152 181
person 0.0056 440 170 447 180
person 0.0045 485 163 500 206
person 0.0040 87 134 128 172
person 0.0030 150 136 174 177
person 0.0014 81 138 114 177
person 0.0013 350 161 372 185
person 0.0012 52 132 82 167
person 0.0011 77 150 95 178
person 0.0010 59 147 84 175
car 0.0548 2 107 483 315
car 0.0066 485 163 500 206
car 0.0063 404 174 422 181
car 0.0059 438 170 447 180
car 0.0056 400 164 451 179
car 0.0054 404 171 437 181
car 0.0042 409 173 427 180
car 0.0037 440 170 448 178
car 0.0024 419 168 451 181
car 0.0020 410 175 420 182
car 0.0019 391 163 431 177
car 0.0015 426 169 446 178
car 0.0013 372 152 450 180
car 0.0011 397 165 424 175
car 0.0011 402 168 428 177
aeroplane 0.0017 395 163 449 178
bus 0.9037 15 108 483 301
bus 0.0133 485 163 500 206
bus 0.0013 23 99 475 198
bus 0.0010 400 164 451 179
train 0.0066 486 163 499 207
boat 0.0010 395 163 449 178
bottle 0.0011 486 163 499 207
pottedplant 0.0159 485 164 500 207
diningtable 0.0016 3 108 483 302
