person 0.0130 354 55 440 192
person 0.0097 276 60 436 208
person 0.0043 287 151 440 209
person 0.0018 16 18 374 207
bird 0.0025 148 21 166 28
bird 0.0012 13 17 362 206
cat 0.1866 13 17 362 206
dog 0.6965 13 17 362 206
dog 0.0024 16 64 224 207
dog 0.0013 18 112 335 206
cow 0.0013 13 17 362 206
chair 0.0119 355 58 440 190
chair 0.0080 16 18 374 207
chair 0.0015 294 151 433 207
chair 0.0014 286 55 441 207
sofa 0.0138 354 55 440 192
sofa 0.0068 16 18 374 207
sofa 0.0016 286 151 436 208
sofa 0.0013 5 118 458 209
sofa 0.0010 253 39 438 208
diningtable 0.0051 355 58 440 190
diningtable 0.0031 22 17 410 207
diningtable 0.0026 5 118 458 209
