person 0.0049 54 111 62 121
person 0.0032 0 170 39 203
person 0.0016 146 21 495 370
person 0.0015 53 108 65 126
car 0.0070 -1 23 490 368
motorbike 0.0013 3 47 520 374
bird 0.0102 0 169 40 203
bird 0.0030 71 333 149 347
bird 0.0013 142 16 492 364
bird 0.0011 54 110 62 121
cat 0.7387 141 22 495 363
dog 0.0203 145 20 497 370
dog 0.0037 0 170 39 203
horse 0.0020 0 169 39 205
horse 0.0017 143 15 492 365
sheep 0.0023 0 169 40 202
cow 0.0026 0 169 39 205
cow 0.0017 142 16 492 364
pottedplant 0.0012 385 1 500 313
