person 0.6984 190 155 267 291
person 0.6023 313 166 501 374
person 0.4321 293 148 308 170
person 0.2365 0 200 119 278
person 0.0283 261 157 318 199
person 0.0255 408 263 452 299
person 0.0251 98 157 306 284
person 0.0132 0 187 21 205
person 0.0125 18 154 176 273
person 0.0094 0 239 50 280
person 0.0083 2 184 45 204
person 0.0058 374 166 498 304
person 0.0057 275 152 316 178
person 0.0046 374 243 471 360
person 0.0045 0 204 61 276
person 0.0039 254 173 373 372
person 0.0037 80 152 434 360
person 0.0027 -4 137 102 284
person 0.0026 408 267 456 337
person 0.0026 0 265 310 370
person 0.0025 310 167 317 177
person 0.0022 241 165 309 218
person 0.0020 475 232 500 302
person 0.0020 295 151 314 174
person 0.0018 290 162 314 178
person 0.0018 479 300 499 338
person 0.0017 251 165 273 216
person 0.0016 34 145 47 166
person 0.0016 175 155 340 347
person 0.0016 -1 188 127 338
person 0.0016 248 186 271 222
person 0.0016 193 160 270 225
person 0.0015 0 136 18 166
person 0.0014 8 146 21 166
person 0.0014 10 146 31 168
person 0.0013 220 159 316 301
person 0.0013 457 216 499 300
person 0.0012 488 304 500 338
person 0.0011 293 168 412 372
person 0.0010 0 136 38 171
person 0.0010 154 163 241 285
person 0.0010 0 124 49 182
person 0.0010 478 224 500 352
car 0.0067 479 162 500 189
car 0.0025 480 110 500 136
car 0.0022 0 184 39 205
car 0.0017 66 155 203 269
car 0.0011 -1 265 308 371
bus 0.0047 -2 42 158 245
bus 0.0011 0 90 145 199
train 0.0018 45 157 144 219
train 0.0015 164 156 269 286
train 0.0012 66 155 203 269
train 0.0011 11 24 264 280
cat 0.0014 0 187 21 205
cat 0.0013 0 240 43 278
dog 0.0021 0 187 21 205
dog 0.0020 0 200 119 281
dog 0.0014 -1 240 51 280
chair 0.5540 258 163 317 202
chair 0.3380 284 167 500 374
chair 0.2011 45 155 183 267
chair 0.1912 253 174 375 372
chair 0.1493 475 231 499 302
chair 0.1130 188 156 267 290
chair 0.1091 0 265 308 371
chair 0.0731 388 248 460 358
chair 0.0686 0 201 120 278
chair 0.0524 25 156 299 278
chair 0.0347 45 157 144 219
chair 0.0275 151 163 223 276
chair 0.0273 317 243 472 369
chair 0.0219 4 155 361 356
chair 0.0187 389 172 407 188
chair 0.0178 311 177 399 239
chair 0.0158 457 216 499 300
chair 0.0152 374 166 498 304
chair 0.0151 0 240 50 281
chair 0.0144 408 267 456 337
chair 0.0136 294 149 309 169
chair 0.0135 153 171 395 370
chair 0.0128 0 187 20 204
chair 0.0128 348 171 366 177
chair 0.0106 376 169 388 175
chair 0.0105 370 174 398 188
chair 0.0096 289 176 396 287
chair 0.0093 175 160 220 170
chair 0.0091 371 168 396 181
chair 0.0086 241 165 309 218
chair 0.0085 377 169 404 187
chair 0.0085 253 165 280 213
chair 0.0082 378 167 393 176
chair 0.0082 249 187 271 221
chair 0.0074 260 165 288 203
chair 0.0071 374 179 396 226
chair 0.0067 0 204 61 276
chair 0.0064 96 146 470 304
chair 0.0052 211 156 357 291
chair 0.0049 344 171 363 179
chair 0.0049 379 171 407 202
chair 0.0049 366 171 391 180
chair 0.0047 116 160 197 272
chair 0.0045 468 225 500 352
chair 0.0044 346 173 418 228
chair 0.0042 339 172 358 178
chair 0.0042 2 184 45 204
chair 0.0041 385 169 406 182
chair 0.0039 354 172 372 177
chair 0.0037 282 163 315 183
chair 0.0037 434 170 496 300
chair 0.0036 331 172 361 181
chair 0.0036 -2 64 160 245
chair 0.0034 356 173 371 180
chair 0.0033 299 171 413 352
chair 0.0031 379 167 416 190
chair 0.0030 275 152 316 178
chair 0.0030 210 163 300 268
chair 0.0030 352 244 385 315
chair 0.0029 186 151 291 233
chair 0.0028 237 233 254 261
chair 0.0027 350 173 393 187
chair 0.0026 208 180 280 320
chair 0.0026 339 177 380 188
chair 0.0026 328 175 353 182
chair 0.0025 233 223 255 255
chair 0.0025 271 165 295 194
chair 0.0023 251 204 266 223
chair 0.0023 358 170 388 178
chair 0.0023 7 136 137 228
chair 0.0023 0 153 209 326
chair 0.0023 325 177 343 182
chair 0.0022 203 157 316 211
chair 0.0021 139 163 175 268
chair 0.0021 247 158 321 305
chair 0.0021 289 229 364 372
chair 0.0021 479 300 499 338
chair 0.0020 291 162 314 177
chair 0.0019 356 178 372 187
chair 0.0019 77 147 114 160
chair 0.0019 338 172 375 184
chair 0.0019 372 176 398 202
chair 0.0018 31 115 394 255
chair 0.0018 245 185 267 245
chair 0.0018 343 177 394 207
chair 0.0017 228 215 260 263
chair 0.0017 400 206 498 343
chair 0.0016 336 211 382 349
chair 0.0016 390 325 449 375
chair 0.0016 310 167 317 177
chair 0.0016 373 168 446 232
chair 0.0016 467 170 499 294
chair 0.0016 407 271 450 295
chair 0.0015 37 90 152 190
chair 0.0014 163 161 221 174
chair 0.0014 387 166 443 187
chair 0.0013 320 188 389 327
chair 0.0013 116 151 306 212
chair 0.0013 248 208 328 369
chair 0.0012 246 206 260 225
sofa 0.5720 0 265 310 371
sofa 0.1510 0 201 120 278
sofa 0.0797 65 155 203 269
sofa 0.0734 3 154 314 368
sofa 0.0430 25 156 287 277
sofa 0.0429 283 166 499 374
sofa 0.0293 135 158 268 283
sofa 0.0248 254 173 373 372
sofa 0.0197 258 163 317 202
sofa 0.0166 474 231 500 303
sofa 0.0133 103 169 429 371
sofa 0.0101 0 240 50 281
sofa 0.0047 0 204 61 276
sofa 0.0046 374 243 471 360
sofa 0.0039 311 177 399 239
sofa 0.0027 50 156 145 223
sofa 0.0024 175 155 340 347
sofa 0.0024 0 187 21 205
sofa 0.0022 408 267 456 337
sofa 0.0018 297 173 414 268
sofa 0.0015 343 166 501 307
sofa 0.0012 -1 188 127 338
sofa 0.0011 346 173 418 228
sofa 0.0011 186 154 301 293
sofa 0.0010 222 151 403 307
sofa 0.0010 2 184 45 204
pottedplant 0.0201 479 163 500 191
pottedplant 0.0175 377 168 390 175
pottedplant 0.0075 479 168 500 215
pottedplant 0.0070 373 168 394 181
pottedplant 0.0053 488 167 499 189
pottedplant 0.0037 371 171 398 187
pottedplant 0.0021 380 171 407 186
pottedplant 0.0018 480 110 500 136
pottedplant 0.0012 467 170 499 294
pottedplant 0.0011 488 169 499 223
diningtable 0.0082 0 264 307 372
diningtable 0.0066 372 168 396 181
diningtable 0.0037 370 174 398 188
diningtable 0.0037 475 232 500 302
diningtable 0.0037 366 171 391 180
diningtable 0.0024 378 169 404 187
diningtable 0.0022 0 186 21 205
diningtable 0.0020 376 169 388 175
diningtable 0.0019 388 172 406 188
diningtable 0.0015 259 165 319 206
diningtable 0.0010 378 167 394 176
diningtable 0.0010 0 200 120 277
tvmonitor 0.0016 0 124 49 182
tvmonitor 0.0010 475 232 500 302
