person 0.0174 494 231 499 242
person 0.0090 176 236 183 242
person 0.0052 412 248 416 257
person 0.0049 344 259 350 267
person 0.0038 175 234 189 243
person 0.0026 0 240 5 253
person 0.0023 405 240 409 248
person 0.0022 412 252 416 257
person 0.0018 87 207 96 213
person 0.0017 111 206 122 212
person 0.0016 338 236 344 242
person 0.0015 343 260 349 267
person 0.0015 411 245 416 256
person 0.0015 185 233 194 243
person 0.0014 358 227 363 231
person 0.0014 257 236 263 242
person 0.0013 256 234 274 242
person 0.0011 443 233 447 237
person 0.0010 254 209 262 222
person 0.0010 413 244 417 254
car 0.0117 124 206 142 212
car 0.0115 494 231 500 242
car 0.0056 111 206 122 212
car 0.0041 60 212 72 222
car 0.0032 111 205 132 212
car 0.0027 18 206 28 213
car 0.0022 0 240 5 253
car 0.0022 357 227 364 232
car 0.0015 96 206 109 213
car 0.0014 377 268 404 281
car 0.0014 281 209 287 213
car 0.0014 426 233 437 237
car 0.0013 407 205 423 211
car 0.0013 18 204 34 212
car 0.0012 256 234 274 242
car 0.0011 1 206 18 212
car 0.0011 424 232 434 237
car 0.0010 490 198 500 213
car 0.0010 215 208 264 223
aeroplane 0.7472 5 99 503 224
aeroplane 0.0217 14 146 394 222
aeroplane 0.0160 460 198 500 215
aeroplane 0.0087 481 197 499 213
aeroplane 0.0074 490 197 499 213
aeroplane 0.0033 461 205 493 215
aeroplane 0.0028 494 231 500 242
aeroplane 0.0022 272 233 283 243
aeroplane 0.0021 117 205 143 213
aeroplane 0.0017 201 88 497 206
aeroplane 0.0016 12 160 500 294
aeroplane 0.0016 443 191 499 216
aeroplane 0.0011 492 205 500 212
aeroplane 0.0011 258 233 283 243
bus 0.0013 494 231 499 242
train 0.0024 494 231 500 242
boat 0.0055 494 231 499 242
bird 0.0012 475 259 485 263
horse 0.0089 494 231 499 242
sheep 0.0035 494 231 500 242
cow 0.0120 494 231 499 242
cow 0.0014 443 233 447 237
cow 0.0013 439 233 447 237
diningtable 0.0017 8 76 499 215
