person 0.0453 307 100 372 146
person 0.0077 275 95 360 144
person 0.0048 112 57 440 148
person 0.0040 463 232 499 338
person 0.0033 329 111 376 148
person 0.0025 67 223 92 273
person 0.0024 179 93 388 154
person 0.0015 83 73 449 308
bicycle 0.0031 463 232 499 338
car 0.4481 83 61 451 311
car 0.0103 88 57 439 145
car 0.0034 463 232 499 338
motorbike 0.0029 463 232 499 338
bus 0.0551 84 57 449 312
train 0.0025 83 61 451 311
chair 0.0169 463 233 499 338
sofa 0.0036 463 233 499 338
diningtable 0.0014 463 233 499 338
