person 0.3625 34 121 363 501
person 0.0503 151 217 285 404
person 0.0488 101 133 275 382
person 0.0157 191 286 225 316
person 0.0073 14 74 305 360
person 0.0045 0 330 153 500
person 0.0042 148 232 217 327
person 0.0040 84 287 373 502
person 0.0029 283 213 374 378
person 0.0027 175 260 193 303
person 0.0023 134 256 228 357
person 0.0016 188 0 197 17
person 0.0013 334 448 374 500
person 0.0010 201 0 212 18
person 0.0010 153 289 227 346
bicycle 0.0018 0 134 25 183
bicycle 0.0018 0 81 36 183
car 0.0013 -12 92 359 501
train 0.0013 -23 83 373 506
boat 0.0016 -23 83 373 506
bottle 0.0877 310 0 331 33
bottle 0.0323 290 0 313 32
bottle 0.0198 304 0 322 32
bottle 0.0126 353 117 364 161
bottle 0.0102 356 114 371 162
bottle 0.0065 318 0 333 30
bottle 0.0055 268 3 287 26
bottle 0.0051 244 0 260 23
bottle 0.0035 254 3 268 24
bottle 0.0028 289 0 306 23
bottle 0.0026 229 0 248 23
bottle 0.0025 253 2 280 24
bottle 0.0025 363 114 374 162
bottle 0.0018 250 94 266 159
bottle 0.0017 294 0 305 8
bottle 0.0015 253 128 264 159
bottle 0.0015 183 0 206 17
bottle 0.0014 192 287 225 316
bottle 0.0012 197 0 216 19
bottle 0.0012 169 0 195 16
bottle 0.0011 245 0 259 13
bottle 0.0011 259 129 268 161
bottle 0.0010 272 125 285 144
chair 0.6297 283 213 374 378
chair 0.0849 17 73 278 394
chair 0.0508 0 329 154 500
chair 0.0105 -3 138 363 505
chair 0.0090 281 290 374 368
chair 0.0088 0 73 39 184
chair 0.0075 265 203 382 475
chair 0.0074 294 212 374 300
chair 0.0055 0 134 27 183
chair 0.0045 0 5 46 170
chair 0.0035 0 179 33 346
chair 0.0032 323 214 373 248
chair 0.0026 4 325 319 497
chair 0.0022 2 157 27 182
chair 0.0017 192 286 225 314
chair 0.0015 267 164 374 300
chair 0.0014 39 0 137 68
chair 0.0012 166 66 251 133
chair 0.0011 38 0 135 33
chair 0.0011 284 320 360 370
chair 0.0010 44 48 143 80
chair 0.0010 0 58 43 130
chair 0.0010 0 77 24 164
chair 0.0010 0 337 70 500
sofa 0.3332 1 158 361 500
sofa 0.2755 17 73 278 394
sofa 0.1558 283 213 374 378
sofa 0.0964 0 329 154 500
sofa 0.0628 3 324 324 498
sofa 0.0088 192 286 225 314
sofa 0.0049 100 182 289 394
sofa 0.0028 294 212 374 300
sofa 0.0024 0 339 76 499
sofa 0.0019 119 69 371 463
sofa 0.0016 110 366 350 498
sofa 0.0012 237 210 378 497
pottedplant 0.0187 353 3 374 79
pottedplant 0.0064 354 43 374 82
pottedplant 0.0012 304 0 333 33
diningtable 0.0029 288 211 373 304
diningtable 0.0022 -23 83 373 506
diningtable 0.0018 270 170 374 271
diningtable 0.0012 0 62 43 180
tvmonitor 0.0113 38 0 135 33
tvmonitor 0.0054 42 2 136 60
tvmonitor 0.0017 166 66 251 133
