person 0.8901 178 140 255 364
person 0.8646 114 144 184 374
person 0.8029 297 151 358 363
person 0.7038 244 144 304 355
person 0.2299 332 152 362 232
person 0.0266 207 151 331 367
person 0.0240 333 153 358 190
person 0.0222 329 153 366 308
person 0.0084 333 155 349 181
person 0.0061 299 177 357 288
person 0.0048 254 148 365 315
person 0.0039 296 255 342 297
person 0.0032 155 140 210 369
person 0.0031 273 202 352 348
person 0.0025 346 167 364 222
person 0.0012 171 173 183 189
person 0.0011 289 178 328 290
person 0.0010 133 154 242 368
bicycle 0.9025 0 219 119 318
bicycle 0.8740 385 195 499 300
bicycle 0.8424 143 260 385 372
bicycle 0.0489 413 200 478 285
bicycle 0.0417 448 229 464 251
bicycle 0.0373 442 223 463 257
bicycle 0.0328 293 149 358 379
bicycle 0.0238 0 224 23 258
bicycle 0.0237 243 145 303 364
bicycle 0.0233 434 211 471 266
bicycle 0.0167 472 192 500 222
bicycle 0.0145 251 248 365 372
bicycle 0.0109 57 215 118 303
bicycle 0.0097 477 229 499 282
bicycle 0.0092 0 225 35 316
bicycle 0.0084 139 273 197 371
bicycle 0.0084 297 258 342 297
bicycle 0.0074 1 223 38 265
bicycle 0.0073 150 262 274 374
bicycle 0.0069 273 202 352 348
bicycle 0.0066 193 258 241 361
bicycle 0.0062 468 161 500 237
bicycle 0.0057 0 228 10 259
bicycle 0.0053 471 189 500 208
bicycle 0.0053 445 150 500 269
bicycle 0.0052 207 151 331 367
bicycle 0.0050 284 252 332 366
bicycle 0.0042 0 236 20 302
bicycle 0.0038 474 194 500 271
bicycle 0.0035 490 198 499 219
bicycle 0.0033 411 132 498 286
bicycle 0.0031 0 220 70 263
bicycle 0.0028 467 191 491 217
bicycle 0.0028 0 261 29 319
bicycle 0.0026 459 203 500 284
bicycle 0.0026 470 127 499 204
bicycle 0.0025 97 223 127 287
bicycle 0.0025 0 263 62 321
bicycle 0.0024 176 146 267 376
bicycle 0.0024 7 227 86 294
bicycle 0.0022 296 246 362 345
bicycle 0.0022 6 226 32 253
bicycle 0.0022 9 215 110 273
bicycle 0.0022 0 238 9 266
bicycle 0.0021 492 194 500 214
bicycle 0.0020 480 202 499 235
bicycle 0.0020 0 234 18 267
bicycle 0.0020 180 277 191 304
bicycle 0.0018 164 269 196 349
bicycle 0.0017 290 240 334 303
bicycle 0.0017 140 307 238 374
bicycle 0.0016 123 286 172 372
bicycle 0.0015 140 312 176 372
bicycle 0.0015 306 261 332 293
bicycle 0.0015 459 146 492 245
bicycle 0.0014 205 260 251 330
bicycle 0.0014 1 239 25 276
bicycle 0.0013 168 263 215 352
bicycle 0.0012 0 263 18 306
bicycle 0.0012 44 223 94 272
bicycle 0.0012 233 244 355 318
bicycle 0.0011 176 268 204 345
bicycle 0.0011 173 264 311 331
bicycle 0.0010 464 195 495 231
car 0.0020 381 197 500 299
car 0.0016 470 128 499 184
car 0.0010 -1 217 120 314
motorbike 0.0123 381 197 500 299
motorbike 0.0086 0 217 118 313
motorbike 0.0018 146 257 383 371
bird 0.0010 285 44 321 66
bottle 0.1974 446 228 463 254
bottle 0.0417 413 200 478 285
bottle 0.0404 381 197 500 299
bottle 0.0181 0 219 119 316
bottle 0.0172 434 211 471 266
bottle 0.0053 170 256 355 380
bottle 0.0037 248 302 267 344
bottle 0.0036 284 252 332 366
bottle 0.0028 33 266 46 286
bottle 0.0027 440 223 461 267
bottle 0.0026 251 248 365 372
bottle 0.0024 204 261 250 358
bottle 0.0016 32 255 51 287
bottle 0.0015 249 280 280 353
bottle 0.0013 222 278 295 368
bottle 0.0012 210 264 233 339
bottle 0.0010 7 227 86 294
chair 0.0015 0 224 20 262
chair 0.0012 0 228 10 259
chair 0.0011 470 144 500 211
pottedplant 0.0013 1 220 118 319
pottedplant 0.0010 0 224 20 256
tvmonitor 0.0036 142 143 190 178
