person 0.1368 161 167 192 193
person 0.1361 66 150 286 277
person 0.0175 201 178 222 200
person 0.0045 160 164 216 199
person 0.0030 191 180 225 209
person 0.0019 184 172 226 200
person 0.0014 130 152 245 215
car 0.6701 67 150 285 277
motorbike 0.0013 66 150 285 277
aeroplane 0.0018 66 150 285 277
bus 0.0130 67 150 285 277
train 0.0016 66 150 285 277
boat 0.0020 66 150 285 277
bird 0.0024 201 177 226 202
cat 0.0019 201 177 226 202
dog 0.0067 202 176 221 199
dog 0.0017 194 178 229 202
dog 0.0015 163 168 189 192
sofa 0.0013 66 150 285 277
tvmonitor 0.0011 66 150 285 277
