person 0.8574 128 30 164 63
person 0.8115 199 32 233 62
person 0.7941 262 1 292 71
person 0.7636 20 38 47 94
person 0.6112 49 42 79 88
person 0.4159 141 71 217 118
person 0.3600 0 42 18 77
person 0.1490 99 40 129 69
person 0.1198 7 45 318 227
person 0.1014 95 35 117 67
person 0.0890 125 80 187 124
person 0.0882 53 42 78 70
person 0.0852 170 77 217 115
person 0.0678 1 42 31 85
person 0.0669 102 54 121 69
person 0.0442 121 39 132 60
person 0.0387 440 101 486 160
person 0.0347 57 44 70 58
person 0.0280 43 54 76 100
person 0.0240 2 44 14 58
person 0.0239 0 42 8 67
person 0.0236 373 128 421 163
person 0.0228 229 40 239 58
person 0.0192 357 107 420 157
person 0.0189 323 89 399 145
person 0.0185 100 58 115 70
person 0.0176 110 40 131 65
person 0.0172 327 95 388 129
person 0.0143 16 64 67 104
person 0.0143 99 20 182 69
person 0.0136 81 33 121 62
person 0.0136 84 62 296 156
person 0.0133 89 37 110 71
person 0.0129 22 14 128 88
person 0.0123 117 94 173 125
person 0.0114 89 45 123 73
person 0.0108 0 38 7 58
person 0.0108 420 44 428 61
person 0.0098 143 32 168 62
person 0.0092 79 51 101 77
person 0.0091 195 21 248 79
person 0.0090 96 35 113 54
person 0.0085 151 47 273 116
person 0.0084 0 60 8 77
person 0.0084 56 46 92 86
person 0.0079 91 38 101 54
person 0.0079 105 35 151 65
person 0.0076 186 72 215 109
person 0.0074 101 36 125 59
person 0.0074 50 24 148 71
person 0.0073 377 126 406 156
person 0.0067 0 57 15 79
person 0.0066 22 37 43 67
person 0.0066 126 46 165 64
person 0.0065 417 119 485 165
person 0.0060 122 76 216 146
person 0.0060 414 45 428 66
person 0.0060 96 49 115 71
person 0.0056 439 122 470 161
person 0.0055 286 22 305 67
person 0.0055 50 36 74 61
person 0.0054 32 45 56 97
person 0.0049 62 42 79 60
person 0.0049 336 102 374 127
person 0.0047 35 39 57 59
person 0.0047 384 27 391 40
person 0.0046 0 23 5 60
person 0.0046 351 97 409 136
person 0.0045 84 45 106 74
person 0.0044 170 38 186 57
person 0.0044 24 40 65 90
person 0.0043 78 39 99 70
person 0.0042 410 43 437 65
person 0.0042 85 38 98 56
person 0.0042 339 15 384 67
person 0.0040 13 47 28 82
person 0.0039 494 72 499 84
person 0.0039 0 71 42 100
person 0.0038 0 30 3 51
person 0.0037 390 126 433 160
person 0.0036 7 57 23 80
person 0.0036 151 41 168 60
person 0.0036 32 69 62 102
person 0.0035 269 110 324 145
person 0.0035 36 39 58 79
person 0.0035 72 31 95 62
person 0.0034 66 24 90 66
person 0.0033 124 34 167 85
person 0.0032 4 39 22 63
person 0.0032 421 44 428 54
person 0.0032 294 104 436 159
person 0.0030 79 54 93 76
person 0.0030 162 67 211 108
person 0.0028 40 42 70 77
person 0.0028 274 4 294 62
person 0.0028 48 61 73 91
person 0.0027 56 28 74 53
person 0.0027 441 80 490 144
person 0.0027 150 34 177 61
person 0.0025 44 29 80 70
bicycle 0.0049 36 70 71 101
bicycle 0.0037 48 42 79 91
bicycle 0.0033 0 43 18 77
bicycle 0.0033 16 64 67 104
bicycle 0.0031 19 39 48 94
bicycle 0.0012 39 71 56 100
bicycle 0.0011 0 60 8 77
car 0.7479 5 69 503 378
car 0.3066 5 57 298 230
car 0.0736 1 56 487 183
car 0.0629 380 50 498 80
car 0.0547 252 64 319 80
car 0.0413 47 43 81 90
car 0.0344 97 39 128 68
car 0.0288 164 68 221 116
car 0.0250 1 76 90 245
car 0.0205 127 31 165 64
car 0.0179 102 52 128 67
car 0.0175 238 59 313 85
car 0.0111 334 16 497 74
car 0.0110 19 39 48 94
car 0.0099 37 43 440 131
car 0.0098 0 73 84 162
car 0.0087 425 55 499 83
car 0.0087 5 70 73 105
car 0.0070 199 33 233 62
car 0.0062 151 47 273 116
car 0.0059 0 71 44 100
car 0.0056 89 37 114 71
car 0.0055 58 44 91 69
car 0.0054 262 1 292 75
car 0.0052 0 43 17 78
car 0.0049 131 71 215 120
car 0.0047 84 62 296 156
car 0.0046 201 56 316 90
car 0.0045 101 56 118 69
car 0.0042 361 44 451 67
car 0.0040 0 62 123 184
car 0.0038 1 288 122 373
car 0.0036 22 14 128 88
car 0.0029 115 41 137 63
car 0.0029 13 157 338 373
car 0.0027 78 51 103 77
car 0.0026 14 62 128 120
car 0.0026 322 88 401 148
car 0.0025 339 37 472 70
car 0.0024 16 249 497 374
car 0.0024 2 41 32 85
car 0.0024 238 68 321 93
car 0.0024 39 41 55 60
car 0.0023 56 44 75 64
car 0.0021 37 67 77 104
car 0.0019 0 186 13 251
car 0.0019 426 53 502 69
car 0.0017 442 27 499 56
car 0.0016 225 63 292 91
car 0.0015 286 82 442 161
car 0.0015 383 54 500 124
car 0.0015 61 18 157 72
car 0.0014 94 50 165 69
car 0.0014 252 67 294 84
car 0.0013 0 95 35 247
car 0.0013 73 37 96 68
car 0.0013 0 76 67 122
car 0.0012 198 68 478 150
car 0.0012 200 68 331 126
car 0.0012 168 38 195 59
car 0.0012 198 163 262 189
car 0.0011 122 78 187 124
car 0.0011 439 83 488 153
car 0.0011 36 39 58 79
car 0.0011 87 38 130 86
car 0.0011 0 84 39 150
car 0.0010 0 138 17 253
motorbike 0.1545 19 39 48 94
motorbike 0.1003 5 70 73 105
motorbike 0.0976 48 42 79 91
motorbike 0.0619 37 67 77 104
motorbike 0.0278 0 43 17 78
motorbike 0.0212 42 75 72 99
motorbike 0.0185 0 71 44 100
motorbike 0.0152 32 69 62 102
motorbike 0.0110 0 73 84 162
motorbike 0.0086 33 82 73 106
motorbike 0.0076 1 42 31 85
motorbike 0.0073 67 69 84 83
motorbike 0.0071 0 76 81 120
motorbike 0.0065 62 64 89 89
motorbike 0.0062 0 60 8 77
motorbike 0.0055 54 46 93 86
motorbike 0.0052 50 62 75 90
motorbike 0.0052 78 54 93 77
motorbike 0.0042 14 75 53 102
motorbike 0.0042 0 59 13 86
motorbike 0.0037 0 186 13 251
motorbike 0.0036 0 75 92 246
motorbike 0.0036 77 62 91 80
motorbike 0.0034 2 36 85 112
motorbike 0.0030 0 78 42 121
motorbike 0.0028 0 62 123 184
motorbike 0.0028 3 67 503 381
motorbike 0.0025 38 84 57 104
motorbike 0.0025 97 39 128 68
motorbike 0.0022 14 62 128 120
motorbike 0.0020 7 57 24 80
motorbike 0.0019 36 62 55 97
motorbike 0.0017 0 84 39 150
motorbike 0.0015 14 86 76 110
motorbike 0.0014 102 51 128 68
motorbike 0.0014 57 70 84 92
motorbike 0.0014 77 47 107 80
motorbike 0.0013 27 63 50 93
motorbike 0.0013 0 228 12 252
motorbike 0.0011 0 77 23 103
motorbike 0.0011 7 59 36 96
aeroplane 0.0028 373 41 497 78
aeroplane 0.0025 3 67 503 381
aeroplane 0.0011 332 1 500 69
bus 0.0066 329 2 498 71
bus 0.0041 128 30 164 63
bus 0.0036 380 50 498 80
bus 0.0033 47 41 80 89
bus 0.0029 260 0 293 72
bus 0.0026 97 38 126 68
bus 0.0019 3 67 503 381
bus 0.0016 0 0 157 75
bus 0.0012 416 56 501 83
bus 0.0012 350 39 494 74
bus 0.0010 361 44 451 67
bus 0.0010 22 14 128 88
bus 0.0010 19 38 47 92
train 0.0030 373 41 497 78
train 0.0018 332 1 500 69
boat 0.0056 376 49 498 80
boat 0.0031 334 16 497 74
boat 0.0027 3 67 503 381
chair 0.0142 48 51 79 99
chair 0.0067 50 62 75 90
chair 0.0061 65 70 83 86
chair 0.0053 45 71 73 99
chair 0.0045 102 51 128 68
chair 0.0022 57 70 84 92
chair 0.0014 62 64 89 89
chair 0.0012 96 38 127 69
chair 0.0010 27 61 79 108
sofa 0.0014 5 69 503 378
diningtable 0.0022 0 319 51 372
diningtable 0.0019 248 64 324 78
