person 0.2978 392 158 498 376
person 0.1201 258 149 502 375
person 0.0901 448 141 462 153
person 0.0093 447 142 470 155
person 0.0087 456 149 485 165
person 0.0027 461 146 474 159
person 0.0021 117 173 178 213
person 0.0020 431 146 481 192
person 0.0019 435 141 456 162
person 0.0018 460 144 471 153
person 0.0016 442 139 468 173
person 0.0013 450 149 488 178
person 0.0011 309 158 327 180
person 0.0011 463 123 473 135
person 0.0010 448 151 467 170
person 0.0010 0 312 16 359
person 0.0010 425 151 491 210
bird 0.0026 391 99 411 118
bird 0.0026 393 157 499 374
cat 0.0098 394 158 499 375
cat 0.0015 0 312 15 359
cat 0.0014 117 171 177 209
dog 0.0193 393 158 498 373
dog 0.0095 0 313 16 358
dog 0.0019 237 180 501 368
dog 0.0017 0 315 12 345
horse 0.0018 393 158 498 373
sheep 0.0010 394 158 499 375
cow 0.0032 394 158 499 375
bottle 0.0943 95 3 107 33
bottle 0.0738 45 1 59 28
bottle 0.0390 67 2 84 33
bottle 0.0296 18 1 32 16
bottle 0.0229 41 83 49 105
bottle 0.0089 85 0 108 34
bottle 0.0080 106 110 122 158
bottle 0.0067 105 1 134 28
bottle 0.0055 42 56 51 77
bottle 0.0052 98 1 109 13
bottle 0.0050 94 11 104 32
bottle 0.0050 88 97 122 156
bottle 0.0043 439 141 449 153
bottle 0.0040 446 140 462 153
bottle 0.0039 118 1 133 26
bottle 0.0039 117 171 177 209
bottle 0.0039 101 1 111 21
bottle 0.0037 88 1 106 22
bottle 0.0030 36 1 47 11
bottle 0.0030 85 131 107 154
bottle 0.0030 82 2 100 20
bottle 0.0026 108 0 126 19
bottle 0.0025 436 142 445 152
bottle 0.0025 116 108 122 127
bottle 0.0024 439 124 445 135
bottle 0.0024 115 104 123 155
bottle 0.0023 102 0 112 11
bottle 0.0022 32 1 48 16
bottle 0.0021 89 1 105 11
bottle 0.0020 76 176 87 195
bottle 0.0018 109 0 125 10
bottle 0.0017 69 135 86 154
bottle 0.0017 83 2 100 11
bottle 0.0016 54 2 73 31
bottle 0.0016 437 161 449 168
bottle 0.0014 354 181 361 204
bottle 0.0013 75 180 83 199
bottle 0.0013 315 181 329 198
bottle 0.0010 65 1 101 33
chair 0.8505 0 165 110 372
chair 0.8430 362 167 414 223
chair 0.8245 144 161 263 367
chair 0.5705 266 157 361 249
chair 0.3328 257 132 299 186
chair 0.1497 329 188 357 202
chair 0.1210 73 169 190 362
chair 0.1184 85 156 162 204
chair 0.0752 298 156 335 188
chair 0.0603 241 297 421 375
chair 0.0576 313 184 357 203
chair 0.0548 279 169 351 214
chair 0.0448 110 170 178 212
chair 0.0445 237 180 501 368
chair 0.0344 265 155 331 223
chair 0.0337 369 167 414 198
chair 0.0321 0 167 163 288
chair 0.0306 264 155 297 193
chair 0.0279 0 163 79 311
chair 0.0272 80 203 137 215
chair 0.0240 61 266 111 371
chair 0.0221 75 233 134 263
chair 0.0220 245 164 263 259
chair 0.0217 102 175 181 263
chair 0.0210 59 153 108 194
chair 0.0193 276 180 346 202
chair 0.0179 328 186 359 218
chair 0.0176 309 157 328 184
chair 0.0173 265 154 301 234
chair 0.0137 302 190 356 217
chair 0.0117 250 159 290 257
chair 0.0116 298 181 372 213
chair 0.0113 336 209 358 218
chair 0.0111 0 270 110 372
chair 0.0105 313 182 337 200
chair 0.0103 392 158 498 376
chair 0.0103 72 196 139 368
chair 0.0100 328 190 346 201
chair 0.0097 34 178 154 377
chair 0.0096 456 149 485 165
chair 0.0083 72 186 143 284
chair 0.0079 0 312 17 357
chair 0.0074 254 179 277 261
chair 0.0073 298 178 325 195
chair 0.0070 322 185 348 200
chair 0.0067 307 177 342 201
chair 0.0064 295 196 347 212
chair 0.0063 319 183 330 199
chair 0.0058 334 200 360 224
chair 0.0054 57 135 85 157
chair 0.0053 267 204 366 252
chair 0.0049 246 354 431 376
chair 0.0049 109 154 162 191
chair 0.0048 266 150 292 177
chair 0.0047 75 176 88 194
chair 0.0046 36 160 155 241
chair 0.0044 299 205 341 216
chair 0.0043 299 185 341 205
chair 0.0042 262 143 309 198
chair 0.0039 309 179 328 196
chair 0.0037 73 196 194 291
chair 0.0035 300 182 323 190
chair 0.0035 249 193 268 263
chair 0.0034 302 165 348 203
chair 0.0034 362 171 393 204
chair 0.0033 0 161 81 221
chair 0.0031 276 198 306 231
chair 0.0030 328 184 356 196
chair 0.0030 299 184 323 198
chair 0.0029 129 190 176 263
chair 0.0029 346 187 362 205
chair 0.0029 354 181 361 204
chair 0.0028 326 188 367 237
chair 0.0027 277 214 360 242
chair 0.0027 78 217 163 269
chair 0.0027 66 164 95 197
chair 0.0026 0 162 112 256
chair 0.0026 259 168 326 261
chair 0.0025 248 203 260 257
chair 0.0024 437 172 450 187
chair 0.0024 353 172 366 202
chair 0.0023 307 160 445 242
chair 0.0023 434 166 450 196
chair 0.0023 243 271 506 372
chair 0.0022 357 168 378 198
chair 0.0022 88 172 172 228
chair 0.0021 447 140 462 153
chair 0.0021 363 180 383 201
chair 0.0021 390 180 417 223
chair 0.0021 75 252 124 366
chair 0.0021 304 190 326 201
chair 0.0020 0 318 10 361
chair 0.0020 95 206 248 375
chair 0.0019 286 207 305 218
chair 0.0018 376 168 414 182
chair 0.0018 144 180 193 255
chair 0.0018 438 147 485 175
chair 0.0016 430 150 491 191
chair 0.0016 295 221 355 237
chair 0.0016 319 192 348 211
sofa 0.3351 237 180 501 368
sofa 0.1154 392 158 498 376
sofa 0.0968 241 297 421 375
sofa 0.0214 265 153 364 269
sofa 0.0153 243 271 506 372
sofa 0.0078 257 132 299 183
sofa 0.0071 1 164 96 374
sofa 0.0039 329 188 356 202
sofa 0.0036 361 168 414 223
sofa 0.0030 139 159 262 371
sofa 0.0021 246 354 431 376
sofa 0.0020 267 204 366 252
sofa 0.0019 267 156 357 217
sofa 0.0016 73 168 190 362
sofa 0.0015 298 156 335 188
sofa 0.0012 82 160 162 210
sofa 0.0012 285 179 342 202
sofa 0.0012 265 154 301 234
sofa 0.0012 462 149 485 164
sofa 0.0012 309 158 329 183
sofa 0.0011 85 200 136 215
sofa 0.0011 103 155 159 194
sofa 0.0011 111 172 177 212
pottedplant 0.5780 309 158 329 183
pottedplant 0.1277 454 81 481 107
pottedplant 0.0731 88 96 118 139
pottedplant 0.0641 68 3 83 32
pottedplant 0.0454 298 156 335 188
pottedplant 0.0394 89 96 116 119
pottedplant 0.0286 267 156 357 217
pottedplant 0.0273 84 127 108 154
pottedplant 0.0113 94 4 106 32
pottedplant 0.0087 458 100 473 109
pottedplant 0.0070 100 0 132 33
pottedplant 0.0067 460 96 479 107
pottedplant 0.0063 75 152 160 192
pottedplant 0.0058 109 99 123 155
pottedplant 0.0057 62 1 99 33
pottedplant 0.0053 45 2 59 28
pottedplant 0.0053 307 177 342 201
pottedplant 0.0050 117 3 133 26
pottedplant 0.0048 309 165 325 188
pottedplant 0.0046 302 165 348 203
pottedplant 0.0041 450 69 484 116
pottedplant 0.0041 447 140 462 153
pottedplant 0.0038 63 89 119 148
pottedplant 0.0035 83 129 100 150
pottedplant 0.0032 80 2 101 32
pottedplant 0.0032 465 90 481 106
pottedplant 0.0030 309 179 328 196
pottedplant 0.0029 394 99 408 119
pottedplant 0.0027 56 131 87 156
pottedplant 0.0027 58 145 106 187
pottedplant 0.0025 82 99 113 157
pottedplant 0.0025 96 98 124 160
pottedplant 0.0024 69 129 95 153
pottedplant 0.0023 52 2 75 31
pottedplant 0.0022 252 82 283 138
pottedplant 0.0022 444 106 479 138
pottedplant 0.0021 62 114 103 161
pottedplant 0.0017 306 178 323 191
pottedplant 0.0017 463 82 487 126
pottedplant 0.0016 454 67 498 145
pottedplant 0.0016 298 178 325 195
pottedplant 0.0016 41 82 50 105
pottedplant 0.0015 103 7 124 31
pottedplant 0.0014 355 86 383 201
pottedplant 0.0013 461 118 475 137
pottedplant 0.0013 256 132 299 184
pottedplant 0.0012 29 39 125 173
pottedplant 0.0012 357 168 378 198
pottedplant 0.0012 313 184 357 203
pottedplant 0.0011 354 153 371 194
pottedplant 0.0011 313 154 332 175
pottedplant 0.0011 392 153 498 378
pottedplant 0.0011 353 172 366 202
pottedplant 0.0010 96 0 114 33
pottedplant 0.0010 332 168 410 215
diningtable 0.4316 73 178 193 365
diningtable 0.0644 0 162 110 374
diningtable 0.0467 262 154 364 233
diningtable 0.0289 362 167 414 223
diningtable 0.0257 116 173 178 212
diningtable 0.0249 328 187 357 202
diningtable 0.0227 80 156 160 207
diningtable 0.0203 -2 166 166 290
diningtable 0.0188 75 149 182 258
diningtable 0.0169 0 163 78 310
diningtable 0.0157 0 275 109 373
diningtable 0.0133 285 179 342 202
diningtable 0.0123 141 161 264 366
diningtable 0.0106 85 200 136 215
diningtable 0.0081 279 169 351 214
diningtable 0.0077 298 156 335 188
diningtable 0.0076 36 160 155 241
diningtable 0.0073 313 182 337 200
diningtable 0.0070 302 190 356 217
diningtable 0.0067 265 191 367 265
diningtable 0.0055 75 233 134 263
diningtable 0.0048 297 183 357 206
diningtable 0.0047 332 193 360 219
diningtable 0.0046 308 157 328 184
diningtable 0.0045 295 196 347 212
diningtable 0.0042 317 185 353 200
diningtable 0.0039 336 209 358 218
diningtable 0.0036 298 203 351 218
diningtable 0.0035 254 160 471 268
diningtable 0.0029 292 178 427 242
diningtable 0.0029 72 218 174 291
diningtable 0.0028 109 175 184 255
diningtable 0.0026 0 162 112 256
diningtable 0.0026 240 298 427 375
diningtable 0.0025 392 158 498 376
diningtable 0.0025 0 162 81 204
diningtable 0.0024 59 244 119 369
diningtable 0.0023 309 179 328 196
diningtable 0.0022 72 196 139 368
diningtable 0.0021 326 182 365 211
diningtable 0.0019 277 189 346 201
diningtable 0.0016 72 186 143 284
diningtable 0.0015 294 203 361 241
diningtable 0.0015 328 190 346 201
diningtable 0.0015 59 156 106 196
diningtable 0.0014 306 178 323 191
diningtable 0.0014 237 152 495 371
diningtable 0.0014 369 167 414 198
diningtable 0.0013 257 133 299 182
diningtable 0.0013 326 188 367 237
diningtable 0.0013 65 204 235 316
diningtable 0.0013 80 207 140 216
diningtable 0.0013 298 181 329 200
diningtable 0.0012 34 178 154 377
diningtable 0.0011 295 221 355 237
diningtable 0.0010 358 178 389 203
diningtable 0.0010 278 225 363 250
tvmonitor 0.7976 256 132 299 183
tvmonitor 0.0904 103 155 159 194
tvmonitor 0.0290 85 157 170 210
tvmonitor 0.0131 59 153 108 194
tvmonitor 0.0128 116 173 178 212
tvmonitor 0.0048 255 135 344 219
tvmonitor 0.0034 454 80 481 107
tvmonitor 0.0025 442 118 471 137
tvmonitor 0.0025 266 150 292 177
tvmonitor 0.0023 70 155 149 196
tvmonitor 0.0022 264 154 297 193
tvmonitor 0.0019 307 155 332 184
tvmonitor 0.0016 447 140 462 153
tvmonitor 0.0015 112 65 123 99
tvmonitor 0.0015 0 163 78 310
tvmonitor 0.0012 262 143 309 198
