person 0.9081 184 97 444 369
person 0.8762 0 67 248 370
person 0.0100 474 107 480 113
person 0.0082 312 95 448 374
person 0.0057 475 107 487 114
person 0.0048 289 122 297 136
person 0.0031 2 85 157 314
person 0.0026 123 260 154 325
person 0.0023 400 305 466 373
person 0.0019 164 277 291 368
person 0.0015 473 106 482 114
person 0.0010 147 145 278 271
person 0.0010 287 307 321 328
bicycle 0.4974 398 306 466 373
bicycle 0.1868 264 290 470 372
bicycle 0.0294 399 340 465 374
bicycle 0.0292 287 308 322 331
bicycle 0.0182 195 248 476 372
bicycle 0.0072 307 323 462 373
bicycle 0.0046 280 305 334 352
bicycle 0.0029 420 304 464 347
bicycle 0.0021 156 298 420 373
bicycle 0.0017 427 308 473 372
bicycle 0.0015 343 251 472 368
bicycle 0.0014 460 332 499 373
bicycle 0.0012 170 279 320 372
bicycle 0.0010 437 313 500 374
car 0.0087 410 125 427 130
car 0.0033 289 308 320 331
car 0.0023 475 107 487 114
car 0.0021 485 101 499 115
car 0.0016 434 102 499 196
car 0.0015 451 106 467 112
car 0.0014 410 123 442 131
car 0.0012 474 107 480 113
car 0.0011 0 97 152 355
car 0.0011 445 106 458 113
car 0.0010 415 124 432 130
motorbike 0.0393 398 307 468 373
motorbike 0.0233 302 300 475 371
motorbike 0.0108 192 283 476 373
motorbike 0.0035 289 308 320 331
motorbike 0.0014 397 337 463 374
aeroplane 0.0100 434 102 499 196
aeroplane 0.0021 47 0 511 183
aeroplane 0.0011 427 92 499 298
boat 0.0061 435 100 499 196
bird 0.0012 400 305 466 373
dog 0.0017 400 305 466 373
bottle 0.0770 289 308 320 331
bottle 0.0133 286 300 309 324
bottle 0.0054 285 295 308 311
bottle 0.0038 205 179 247 222
bottle 0.0034 285 293 304 306
bottle 0.0028 279 295 322 331
bottle 0.0023 173 274 456 377
bottle 0.0020 286 289 301 303
bottle 0.0016 280 305 334 352
chair 0.0247 399 304 466 371
chair 0.0083 165 277 295 370
chair 0.0041 296 294 470 370
chair 0.0013 418 303 463 352
chair 0.0012 249 242 480 373
chair 0.0012 0 107 124 368
sofa 0.0017 161 279 297 370
diningtable 0.0026 302 300 475 371
diningtable 0.0015 161 279 297 370
diningtable 0.0012 158 243 471 367
