person 0.7599 175 100 289 358
person 0.6746 27 22 105 152
person 0.4307 255 82 311 142
person 0.1415 144 14 164 38
person 0.0984 140 91 180 140
person 0.0460 252 81 286 133
person 0.0297 83 104 343 355
person 0.0272 196 6 235 37
person 0.0239 117 88 173 143
person 0.0195 261 81 297 123
person 0.0190 122 40 415 317
person 0.0188 126 4 163 38
person 0.0177 158 26 296 59
person 0.0171 110 14 225 47
person 0.0170 135 2 197 37
person 0.0166 216 5 232 37
person 0.0131 24 17 107 266
person 0.0128 123 14 152 39
person 0.0106 272 85 310 123
person 0.0095 67 52 294 148
person 0.0077 273 91 325 144
person 0.0069 135 14 166 46
person 0.0067 149 105 172 135
person 0.0065 141 2 169 36
person 0.0063 126 22 147 38
person 0.0054 208 67 349 183
person 0.0052 317 75 420 182
person 0.0047 198 0 307 36
person 0.0045 144 102 188 150
person 0.0042 179 9 276 45
person 0.0042 141 11 184 39
person 0.0040 125 25 139 37
person 0.0036 27 63 57 112
person 0.0036 96 57 411 174
person 0.0034 122 21 170 56
person 0.0032 175 4 220 36
person 0.0032 179 34 349 272
person 0.0031 264 82 285 108
person 0.0030 213 0 245 35
person 0.0028 192 10 220 36
person 0.0028 85 13 286 71
person 0.0026 82 33 131 67
person 0.0026 30 50 94 210
person 0.0026 206 93 330 337
person 0.0025 133 26 149 38
person 0.0024 110 34 146 55
person 0.0023 116 2 141 36
person 0.0023 109 72 203 149
person 0.0022 115 16 140 46
person 0.0021 212 12 239 42
person 0.0021 123 0 151 33
person 0.0019 164 8 316 55
person 0.0018 49 29 142 113
person 0.0017 148 63 208 144
person 0.0015 171 16 220 45
person 0.0015 20 38 293 321
person 0.0015 152 82 190 137
person 0.0013 143 114 170 138
person 0.0011 162 0 205 31
person 0.0011 78 36 191 148
person 0.0011 188 165 270 291
person 0.0011 202 4 265 37
person 0.0011 309 67 411 259
person 0.0011 265 57 400 321
person 0.0010 148 119 166 135
person 0.0010 186 171 225 288
bicycle 0.7397 194 228 285 442
bicycle 0.0133 184 99 289 406
bicycle 0.0043 47 138 369 425
bicycle 0.0038 257 289 290 333
bicycle 0.0023 220 340 272 441
bicycle 0.0020 238 257 290 382
bicycle 0.0017 235 235 297 443
bicycle 0.0017 213 184 296 379
bicycle 0.0015 195 255 278 366
car 0.5291 12 53 389 330
car 0.3600 320 78 412 266
car 0.2331 203 50 404 324
car 0.1055 178 96 286 350
car 0.0690 321 78 420 175
car 0.0538 141 30 287 57
car 0.0338 95 102 335 361
car 0.0255 21 49 400 180
car 0.0202 76 30 289 70
car 0.0161 110 14 225 47
car 0.0158 188 12 240 41
car 0.0154 12 72 207 333
car 0.0101 147 11 311 62
car 0.0095 274 95 390 331
car 0.0084 71 50 300 147
car 0.0065 61 20 344 85
car 0.0057 13 44 95 320
car 0.0055 139 88 185 139
car 0.0050 249 84 295 140
car 0.0048 85 35 137 56
car 0.0041 163 35 220 53
car 0.0040 261 64 408 231
car 0.0037 125 11 166 46
car 0.0035 198 0 307 36
car 0.0034 26 7 382 125
car 0.0033 261 84 326 151
car 0.0032 192 11 221 36
car 0.0028 135 2 197 37
car 0.0023 171 16 220 45
car 0.0021 118 31 227 58
car 0.0021 376 67 418 272
car 0.0019 384 121 418 169
car 0.0019 238 7 310 52
car 0.0019 185 2 266 47
car 0.0019 172 4 223 36
car 0.0019 350 130 410 267
car 0.0016 83 42 111 71
car 0.0016 10 119 47 295
car 0.0014 200 22 310 57
car 0.0014 299 67 400 152
car 0.0014 359 92 420 171
car 0.0013 258 18 307 50
car 0.0013 28 22 107 143
car 0.0013 81 52 104 69
car 0.0012 110 34 146 55
car 0.0011 207 68 320 145
car 0.0011 237 75 367 174
car 0.0011 216 4 234 37
car 0.0011 258 10 309 38
car 0.0010 84 34 115 51
car 0.0010 190 24 221 38
car 0.0010 121 21 171 56
car 0.0010 178 155 364 348
motorbike 0.0047 23 67 416 328
motorbike 0.0025 176 98 287 348
motorbike 0.0021 194 227 283 432
aeroplane 0.0021 17 67 421 329
aeroplane 0.0010 178 96 286 350
bus 0.0398 22 45 406 295
bus 0.0098 106 81 337 322
bus 0.0084 178 96 286 350
train 0.0048 17 67 421 329
train 0.0037 178 96 286 350
boat 0.0022 178 96 286 350
boat 0.0021 17 67 421 329
cat 0.0017 180 100 284 348
dog 0.0049 182 96 286 359
dog 0.0010 228 210 241 236
horse 0.0011 17 67 421 329
bottle 0.0174 182 96 286 359
bottle 0.0083 228 214 244 245
bottle 0.0063 227 209 241 234
bottle 0.0051 262 299 290 328
bottle 0.0035 48 55 57 70
bottle 0.0027 46 51 57 65
bottle 0.0027 44 49 57 77
bottle 0.0020 194 213 212 247
bottle 0.0018 261 285 289 346
bottle 0.0012 221 218 249 247
bottle 0.0011 193 201 289 420
bottle 0.0010 253 253 289 333
chair 0.0059 101 37 138 56
chair 0.0041 125 11 166 46
chair 0.0026 86 32 136 59
chair 0.0021 168 35 219 52
chair 0.0014 133 34 258 53
chair 0.0014 121 21 171 56
sofa 0.0017 12 53 389 330
sofa 0.0011 178 96 286 350
