person 0.8958 279 92 391 371
person 0.8447 105 108 209 371
person 0.8032 358 153 441 295
person 0.7710 1 111 58 369
person 0.6858 162 105 250 371
person 0.4181 40 96 115 246
person 0.2857 171 99 237 271
person 0.1109 49 155 118 282
person 0.0955 358 163 426 242
person 0.0332 179 99 235 186
person 0.0256 1 112 81 236
person 0.0245 36 96 107 182
person 0.0244 198 222 238 268
person 0.0200 297 143 359 237
person 0.0185 363 4 499 259
person 0.0178 354 159 499 255
person 0.0152 0 115 114 366
person 0.0132 361 159 398 230
person 0.0125 1 204 93 355
person 0.0103 34 135 81 226
person 0.0101 0 109 35 180
person 0.0099 0 118 36 229
person 0.0095 0 110 18 128
person 0.0095 188 108 209 147
person 0.0093 19 125 84 316
person 0.0093 0 166 34 244
person 0.0089 187 98 232 147
person 0.0080 184 213 254 374
person 0.0080 267 140 327 234
person 0.0071 39 159 74 201
person 0.0070 167 138 225 231
person 0.0062 52 136 134 222
person 0.0059 0 111 12 122
person 0.0058 378 121 434 226
person 0.0053 15 163 66 279
person 0.0053 273 111 311 349
person 0.0052 345 159 367 237
person 0.0049 56 110 124 175
person 0.0048 369 143 478 224
person 0.0048 192 110 204 140
person 0.0045 24 155 45 172
person 0.0043 16 139 70 194
person 0.0043 154 89 263 154
person 0.0042 0 111 23 139
person 0.0042 66 196 118 290
person 0.0042 382 150 428 212
person 0.0040 332 113 376 254
person 0.0036 29 155 73 256
person 0.0035 70 153 131 205
person 0.0031 338 76 465 280
person 0.0031 176 118 272 239
person 0.0031 296 127 323 149
person 0.0030 0 127 27 373
person 0.0030 0 110 56 152
person 0.0029 298 126 351 159
person 0.0028 55 129 178 355
person 0.0027 163 153 235 310
person 0.0026 366 157 390 174
person 0.0026 206 101 235 154
person 0.0025 267 169 304 234
person 0.0023 279 125 350 203
person 0.0023 296 97 315 135
person 0.0023 0 97 75 175
person 0.0022 28 153 40 169
person 0.0020 214 130 297 178
person 0.0020 417 148 448 197
person 0.0019 20 235 58 277
person 0.0018 104 150 227 238
person 0.0018 0 129 25 208
person 0.0018 283 148 302 347
person 0.0017 190 96 216 139
person 0.0017 0 196 19 240
person 0.0016 352 162 375 232
person 0.0016 110 92 272 226
person 0.0016 487 348 499 374
person 0.0016 28 149 53 171
person 0.0015 341 150 351 169
person 0.0015 22 143 62 177
person 0.0014 143 82 375 374
person 0.0013 0 12 67 118
person 0.0013 143 193 237 349
person 0.0013 185 118 229 165
person 0.0013 43 136 101 181
person 0.0012 103 211 203 341
person 0.0012 213 109 329 333
person 0.0012 363 154 390 200
person 0.0012 357 189 393 232
person 0.0012 252 135 262 144
person 0.0011 295 97 330 144
person 0.0011 0 107 8 119
person 0.0011 22 106 95 158
person 0.0011 -29 -31 454 243
person 0.0011 172 130 182 146
person 0.0011 331 129 365 201
person 0.0011 181 111 203 151
person 0.0010 270 122 350 277
person 0.0010 2 65 94 204
person 0.0010 59 125 81 148
person 0.0010 0 81 40 149
person 0.0010 40 110 79 153
bicycle 0.6635 51 165 117 284
bicycle 0.3430 5 208 96 350
bicycle 0.1004 0 115 68 370
bicycle 0.0903 30 240 93 339
bicycle 0.0566 21 151 118 330
bicycle 0.0371 161 307 219 371
bicycle 0.0365 73 206 117 285
bicycle 0.0198 0 240 66 356
bicycle 0.0148 152 314 196 373
bicycle 0.0128 40 97 115 246
bicycle 0.0114 62 154 128 251
bicycle 0.0108 42 154 156 295
bicycle 0.0107 53 274 234 371
bicycle 0.0099 133 286 239 374
bicycle 0.0074 94 159 131 202
bicycle 0.0073 152 243 225 369
bicycle 0.0068 50 188 112 252
bicycle 0.0064 185 311 219 364
bicycle 0.0058 79 245 116 283
bicycle 0.0057 4 138 76 252
bicycle 0.0054 20 235 58 277
bicycle 0.0053 105 105 207 373
bicycle 0.0051 15 180 92 282
bicycle 0.0049 31 143 200 352
bicycle 0.0043 182 230 250 370
bicycle 0.0042 0 255 49 334
bicycle 0.0036 165 332 193 374
bicycle 0.0035 2 238 60 299
bicycle 0.0032 31 177 71 262
bicycle 0.0032 70 153 131 205
bicycle 0.0031 150 105 246 373
bicycle 0.0031 11 212 64 277
bicycle 0.0030 92 312 209 373
bicycle 0.0028 40 195 62 260
bicycle 0.0027 45 214 165 331
bicycle 0.0026 0 260 12 312
bicycle 0.0025 0 264 7 305
bicycle 0.0025 89 167 117 211
bicycle 0.0024 90 164 185 217
bicycle 0.0023 107 216 186 336
bicycle 0.0023 48 273 91 352
bicycle 0.0019 0 311 9 335
bicycle 0.0018 86 176 116 254
bicycle 0.0017 54 230 114 285
bicycle 0.0015 183 308 250 373
bicycle 0.0014 359 154 440 295
bicycle 0.0014 23 262 122 365
bicycle 0.0013 23 247 48 275
bicycle 0.0013 70 197 160 286
bicycle 0.0012 0 307 65 370
bicycle 0.0012 64 210 117 342
bicycle 0.0011 40 239 101 280
bicycle 0.0011 337 127 502 291
bicycle 0.0010 0 269 16 338
car 0.0939 357 159 499 249
car 0.0387 337 127 502 291
car 0.0374 360 9 499 261
car 0.0236 357 154 442 294
car 0.0134 0 105 85 198
car 0.0127 40 97 115 246
car 0.0117 80 159 180 199
car 0.0100 70 153 131 205
car 0.0096 0 110 29 132
car 0.0095 0 110 36 151
car 0.0092 62 154 128 251
car 0.0087 94 158 133 187
car 0.0078 369 143 478 224
car 0.0075 87 155 190 228
car 0.0068 358 163 426 242
car 0.0060 415 134 499 244
car 0.0055 422 163 445 192
car 0.0052 84 140 243 218
car 0.0043 0 110 15 124
car 0.0043 50 120 140 193
car 0.0040 75 125 208 266
car 0.0032 40 114 152 288
car 0.0032 398 149 480 198
car 0.0031 0 115 65 373
car 0.0027 361 166 396 230
car 0.0025 73 129 121 160
car 0.0023 169 99 236 267
car 0.0021 0 106 55 140
car 0.0021 417 170 445 223
car 0.0019 62 117 120 166
car 0.0019 102 104 205 375
car 0.0017 290 138 361 237
car 0.0017 0 118 36 229
car 0.0017 3 130 76 257
car 0.0016 0 0 72 124
car 0.0016 47 163 117 284
car 0.0016 417 148 448 197
car 0.0015 23 73 250 237
car 0.0014 98 162 131 209
car 0.0013 366 157 389 174
car 0.0012 274 102 376 304
car 0.0012 36 96 107 182
car 0.0012 0 109 57 178
car 0.0010 0 166 34 244
car 0.0010 2 45 66 109
motorbike 0.0477 0 234 91 354
motorbike 0.0213 0 115 68 370
motorbike 0.0176 16 151 117 356
motorbike 0.0165 50 182 118 286
motorbike 0.0050 40 97 115 246
motorbike 0.0030 0 203 57 345
motorbike 0.0024 73 206 117 285
motorbike 0.0016 0 263 48 348
motorbike 0.0016 28 220 109 345
motorbike 0.0014 154 311 209 374
motorbike 0.0013 0 166 34 244
motorbike 0.0013 337 127 502 291
motorbike 0.0012 4 138 76 252
motorbike 0.0011 357 154 442 294
motorbike 0.0010 102 104 205 375
motorbike 0.0010 24 186 84 329
aeroplane 0.0025 360 9 499 261
bus 0.0599 359 9 498 274
bus 0.0075 68 -1 470 191
bus 0.0040 0 0 72 124
bus 0.0038 2 0 216 156
bus 0.0036 169 99 236 267
bus 0.0032 -6 -8 326 214
bus 0.0030 180 97 235 165
bus 0.0029 358 147 441 285
bus 0.0020 280 127 363 241
bus 0.0019 191 63 445 199
bus 0.0019 154 89 263 154
bus 0.0016 337 127 502 291
bus 0.0015 254 97 404 175
bus 0.0014 295 125 337 155
bus 0.0014 23 73 250 237
bus 0.0014 218 130 301 176
bus 0.0014 39 96 118 247
bus 0.0013 369 143 478 224
bus 0.0013 361 159 398 230
bus 0.0012 -1 -1 109 196
bus 0.0011 358 163 426 242
bus 0.0011 281 83 399 375
bus 0.0010 237 124 343 199
bus 0.0010 23 77 187 186
bus 0.0010 206 109 315 171
train 0.0084 359 0 500 267
train 0.0037 281 83 399 375
train 0.0025 -29 -31 454 243
train 0.0019 155 -8 524 205
train 0.0018 358 147 441 285
train 0.0011 180 97 235 165
train 0.0011 2 0 216 156
train 0.0011 280 127 363 241
train 0.0010 361 166 396 230
train 0.0010 0 2 70 111
train 0.0010 105 108 209 371
boat 0.0028 352 -10 497 291
boat 0.0018 0 0 72 124
horse 0.0599 363 3 499 260
cow 0.0021 363 4 499 259
bottle 0.0118 200 226 237 265
bottle 0.0054 165 108 240 366
bottle 0.0047 48 183 113 248
bottle 0.0019 368 155 390 174
bottle 0.0017 40 195 62 260
bottle 0.0017 8 117 67 351
bottle 0.0016 108 103 216 374
bottle 0.0016 340 147 351 166
bottle 0.0014 13 173 62 287
bottle 0.0013 184 244 209 298
bottle 0.0012 186 311 219 363
bottle 0.0010 48 346 62 359
bottle 0.0010 33 184 70 277
bottle 0.0010 189 266 207 288
chair 0.0012 360 10 499 258
tvmonitor 0.0050 0 1 71 100
