person 0.0422 468 121 499 205
person 0.0182 491 122 499 155
person 0.0067 2 7 494 375
person 0.0047 3 2 148 148
person 0.0031 482 120 499 161
person 0.0019 -2 206 492 374
person 0.0013 0 133 86 204
person 0.0012 489 122 500 182
car 0.0017 -2 206 492 374
car 0.0011 8 5 488 372
boat 0.0045 -2 206 492 374
bird 0.0021 467 122 499 205
cat 0.0589 467 121 499 205
cat 0.0058 491 122 499 155
cat 0.0025 5 2 475 281
cat 0.0015 473 157 500 206
cat 0.0014 482 120 499 161
dog 0.4740 5 2 475 281
dog 0.1379 467 121 499 205
dog 0.0089 491 122 499 155
dog 0.0083 1 12 163 266
dog 0.0049 3 141 491 369
dog 0.0042 2 131 87 209
dog 0.0029 0 108 106 237
dog 0.0023 271 1 498 236
dog 0.0022 482 120 499 161
dog 0.0021 -2 142 142 263
dog 0.0018 473 157 500 206
dog 0.0014 -2 56 273 333
dog 0.0014 136 64 440 262
horse 0.0092 467 121 499 205
horse 0.0010 491 122 499 155
sheep 0.0040 467 122 499 205
cow 0.0069 467 121 499 205
cow 0.0017 492 122 499 153
chair 0.0058 8 5 488 372
chair 0.0045 2 3 169 148
chair 0.0024 -2 206 492 374
chair 0.0018 467 121 499 205
chair 0.0010 0 4 84 148
sofa 0.0690 0 4 476 261
sofa 0.0313 2 2 169 148
sofa 0.0069 0 3 84 148
sofa 0.0067 0 191 492 372
sofa 0.0060 0 133 86 204
sofa 0.0024 0 18 142 261
sofa 0.0015 470 121 499 200
sofa 0.0013 5 -3 315 149
sofa 0.0013 0 108 106 237
diningtable 0.0035 8 5 488 372
diningtable 0.0021 -2 206 492 374
