person 0.0036 0 109 16 156
person 0.0011 357 216 398 304
person 0.0011 0 110 14 137
motorbike 0.0046 226 212 386 311
motorbike 0.0010 179 240 239 303
bird 0.2720 59 226 145 302
bird 0.0552 141 245 168 300
bird 0.0380 65 156 116 197
bird 0.0310 97 225 142 297
bird 0.0130 101 239 165 302
bird 0.0115 111 22 124 27
bird 0.0074 56 230 99 300
bird 0.0065 355 212 399 306
bird 0.0060 55 226 129 273
bird 0.0050 0 110 16 149
bird 0.0044 90 157 117 175
bird 0.0035 126 229 159 288
bird 0.0023 85 157 117 187
bird 0.0022 129 226 149 266
bird 0.0016 177 36 182 45
bird 0.0015 67 153 95 192
bird 0.0014 337 20 344 24
bird 0.0012 153 241 215 302
cat 0.0043 67 154 116 196
cat 0.0017 58 224 147 303
cat 0.0012 355 212 399 306
dog 0.0378 355 212 399 305
dog 0.0184 65 154 116 194
dog 0.0083 58 224 147 303
dog 0.0034 215 210 356 298
dog 0.0021 0 109 15 147
dog 0.0017 164 236 243 301
dog 0.0015 205 241 241 300
dog 0.0013 142 243 169 300
dog 0.0010 306 211 402 307
horse 0.0211 354 213 399 305
horse 0.0132 229 221 390 309
horse 0.0059 164 236 243 301
horse 0.0054 209 240 244 300
horse 0.0047 0 111 17 162
horse 0.0040 217 209 351 287
horse 0.0036 57 224 147 302
horse 0.0021 67 155 116 196
horse 0.0019 213 208 283 299
horse 0.0015 142 243 169 300
horse 0.0014 319 216 396 307
horse 0.0010 0 109 15 138
sheep 0.6460 67 154 116 195
sheep 0.5653 58 225 147 302
sheep 0.4751 144 243 168 300
sheep 0.4038 0 110 16 149
sheep 0.2718 355 212 399 305
sheep 0.2201 153 236 240 303
sheep 0.1015 229 221 390 309
sheep 0.0816 137 242 183 304
sheep 0.0794 193 239 243 299
sheep 0.0728 101 239 165 302
sheep 0.0484 97 225 142 297
sheep 0.0383 86 156 117 184
sheep 0.0378 210 210 280 299
sheep 0.0247 209 253 234 300
sheep 0.0208 125 228 161 290
sheep 0.0197 217 209 350 281
sheep 0.0185 55 228 105 304
sheep 0.0173 93 156 116 173
sheep 0.0141 110 21 124 27
sheep 0.0126 68 152 91 184
sheep 0.0119 0 109 9 131
sheep 0.0097 129 226 149 266
sheep 0.0090 176 248 230 306
sheep 0.0083 129 246 167 308
sheep 0.0083 0 107 25 157
sheep 0.0078 306 211 402 307
sheep 0.0077 56 226 131 266
sheep 0.0075 156 251 211 305
sheep 0.0047 97 155 117 167
sheep 0.0040 51 232 84 300
sheep 0.0037 181 234 226 289
sheep 0.0031 0 106 13 126
sheep 0.0031 61 154 94 199
sheep 0.0029 186 213 248 292
sheep 0.0027 65 150 114 178
sheep 0.0023 58 228 98 267
sheep 0.0023 173 264 213 303
sheep 0.0021 240 212 364 241
sheep 0.0020 81 224 127 298
sheep 0.0019 68 153 81 180
sheep 0.0017 189 234 241 258
sheep 0.0015 216 215 248 289
sheep 0.0013 144 242 167 268
sheep 0.0012 136 230 150 260
sheep 0.0012 283 211 348 244
sheep 0.0012 56 252 126 300
sheep 0.0011 220 209 286 250
sheep 0.0011 0 118 10 170
sheep 0.0010 86 154 139 174
sheep 0.0010 285 211 351 278
sheep 0.0010 114 224 153 268
sheep 0.0010 78 156 145 184
cow 0.5814 216 210 355 299
cow 0.3428 355 212 398 306
cow 0.1966 166 237 243 301
cow 0.1111 208 240 245 299
cow 0.0816 221 211 356 249
cow 0.0807 210 210 280 299
cow 0.0412 142 243 169 300
cow 0.0342 57 224 147 302
cow 0.0333 234 228 393 315
cow 0.0325 66 155 116 196
cow 0.0248 0 109 16 149
cow 0.0203 306 211 402 307
cow 0.0195 203 254 234 300
cow 0.0176 150 243 217 306
cow 0.0108 272 212 341 240
cow 0.0099 211 263 231 297
cow 0.0074 182 248 224 306
cow 0.0073 285 211 351 278
cow 0.0062 220 209 286 250
cow 0.0051 101 239 165 302
cow 0.0041 92 156 116 174
cow 0.0035 173 251 208 303
cow 0.0030 216 215 248 289
cow 0.0028 97 225 142 297
cow 0.0025 84 156 117 187
cow 0.0023 271 211 379 256
cow 0.0022 178 232 239 279
cow 0.0022 256 232 335 303
cow 0.0022 187 213 247 291
cow 0.0016 231 224 306 303
cow 0.0016 221 208 308 275
cow 0.0015 125 228 161 290
cow 0.0014 296 211 355 251
cow 0.0013 159 263 203 305
cow 0.0012 219 205 326 238
cow 0.0012 254 215 335 276
cow 0.0010 294 219 365 309
