person 0.8678 141 108 208 316
person 0.8403 69 94 143 313
person 0.7506 424 167 459 226
person 0.7416 16 108 67 241
person 0.7335 218 122 291 317
person 0.7036 213 118 237 174
person 0.6108 111 90 149 198
person 0.5902 269 133 297 191
person 0.5105 394 169 429 223
person 0.4998 445 220 484 303
person 0.4619 351 169 414 244
person 0.3964 317 162 334 177
person 0.3629 390 164 421 208
person 0.2517 0 111 21 159
person 0.2287 0 125 42 257
person 0.1891 100 210 147 257
person 0.1716 354 145 375 171
person 0.1541 53 136 73 212
person 0.1302 347 145 380 205
person 0.1231 40 124 73 237
person 0.1148 389 166 413 196
person 0.1089 356 243 479 321
person 0.0764 16 112 50 177
person 0.0759 337 146 383 232
person 0.0757 314 159 370 203
person 0.0700 205 153 230 191
person 0.0629 312 172 372 252
person 0.0474 259 130 298 224
person 0.0428 312 162 342 198
person 0.0423 59 136 73 163
person 0.0332 72 96 111 159
person 0.0325 446 221 481 263
person 0.0274 98 109 148 297
person 0.0260 69 100 108 206
person 0.0231 74 117 95 146
person 0.0215 467 278 488 316
person 0.0208 321 143 376 190
person 0.0202 282 156 345 204
person 0.0190 355 173 388 241
person 0.0174 397 163 418 190
person 0.0164 47 140 60 156
person 0.0160 61 118 87 228
person 0.0154 49 139 71 175
person 0.0150 271 135 297 161
person 0.0149 404 185 430 221
person 0.0132 61 136 72 155
person 0.0128 26 108 65 180
person 0.0119 277 177 356 302
person 0.0119 0 99 23 249
person 0.0116 306 169 417 277
person 0.0115 360 176 462 294
person 0.0111 410 231 418 257
person 0.0102 116 104 155 235
person 0.0100 59 136 75 193
person 0.0097 490 28 500 43
person 0.0096 63 137 72 147
person 0.0093 403 197 468 272
person 0.0089 68 109 96 181
person 0.0089 279 166 321 228
person 0.0084 15 138 41 184
person 0.0082 50 139 68 159
person 0.0081 74 104 97 140
person 0.0077 317 146 409 241
person 0.0076 453 277 490 320
person 0.0074 42 120 67 162
person 0.0070 284 173 350 239
person 0.0067 353 149 382 184
person 0.0065 282 141 296 155
person 0.0065 0 111 19 128
person 0.0065 199 124 240 216
person 0.0064 349 145 413 207
person 0.0064 1 112 42 167
person 0.0062 133 141 175 293
person 0.0062 54 90 105 305
person 0.0061 371 242 409 264
person 0.0060 193 200 230 295
person 0.0060 81 109 110 180
person 0.0059 273 144 305 217
person 0.0059 145 107 197 210
person 0.0056 432 167 459 204
person 0.0053 51 109 88 161
person 0.0053 107 143 148 256
person 0.0052 210 120 271 221
person 0.0051 268 134 290 169
person 0.0049 418 218 480 325
person 0.0045 69 89 155 217
person 0.0044 0 253 36 289
person 0.0044 57 144 73 178
person 0.0044 358 162 461 242
person 0.0043 189 184 340 308
person 0.0043 399 178 425 209
person 0.0043 109 92 127 123
person 0.0041 281 139 308 197
person 0.0040 25 110 44 135
person 0.0038 493 204 500 228
person 0.0037 415 228 426 259
person 0.0036 205 164 232 211
person 0.0036 319 165 341 187
person 0.0036 315 146 338 179
person 0.0036 0 111 13 144
bicycle 0.0037 273 176 360 303
bicycle 0.0018 145 208 157 243
bicycle 0.0017 205 170 227 228
bicycle 0.0015 218 133 291 313
bicycle 0.0014 206 196 226 230
bicycle 0.0011 190 185 341 308
car 0.0042 265 168 373 302
car 0.0021 350 174 413 246
car 0.0020 298 181 373 261
car 0.0019 205 191 226 232
car 0.0018 212 119 237 178
car 0.0015 205 153 230 191
car 0.0012 318 163 334 177
car 0.0011 320 198 372 253
car 0.0011 205 164 232 211
motorbike 0.4566 270 175 359 301
motorbike 0.1332 291 180 370 270
motorbike 0.0348 284 173 350 239
motorbike 0.0237 190 185 341 308
motorbike 0.0230 218 123 291 315
motorbike 0.0173 320 190 376 255
motorbike 0.0107 279 166 321 228
motorbike 0.0094 347 166 412 246
motorbike 0.0092 267 207 330 301
motorbike 0.0079 306 169 417 277
motorbike 0.0077 192 201 230 295
motorbike 0.0072 282 156 345 204
motorbike 0.0071 286 190 328 259
motorbike 0.0070 287 175 338 218
motorbike 0.0052 305 164 368 233
motorbike 0.0051 205 191 226 232
motorbike 0.0050 314 159 370 203
motorbike 0.0041 273 144 305 217
motorbike 0.0036 225 225 347 302
motorbike 0.0034 269 133 299 193
motorbike 0.0034 314 162 340 202
motorbike 0.0031 192 217 285 310
motorbike 0.0025 336 197 414 295
motorbike 0.0019 347 145 380 205
motorbike 0.0017 205 164 232 211
motorbike 0.0017 354 146 376 171
motorbike 0.0015 288 209 392 305
motorbike 0.0014 337 146 383 232
motorbike 0.0013 321 143 376 190
motorbike 0.0013 371 242 409 264
motorbike 0.0011 347 179 473 306
motorbike 0.0010 288 235 367 298
motorbike 0.0010 251 170 311 304
boat 0.0013 352 251 481 322
bird 0.0026 468 280 486 317
bird 0.0010 492 320 499 327
cat 0.0022 467 281 487 316
cat 0.0017 350 172 413 246
dog 0.0234 350 172 413 246
dog 0.0164 468 278 489 311
dog 0.0088 444 221 489 321
dog 0.0042 480 281 500 312
dog 0.0042 453 277 490 320
dog 0.0013 488 285 499 302
dog 0.0013 471 278 491 297
horse 0.0012 350 172 413 246
bottle 0.3932 409 231 418 258
bottle 0.3708 429 242 439 261
bottle 0.3005 417 230 427 258
bottle 0.2260 421 232 438 261
bottle 0.1608 410 229 419 250
bottle 0.1068 433 237 444 260
bottle 0.0841 427 227 437 247
bottle 0.0801 418 235 432 262
bottle 0.0663 416 226 426 246
bottle 0.0650 420 227 432 247
bottle 0.0605 438 239 449 260
bottle 0.0455 145 208 157 243
bottle 0.0436 418 244 428 261
bottle 0.0363 425 225 435 243
bottle 0.0325 371 224 469 268
bottle 0.0221 412 227 430 260
bottle 0.0129 432 247 440 261
bottle 0.0089 445 243 451 260
bottle 0.0086 381 302 390 314
bottle 0.0085 357 223 477 301
bottle 0.0082 468 280 486 317
bottle 0.0075 392 227 427 266
bottle 0.0070 435 227 449 246
bottle 0.0070 388 300 402 315
bottle 0.0067 445 220 482 275
bottle 0.0060 409 245 432 271
bottle 0.0060 442 246 449 260
bottle 0.0057 430 302 438 318
bottle 0.0054 408 228 417 241
bottle 0.0052 353 145 374 170
bottle 0.0042 318 161 334 176
bottle 0.0042 413 303 429 318
bottle 0.0036 420 302 432 318
bottle 0.0036 147 206 156 217
bottle 0.0035 402 229 419 254
bottle 0.0032 431 226 448 259
bottle 0.0028 400 230 409 240
bottle 0.0026 445 230 454 258
bottle 0.0025 421 213 442 242
bottle 0.0025 422 217 433 230
bottle 0.0025 412 202 427 235
bottle 0.0024 284 141 296 154
bottle 0.0021 469 282 480 301
bottle 0.0021 408 302 423 317
bottle 0.0019 490 29 499 44
bottle 0.0018 444 292 472 318
bottle 0.0017 355 173 388 241
bottle 0.0016 133 141 175 293
bottle 0.0014 410 301 442 319
bottle 0.0012 425 217 438 231
bottle 0.0012 14 247 40 265
bottle 0.0011 48 249 67 262
bottle 0.0011 442 224 485 329
bottle 0.0010 448 296 468 312
bottle 0.0010 408 246 417 261
bottle 0.0010 56 230 81 256
bottle 0.0010 429 300 456 321
chair 0.0098 445 220 484 303
chair 0.0080 354 239 478 319
chair 0.0078 394 168 428 222
chair 0.0064 350 174 413 246
chair 0.0061 320 190 376 255
chair 0.0052 371 242 409 264
chair 0.0047 423 167 459 226
chair 0.0047 270 175 358 301
chair 0.0045 205 170 227 231
chair 0.0039 445 220 478 261
chair 0.0031 206 197 226 230
chair 0.0030 364 171 460 288
chair 0.0022 490 28 500 43
chair 0.0022 434 227 445 256
chair 0.0019 403 197 468 272
chair 0.0019 405 199 428 222
chair 0.0018 336 197 414 295
chair 0.0018 443 214 471 227
chair 0.0017 214 134 291 313
chair 0.0014 421 213 442 242
chair 0.0014 433 186 466 229
chair 0.0013 406 209 458 246
chair 0.0013 494 204 500 229
chair 0.0013 415 228 426 259
chair 0.0013 437 209 468 229
chair 0.0013 384 190 455 248
chair 0.0012 306 169 417 277
chair 0.0012 422 194 461 249
chair 0.0011 472 242 498 286
chair 0.0011 412 202 427 235
chair 0.0011 429 235 440 261
chair 0.0011 103 210 147 255
chair 0.0010 446 208 472 222
chair 0.0010 284 173 350 239
chair 0.0010 191 222 230 297
sofa 0.0016 352 251 481 322
sofa 0.0016 350 172 413 246
pottedplant 0.2602 387 26 500 121
pottedplant 0.0256 385 26 499 231
pottedplant 0.0127 1 110 20 127
pottedplant 0.0094 0 110 21 142
pottedplant 0.0035 485 31 499 139
pottedplant 0.0018 0 255 38 289
pottedplant 0.0015 0 111 24 163
pottedplant 0.0011 487 30 499 89
pottedplant 0.0010 494 203 500 228
diningtable 0.5325 352 247 481 320
diningtable 0.0511 369 219 483 302
diningtable 0.0438 371 224 469 268
diningtable 0.0244 371 242 409 264
diningtable 0.0176 360 176 462 294
diningtable 0.0168 392 227 427 266
diningtable 0.0149 403 197 468 272
diningtable 0.0101 418 243 428 261
diningtable 0.0101 417 230 440 262
diningtable 0.0062 408 232 417 259
diningtable 0.0053 412 230 426 260
diningtable 0.0045 409 241 418 261
diningtable 0.0044 426 242 439 263
diningtable 0.0039 366 242 427 285
diningtable 0.0029 350 174 413 246
diningtable 0.0027 445 220 484 302
diningtable 0.0015 406 209 458 246
diningtable 0.0014 409 245 432 271
diningtable 0.0013 446 221 481 263
diningtable 0.0013 427 227 437 247
diningtable 0.0012 434 227 445 256
tvmonitor 0.0110 324 197 374 253
tvmonitor 0.0029 490 84 500 140
