person 0.6517 92 163 131 209
person 0.5630 309 87 333 108
person 0.4356 396 191 416 219
person 0.3878 238 74 256 97
person 0.2557 308 186 330 217
person 0.2123 350 99 360 112
person 0.1426 170 64 195 85
person 0.1035 169 63 183 85
person 0.0881 334 90 347 111
person 0.0874 321 89 343 109
person 0.0714 317 187 338 217
person 0.0601 339 96 359 112
person 0.0582 300 90 317 107
person 0.0498 354 194 365 218
person 0.0481 92 168 118 202
person 0.0451 478 180 500 211
person 0.0414 82 65 98 85
person 0.0392 180 72 197 86
person 0.0351 209 72 228 91
person 0.0328 300 187 321 216
person 0.0308 314 88 341 117
person 0.0308 319 84 337 106
person 0.0303 248 80 265 98
person 0.0271 320 129 337 149
person 0.0269 287 122 302 146
person 0.0259 304 86 331 118
person 0.0231 211 71 244 94
person 0.0218 361 135 374 152
person 0.0200 401 96 420 119
person 0.0193 363 136 394 154
person 0.0191 304 87 341 138
person 0.0167 353 99 377 114
person 0.0160 306 79 328 105
person 0.0151 88 64 123 84
person 0.0145 492 224 499 262
person 0.0145 255 87 266 98
person 0.0132 369 97 388 116
person 0.0128 210 79 225 91
person 0.0120 477 214 500 263
person 0.0116 298 188 312 215
person 0.0115 353 195 367 231
person 0.0115 359 101 374 113
person 0.0110 102 63 128 84
person 0.0110 196 74 210 89
person 0.0102 103 172 142 216
person 0.0096 80 60 111 86
person 0.0096 416 200 430 217
person 0.0094 316 101 339 146
person 0.0086 356 191 368 213
person 0.0083 280 86 292 102
person 0.0083 335 99 359 119
person 0.0081 270 75 293 100
person 0.0080 187 73 202 88
person 0.0079 336 87 354 110
person 0.0078 418 107 430 122
person 0.0077 113 57 153 84
person 0.0074 268 85 292 105
person 0.0073 219 71 232 93
person 0.0073 133 190 157 221
person 0.0073 280 86 302 107
person 0.0072 279 71 295 100
person 0.0072 52 189 71 200
person 0.0072 334 90 366 115
person 0.0072 255 86 276 103
person 0.0066 406 106 431 123
person 0.0064 237 66 250 93
person 0.0064 108 100 141 141
person 0.0063 332 101 354 137
person 0.0063 493 242 500 263
person 0.0061 373 89 393 117
person 0.0060 253 79 277 98
person 0.0059 119 65 148 84
person 0.0056 299 89 319 119
person 0.0055 200 72 214 89
person 0.0054 268 80 285 100
person 0.0054 130 65 153 84
person 0.0053 331 97 349 120
person 0.0053 334 84 348 105
person 0.0053 322 95 346 124
person 0.0051 394 189 408 218
person 0.0049 277 67 292 92
person 0.0049 130 184 174 225
person 0.0047 141 197 151 219
person 0.0047 382 138 409 156
person 0.0046 344 101 363 128
person 0.0046 277 85 317 113
person 0.0045 487 183 499 203
person 0.0044 310 95 334 124
person 0.0043 42 191 50 204
person 0.0042 398 107 426 148
person 0.0042 322 113 343 150
person 0.0042 363 103 379 115
person 0.0042 100 180 131 212
person 0.0040 394 132 417 158
person 0.0039 138 63 166 85
person 0.0039 80 68 92 86
person 0.0039 399 122 434 160
person 0.0038 106 170 130 205
person 0.0038 297 201 310 217
person 0.0037 301 79 319 104
bicycle 0.0151 493 237 499 262
bicycle 0.0100 477 214 500 263
bicycle 0.0035 491 224 499 262
bicycle 0.0035 482 232 500 262
car 0.8334 13 222 32 266
car 0.7572 476 213 500 262
car 0.1828 478 179 499 219
car 0.0426 492 224 499 262
car 0.0404 478 200 499 237
car 0.0267 478 209 499 227
car 0.0204 482 231 499 262
car 0.0134 0 194 12 206
car 0.0093 489 211 499 253
car 0.0087 491 215 500 234
car 0.0084 478 203 499 219
car 0.0070 488 210 500 228
car 0.0037 493 242 500 263
car 0.0033 487 183 499 203
car 0.0024 14 220 44 273
car 0.0022 51 188 71 200
car 0.0021 29 199 35 210
car 0.0017 0 195 25 216
car 0.0015 3 222 27 266
motorbike 0.1073 476 216 500 264
motorbike 0.0422 493 236 500 263
motorbike 0.0205 482 231 499 262
motorbike 0.0022 487 214 499 263
motorbike 0.0014 478 179 499 219
bus 0.9306 40 13 485 306
bus 0.1784 478 179 500 218
bus 0.0076 476 213 500 263
bus 0.0035 484 182 499 205
bus 0.0018 479 142 500 180
bus 0.0015 28 175 481 311
bus 0.0013 235 74 261 98
train 0.0029 478 179 499 219
train 0.0010 42 12 473 309
boat 0.0015 479 178 500 220
chair 0.0010 101 64 125 84
pottedplant 0.0013 0 193 12 209
diningtable 0.0011 46 14 477 305
