person 0.3579 305 242 316 257
person 0.2900 277 242 289 256
person 0.1193 249 235 261 254
person 0.1074 402 222 413 233
person 0.1066 379 220 389 234
person 0.0999 354 219 365 232
person 0.0876 302 226 311 237
person 0.0700 383 222 392 234
person 0.0440 410 223 419 233
person 0.0421 210 239 222 253
person 0.0416 423 222 434 234
person 0.0400 139 247 151 269
person 0.0380 400 224 409 234
person 0.0345 246 238 258 254
person 0.0259 302 231 314 254
person 0.0255 208 238 223 261
person 0.0231 332 220 340 232
person 0.0208 176 238 212 272
person 0.0205 352 238 359 245
person 0.0197 195 238 222 261
person 0.0195 413 223 426 233
person 0.0194 175 245 196 272
person 0.0179 289 226 299 237
person 0.0172 376 219 384 231
person 0.0171 416 188 425 202
person 0.0151 337 218 345 232
person 0.0148 142 255 151 269
person 0.0136 340 220 349 232
person 0.0128 350 218 359 230
person 0.0119 401 222 423 235
person 0.0117 392 223 403 233
person 0.0116 301 229 310 248
person 0.0114 145 254 155 269
person 0.0113 179 238 194 263
person 0.0101 417 225 425 234
person 0.0097 209 251 220 268
person 0.0096 255 230 265 253
person 0.0093 291 224 304 242
person 0.0093 47 216 54 225
person 0.0092 148 257 157 270
person 0.0090 317 227 326 238
person 0.0089 376 221 395 234
person 0.0087 0 214 41 229
person 0.0086 204 242 219 261
person 0.0083 270 240 281 255
person 0.0080 467 197 474 204
person 0.0074 183 237 196 254
person 0.0067 334 217 348 233
person 0.0067 309 239 324 257
person 0.0067 0 211 19 223
person 0.0067 436 195 447 204
person 0.0065 185 243 201 273
person 0.0065 303 223 318 241
person 0.0064 306 230 321 255
person 0.0064 375 223 384 234
person 0.0061 140 255 148 269
person 0.0061 299 225 314 243
person 0.0059 181 253 195 272
person 0.0058 187 236 207 257
person 0.0058 0 216 25 228
person 0.0056 132 246 149 266
person 0.0055 376 216 404 233
person 0.0055 251 242 261 254
person 0.0054 439 196 450 204
person 0.0054 100 184 110 195
person 0.0054 256 226 264 237
person 0.0051 211 252 226 270
person 0.0051 479 226 499 251
person 0.0051 192 238 212 266
person 0.0051 466 198 471 206
person 0.0050 211 243 227 257
person 0.0050 309 228 322 238
person 0.0048 87 185 109 201
person 0.0048 329 217 342 233
person 0.0048 300 220 311 238
person 0.0047 215 239 235 258
person 0.0046 415 194 424 206
person 0.0046 314 228 326 249
person 0.0045 196 248 220 272
person 0.0043 131 248 142 266
person 0.0042 401 247 409 255
person 0.0042 180 170 188 182
person 0.0041 284 227 297 250
person 0.0039 311 224 321 236
person 0.0039 95 184 111 198
person 0.0038 456 225 500 275
person 0.0036 493 226 499 241
person 0.0036 417 190 429 204
person 0.0036 350 225 358 235
person 0.0035 288 228 303 251
person 0.0035 352 239 360 248
person 0.0034 406 186 434 220
person 0.0033 427 223 439 236
person 0.0033 360 224 369 234
person 0.0033 412 187 422 199
person 0.0032 248 229 260 246
person 0.0032 1 209 30 226
person 0.0031 364 222 375 232
person 0.0031 336 224 343 233
person 0.0030 49 216 59 226
car 0.0011 456 225 500 275
car 0.0010 493 226 499 241
boat 0.4360 439 226 499 289
boat 0.4166 30 176 448 330
boat 0.2401 18 8 455 344
boat 0.1697 0 208 64 260
boat 0.1653 469 243 499 287
boat 0.1353 479 254 499 286
boat 0.1084 0 227 50 262
boat 0.0842 0 213 37 229
boat 0.0727 437 263 493 295
boat 0.0694 458 212 500 276
boat 0.0561 0 189 91 263
boat 0.0560 375 158 500 232
boat 0.0559 0 178 63 241
boat 0.0447 440 203 499 224
boat 0.0442 477 225 500 271
boat 0.0436 0 191 43 230
boat 0.0428 350 125 509 265
boat 0.0423 32 64 215 333
boat 0.0399 0 215 23 228
boat 0.0365 0 218 29 232
boat 0.0290 0 232 30 260
boat 0.0271 29 248 453 324
boat 0.0243 0 212 40 253
boat 0.0138 381 189 498 227
boat 0.0136 447 198 495 218
boat 0.0135 483 227 499 247
boat 0.0126 8 215 56 228
boat 0.0124 483 267 499 294
boat 0.0120 375 220 392 233
boat 0.0119 382 202 475 247
boat 0.0112 0 210 20 224
boat 0.0110 464 259 499 296
boat 0.0107 155 78 451 325
boat 0.0106 492 226 499 241
boat 0.0105 423 193 500 235
boat 0.0103 91 103 233 263
boat 0.0091 399 222 415 234
boat 0.0091 0 252 29 264
boat 0.0091 0 198 24 222
boat 0.0091 0 114 182 280
boat 0.0090 416 182 498 289
boat 0.0083 126 147 200 217
boat 0.0079 478 246 499 275
boat 0.0078 341 162 449 253
boat 0.0074 86 185 118 205
boat 0.0074 48 156 185 249
boat 0.0064 64 186 157 222
boat 0.0061 4 223 108 258
boat 0.0060 0 225 30 236
boat 0.0059 358 199 426 250
boat 0.0059 43 64 172 229
boat 0.0057 473 235 499 261
boat 0.0057 450 230 486 276
boat 0.0056 0 227 22 235
boat 0.0054 400 223 426 235
boat 0.0053 318 150 473 287
boat 0.0052 20 215 45 228
boat 0.0050 0 216 13 224
boat 0.0050 10 205 66 229
boat 0.0050 0 242 24 262
boat 0.0037 76 14 364 235
boat 0.0036 488 225 499 267
boat 0.0036 421 215 434 233
boat 0.0036 40 120 324 292
boat 0.0035 490 279 500 297
boat 0.0035 6 177 155 275
boat 0.0034 352 218 371 232
boat 0.0033 8 215 30 227
boat 0.0033 122 126 211 282
boat 0.0032 409 172 430 212
boat 0.0032 206 162 451 307
boat 0.0031 413 178 438 211
boat 0.0030 420 222 438 234
boat 0.0030 62 185 271 301
boat 0.0029 424 209 499 229
boat 0.0029 0 174 42 216
boat 0.0029 403 212 430 233
boat 0.0029 0 210 10 222
boat 0.0028 406 186 434 220
boat 0.0027 135 246 152 263
boat 0.0027 12 42 254 235
boat 0.0027 345 170 422 219
boat 0.0025 429 228 473 287
boat 0.0025 395 135 443 228
boat 0.0025 22 227 113 280
boat 0.0025 428 198 464 215
boat 0.0024 18 183 84 230
boat 0.0024 409 190 451 217
boat 0.0024 486 249 499 270
boat 0.0023 0 194 37 216
boat 0.0023 48 193 186 228
boat 0.0023 376 216 404 233
boat 0.0022 460 246 485 270
boat 0.0022 20 210 87 253
boat 0.0022 164 114 304 318
boat 0.0021 84 191 146 217
boat 0.0021 415 198 477 224
boat 0.0020 72 185 118 218
boat 0.0019 10 165 123 248
boat 0.0019 376 198 404 208
bird 0.0084 0 277 4 285
bird 0.0029 22 173 36 180
bird 0.0010 0 182 5 188
dog 0.0010 277 242 288 256
chair 0.0010 248 241 259 254
