person 0.8805 226 179 369 499
person 0.8384 157 179 226 437
person 0.0673 334 213 374 502
person 0.0495 321 194 348 231
person 0.0405 359 227 374 287
person 0.0260 356 224 374 367
person 0.0237 158 232 217 337
person 0.0186 346 263 372 401
person 0.0185 230 224 279 421
person 0.0184 336 419 374 500
person 0.0159 231 174 300 469
person 0.0157 321 194 364 254
person 0.0152 324 194 340 215
person 0.0111 154 166 282 487
person 0.0099 203 213 271 446
person 0.0070 294 209 375 503
person 0.0062 339 229 373 369
person 0.0061 221 190 257 246
person 0.0058 230 288 269 374
person 0.0055 342 165 375 190
person 0.0049 362 241 375 311
person 0.0043 0 107 250 349
person 0.0042 228 191 274 350
person 0.0040 230 314 261 362
person 0.0038 120 173 142 239
person 0.0037 359 207 374 264
person 0.0036 218 210 251 243
person 0.0029 361 229 374 257
person 0.0027 114 175 268 316
person 0.0023 355 200 374 240
person 0.0021 353 236 373 306
person 0.0021 226 177 274 258
person 0.0021 238 213 361 377
person 0.0019 341 287 367 371
person 0.0019 330 207 371 310
person 0.0019 229 196 252 225
person 0.0018 155 279 187 334
person 0.0017 338 201 373 263
person 0.0015 327 205 351 234
person 0.0014 310 193 340 224
person 0.0013 208 196 265 261
person 0.0013 94 204 111 241
person 0.0013 366 267 375 303
person 0.0013 352 228 373 265
person 0.0013 127 195 143 239
person 0.0012 183 177 212 231
person 0.0012 131 202 210 408
person 0.0011 71 163 258 450
person 0.0011 232 185 266 232
person 0.0011 285 248 369 382
person 0.0011 49 142 338 293
person 0.0011 148 163 323 361
person 0.0010 361 247 375 280
person 0.0010 236 191 257 227
person 0.0010 179 190 188 226
person 0.0010 325 165 372 237
person 0.0010 344 305 375 501
bus 0.0042 -9 117 388 369
train 0.6647 0 115 246 350
train 0.0338 158 209 218 325
train 0.0235 62 176 304 332
train 0.0178 156 176 242 441
train 0.0078 60 129 389 397
train 0.0051 217 199 254 258
train 0.0038 229 240 276 360
train 0.0036 229 173 369 495
train 0.0029 213 164 348 368
train 0.0027 230 183 308 351
train 0.0026 109 160 402 307
train 0.0023 212 197 268 327
train 0.0021 185 177 269 416
train 0.0021 231 175 369 294
train 0.0015 -5 70 347 284
train 0.0012 5 106 263 243
train 0.0012 241 237 359 356
dog 0.0011 336 419 374 500
bottle 0.0010 17 339 21 346
chair 0.0078 336 419 374 500
sofa 0.0139 336 419 374 500
pottedplant 0.0018 359 227 374 287
