person 0.0043 0 0 34 31
person 0.0042 0 0 16 28
person 0.0032 0 17 445 490
person 0.0027 0 0 9 21
person 0.0014 153 212 348 428
person 0.0012 0 0 74 34
car 0.0055 0 2 452 468
car 0.0011 0 0 42 32
cat 0.9200 224 31 355 157
cat 0.8347 153 213 349 427
cat 0.0114 128 120 376 483
cat 0.0109 -1 46 451 517
dog 0.0032 223 30 355 157
dog 0.0028 153 214 349 428
bottle 0.0013 154 213 347 428
chair 0.0282 0 2 452 468
chair 0.0096 10 208 416 494
chair 0.0083 153 211 345 426
chair 0.0037 0 460 13 499
sofa 0.1758 0 2 452 468
sofa 0.0434 153 211 345 426
sofa 0.0119 25 208 429 496
sofa 0.0069 5 0 445 189
sofa 0.0018 9 0 438 78
sofa 0.0014 2 0 311 40
sofa 0.0010 128 120 376 483
diningtable 0.0069 0 2 452 468
diningtable 0.0015 153 211 345 426
diningtable 0.0010 0 460 13 500
