person 0.0049 0 274 35 317
bicycle 0.0296 239 211 495 303
bicycle 0.0047 242 219 356 311
bicycle 0.0040 3 187 479 356
boat 0.0011 -9 168 498 341
bird 0.0087 0 88 324 324
bird 0.0062 0 273 35 317
bird 0.0022 242 221 337 312
cat 0.0139 0 88 324 324
cat 0.0100 0 276 36 317
cat 0.0012 0 226 34 317
dog 0.8048 -1 90 327 312
dog 0.0534 0 276 36 317
dog 0.0029 0 226 34 317
dog 0.0019 46 66 469 336
horse 0.0027 0 276 36 317
sheep 0.0189 0 88 324 324
sheep 0.0168 0 276 36 317
sheep 0.0014 0 199 35 318
cow 0.0070 0 276 36 317
cow 0.0055 0 88 324 324
bottle 0.0016 242 220 336 310
sofa 0.0011 0 90 334 307
