person 0.1201 108 238 121 257
person 0.0608 122 232 146 279
person 0.0382 104 238 123 272
person 0.0351 111 236 127 258
person 0.0244 118 234 133 260
person 0.0169 107 257 122 275
person 0.0153 494 244 499 255
person 0.0116 106 237 132 278
person 0.0089 109 228 125 251
person 0.0089 93 253 122 273
person 0.0076 482 241 495 254
person 0.0075 183 228 207 251
person 0.0055 126 232 141 256
person 0.0055 119 235 138 270
person 0.0053 103 236 153 288
person 0.0048 175 228 198 251
person 0.0040 190 229 205 246
person 0.0040 119 230 138 251
person 0.0034 112 262 125 276
person 0.0025 472 124 495 134
person 0.0024 364 153 378 167
person 0.0024 321 240 350 282
person 0.0021 264 234 294 250
person 0.0016 162 226 224 254
person 0.0016 353 152 382 168
person 0.0015 132 159 149 174
person 0.0015 130 161 142 175
person 0.0014 354 152 368 169
person 0.0013 128 241 152 297
person 0.0012 281 235 301 246
person 0.0012 189 258 198 274
person 0.0010 288 234 307 246
person 0.0010 135 241 150 279
person 0.0010 82 227 99 241
person 0.0010 370 154 382 166
person 0.0010 0 253 13 275
car 0.0010 107 237 123 262
aeroplane 0.4702 29 65 504 277
aeroplane 0.0378 5 142 476 319
aeroplane 0.0205 263 59 501 249
aeroplane 0.0157 152 63 469 196
aeroplane 0.0127 472 124 495 134
aeroplane 0.0062 41 148 352 273
aeroplane 0.0030 108 232 148 278
aeroplane 0.0024 46 201 138 250
aeroplane 0.0022 348 219 491 256
aeroplane 0.0020 162 226 224 254
aeroplane 0.0018 1 148 83 248
aeroplane 0.0016 79 236 131 275
aeroplane 0.0016 108 237 122 258
aeroplane 0.0015 67 214 144 262
aeroplane 0.0013 182 71 399 159
aeroplane 0.0013 260 160 481 271
aeroplane 0.0012 295 59 411 155
aeroplane 0.0011 78 203 307 285
aeroplane 0.0011 48 194 115 222
aeroplane 0.0010 34 184 146 272
bird 0.0059 472 124 495 134
bird 0.0014 493 246 499 254
bird 0.0010 482 242 489 254
horse 0.0012 479 241 498 255
chair 0.0014 104 238 123 272
chair 0.0013 93 253 122 273
chair 0.0011 87 254 110 272
pottedplant 0.0256 0 146 67 246
pottedplant 0.0029 26 256 51 277
pottedplant 0.0028 33 256 43 275
pottedplant 0.0019 0 188 24 246
pottedplant 0.0017 0 254 25 275
pottedplant 0.0015 0 253 12 275
pottedplant 0.0013 15 255 45 275
pottedplant 0.0013 3 254 73 284
pottedplant 0.0011 34 257 67 280
