person 0.2232 177 103 217 144
person 0.0131 183 110 228 152
person 0.0123 24 3 403 293
person 0.0123 205 114 226 146
person 0.0096 100 45 277 226
person 0.0080 197 102 230 146
person 0.0057 411 238 423 249
person 0.0048 492 239 499 249
person 0.0030 475 238 498 249
person 0.0028 176 103 234 182
person 0.0026 335 304 343 328
person 0.0024 398 239 416 249
person 0.0020 476 243 498 253
person 0.0019 461 232 476 241
person 0.0016 179 103 204 125
person 0.0015 135 91 302 165
person 0.0014 393 240 410 250
person 0.0014 458 234 496 250
person 0.0012 172 104 201 134
person 0.0012 193 118 237 160
person 0.0011 372 239 382 245
person 0.0010 423 246 434 254
person 0.0010 336 316 342 329
person 0.0010 422 237 429 248
car 0.0228 492 239 499 249
car 0.0181 483 238 500 249
car 0.0128 479 241 500 254
car 0.0084 455 245 487 254
car 0.0072 410 240 423 249
car 0.0065 455 232 491 249
car 0.0065 460 231 484 243
car 0.0061 457 241 499 253
car 0.0059 461 232 476 241
car 0.0058 484 246 500 256
car 0.0046 492 246 499 257
car 0.0045 393 240 410 250
car 0.0039 462 246 476 253
car 0.0037 473 236 498 250
car 0.0034 348 237 368 246
car 0.0032 449 236 482 250
car 0.0029 464 235 479 247
car 0.0022 395 238 419 250
car 0.0019 461 227 479 239
car 0.0019 350 236 379 247
car 0.0018 475 246 498 255
car 0.0018 477 233 500 246
car 0.0016 449 242 471 253
car 0.0016 393 235 410 246
car 0.0015 350 230 385 246
car 0.0014 466 243 490 252
car 0.0010 394 243 406 252
aeroplane 0.0116 361 179 499 227
aeroplane 0.0021 460 219 499 239
aeroplane 0.0014 29 6 283 297
aeroplane 0.0014 459 227 499 249
bus 0.0064 483 238 499 250
bus 0.0057 491 239 500 250
bus 0.0055 458 234 496 250
bus 0.0054 473 236 498 250
bus 0.0042 478 240 500 254
bus 0.0030 25 1 338 307
bus 0.0027 457 241 499 253
bus 0.0014 394 238 412 250
bus 0.0013 455 245 487 254
bus 0.0013 460 231 484 243
bus 0.0012 459 220 499 252
bus 0.0011 393 237 423 251
bus 0.0011 470 228 500 247
bus 0.0011 449 236 482 250
train 0.0239 4 0 424 311
train 0.0082 361 180 499 227
train 0.0052 35 15 283 275
train 0.0039 477 238 499 253
train 0.0036 178 102 222 145
train 0.0033 461 235 499 252
train 0.0025 356 199 495 255
train 0.0021 458 224 500 250
train 0.0020 391 233 422 250
train 0.0018 34 139 497 312
train 0.0017 491 239 500 249
train 0.0015 100 45 277 226
train 0.0014 424 226 461 246
train 0.0014 455 232 491 249
train 0.0013 403 223 479 250
train 0.0013 349 227 409 247
train 0.0013 404 232 430 249
train 0.0013 363 220 465 253
boat 0.1006 34 6 285 297
boat 0.0102 6 15 461 326
boat 0.0057 459 227 499 249
boat 0.0052 176 101 220 145
boat 0.0040 100 45 277 226
boat 0.0034 460 231 484 243
boat 0.0031 458 223 498 240
boat 0.0029 450 236 499 253
boat 0.0026 475 242 498 253
boat 0.0023 473 236 498 250
boat 0.0023 483 238 499 250
boat 0.0023 491 239 500 250
boat 0.0020 455 245 487 254
boat 0.0018 459 222 486 233
boat 0.0017 231 219 298 242
boat 0.0016 362 181 498 227
boat 0.0013 458 233 488 248
boat 0.0012 439 238 481 254
boat 0.0010 424 224 481 249
bird 0.0015 174 104 210 147
tvmonitor 0.0013 25 1 338 307
