person 0.3553 219 134 436 369
person 0.2633 67 135 266 367
person 0.0835 178 235 209 278
person 0.0688 17 117 466 368
person 0.0402 159 234 208 325
person 0.0251 -1 71 217 372
person 0.0225 230 144 331 319
person 0.0194 175 134 362 339
person 0.0148 270 192 294 226
person 0.0064 258 188 302 226
person 0.0062 33 115 331 303
person 0.0055 110 204 414 373
person 0.0047 296 153 494 371
person 0.0047 74 138 235 274
person 0.0038 267 190 287 219
person 0.0036 267 193 316 236
person 0.0027 163 221 208 277
person 0.0027 365 308 499 372
person 0.0027 229 157 382 269
person 0.0025 494 308 499 328
person 0.0020 83 104 485 267
person 0.0019 98 183 248 323
person 0.0017 180 172 203 194
person 0.0016 258 196 351 260
person 0.0011 251 181 322 274
person 0.0010 297 198 414 363
person 0.0010 278 199 329 257
person 0.0010 160 265 197 338
person 0.0010 141 155 297 338
bottle 0.5610 160 264 197 337
bottle 0.0610 160 231 207 310
bottle 0.0269 161 277 182 336
bottle 0.0268 70 141 261 371
bottle 0.0074 171 234 212 280
bottle 0.0069 179 266 197 331
bottle 0.0020 161 254 195 308
bottle 0.0015 493 307 499 327
chair 0.0339 0 166 125 369
chair 0.0264 0 299 43 371
chair 0.0225 281 95 500 367
chair 0.0180 0 73 207 369
chair 0.0084 493 307 500 327
chair 0.0036 42 136 345 369
chair 0.0031 156 137 471 372
chair 0.0012 335 303 498 371
sofa 0.2356 280 95 501 368
sofa 0.1804 0 73 207 369
sofa 0.1731 80 138 492 372
sofa 0.0744 213 140 423 369
sofa 0.0548 0 166 125 369
sofa 0.0191 58 130 271 349
sofa 0.0093 100 248 514 373
sofa 0.0085 338 308 499 373
sofa 0.0077 159 234 208 325
sofa 0.0075 178 235 209 278
sofa 0.0063 25 127 450 249
sofa 0.0041 0 301 43 373
sofa 0.0034 219 157 356 305
sofa 0.0028 262 192 303 228
sofa 0.0021 107 129 354 225
sofa 0.0019 43 204 384 369
sofa 0.0017 160 265 197 338
sofa 0.0014 349 153 497 355
sofa 0.0012 493 307 500 327
sofa 0.0011 190 129 265 217
diningtable 0.0024 0 301 43 374
diningtable 0.0017 46 100 531 373
diningtable 0.0013 493 307 499 327
