person 0.8134 248 156 306 303
person 0.7714 128 155 210 319
person 0.7601 32 168 107 308
person 0.0614 185 159 254 300
person 0.0549 232 202 258 266
person 0.0543 177 159 223 303
person 0.0436 213 232 255 291
person 0.0385 234 207 278 297
person 0.0313 234 176 258 237
person 0.0172 230 222 259 291
person 0.0164 129 172 166 302
person 0.0149 273 156 314 316
person 0.0148 242 172 261 225
person 0.0147 179 183 220 257
person 0.0138 59 200 114 221
person 0.0133 115 233 146 285
person 0.0110 255 167 266 186
person 0.0092 232 222 256 256
person 0.0090 257 169 264 180
person 0.0084 238 196 262 241
person 0.0084 218 166 255 269
person 0.0079 247 166 264 207
person 0.0076 131 159 199 241
person 0.0076 33 177 113 249
person 0.0072 62 177 116 286
person 0.0069 28 162 71 315
person 0.0068 228 208 253 248
person 0.0062 152 171 242 324
person 0.0062 239 168 273 237
person 0.0059 128 201 163 256
person 0.0056 75 256 117 283
person 0.0047 192 194 217 209
person 0.0043 237 206 253 235
person 0.0043 132 181 182 259
person 0.0035 242 175 257 208
person 0.0035 40 188 95 232
person 0.0033 134 204 189 306
person 0.0031 197 223 267 298
person 0.0026 72 226 118 291
person 0.0026 192 182 234 227
person 0.0026 41 198 82 312
person 0.0026 288 185 314 309
person 0.0024 175 305 212 326
person 0.0024 250 212 293 301
person 0.0023 181 189 219 214
person 0.0023 247 178 256 195
person 0.0021 190 183 254 250
person 0.0020 52 204 96 220
person 0.0018 175 115 272 288
person 0.0016 166 175 217 229
person 0.0016 183 233 244 308
person 0.0016 87 199 114 213
person 0.0016 282 202 310 223
person 0.0014 217 223 289 309
person 0.0013 234 235 255 253
person 0.0013 143 181 196 230
person 0.0012 207 245 260 317
person 0.0012 250 230 276 293
person 0.0012 149 170 184 197
person 0.0011 136 193 216 279
person 0.0011 236 211 249 229
person 0.0011 245 201 260 231
person 0.0011 128 212 158 244
person 0.0011 143 167 201 205
person 0.0011 258 170 269 184
person 0.0010 252 159 310 233
person 0.0010 157 178 209 252
person 0.0010 138 169 179 223
bottle 0.0040 195 194 217 209
bottle 0.0031 46 189 56 219
bottle 0.0026 74 198 115 218
bottle 0.0020 232 214 258 257
bottle 0.0019 257 169 266 182
bottle 0.0014 133 180 180 236
bottle 0.0014 40 196 61 234
bottle 0.0013 154 207 174 233
bottle 0.0012 242 302 248 316
bottle 0.0012 247 154 311 291
bottle 0.0011 48 185 54 209
bottle 0.0011 180 194 212 213
bottle 0.0010 128 160 187 295
bottle 0.0010 235 224 254 246
chair 0.7977 115 234 146 284
chair 0.0272 75 258 118 286
chair 0.0135 208 245 250 290
chair 0.0094 127 157 182 304
chair 0.0064 72 258 120 313
chair 0.0054 72 226 118 291
chair 0.0048 115 233 138 262
chair 0.0047 182 234 244 307
chair 0.0035 129 185 163 286
chair 0.0034 179 144 252 324
chair 0.0033 109 231 154 318
chair 0.0031 172 170 224 320
chair 0.0030 31 169 113 311
chair 0.0029 129 212 156 245
chair 0.0026 234 207 278 297
chair 0.0025 108 265 171 325
chair 0.0024 207 245 260 317
chair 0.0024 120 233 149 260
chair 0.0023 232 202 258 266
chair 0.0022 117 219 148 268
chair 0.0022 109 235 132 282
chair 0.0021 122 233 164 286
chair 0.0016 98 205 196 305
chair 0.0014 192 204 253 297
chair 0.0014 63 191 115 300
chair 0.0013 247 157 303 301
chair 0.0013 230 219 253 255
chair 0.0012 127 208 155 269
chair 0.0012 75 191 166 281
chair 0.0011 133 153 219 319
chair 0.0010 224 217 256 280
sofa 0.0011 114 234 146 285
diningtable 0.0020 32 1 315 25
diningtable 0.0012 115 234 146 284
