person 0.5579 1 -2 295 483
person 0.4013 147 274 407 498
person 0.2428 35 314 350 498
person 0.0241 62 338 169 495
person 0.0168 57 71 412 503
person 0.0109 49 0 93 13
person 0.0057 2 283 171 498
person 0.0051 151 301 275 488
person 0.0043 297 274 410 501
person 0.0036 78 283 371 419
person 0.0032 160 437 365 499
person 0.0030 95 283 162 358
person 0.0029 1 4 304 224
person 0.0025 32 238 237 439
person 0.0017 1 0 52 41
person 0.0015 21 0 106 19
person 0.0013 159 308 285 402
person 0.0012 0 -14 138 484
person 0.0012 269 67 415 469
person 0.0012 0 408 382 498
person 0.0010 261 120 314 432
person 0.0010 4 0 113 40
cat 0.0011 62 338 169 495
dog 0.0049 154 273 410 499
dog 0.0026 62 338 169 495
bottle 0.2820 6 293 75 401
bottle 0.0379 248 0 271 23
bottle 0.0237 0 287 21 378
bottle 0.0232 269 0 281 29
bottle 0.0189 17 283 121 398
bottle 0.0155 61 282 147 385
bottle 0.0089 252 0 305 53
bottle 0.0086 0 375 10 410
bottle 0.0064 273 0 296 30
bottle 0.0063 4 276 145 462
bottle 0.0054 5 333 59 400
bottle 0.0052 58 286 106 381
bottle 0.0046 1 293 85 487
bottle 0.0025 252 1 276 32
bottle 0.0024 276 0 308 61
bottle 0.0018 280 0 294 22
bottle 0.0016 1 360 14 411
bottle 0.0015 1 324 16 410
bottle 0.0013 67 354 96 389
bottle 0.0012 42 299 78 387
bottle 0.0011 2 369 65 475
bottle 0.0010 251 0 272 11
bottle 0.0010 49 0 93 13
chair 0.0316 2 1 52 40
chair 0.0272 49 0 93 13
chair 0.0076 1 0 95 41
chair 0.0058 21 0 106 19
chair 0.0030 2 -7 293 513
chair 0.0021 1 4 304 224
chair 0.0020 154 273 410 499
chair 0.0010 83 0 265 42
chair 0.0010 281 294 314 341
sofa 0.0161 1 0 53 41
sofa 0.0144 3 -8 292 511
sofa 0.0086 49 0 93 11
sofa 0.0062 154 273 410 499
sofa 0.0021 1 4 304 224
sofa 0.0021 4 0 113 40
sofa 0.0017 25 195 421 491
sofa 0.0016 21 0 106 19
sofa 0.0010 160 437 365 499
sofa 0.0010 1 0 48 19
diningtable 0.0153 5 283 168 495
diningtable 0.0089 2 377 68 472
diningtable 0.0068 1 295 88 484
diningtable 0.0015 6 293 75 401
diningtable 0.0010 55 396 81 424
tvmonitor 0.0108 89 0 286 40
tvmonitor 0.0019 49 0 93 11
tvmonitor 0.0018 261 162 310 311
