person 0.6469 51 93 384 371
person 0.1300 355 243 499 373
person 0.0256 443 210 499 313
person 0.0111 0 89 16 324
person 0.0074 123 24 483 368
person 0.0055 340 81 502 377
person 0.0044 363 189 498 338
person 0.0034 -1 13 74 351
person 0.0020 269 -1 510 406
person 0.0012 453 250 500 313
person 0.0011 43 33 126 333
person 0.0010 146 211 268 370
person 0.0010 105 26 405 242
car 0.0022 37 12 395 365
car 0.0021 0 6 76 350
cat 0.0022 443 210 499 313
cat 0.0018 0 98 16 334
dog 0.0034 0 89 16 324
dog 0.0026 443 210 499 313
chair 0.1268 84 18 447 361
chair 0.0446 0 6 76 350
chair 0.0298 158 265 265 374
chair 0.0258 352 265 499 372
chair 0.0176 332 278 368 374
chair 0.0119 442 208 499 312
chair 0.0063 352 68 409 314
chair 0.0057 75 31 402 213
chair 0.0056 374 24 498 303
chair 0.0050 0 89 16 324
chair 0.0035 45 238 129 374
chair 0.0033 356 166 503 375
chair 0.0030 47 177 176 372
chair 0.0023 265 19 461 375
chair 0.0022 43 94 127 350
chair 0.0019 313 42 421 307
chair 0.0016 111 277 457 375
chair 0.0016 0 0 167 354
chair 0.0015 99 230 245 375
chair 0.0012 314 284 343 374
chair 0.0012 66 110 129 212
chair 0.0010 386 201 501 333
sofa 0.0242 353 261 500 374
sofa 0.0215 63 17 497 367
sofa 0.0182 443 208 499 311
sofa 0.0100 374 24 498 303
sofa 0.0019 362 169 498 354
sofa 0.0016 109 33 403 281
sofa 0.0011 0 89 16 324
sofa 0.0010 319 32 440 312
sofa 0.0010 279 6 498 344
diningtable 0.0046 443 208 499 311
diningtable 0.0040 353 261 500 374
diningtable 0.0033 0 89 16 324
diningtable 0.0033 0 7 78 359
diningtable 0.0028 63 17 497 367
tvmonitor 0.0026 374 24 498 303
tvmonitor 0.0023 63 17 497 367
tvmonitor 0.0020 383 24 498 113
