person 0.8792 0 42 242 369
person 0.8789 377 104 499 367
person 0.8470 204 84 425 368
person 0.3096 0 5 70 277
person 0.1097 -1 22 114 373
person 0.0790 192 84 261 154
person 0.0259 16 44 469 371
person 0.0233 0 6 35 132
person 0.0160 452 109 500 368
person 0.0139 0 3 46 207
person 0.0139 37 41 275 165
person 0.0126 0 9 159 253
person 0.0104 0 130 64 266
person 0.0071 184 69 262 217
person 0.0061 157 65 309 164
person 0.0054 307 72 483 387
person 0.0039 91 115 149 175
person 0.0034 0 2 88 150
person 0.0032 0 122 74 368
person 0.0030 118 40 309 250
person 0.0029 2 2 49 87
person 0.0027 0 0 23 240
person 0.0025 11 50 96 169
person 0.0024 43 93 171 201
person 0.0022 122 63 270 192
person 0.0019 119 52 239 377
person 0.0017 433 112 496 283
person 0.0016 15 109 225 227
person 0.0014 15 74 92 138
person 0.0013 0 113 67 200
person 0.0012 6 129 165 365
person 0.0012 160 77 341 217
dog 0.0013 0 46 240 369
bottle 0.0013 302 320 317 373
chair 0.0161 192 333 212 374
chair 0.0071 -1 57 73 353
chair 0.0055 374 100 498 368
chair 0.0029 200 337 215 374
chair 0.0018 46 342 125 373
chair 0.0014 0 130 64 275
sofa 0.0115 0 71 66 333
sofa 0.0041 -1 22 114 373
sofa 0.0030 374 100 498 368
sofa 0.0028 0 43 242 368
sofa 0.0018 0 141 65 263
sofa 0.0018 -14 185 445 369
diningtable 0.0014 0 95 66 334
tvmonitor 0.0026 30 3 495 207
tvmonitor 0.0010 110 39 391 209
