person 0.9210 145 133 266 493
person 0.1384 354 296 375 400
person 0.0131 348 0 375 40
person 0.0113 361 299 374 369
person 0.0046 338 242 375 375
person 0.0036 106 4 125 24
person 0.0035 107 15 125 24
person 0.0018 351 264 375 371
person 0.0017 249 239 373 378
person 0.0010 180 0 187 6
car 0.0021 106 9 126 25
car 0.0015 0 0 71 82
aeroplane 0.0010 349 1 375 40
boat 0.0417 107 17 126 25
boat 0.0177 107 9 125 25
boat 0.0053 349 1 375 40
boat 0.0041 106 -1 126 24
boat 0.0039 0 0 71 82
boat 0.0024 70 0 130 27
boat 0.0020 100 4 152 23
boat 0.0012 124 0 165 19
bird 0.0019 349 1 375 40
bottle 0.0039 85 397 135 438
bottle 0.0010 134 352 191 415
chair 0.9190 249 239 373 379
chair 0.0505 341 203 375 243
chair 0.0433 326 237 352 260
chair 0.0155 323 238 374 365
chair 0.0108 317 236 360 267
chair 0.0091 354 296 375 400
chair 0.0070 326 231 374 278
chair 0.0049 281 237 374 312
chair 0.0041 337 201 374 273
chair 0.0040 238 194 270 257
chair 0.0040 141 139 278 497
chair 0.0031 361 299 374 369
chair 0.0029 324 219 363 263
chair 0.0021 349 1 375 39
chair 0.0014 134 352 191 416
chair 0.0013 243 254 331 358
chair 0.0011 351 261 374 376
sofa 0.0031 248 235 372 381
sofa 0.0020 343 205 375 244
sofa 0.0019 354 296 375 400
sofa 0.0016 134 352 191 416
sofa 0.0013 141 139 278 497
diningtable 0.3508 342 203 375 243
diningtable 0.0119 326 232 364 262
diningtable 0.0068 337 203 374 273
diningtable 0.0057 -5 360 372 497
diningtable 0.0040 249 239 373 378
diningtable 0.0028 326 229 374 282
diningtable 0.0024 79 354 273 445
diningtable 0.0021 134 352 191 416
diningtable 0.0018 354 295 375 397
diningtable 0.0012 327 238 374 358
diningtable 0.0012 144 134 263 496
