person 0.6215 126 320 135 342
person 0.6183 199 323 208 344
person 0.5617 186 324 195 347
person 0.2348 189 325 201 346
person 0.0703 242 327 250 336
person 0.0537 56 322 64 335
person 0.0437 64 323 73 336
person 0.0287 130 317 137 341
person 0.0260 239 327 250 368
person 0.0212 58 324 68 336
person 0.0204 241 325 250 355
person 0.0193 144 321 150 333
person 0.0175 66 321 77 336
person 0.0155 5 314 12 330
person 0.0118 151 321 158 332
person 0.0104 93 320 99 334
person 0.0086 191 323 208 345
person 0.0079 69 315 80 333
person 0.0073 84 320 92 334
person 0.0073 146 315 153 333
person 0.0071 141 315 148 331
person 0.0064 136 316 141 327
person 0.0060 210 325 214 340
person 0.0059 5 321 12 332
person 0.0058 151 334 164 344
person 0.0055 123 322 133 344
person 0.0050 143 326 159 346
person 0.0048 76 314 86 331
person 0.0046 73 318 88 334
person 0.0044 199 320 207 337
person 0.0043 202 320 209 338
person 0.0032 118 321 126 335
person 0.0032 1 320 17 345
person 0.0032 238 326 246 337
person 0.0031 2 307 12 331
person 0.0029 139 325 148 340
person 0.0028 139 316 153 335
person 0.0026 240 315 251 336
person 0.0025 122 320 127 331
person 0.0024 57 323 76 336
person 0.0023 5 326 13 334
person 0.0022 166 335 174 343
person 0.0022 88 316 98 334
person 0.0020 150 315 159 333
person 0.0019 71 312 80 326
person 0.0018 0 310 6 331
person 0.0018 145 330 158 342
person 0.0017 109 319 117 334
person 0.0014 234 330 247 367
person 0.0013 187 334 193 348
person 0.0012 85 325 91 334
person 0.0012 240 309 250 329
person 0.0010 239 325 252 341
bicycle 0.8545 0 349 53 436
bicycle 0.0428 0 347 45 389
bicycle 0.0163 3 344 93 425
bicycle 0.0123 0 344 31 366
bicycle 0.0114 297 356 310 384
bicycle 0.0052 0 349 32 378
bicycle 0.0048 236 337 251 369
bicycle 0.0046 0 344 21 360
bicycle 0.0046 65 325 72 336
bicycle 0.0030 8 342 52 376
bicycle 0.0029 0 330 28 359
bicycle 0.0028 13 345 76 372
bicycle 0.0028 -4 372 37 436
bicycle 0.0027 151 333 164 344
bicycle 0.0026 292 347 309 381
bicycle 0.0023 25 349 64 361
bicycle 0.0022 166 334 174 343
bicycle 0.0021 286 357 307 384
bicycle 0.0017 0 349 21 365
bicycle 0.0017 58 324 68 336
bicycle 0.0016 0 355 18 373
bicycle 0.0015 298 348 315 406
bicycle 0.0013 187 326 196 347
bicycle 0.0013 66 326 77 336
bicycle 0.0011 44 348 73 358
bicycle 0.0011 10 351 39 381
car 0.0033 149 335 169 345
car 0.0032 2 327 19 341
car 0.0030 166 335 174 343
car 0.0023 151 334 164 344
car 0.0019 66 326 77 336
car 0.0018 0 330 28 359
car 0.0018 1 321 21 345
car 0.0018 5 326 13 334
car 0.0017 64 323 74 336
car 0.0010 5 320 12 332
motorbike 0.0035 0 351 53 437
motorbike 0.0013 65 325 72 336
boat 0.0019 299 302 332 484
boat 0.0010 298 360 312 387
bird 0.0012 139 343 154 350
bottle 0.0012 0 356 53 437
chair 0.1701 121 354 155 391
chair 0.0338 98 363 136 395
chair 0.0054 116 362 136 394
chair 0.0030 110 356 143 393
chair 0.0028 65 325 73 336
chair 0.0021 133 356 158 386
chair 0.0021 82 363 130 412
chair 0.0021 121 364 144 395
chair 0.0019 56 322 66 336
chair 0.0017 267 457 330 498
chair 0.0017 66 326 77 336
chair 0.0016 152 335 165 344
chair 0.0013 29 354 98 420
chair 0.0012 -1 350 81 428
chair 0.0010 46 358 129 418
pottedplant 0.0225 139 343 154 350
pottedplant 0.0036 65 320 76 336
pottedplant 0.0036 139 339 159 352
pottedplant 0.0025 140 337 159 347
pottedplant 0.0024 242 326 251 336
pottedplant 0.0024 139 342 156 357
pottedplant 0.0019 152 335 165 344
pottedplant 0.0018 6 296 16 307
pottedplant 0.0017 84 320 92 334
pottedplant 0.0015 137 287 150 299
pottedplant 0.0014 295 358 309 385
pottedplant 0.0013 151 321 158 332
pottedplant 0.0012 109 319 117 334
pottedplant 0.0012 142 335 168 346
pottedplant 0.0012 126 321 135 343
pottedplant 0.0012 56 321 64 336
pottedplant 0.0010 165 335 174 343
pottedplant 0.0010 73 318 88 334
diningtable 0.0112 27 354 98 424
diningtable 0.0061 50 360 128 417
diningtable 0.0052 89 363 132 398
diningtable 0.0022 -1 350 81 428
diningtable 0.0022 121 357 156 394
diningtable 0.0016 149 335 169 345
diningtable 0.0011 151 334 164 344
