person 0.0079 441 253 447 269
person 0.0048 481 259 499 281
person 0.0038 480 252 497 275
person 0.0016 483 250 497 267
person 0.0016 12 179 229 335
person 0.0015 489 250 499 266
person 0.0011 438 252 449 275
bicycle 0.0018 12 179 229 335
motorbike 0.9289 11 180 230 334
motorbike 0.0023 134 181 229 327
bird 0.0094 480 252 497 275
bird 0.0069 481 259 499 281
bird 0.0043 483 249 497 266
bird 0.0027 489 250 499 266
bird 0.0027 439 252 447 270
bird 0.0026 488 264 500 282
bird 0.0018 477 250 493 267
bird 0.0016 487 248 496 262
bird 0.0010 404 272 415 288
horse 0.0020 481 259 499 281
horse 0.0010 480 252 497 275
cow 0.0010 488 262 500 280
chair 0.0015 481 259 499 282
chair 0.0010 488 264 500 282
