person 0.9126 386 176 422 257
person 0.2119 421 188 437 218
person 0.1668 426 195 438 220
person 0.1121 421 187 431 212
person 0.0789 124 266 236 364
person 0.0584 464 200 475 213
person 0.0390 0 90 5 111
person 0.0341 158 257 194 300
person 0.0252 422 188 429 200
person 0.0188 0 89 9 108
person 0.0155 0 86 25 110
person 0.0154 462 200 477 220
person 0.0129 0 92 4 120
person 0.0124 0 89 33 118
person 0.0079 380 158 387 168
person 0.0068 398 146 406 158
person 0.0063 0 86 13 100
person 0.0063 0 46 3 72
person 0.0047 417 197 432 217
person 0.0044 0 117 4 140
person 0.0030 15 120 26 136
person 0.0028 1 99 39 153
person 0.0027 0 90 21 142
person 0.0025 10 119 30 137
person 0.0023 321 192 342 203
person 0.0022 0 191 11 242
person 0.0022 37 112 57 138
person 0.0021 0 99 4 144
person 0.0020 164 258 189 286
person 0.0020 447 199 478 232
person 0.0017 38 110 51 122
person 0.0016 0 92 17 122
person 0.0016 442 129 451 148
person 0.0016 0 82 9 94
person 0.0016 341 205 346 211
person 0.0015 164 262 210 285
person 0.0015 0 66 11 107
person 0.0015 1 109 16 151
person 0.0013 5 84 34 106
person 0.0013 411 143 420 152
person 0.0013 0 46 7 83
person 0.0013 0 191 9 218
person 0.0013 161 258 183 275
person 0.0012 23 89 45 117
person 0.0011 12 90 38 115
person 0.0010 403 182 421 246
bicycle 0.0115 421 189 438 220
bicycle 0.0024 419 188 433 215
bicycle 0.0017 159 258 194 298
bicycle 0.0016 38 111 76 140
bicycle 0.0013 9 107 78 140
bicycle 0.0011 0 189 13 241
bicycle 0.0011 105 261 238 363
car 0.0114 380 159 387 167
car 0.0089 307 189 360 205
car 0.0053 321 192 343 203
car 0.0051 0 88 38 117
car 0.0034 0 192 13 244
car 0.0026 37 112 57 138
car 0.0021 0 117 4 140
car 0.0021 411 143 420 152
car 0.0021 284 158 376 209
car 0.0013 9 107 78 140
car 0.0013 396 146 405 157
car 0.0011 1 98 40 153
car 0.0011 0 46 3 72
car 0.0011 38 111 76 140
car 0.0010 392 145 404 154
motorbike 0.0024 421 189 438 220
motorbike 0.0014 157 258 194 300
motorbike 0.0013 0 88 38 117
aeroplane 0.0010 0 46 3 73
bus 0.0060 0 89 39 116
train 0.0036 0 88 38 117
train 0.0012 9 107 78 140
train 0.0010 0 114 97 256
boat 0.0104 0 88 38 117
boat 0.0039 0 46 3 72
boat 0.0025 9 107 78 140
boat 0.0013 0 86 43 140
boat 0.0011 -3 97 63 147
boat 0.0010 185 159 312 264
bird 0.1928 156 258 195 299
bird 0.0156 169 263 191 291
bird 0.0126 124 266 236 364
bird 0.0103 164 262 210 285
bird 0.0038 161 258 183 275
bird 0.0036 173 260 190 284
bird 0.0032 180 266 204 282
bird 0.0013 185 270 207 281
bird 0.0013 159 260 174 274
bird 0.0010 0 46 3 72
cat 0.0236 158 257 194 300
cat 0.0020 124 266 236 364
dog 0.0150 158 257 194 300
dog 0.0097 124 266 236 364
dog 0.0016 164 262 210 285
horse 0.0016 156 260 194 301
bottle 0.0060 158 258 193 299
bottle 0.0022 159 257 185 284
bottle 0.0013 419 188 433 215
chair 0.0395 38 111 77 140
chair 0.0352 0 192 13 244
chair 0.0347 37 110 55 137
chair 0.0253 157 258 194 300
chair 0.0152 110 165 142 193
chair 0.0140 0 88 41 118
chair 0.0133 39 110 51 126
chair 0.0131 37 131 108 201
chair 0.0116 9 107 78 140
chair 0.0112 0 138 86 261
chair 0.0063 0 190 9 228
chair 0.0054 0 95 45 139
chair 0.0052 0 171 32 249
chair 0.0044 0 215 9 248
chair 0.0038 105 261 237 364
chair 0.0037 32 99 49 122
chair 0.0036 39 121 63 139
chair 0.0036 139 263 207 310
chair 0.0034 57 112 77 141
chair 0.0033 0 206 13 266
chair 0.0032 1 95 72 202
chair 0.0030 115 157 146 188
chair 0.0024 0 188 9 212
chair 0.0024 0 155 54 252
chair 0.0023 159 272 186 301
chair 0.0022 0 165 14 216
chair 0.0016 28 91 50 126
chair 0.0015 0 167 7 201
chair 0.0014 121 154 146 172
chair 0.0013 40 107 50 121
chair 0.0013 105 163 120 181
chair 0.0013 104 165 122 193
chair 0.0012 0 235 73 304
chair 0.0012 0 157 5 175
chair 0.0011 88 145 118 194
chair 0.0011 23 89 45 117
chair 0.0010 0 85 41 196
chair 0.0010 0 119 4 148
sofa 0.0025 0 192 13 244
sofa 0.0010 127 262 236 364
sofa 0.0010 0 133 88 271
pottedplant 0.7355 124 270 235 365
pottedplant 0.5987 0 236 74 304
pottedplant 0.3092 41 137 111 203
pottedplant 0.2730 0 88 38 117
pottedplant 0.0686 0 189 13 241
pottedplant 0.0640 8 134 100 256
pottedplant 0.0377 0 86 25 110
pottedplant 0.0301 158 257 194 300
pottedplant 0.0259 41 167 67 197
pottedplant 0.0244 0 86 43 140
pottedplant 0.0238 24 152 87 211
pottedplant 0.0208 0 171 32 249
pottedplant 0.0196 108 264 180 326
pottedplant 0.0172 0 172 12 228
pottedplant 0.0165 9 107 78 140
pottedplant 0.0154 0 88 15 107
pottedplant 0.0152 35 240 75 297
pottedplant 0.0144 134 309 222 364
pottedplant 0.0136 0 181 22 238
pottedplant 0.0129 0 90 5 111
pottedplant 0.0123 0 191 9 218
pottedplant 0.0115 0 155 54 252
pottedplant 0.0103 101 256 216 336
pottedplant 0.0091 0 236 31 297
pottedplant 0.0074 -3 97 63 147
pottedplant 0.0063 8 127 106 193
pottedplant 0.0063 0 90 21 142
pottedplant 0.0061 108 302 129 325
pottedplant 0.0055 5 84 34 106
pottedplant 0.0054 0 158 13 209
pottedplant 0.0053 38 111 77 140
pottedplant 0.0053 65 251 115 295
pottedplant 0.0053 151 256 236 335
pottedplant 0.0052 111 164 143 193
pottedplant 0.0051 2 189 64 268
pottedplant 0.0050 1 95 72 202
pottedplant 0.0050 0 92 4 120
pottedplant 0.0046 0 233 18 286
pottedplant 0.0043 63 216 77 252
pottedplant 0.0042 14 88 36 109
pottedplant 0.0042 103 165 120 193
pottedplant 0.0041 0 140 28 227
pottedplant 0.0041 0 86 13 100
pottedplant 0.0041 40 209 72 256
pottedplant 0.0041 0 85 41 196
pottedplant 0.0040 0 167 7 201
pottedplant 0.0039 0 206 13 266
pottedplant 0.0039 43 138 107 289
pottedplant 0.0039 17 205 68 260
pottedplant 0.0039 139 263 207 310
pottedplant 0.0038 88 145 118 194
pottedplant 0.0036 74 141 113 202
pottedplant 0.0036 0 66 41 119
pottedplant 0.0035 0 196 25 285
pottedplant 0.0035 48 258 77 297
pottedplant 0.0035 0 92 17 122
pottedplant 0.0033 160 259 221 293
pottedplant 0.0033 0 157 5 175
pottedplant 0.0031 1 201 23 250
pottedplant 0.0030 105 163 120 181
pottedplant 0.0030 0 146 10 196
pottedplant 0.0029 173 267 210 283
pottedplant 0.0029 36 169 79 205
pottedplant 0.0027 0 252 19 302
pottedplant 0.0025 32 220 61 260
pottedplant 0.0024 29 134 89 185
pottedplant 0.0023 1 252 51 318
pottedplant 0.0022 35 157 72 192
pottedplant 0.0021 183 270 207 281
pottedplant 0.0021 3 98 32 146
pottedplant 0.0020 44 181 87 256
pottedplant 0.0020 114 263 168 305
pottedplant 0.0019 0 186 12 211
pottedplant 0.0018 105 300 149 328
pottedplant 0.0017 9 111 33 137
pottedplant 0.0017 48 245 95 288
pottedplant 0.0016 53 142 115 239
pottedplant 0.0016 124 264 159 283
pottedplant 0.0015 0 66 11 107
pottedplant 0.0015 0 215 9 248
pottedplant 0.0015 39 122 75 148
pottedplant 0.0015 0 119 4 148
pottedplant 0.0015 24 89 43 111
pottedplant 0.0013 37 112 57 138
pottedplant 0.0013 0 132 18 210
pottedplant 0.0013 93 254 116 266
pottedplant 0.0013 0 154 9 175
pottedplant 0.0013 0 252 10 293
pottedplant 0.0013 20 102 95 173
pottedplant 0.0012 5 190 31 240
pottedplant 0.0011 0 99 4 144
pottedplant 0.0011 97 146 141 189
pottedplant 0.0011 105 155 120 176
pottedplant 0.0010 32 99 49 122
pottedplant 0.0010 138 278 217 331
pottedplant 0.0010 104 272 189 359
pottedplant 0.0010 40 142 77 199
diningtable 0.0067 0 133 88 271
diningtable 0.0040 111 164 143 193
diningtable 0.0031 1 88 39 117
diningtable 0.0022 39 117 61 138
diningtable 0.0018 38 110 54 134
diningtable 0.0016 39 136 111 204
diningtable 0.0016 39 112 79 140
diningtable 0.0014 39 110 51 126
