person 0.0153 0 133 5 185
person 0.0034 389 81 417 104
person 0.0027 250 85 265 126
person 0.0023 9 173 325 320
person 0.0019 252 85 264 107
person 0.0017 445 72 463 107
person 0.0014 476 273 499 306
person 0.0011 254 84 264 97
person 0.0011 246 83 259 99
car 0.0014 158 271 181 291
bird 0.0151 296 108 310 121
bird 0.0105 252 85 263 104
bird 0.0071 321 90 337 113
bird 0.0055 244 85 259 105
bird 0.0047 430 57 447 93
bird 0.0021 244 87 254 107
bird 0.0020 293 96 334 125
bird 0.0013 321 130 340 142
cat 0.0473 141 237 175 276
cat 0.0132 8 172 326 327
cat 0.0055 84 230 236 284
cat 0.0022 159 272 180 293
cat 0.0021 389 81 422 108
cat 0.0020 430 56 447 95
dog 0.0051 10 187 327 328
dog 0.0050 142 236 176 277
dog 0.0015 84 230 236 284
dog 0.0012 389 81 421 107
dog 0.0010 252 85 263 104
horse 0.0019 245 85 263 104
horse 0.0017 252 86 264 108
horse 0.0015 247 85 266 125
horse 0.0012 389 81 421 107
bottle 0.0026 406 278 426 318
bottle 0.0024 430 56 447 95
bottle 0.0014 305 307 319 320
chair 0.0701 433 256 500 330
chair 0.0294 475 272 499 307
chair 0.0158 449 240 483 273
chair 0.0116 459 240 499 304
chair 0.0079 436 301 500 332
chair 0.0070 0 133 5 185
chair 0.0063 481 240 499 274
chair 0.0059 440 231 493 293
chair 0.0054 239 214 291 259
chair 0.0048 7 173 327 326
chair 0.0047 479 243 500 301
chair 0.0045 451 281 499 329
chair 0.0040 9 210 151 327
chair 0.0036 403 276 430 319
chair 0.0036 68 259 147 312
chair 0.0034 242 211 272 239
chair 0.0033 463 243 477 271
chair 0.0028 387 221 461 321
chair 0.0027 247 233 282 258
chair 0.0023 491 248 499 283
chair 0.0021 491 239 499 264
chair 0.0018 404 211 498 316
chair 0.0018 220 247 253 259
chair 0.0016 3 224 26 329
chair 0.0015 267 228 325 261
chair 0.0015 492 238 499 254
chair 0.0013 493 250 499 271
chair 0.0013 265 215 327 276
chair 0.0012 236 207 277 250
chair 0.0012 447 268 485 287
chair 0.0010 392 280 500 332
sofa 0.7786 20 170 328 327
sofa 0.0323 84 230 236 284
sofa 0.0205 433 240 499 327
sofa 0.0144 475 272 499 307
sofa 0.0063 9 207 152 321
sofa 0.0062 142 236 176 277
sofa 0.0044 151 272 178 292
sofa 0.0039 224 240 264 266
sofa 0.0037 71 171 310 264
sofa 0.0037 459 240 499 304
sofa 0.0035 34 252 289 320
sofa 0.0034 384 191 472 310
sofa 0.0032 220 247 253 259
sofa 0.0031 122 223 273 304
sofa 0.0025 241 211 275 246
sofa 0.0020 435 282 500 332
sofa 0.0018 68 259 147 312
sofa 0.0018 444 238 478 273
sofa 0.0016 0 135 6 186
sofa 0.0015 440 231 493 293
sofa 0.0014 174 262 199 274
sofa 0.0014 244 225 279 255
sofa 0.0013 479 243 500 301
pottedplant 0.1668 382 193 468 317
pottedplant 0.0593 392 245 447 319
pottedplant 0.0329 386 192 466 258
pottedplant 0.0279 406 274 428 315
pottedplant 0.0094 447 226 477 268
pottedplant 0.0060 417 198 470 247
pottedplant 0.0041 451 210 479 232
pottedplant 0.0038 434 211 479 275
pottedplant 0.0033 389 195 432 251
pottedplant 0.0027 387 192 420 228
pottedplant 0.0027 433 240 499 327
pottedplant 0.0024 379 215 421 277
pottedplant 0.0024 392 226 500 319
pottedplant 0.0023 440 231 493 293
pottedplant 0.0021 448 193 479 226
pottedplant 0.0017 392 82 421 108
pottedplant 0.0016 375 204 438 299
pottedplant 0.0016 372 247 471 326
pottedplant 0.0016 431 198 461 226
pottedplant 0.0016 6 214 87 329
pottedplant 0.0015 430 56 447 94
pottedplant 0.0015 393 237 450 280
pottedplant 0.0014 3 228 26 329
pottedplant 0.0012 0 135 6 186
pottedplant 0.0010 476 273 499 306
pottedplant 0.0010 436 201 469 239
diningtable 0.0145 433 258 500 331
diningtable 0.0042 437 239 497 307
diningtable 0.0041 383 244 502 328
diningtable 0.0036 271 309 305 328
diningtable 0.0032 8 184 328 330
diningtable 0.0030 392 262 464 325
diningtable 0.0023 403 276 430 319
diningtable 0.0020 246 229 280 258
diningtable 0.0020 474 274 499 311
diningtable 0.0019 220 247 253 259
diningtable 0.0016 34 252 289 320
diningtable 0.0014 242 214 277 248
diningtable 0.0012 449 240 483 273
diningtable 0.0010 384 191 472 310
tvmonitor 0.0020 0 135 6 186
tvmonitor 0.0016 466 81 488 110
tvmonitor 0.0010 475 272 499 307
