person 0.0202 296 148 312 158
person 0.0067 294 144 314 157
person 0.0051 251 148 265 158
person 0.0041 491 257 500 281
person 0.0033 69 178 83 190
person 0.0029 452 181 458 188
person 0.0027 485 203 500 225
person 0.0024 96 224 113 253
person 0.0021 265 92 274 99
person 0.0014 493 227 500 275
person 0.0012 304 133 317 143
person 0.0011 300 131 319 158
person 0.0011 435 185 442 191
car 0.0091 492 256 500 281
car 0.0010 19 190 43 204
motorbike 0.0010 -8 3 482 312
aeroplane 0.7758 -8 3 482 312
aeroplane 0.0071 400 165 413 171
aeroplane 0.0014 162 70 500 309
aeroplane 0.0010 9 176 471 311
train 0.0013 -8 3 482 312
bird 0.0030 400 165 413 171
