person 0.9139 273 128 447 356
person 0.8977 34 95 273 350
person 0.1692 477 308 499 368
person 0.0292 0 9 56 328
person 0.0135 426 345 479 374
person 0.0127 456 303 499 370
person 0.0084 426 311 497 374
person 0.0077 470 339 499 374
person 0.0067 436 231 500 353
person 0.0031 48 88 211 228
person 0.0024 452 1 499 93
person 0.0022 470 361 499 375
person 0.0021 0 347 21 369
person 0.0021 486 303 500 355
person 0.0018 0 52 5 77
person 0.0014 465 247 500 363
person 0.0013 480 289 500 340
motorbike 0.0031 424 350 474 374
motorbike 0.0029 287 331 434 373
motorbike 0.0010 37 281 537 379
boat 0.0012 280 330 433 371
cat 0.0027 478 305 499 367
dog 0.0034 474 305 499 369
bottle 0.0305 0 346 22 374
bottle 0.0290 426 349 475 374
bottle 0.0091 474 306 499 371
bottle 0.0082 444 343 485 370
bottle 0.0027 443 325 493 371
bottle 0.0019 470 340 499 374
bottle 0.0018 470 361 499 374
bottle 0.0016 68 324 196 374
bottle 0.0012 178 313 250 348
bottle 0.0010 0 361 22 374
chair 0.0893 437 224 499 348
chair 0.0168 415 189 500 234
chair 0.0128 474 305 499 369
chair 0.0107 46 165 109 233
chair 0.0061 271 284 319 339
chair 0.0056 131 286 452 365
chair 0.0049 424 216 457 352
chair 0.0049 272 136 449 372
chair 0.0048 1 70 56 336
chair 0.0046 455 192 500 234
chair 0.0045 0 299 67 372
chair 0.0044 241 280 351 341
chair 0.0041 272 286 288 336
chair 0.0041 284 326 440 369
chair 0.0040 215 318 263 344
chair 0.0037 412 179 499 341
chair 0.0034 452 1 498 92
chair 0.0029 447 303 500 370
chair 0.0027 31 89 267 348
chair 0.0026 429 253 452 349
chair 0.0025 7 245 512 366
chair 0.0025 47 92 183 238
chair 0.0020 265 292 285 336
chair 0.0020 368 203 477 355
chair 0.0019 269 303 344 362
chair 0.0017 240 305 456 375
chair 0.0016 225 250 469 369
chair 0.0016 426 345 479 374
chair 0.0016 394 230 451 357
chair 0.0016 0 347 25 374
chair 0.0015 375 330 441 361
chair 0.0014 465 247 500 363
chair 0.0014 417 211 443 237
chair 0.0012 47 282 115 331
chair 0.0012 49 116 133 244
chair 0.0011 258 250 284 340
chair 0.0011 43 293 274 349
chair 0.0010 386 313 497 364
chair 0.0010 398 304 434 341
chair 0.0010 470 339 499 374
chair 0.0010 19 108 106 301
chair 0.0010 396 331 439 353
sofa 0.0246 437 229 499 346
sofa 0.0160 478 305 499 367
sofa 0.0035 4 246 470 359
sofa 0.0035 1 70 56 336
sofa 0.0021 447 303 500 370
sofa 0.0014 453 1 499 92
sofa 0.0010 413 179 499 342
diningtable 0.0459 284 330 466 373
diningtable 0.0354 41 281 488 375
diningtable 0.0271 53 311 301 371
diningtable 0.0233 0 298 71 371
diningtable 0.0160 156 303 285 364
diningtable 0.0139 211 344 270 373
diningtable 0.0103 175 313 257 359
diningtable 0.0099 0 347 25 374
diningtable 0.0091 73 320 220 373
diningtable 0.0077 474 306 499 371
diningtable 0.0066 187 320 272 372
diningtable 0.0066 215 318 263 344
diningtable 0.0046 426 345 479 374
diningtable 0.0042 0 48 55 339
diningtable 0.0040 271 291 463 377
diningtable 0.0039 426 311 497 374
diningtable 0.0031 27 260 342 358
diningtable 0.0029 437 224 499 348
diningtable 0.0025 375 330 441 361
diningtable 0.0022 263 328 378 371
diningtable 0.0021 43 293 274 349
diningtable 0.0019 314 311 499 372
diningtable 0.0018 70 328 501 378
diningtable 0.0018 374 337 431 373
diningtable 0.0018 5 303 174 373
diningtable 0.0015 62 289 125 337
diningtable 0.0015 179 325 402 372
diningtable 0.0015 29 308 547 412
diningtable 0.0014 0 318 26 374
diningtable 0.0014 470 339 499 374
diningtable 0.0013 470 361 499 375
diningtable 0.0011 0 297 45 351
diningtable 0.0011 65 294 163 350
tvmonitor 0.0065 413 0 499 237
tvmonitor 0.0012 476 306 499 365
