person 0.5924 111 4 335 358
person 0.5584 263 29 499 370
person 0.4611 0 -2 211 370
person 0.2003 313 152 371 252
person 0.0449 305 176 359 242
person 0.0238 343 34 499 266
person 0.0050 387 226 499 369
person 0.0034 301 42 362 190
person 0.0033 -7 164 364 376
person 0.0031 259 158 368 281
person 0.0025 183 318 332 372
person 0.0024 174 20 456 280
person 0.0020 246 118 409 338
person 0.0015 407 34 500 369
person 0.0012 299 24 377 260
person 0.0010 160 251 351 364
chair 0.4018 313 176 360 242
chair 0.2982 385 229 499 372
chair 0.2321 297 267 380 369
chair 0.1699 346 276 423 374
chair 0.1017 282 178 361 254
chair 0.0689 256 170 368 333
chair 0.0419 350 247 458 372
chair 0.0334 120 11 461 365
chair 0.0320 279 264 367 335
chair 0.0258 323 177 357 207
chair 0.0237 324 176 356 188
chair 0.0207 248 177 349 276
chair 0.0205 323 204 356 241
chair 0.0181 308 301 371 374
chair 0.0163 309 256 389 336
chair 0.0101 179 321 332 371
chair 0.0100 294 221 407 348
chair 0.0081 384 283 461 372
chair 0.0081 301 42 362 189
chair 0.0067 126 160 398 351
chair 0.0067 323 117 361 259
chair 0.0064 299 79 379 293
chair 0.0060 257 148 451 361
chair 0.0057 253 224 317 311
chair 0.0050 352 320 427 374
chair 0.0047 317 153 360 223
chair 0.0045 0 0 256 373
chair 0.0042 316 267 374 301
chair 0.0040 -9 129 369 377
chair 0.0037 307 290 371 336
chair 0.0035 338 307 395 372
chair 0.0035 350 267 390 320
chair 0.0033 272 35 500 373
chair 0.0029 167 249 403 362
chair 0.0029 303 210 353 244
chair 0.0029 297 207 482 368
chair 0.0026 242 27 402 263
chair 0.0024 297 58 349 155
chair 0.0022 275 274 331 330
chair 0.0021 345 301 373 372
chair 0.0020 261 210 284 251
chair 0.0020 294 77 325 134
chair 0.0019 307 176 327 242
chair 0.0019 355 248 403 347
chair 0.0018 38 231 393 373
chair 0.0016 297 178 338 229
chair 0.0016 224 245 312 295
chair 0.0014 334 177 367 239
chair 0.0013 355 344 414 373
chair 0.0013 312 324 353 373
chair 0.0013 384 238 435 362
chair 0.0012 304 190 382 328
chair 0.0012 247 110 367 284
chair 0.0011 270 286 311 321
chair 0.0010 253 212 285 269
sofa 0.0383 5 2 329 368
sofa 0.0087 183 318 332 372
sofa 0.0073 67 139 309 319
sofa 0.0049 171 214 216 267
sofa 0.0041 4 227 327 371
sofa 0.0036 385 228 500 372
sofa 0.0016 0 131 203 373
sofa 0.0011 118 8 411 356
diningtable 0.2817 387 233 499 373
diningtable 0.0045 183 318 332 372
diningtable 0.0032 349 247 459 371
diningtable 0.0027 -9 129 369 377
diningtable 0.0024 324 176 356 189
diningtable 0.0014 129 34 487 363
diningtable 0.0013 314 176 361 243
diningtable 0.0010 389 224 498 297
diningtable 0.0010 293 252 381 333
diningtable 0.0010 67 139 309 319
