person 0.5138 1 0 106 271
person 0.2143 0 0 81 148
person 0.0495 0 218 28 267
person 0.0260 0 -2 161 145
person 0.0146 9 4 206 281
person 0.0135 0 -14 56 287
person 0.0104 62 0 179 133
person 0.0071 20 30 139 177
person 0.0060 50 6 120 113
person 0.0045 64 2 180 40
person 0.0043 0 148 18 273
person 0.0038 0 47 25 286
person 0.0036 0 196 19 258
person 0.0031 380 26 407 66
person 0.0028 58 81 114 134
person 0.0027 0 62 80 230
person 0.0023 1 64 67 152
person 0.0019 -1 217 46 275
person 0.0018 457 34 481 64
person 0.0014 0 109 43 292
person 0.0011 392 33 417 65
person 0.0011 481 299 500 332
person 0.0011 338 18 500 236
person 0.0010 0 1 79 70
bicycle 0.6899 420 31 481 63
bicycle 0.5376 380 29 415 66
bicycle 0.5157 192 75 499 327
bicycle 0.4985 2 1 484 334
bicycle 0.1548 397 31 441 64
bicycle 0.1342 395 31 417 65
bicycle 0.1081 456 33 481 64
bicycle 0.1053 416 31 452 62
bicycle 0.0477 338 18 500 236
bicycle 0.0476 379 38 402 66
bicycle 0.0240 65 2 178 122
bicycle 0.0215 -2 70 272 326
bicycle 0.0114 361 67 503 331
bicycle 0.0096 0 23 163 277
bicycle 0.0081 377 40 413 76
bicycle 0.0078 381 30 395 63
bicycle 0.0077 64 2 180 40
bicycle 0.0056 333 67 491 176
bicycle 0.0050 465 43 483 63
bicycle 0.0047 414 41 444 62
bicycle 0.0043 343 69 412 124
bicycle 0.0041 268 174 494 328
bicycle 0.0040 407 40 419 64
bicycle 0.0039 4 168 485 326
bicycle 0.0037 45 0 182 209
bicycle 0.0036 0 0 159 140
bicycle 0.0031 481 300 499 332
bicycle 0.0027 0 1 86 291
bicycle 0.0026 434 34 457 60
bicycle 0.0024 346 45 447 133
bicycle 0.0023 368 38 416 108
bicycle 0.0020 384 22 406 45
bicycle 0.0017 356 102 496 215
bicycle 0.0017 20 30 139 177
bicycle 0.0016 468 37 493 64
bicycle 0.0015 199 98 366 320
bicycle 0.0015 365 66 469 106
bicycle 0.0014 2 117 101 255
bicycle 0.0014 390 25 417 45
bicycle 0.0014 429 41 448 62
bicycle 0.0013 84 15 386 266
bicycle 0.0013 384 73 465 124
bicycle 0.0012 372 34 391 67
bicycle 0.0012 445 31 474 61
bicycle 0.0012 112 36 145 77
bicycle 0.0011 378 39 393 79
bicycle 0.0011 429 38 487 73
bicycle 0.0010 5 128 192 315
car 0.0037 28 7 499 333
car 0.0013 419 32 481 63
motorbike 0.0881 381 26 416 66
motorbike 0.0247 6 -2 476 322
motorbike 0.0137 419 32 481 63
motorbike 0.0047 379 38 402 66
motorbike 0.0032 412 31 449 62
motorbike 0.0030 65 2 178 122
motorbike 0.0018 64 2 180 40
motorbike 0.0017 -2 -10 111 262
motorbike 0.0015 395 29 417 64
motorbike 0.0014 456 33 481 64
motorbike 0.0012 381 26 400 58
motorbike 0.0012 396 28 441 63
bus 0.0014 14 94 479 328
train 0.0020 14 94 479 328
boat 0.0078 2 1 484 334
horse 0.0010 28 7 499 333
bottle 0.0065 340 91 362 155
bottle 0.0061 342 235 365 288
bottle 0.0061 339 89 358 126
bottle 0.0052 191 70 497 323
bottle 0.0029 358 60 504 314
bottle 0.0020 376 243 429 298
bottle 0.0016 416 31 452 62
bottle 0.0014 350 229 383 296
bottle 0.0012 199 98 366 320
bottle 0.0011 338 214 370 295
chair 0.0049 6 -2 476 322
chair 0.0040 343 18 506 232
chair 0.0025 377 40 413 76
chair 0.0019 340 64 397 118
chair 0.0012 65 2 177 132
chair 0.0012 377 66 502 331
chair 0.0012 0 0 159 140
chair 0.0011 340 65 370 112
chair 0.0010 20 30 139 177
chair 0.0010 58 81 113 134
chair 0.0010 482 300 500 332
diningtable 0.0011 338 18 500 236
