person 0.9341 331 89 438 370
person 0.0238 0 218 14 237
person 0.0086 133 80 143 91
person 0.0027 0 195 10 209
person 0.0026 478 177 488 186
person 0.0024 130 45 135 52
person 0.0023 0 202 60 306
person 0.0010 260 68 265 76
car 0.8113 0 203 60 307
car 0.0049 491 193 499 200
car 0.0046 33 228 47 236
car 0.0038 478 177 489 186
car 0.0037 478 178 497 186
car 0.0030 0 217 17 239
car 0.0025 491 180 499 186
car 0.0022 489 241 499 248
car 0.0017 430 186 501 227
car 0.0011 431 197 491 215
car 0.0010 433 197 458 209
motorbike 0.0012 0 203 60 307
aeroplane 0.0070 79 75 262 127
bus 0.0031 78 76 260 125
bus 0.0026 0 202 59 306
train 0.2163 81 75 258 127
train 0.0015 62 63 391 134
train 0.0012 22 69 260 164
train 0.0011 19 58 265 110
boat 0.0970 81 75 258 127
boat 0.0014 19 58 265 110
bird 0.0020 131 45 136 52
