person 0.8080 0 -4 371 493
person 0.0076 294 375 374 499
person 0.0071 28 442 161 498
person 0.0046 303 -5 380 488
person 0.0040 312 11 373 154
person 0.0028 216 5 377 504
person 0.0027 0 0 56 186
person 0.0022 1 -2 352 245
person 0.0015 2 -6 95 480
person 0.0012 341 379 374 499
motorbike 0.0013 29 460 157 499
cat 0.0017 34 441 162 499
cat 0.0010 155 471 245 499
dog 0.0011 28 441 161 499
bottle 0.0069 64 440 155 502
bottle 0.0015 103 450 158 499
bottle 0.0012 30 461 156 499
bottle 0.0011 43 437 229 499
chair 0.0099 288 381 374 499
chair 0.0027 28 442 161 498
chair 0.0014 342 379 374 499
chair 0.0011 311 14 373 186
chair 0.0010 2 -12 371 505
sofa 0.0014 0 -4 378 500
sofa 0.0013 284 385 373 500
