person 0.8865 390 8 433 102
person 0.7672 41 128 335 332
person 0.0563 380 40 396 57
person 0.0286 179 134 328 329
person 0.0207 259 135 329 330
person 0.0047 397 9 434 62
person 0.0047 380 36 399 67
person 0.0031 418 14 434 63
person 0.0030 387 15 425 59
person 0.0027 1 287 59 317
person 0.0024 28 289 339 331
person 0.0024 390 28 417 49
person 0.0022 31 300 80 330
person 0.0021 0 291 76 329
person 0.0021 11 325 28 333
person 0.0019 413 27 434 74
person 0.0017 360 5 456 105
person 0.0017 420 31 433 60
person 0.0015 32 297 191 332
person 0.0014 42 307 102 333
person 0.0013 409 16 434 98
person 0.0012 24 228 342 334
bicycle 0.0011 380 39 397 58
boat 0.0021 420 60 500 98
boat 0.0016 28 289 339 331
bird 0.0011 4 287 60 317
dog 0.0016 380 39 397 59
dog 0.0011 390 8 432 103
bottle 0.0254 311 290 329 313
bottle 0.0061 2 288 62 322
bottle 0.0052 11 325 28 333
bottle 0.0031 3 322 33 333
bottle 0.0025 33 301 78 330
bottle 0.0025 9 297 96 331
bottle 0.0013 380 40 396 57
bottle 0.0013 37 289 56 305
bottle 0.0011 390 8 432 103
chair 0.0067 1 290 70 329
chair 0.0011 40 302 75 329
