person 0.0037 495 220 500 238
person 0.0011 494 213 499 237
boat 0.0011 -6 4 538 385
bird 0.0021 496 220 500 238
cat 0.0109 136 131 292 349
cat 0.0015 495 220 500 238
dog 0.9125 136 136 288 344
dog 0.0018 77 64 351 351
dog 0.0013 136 131 250 230
dog 0.0010 120 107 288 258
sheep 0.0014 136 136 288 345
chair 0.0514 3 1 259 315
chair 0.0031 1 160 160 272
chair 0.0012 28 -6 407 362
sofa 0.0019 -6 4 538 385
sofa 0.0011 134 136 289 341
diningtable 0.0023 -6 4 538 385
tvmonitor 0.0147 285 0 401 22
tvmonitor 0.0032 9 4 174 178
