person 0.0026 155 40 381 365
person 0.0017 0 6 248 357
person 0.0013 1 315 118 369
person 0.0010 0 2 77 280
car 0.0012 0 316 120 373
car 0.0010 123 48 501 368
boat 0.0028 154 40 382 366
cat 0.0032 142 43 385 368
cat 0.0010 2 8 209 354
dog 0.8624 147 39 383 368
chair 0.0135 129 36 500 370
chair 0.0077 0 313 119 371
chair 0.0061 2 8 209 354
chair 0.0055 0 1 84 258
chair 0.0051 50 243 199 369
chair 0.0027 12 232 402 371
sofa 0.0066 0 315 118 372
sofa 0.0045 132 35 496 371
pottedplant 0.0077 0 5 78 327
diningtable 0.2309 0 315 119 372
diningtable 0.0028 73 219 440 370
diningtable 0.0023 51 243 199 369
diningtable 0.0014 2 185 204 306
diningtable 0.0012 132 35 496 371
diningtable 0.0011 309 193 497 366
