person 0.0493 475 170 483 184
person 0.0340 477 174 487 186
person 0.0236 477 169 486 180
person 0.0191 485 167 493 175
person 0.0163 473 177 484 185
person 0.0155 479 178 488 186
person 0.0135 482 174 489 184
person 0.0096 491 169 498 176
person 0.0094 462 175 478 185
person 0.0086 467 178 476 184
person 0.0085 482 168 489 175
person 0.0077 462 178 472 184
person 0.0065 396 164 401 169
person 0.0062 340 166 351 175
person 0.0055 444 178 461 186
person 0.0052 436 169 443 176
person 0.0051 365 177 386 184
person 0.0041 476 169 482 176
person 0.0040 375 178 385 183
person 0.0032 418 168 426 173
person 0.0032 458 171 485 186
person 0.0030 362 176 377 185
person 0.0022 481 181 489 186
person 0.0020 470 172 489 186
person 0.0019 421 168 428 173
person 0.0017 437 168 450 176
person 0.0016 459 172 473 183
person 0.0015 474 165 491 183
person 0.0012 422 166 429 173
person 0.0011 84 124 120 198
person 0.0010 452 168 466 181
person 0.0010 345 161 350 168
car 0.0089 362 177 382 184
car 0.0032 369 177 386 184
car 0.0021 372 163 380 168
car 0.0012 396 164 401 169
car 0.0011 473 177 484 185
car 0.0010 418 168 425 173
motorbike 0.0012 474 173 483 185
boat 0.0082 362 176 383 184
boat 0.0054 444 178 462 186
boat 0.0030 369 177 386 184
boat 0.0021 444 173 472 186
boat 0.0016 443 181 454 186
boat 0.0012 456 172 485 185
bird 0.0066 401 229 413 240
bird 0.0017 375 178 385 183
bird 0.0012 444 178 461 186
dog 0.0030 365 177 386 184
dog 0.0019 375 178 385 183
dog 0.0017 362 176 377 185
dog 0.0011 400 229 414 240
horse 0.0130 365 177 386 184
horse 0.0117 0 90 83 213
horse 0.0098 67 51 494 269
horse 0.0059 375 178 385 183
horse 0.0047 0 94 38 214
horse 0.0044 88 94 325 248
horse 0.0043 461 176 473 184
horse 0.0043 362 176 377 185
horse 0.0040 229 110 347 256
horse 0.0034 456 172 485 185
horse 0.0026 444 173 472 186
horse 0.0024 444 178 462 186
horse 0.0022 470 172 489 186
horse 0.0019 169 99 395 258
horse 0.0018 475 170 483 184
horse 0.0017 459 172 473 183
horse 0.0012 476 174 486 186
horse 0.0011 59 121 109 186
horse 0.0011 473 177 484 185
horse 0.0011 396 164 401 169
horse 0.0010 461 170 479 183
sheep 0.1469 365 177 386 184
sheep 0.1062 375 178 385 183
sheep 0.0236 362 176 377 185
sheep 0.0083 418 168 426 173
sheep 0.0072 372 176 384 182
sheep 0.0052 396 164 401 169
sheep 0.0051 413 169 422 173
sheep 0.0041 443 178 460 186
sheep 0.0034 372 163 380 168
sheep 0.0034 475 170 483 184
sheep 0.0022 361 174 383 186
sheep 0.0021 462 176 473 184
sheep 0.0020 479 178 488 186
sheep 0.0020 401 229 413 240
sheep 0.0019 378 175 385 182
sheep 0.0018 477 174 487 186
sheep 0.0017 459 172 473 183
sheep 0.0017 473 177 484 185
sheep 0.0017 435 169 442 175
sheep 0.0016 338 168 351 175
sheep 0.0016 421 168 428 173
sheep 0.0013 88 94 325 248
sheep 0.0013 443 181 454 186
sheep 0.0011 0 90 87 217
cow 0.7018 88 94 325 248
cow 0.5912 0 90 83 213
cow 0.3899 362 176 383 184
cow 0.3039 59 121 109 186
cow 0.0943 0 94 38 214
cow 0.0893 375 178 385 183
cow 0.0742 58 119 94 161
cow 0.0710 369 177 386 184
cow 0.0658 82 125 109 159
cow 0.0606 82 125 117 198
cow 0.0586 20 81 500 262
cow 0.0279 8 109 89 172
cow 0.0247 29 118 117 204
cow 0.0162 87 108 223 236
cow 0.0155 6 148 94 222
cow 0.0154 338 168 351 176
cow 0.0152 372 163 380 168
cow 0.0151 396 164 401 169
cow 0.0138 461 176 473 184
cow 0.0119 362 177 374 185
cow 0.0108 93 139 121 198
cow 0.0093 444 178 462 186
cow 0.0086 169 99 395 258
cow 0.0082 73 120 94 155
cow 0.0074 444 173 472 186
cow 0.0070 474 173 483 185
cow 0.0068 456 172 485 185
cow 0.0068 41 121 93 186
cow 0.0064 436 169 443 176
cow 0.0064 459 172 473 183
cow 0.0063 0 138 16 212
cow 0.0058 208 110 324 256
cow 0.0057 418 168 425 173
cow 0.0056 0 148 34 221
cow 0.0045 56 119 157 203
cow 0.0043 477 174 487 186
cow 0.0043 372 176 384 182
cow 0.0042 -1 62 67 177
cow 0.0039 3 161 66 212
cow 0.0036 413 169 422 173
cow 0.0034 22 66 37 80
cow 0.0031 437 168 450 176
cow 0.0025 0 141 10 191
cow 0.0025 479 178 488 186
cow 0.0024 443 181 454 186
cow 0.0024 368 163 377 168
cow 0.0024 461 170 479 183
cow 0.0023 0 79 38 157
cow 0.0022 83 125 108 143
cow 0.0020 59 141 95 192
cow 0.0019 39 120 80 162
cow 0.0018 351 174 378 184
cow 0.0018 467 178 476 184
cow 0.0018 421 168 428 173
cow 0.0018 70 119 111 148
cow 0.0017 86 143 107 166
cow 0.0016 18 59 40 79
cow 0.0015 477 169 486 180
cow 0.0015 337 165 352 179
cow 0.0014 60 129 81 162
cow 0.0014 376 164 385 169
cow 0.0012 18 66 30 78
cow 0.0012 0 119 21 192
cow 0.0012 0 110 33 178
cow 0.0012 0 150 9 177
cow 0.0012 485 167 493 175
cow 0.0012 0 84 36 117
cow 0.0011 53 175 78 189
cow 0.0011 10 169 83 203
cow 0.0011 61 176 73 187
cow 0.0010 339 170 350 180
cow 0.0010 90 135 178 231
cow 0.0010 442 170 461 186
cow 0.0010 0 185 12 219
cow 0.0010 378 175 385 182
cow 0.0010 342 169 352 175
cow 0.0010 400 228 414 242
cow 0.0010 20 117 139 254
chair 0.0014 362 177 382 184
chair 0.0014 369 177 386 184
sofa 0.0017 68 52 493 266
