person 0.7888 17 265 37 320
person 0.0538 152 236 166 256
person 0.0395 163 229 179 250
person 0.0311 155 230 178 255
person 0.0287 137 239 152 271
person 0.0266 177 230 191 247
person 0.0224 116 239 130 272
person 0.0199 17 298 32 320
person 0.0195 165 229 191 249
person 0.0188 154 233 171 270
person 0.0171 140 236 152 257
person 0.0161 152 241 163 270
person 0.0125 20 267 36 294
person 0.0104 210 232 233 270
person 0.0092 25 276 39 297
person 0.0074 64 255 75 288
person 0.0070 18 287 35 316
person 0.0068 20 265 36 279
person 0.0067 166 229 184 241
person 0.0066 11 262 21 280
person 0.0065 12 264 32 284
person 0.0059 205 232 227 262
person 0.0056 109 235 119 255
person 0.0052 16 265 29 280
person 0.0050 118 230 140 270
person 0.0047 204 234 217 260
person 0.0045 90 242 103 271
person 0.0043 172 240 193 272
person 0.0040 117 230 132 263
person 0.0039 88 230 102 251
person 0.0038 158 229 186 263
person 0.0037 32 282 40 296
person 0.0036 173 232 193 255
person 0.0035 108 238 119 268
person 0.0033 27 266 36 278
person 0.0032 63 271 76 292
person 0.0031 136 232 148 250
person 0.0030 189 236 198 246
person 0.0030 92 232 113 255
person 0.0027 5 261 18 280
person 0.0027 186 234 197 253
person 0.0026 8 260 17 275
person 0.0026 94 243 114 270
person 0.0025 102 241 115 266
person 0.0023 5 263 31 293
person 0.0023 16 155 28 174
person 0.0023 104 237 117 256
person 0.0022 12 266 24 291
person 0.0020 126 229 142 263
person 0.0020 464 270 472 299
person 0.0019 113 229 129 251
person 0.0018 464 266 471 287
person 0.0018 96 239 108 256
person 0.0018 132 241 144 270
person 0.0017 167 228 177 238
person 0.0017 159 237 175 266
person 0.0017 115 241 139 286
person 0.0016 14 262 25 276
person 0.0015 93 232 104 252
person 0.0014 0 272 22 297
person 0.0014 135 249 147 272
person 0.0014 171 242 188 262
person 0.0013 85 230 97 246
person 0.0012 120 228 142 249
person 0.0011 274 228 301 302
person 0.0011 147 249 160 276
person 0.0011 19 311 31 319
person 0.0011 0 271 13 286
person 0.0011 119 228 132 241
car 0.0034 0 270 35 297
car 0.0019 17 265 37 320
car 0.0012 0 274 20 296
car 0.0010 17 269 34 298
bus 0.0011 421 228 496 305
train 0.0092 419 211 498 308
bird 0.0090 18 311 31 319
bird 0.0024 89 317 96 323
bird 0.0017 311 201 320 210
bird 0.0014 17 303 31 319
chair 0.0532 294 278 333 309
chair 0.0319 274 228 302 306
chair 0.0074 296 263 345 308
chair 0.0047 305 275 325 300
chair 0.0027 243 318 269 346
chair 0.0011 277 269 306 303
pottedplant 0.6820 356 217 384 309
pottedplant 0.6737 274 228 301 302
pottedplant 0.3473 243 250 260 291
pottedplant 0.2051 358 258 385 306
pottedplant 0.1955 246 320 268 345
pottedplant 0.1568 276 267 297 301
pottedplant 0.0356 243 248 258 275
pottedplant 0.0274 240 320 255 346
pottedplant 0.0265 360 280 383 304
pottedplant 0.0147 250 277 265 294
pottedplant 0.0129 206 231 234 269
pottedplant 0.0104 278 284 297 301
pottedplant 0.0104 375 277 385 305
pottedplant 0.0101 252 245 270 297
pottedplant 0.0101 63 276 74 291
pottedplant 0.0097 247 258 265 293
pottedplant 0.0088 162 321 188 358
pottedplant 0.0084 293 276 329 309
pottedplant 0.0065 63 265 75 291
pottedplant 0.0063 299 264 354 307
pottedplant 0.0058 242 314 266 336
pottedplant 0.0053 256 276 267 293
pottedplant 0.0047 345 247 382 309
pottedplant 0.0047 238 318 251 341
pottedplant 0.0046 219 238 265 295
pottedplant 0.0040 241 249 270 326
pottedplant 0.0040 246 222 300 298
pottedplant 0.0039 397 296 425 316
pottedplant 0.0039 227 319 245 350
pottedplant 0.0039 243 273 256 294
pottedplant 0.0038 358 212 383 270
pottedplant 0.0036 396 258 412 306
pottedplant 0.0032 207 228 251 333
pottedplant 0.0027 204 229 241 294
pottedplant 0.0027 230 328 250 349
pottedplant 0.0027 398 277 418 315
pottedplant 0.0027 284 273 301 301
pottedplant 0.0026 329 251 360 296
pottedplant 0.0025 401 289 433 315
pottedplant 0.0024 274 257 289 298
pottedplant 0.0023 255 250 267 280
pottedplant 0.0022 276 258 298 280
pottedplant 0.0022 237 311 258 344
pottedplant 0.0022 276 246 297 275
pottedplant 0.0021 224 317 261 350
pottedplant 0.0020 255 263 267 292
pottedplant 0.0019 245 284 255 295
pottedplant 0.0018 369 237 392 306
pottedplant 0.0018 255 280 272 297
pottedplant 0.0017 401 257 428 307
pottedplant 0.0016 246 287 263 295
pottedplant 0.0016 275 277 284 300
pottedplant 0.0016 329 216 381 304
pottedplant 0.0015 282 225 305 286
pottedplant 0.0015 264 278 277 299
pottedplant 0.0015 232 240 254 290
pottedplant 0.0014 218 232 246 270
pottedplant 0.0014 250 244 264 269
pottedplant 0.0013 254 238 288 301
pottedplant 0.0012 353 282 371 307
pottedplant 0.0012 312 261 341 309
pottedplant 0.0012 359 259 384 283
pottedplant 0.0012 398 299 413 316
pottedplant 0.0012 225 333 244 351
pottedplant 0.0012 270 228 291 283
pottedplant 0.0012 362 239 383 267
pottedplant 0.0011 193 318 243 355
pottedplant 0.0011 342 207 495 308
pottedplant 0.0011 271 257 318 308
pottedplant 0.0010 407 289 426 308
pottedplant 0.0010 282 249 303 303
pottedplant 0.0010 204 232 223 262
pottedplant 0.0010 368 288 385 307
pottedplant 0.0010 200 318 224 353
pottedplant 0.0010 295 278 315 300
pottedplant 0.0010 168 333 187 358
pottedplant 0.0010 245 241 258 264
