person 0.8866 0 165 35 316
person 0.8831 53 186 92 296
person 0.7425 371 212 474 371
person 0.7305 303 194 332 255
person 0.5905 349 192 410 298
person 0.4848 473 204 500 333
person 0.1345 303 193 318 254
person 0.0858 318 194 334 250
person 0.0780 0 150 3 169
person 0.0735 336 200 446 376
person 0.0662 31 142 127 293
person 0.0498 377 249 402 311
person 0.0404 422 264 474 347
person 0.0301 0 151 6 173
person 0.0258 0 149 10 180
person 0.0253 320 197 333 231
person 0.0220 384 267 397 290
person 0.0215 407 197 422 218
person 0.0207 434 207 447 241
person 0.0181 0 187 27 249
person 0.0173 347 219 397 356
person 0.0166 349 260 387 295
person 0.0123 0 152 11 201
person 0.0119 348 192 461 307
person 0.0097 0 189 15 240
person 0.0093 312 214 331 253
person 0.0076 469 208 498 243
person 0.0068 475 261 500 345
person 0.0066 29 133 38 149
person 0.0060 494 114 499 123
person 0.0058 55 193 91 247
person 0.0058 85 193 91 202
person 0.0053 36 197 54 223
person 0.0052 405 224 474 342
person 0.0052 445 266 479 343
person 0.0049 493 204 499 235
person 0.0046 388 272 469 371
person 0.0046 303 198 325 236
person 0.0044 455 180 498 333
person 0.0044 476 198 499 238
person 0.0043 487 307 500 338
person 0.0043 449 220 460 240
person 0.0042 29 202 52 248
person 0.0040 303 210 312 246
person 0.0039 434 251 474 319
person 0.0038 0 135 165 259
person 0.0038 483 205 499 278
person 0.0037 303 204 315 229
person 0.0034 475 264 498 304
person 0.0033 1 149 15 163
person 0.0032 0 151 22 181
person 0.0032 427 195 434 211
person 0.0030 490 324 499 337
person 0.0029 312 193 333 227
person 0.0029 0 161 15 226
person 0.0028 475 237 499 294
person 0.0028 104 193 112 217
person 0.0028 429 195 438 208
person 0.0027 435 192 449 230
person 0.0026 0 185 7 221
person 0.0026 462 190 500 260
person 0.0026 0 171 8 197
person 0.0025 357 199 371 219
person 0.0025 339 277 399 372
person 0.0025 481 196 499 223
person 0.0025 417 199 434 217
person 0.0024 488 222 499 283
person 0.0024 365 197 377 218
person 0.0023 350 270 390 308
person 0.0023 491 201 500 254
person 0.0022 84 193 92 205
person 0.0022 393 209 471 282
person 0.0022 474 212 496 263
person 0.0022 324 204 335 229
person 0.0022 24 191 52 228
person 0.0022 100 204 108 219
person 0.0021 352 260 403 327
person 0.0021 -4 164 89 316
person 0.0021 409 192 443 220
person 0.0021 367 197 431 290
person 0.0020 442 214 462 241
person 0.0020 474 221 496 243
person 0.0020 433 194 440 211
person 0.0019 30 185 86 280
person 0.0019 444 194 464 240
person 0.0018 494 201 500 221
person 0.0018 429 196 439 215
person 0.0018 402 195 410 219
person 0.0018 404 203 416 221
person 0.0017 19 193 39 232
person 0.0017 0 178 12 202
person 0.0017 93 208 102 219
person 0.0016 322 197 332 217
person 0.0015 409 194 463 245
person 0.0015 380 217 455 321
person 0.0015 101 187 109 217
person 0.0014 95 138 375 265
person 0.0014 71 164 96 247
person 0.0014 431 169 435 175
person 0.0014 352 195 375 221
bicycle 0.1637 303 194 332 256
bicycle 0.0829 310 222 330 255
bicycle 0.0388 302 224 313 252
bicycle 0.0168 318 222 331 251
bicycle 0.0038 327 220 339 235
bicycle 0.0028 382 269 397 290
bicycle 0.0019 327 223 336 239
bicycle 0.0019 310 230 323 256
bicycle 0.0017 318 214 332 238
bicycle 0.0016 336 200 446 376
bicycle 0.0011 302 197 318 254
bicycle 0.0010 381 254 397 307
car 0.0249 0 150 3 169
car 0.0234 0 149 12 169
car 0.0142 0 151 6 173
car 0.0063 0 148 15 180
car 0.0040 490 324 499 337
car 0.0036 0 151 9 191
car 0.0026 0 133 164 228
car 0.0018 97 136 369 263
car 0.0018 489 314 500 338
car 0.0017 0 186 15 237
car 0.0017 303 193 331 257
car 0.0017 -1 148 30 186
car 0.0016 466 212 494 243
car 0.0015 55 184 91 255
car 0.0015 382 269 397 290
car 0.0014 472 198 500 330
car 0.0013 406 195 424 218
car 0.0010 0 145 12 162
motorbike 0.0088 303 194 332 256
motorbike 0.0080 310 222 330 255
motorbike 0.0031 302 224 313 252
aeroplane 0.0424 0 134 165 248
aeroplane 0.0037 37 143 125 293
aeroplane 0.0036 96 137 369 262
bus 0.0295 -9 123 167 292
bus 0.0093 97 136 369 263
bus 0.0068 406 194 423 218
bus 0.0062 345 177 377 229
bus 0.0043 348 192 373 225
bus 0.0043 37 143 125 293
bus 0.0039 476 192 499 334
bus 0.0037 349 191 410 296
bus 0.0030 364 193 379 219
bus 0.0020 53 183 92 296
bus 0.0019 326 165 385 231
bus 0.0018 319 197 333 229
bus 0.0016 397 190 437 221
bus 0.0014 0 150 4 169
bus 0.0014 348 192 461 307
bus 0.0013 462 200 499 244
bus 0.0013 61 198 95 243
bus 0.0012 363 211 474 371
bus 0.0012 357 199 371 219
bus 0.0011 434 206 448 241
train 0.8140 93 136 377 263
train 0.4812 0 134 165 248
train 0.0494 37 143 125 293
train 0.0150 302 193 330 253
train 0.0070 53 183 92 296
train 0.0050 36 195 55 224
train 0.0032 0 129 176 189
train 0.0023 406 195 424 218
train 0.0023 476 192 499 334
train 0.0021 349 191 410 296
train 0.0020 345 181 379 228
train 0.0020 363 211 474 371
train 0.0016 433 206 448 239
train 0.0015 -5 96 390 230
train 0.0014 348 192 461 307
train 0.0014 54 131 514 362
train 0.0013 29 131 300 236
train 0.0011 24 191 52 228
train 0.0011 49 43 521 277
train 0.0011 408 192 444 220
train 0.0010 40 151 102 257
train 0.0010 449 198 497 241
boat 0.0054 0 134 165 248
horse 0.0024 303 194 332 256
horse 0.0011 472 198 500 330
bottle 0.3922 384 268 397 290
bottle 0.0650 377 249 402 311
bottle 0.0206 347 182 415 349
bottle 0.0167 336 200 446 376
bottle 0.0031 386 258 398 289
bottle 0.0019 357 225 400 362
bottle 0.0014 383 257 395 276
chair 0.0012 309 195 332 257
chair 0.0010 342 310 399 374
