person 0.5284 13 35 375 489
person 0.0316 -4 -6 166 155
person 0.0226 65 34 144 152
person 0.0223 187 176 373 499
person 0.0163 26 0 335 166
person 0.0051 0 5 383 271
person 0.0043 181 0 218 33
person 0.0037 46 52 119 153
person 0.0036 1 133 236 497
person 0.0032 63 46 118 113
person 0.0023 2 5 92 150
person 0.0021 1 39 60 147
person 0.0016 47 143 366 381
person 0.0014 104 30 135 121
person 0.0011 97 20 150 133
person 0.0011 94 2 285 122
person 0.0010 353 170 375 225
bicycle 0.0013 85 47 134 153
bicycle 0.0012 2 0 165 152
cat 0.0013 63 32 146 151
dog 0.0014 63 32 146 151
bottle 0.0895 92 43 136 153
bottle 0.0237 108 44 135 113
bottle 0.0137 63 32 146 151
bottle 0.0106 46 0 309 166
bottle 0.0067 180 0 216 32
bottle 0.0060 2 0 169 150
bottle 0.0047 97 20 150 133
bottle 0.0033 194 0 251 39
bottle 0.0027 109 45 135 78
bottle 0.0017 -2 -1 380 233
bottle 0.0015 61 49 121 104
bottle 0.0010 175 0 263 118
chair 0.0375 5 14 376 483
chair 0.0115 2 0 164 152
chair 0.0101 46 52 119 153
chair 0.0064 0 229 218 499
chair 0.0060 65 34 144 152
chair 0.0053 255 167 329 201
chair 0.0034 2 39 300 330
chair 0.0028 0 136 136 277
chair 0.0021 254 169 343 236
chair 0.0016 0 62 60 149
chair 0.0012 32 59 86 151
chair 0.0010 198 174 375 499
sofa 0.1523 8 33 375 486
sofa 0.0146 -1 140 213 496
sofa 0.0060 -3 7 364 266
sofa 0.0055 0 136 136 277
sofa 0.0043 211 159 375 493
sofa 0.0042 2 0 164 152
sofa 0.0029 3 252 363 502
sofa 0.0022 2 59 114 150
sofa 0.0017 15 98 360 330
sofa 0.0015 91 45 136 154
sofa 0.0013 256 167 329 203
sofa 0.0012 63 32 146 151
