person 0.0130 0 198 12 251
person 0.0042 349 30 397 114
person 0.0040 483 109 500 141
person 0.0034 1 257 232 371
person 0.0027 470 108 500 143
person 0.0018 435 110 498 240
person 0.0012 0 188 9 237
person 0.0012 0 232 7 251
person 0.0011 106 53 149 87
bicycle 0.0077 83 81 190 244
bicycle 0.0022 38 85 162 175
bicycle 0.0016 105 79 152 125
car 0.0491 72 61 98 68
car 0.0204 70 51 95 67
car 0.0056 80 59 99 67
car 0.0018 89 59 101 68
cat 0.0030 0 199 11 251
cat 0.0020 316 112 376 135
cat 0.0012 105 50 150 87
cat 0.0011 348 99 430 160
dog 0.0043 0 199 11 251
bottle 0.0419 101 41 112 64
bottle 0.0257 332 73 345 107
bottle 0.0157 141 43 147 53
bottle 0.0139 157 44 173 66
bottle 0.0110 155 38 165 59
bottle 0.0072 134 43 148 54
bottle 0.0070 106 53 149 87
bottle 0.0060 129 43 140 54
bottle 0.0045 124 43 132 53
bottle 0.0042 316 112 376 135
bottle 0.0035 434 135 444 161
bottle 0.0034 101 43 125 78
bottle 0.0028 134 43 151 66
bottle 0.0022 103 47 116 82
bottle 0.0019 154 39 163 52
bottle 0.0014 93 54 101 66
bottle 0.0014 424 133 442 156
bottle 0.0014 227 54 242 64
bottle 0.0013 70 50 99 68
bottle 0.0012 131 47 148 73
bottle 0.0012 154 37 170 66
bottle 0.0012 110 257 178 287
bottle 0.0010 120 43 136 59
chair 0.7947 180 65 335 297
chair 0.0781 192 143 331 363
chair 0.0555 0 198 12 251
chair 0.0211 433 126 499 240
chair 0.0134 71 82 193 259
chair 0.0079 0 205 7 239
chair 0.0075 225 246 322 374
chair 0.0055 115 84 186 229
chair 0.0054 443 236 499 371
chair 0.0051 110 257 178 287
chair 0.0040 482 110 499 139
chair 0.0039 176 50 213 64
chair 0.0038 107 84 153 130
chair 0.0038 -1 197 23 247
chair 0.0038 1 260 233 372
chair 0.0035 0 188 9 237
chair 0.0035 0 217 8 251
chair 0.0035 0 219 85 270
chair 0.0027 457 106 476 129
chair 0.0026 286 109 378 277
chair 0.0026 455 105 492 136
chair 0.0024 470 108 500 143
chair 0.0018 86 210 157 262
chair 0.0018 454 110 500 353
chair 0.0018 23 212 74 239
chair 0.0017 0 199 8 224
chair 0.0015 351 99 430 158
chair 0.0015 295 130 368 206
chair 0.0014 106 53 149 87
chair 0.0014 467 63 499 113
chair 0.0012 489 120 500 142
chair 0.0012 60 159 150 243
chair 0.0012 447 107 500 149
chair 0.0011 56 275 191 332
chair 0.0010 0 231 10 250
chair 0.0010 51 231 90 265
sofa 0.0551 1 257 232 371
sofa 0.0223 0 197 13 249
sofa 0.0038 104 51 150 86
sofa 0.0036 181 71 335 289
sofa 0.0034 0 212 8 252
sofa 0.0034 434 119 499 240
sofa 0.0029 110 256 178 288
sofa 0.0023 56 275 191 332
sofa 0.0021 86 210 157 262
sofa 0.0016 0 219 85 270
sofa 0.0015 -4 176 224 327
sofa 0.0013 0 205 7 239
pottedplant 0.5110 106 52 149 86
pottedplant 0.0415 157 40 173 65
pottedplant 0.0202 101 43 125 78
pottedplant 0.0194 101 45 113 66
pottedplant 0.0122 155 38 165 59
pottedplant 0.0111 106 74 151 118
pottedplant 0.0095 131 43 140 56
pottedplant 0.0073 120 43 136 59
pottedplant 0.0067 103 47 116 82
pottedplant 0.0060 123 43 132 58
pottedplant 0.0048 150 39 193 64
pottedplant 0.0043 107 55 122 86
pottedplant 0.0039 134 43 151 66
pottedplant 0.0032 140 43 149 55
pottedplant 0.0031 127 51 149 83
pottedplant 0.0019 176 49 203 64
pottedplant 0.0017 131 47 148 73
pottedplant 0.0016 174 41 218 66
pottedplant 0.0016 136 44 146 54
pottedplant 0.0015 105 50 125 70
pottedplant 0.0015 109 45 199 78
pottedplant 0.0015 144 53 160 67
pottedplant 0.0012 108 68 121 87
pottedplant 0.0012 123 42 159 78
pottedplant 0.0012 0 198 12 251
pottedplant 0.0010 139 58 147 84
diningtable 0.0278 -1 210 230 367
diningtable 0.0060 0 227 84 269
diningtable 0.0050 30 256 210 350
diningtable 0.0047 56 275 191 332
diningtable 0.0039 110 256 178 288
diningtable 0.0039 86 209 158 263
diningtable 0.0034 349 99 430 159
diningtable 0.0023 22 213 74 238
diningtable 0.0019 19 190 87 250
diningtable 0.0019 306 94 436 180
diningtable 0.0016 390 155 417 166
diningtable 0.0015 106 53 149 87
diningtable 0.0015 89 249 192 316
diningtable 0.0012 22 203 158 265
diningtable 0.0012 332 127 413 154
diningtable 0.0012 299 112 426 224
diningtable 0.0012 0 202 14 251
diningtable 0.0011 107 84 153 130
tvmonitor 0.8303 343 28 436 119
tvmonitor 0.3844 434 122 499 240
tvmonitor 0.0728 351 99 430 158
tvmonitor 0.0412 480 62 499 110
tvmonitor 0.0322 443 236 499 371
tvmonitor 0.0250 18 86 145 175
tvmonitor 0.0213 324 109 387 134
tvmonitor 0.0098 349 30 397 114
tvmonitor 0.0078 320 46 396 134
tvmonitor 0.0076 470 135 499 232
tvmonitor 0.0056 413 285 451 359
tvmonitor 0.0048 449 75 476 108
tvmonitor 0.0045 450 47 482 93
tvmonitor 0.0043 20 106 46 173
tvmonitor 0.0042 415 254 467 364
tvmonitor 0.0033 111 256 179 290
tvmonitor 0.0032 383 10 412 30
tvmonitor 0.0031 442 49 475 84
tvmonitor 0.0031 394 34 437 117
tvmonitor 0.0029 384 99 429 149
tvmonitor 0.0025 454 49 496 109
tvmonitor 0.0019 377 134 433 171
tvmonitor 0.0015 488 70 499 107
tvmonitor 0.0014 71 52 92 67
tvmonitor 0.0014 104 51 150 86
tvmonitor 0.0014 1 232 80 268
tvmonitor 0.0014 451 117 499 327
tvmonitor 0.0013 381 21 450 76
tvmonitor 0.0012 493 261 500 308
tvmonitor 0.0012 425 241 461 304
tvmonitor 0.0011 211 45 234 62
tvmonitor 0.0011 458 212 499 334
tvmonitor 0.0011 488 250 500 343
tvmonitor 0.0010 6 77 40 210
tvmonitor 0.0010 30 78 147 134
