person 0.7630 24 73 169 331
person 0.6484 339 172 429 270
person 0.1793 422 183 443 207
person 0.0959 487 159 499 253
person 0.0618 -1 102 93 312
person 0.0553 366 173 458 253
person 0.0528 452 187 476 210
person 0.0435 0 283 10 332
person 0.0342 370 146 396 173
person 0.0334 350 170 412 244
person 0.0288 420 166 446 209
person 0.0283 10 104 45 163
person 0.0236 451 177 488 214
person 0.0220 408 167 426 183
person 0.0185 362 149 410 214
person 0.0154 460 172 488 200
person 0.0134 393 175 417 212
person 0.0121 50 107 84 136
person 0.0119 0 117 11 179
person 0.0113 383 173 430 218
person 0.0109 433 239 460 255
person 0.0108 413 172 451 229
person 0.0103 450 156 496 228
person 0.0098 0 284 48 331
person 0.0098 0 276 11 310
person 0.0098 479 160 497 243
person 0.0098 34 105 86 147
person 0.0097 404 148 425 173
person 0.0096 338 191 400 283
person 0.0096 344 161 364 177
person 0.0094 13 121 43 155
person 0.0092 448 170 473 207
person 0.0092 470 165 499 260
person 0.0083 491 176 500 250
person 0.0079 356 199 411 250
person 0.0074 328 166 362 201
person 0.0067 408 165 432 200
person 0.0067 0 171 82 292
person 0.0065 0 168 41 335
person 0.0063 392 160 448 218
person 0.0062 481 237 499 256
person 0.0061 468 172 488 189
person 0.0061 54 134 161 295
person 0.0059 338 223 363 276
person 0.0056 407 158 429 187
person 0.0054 9 135 52 179
person 0.0054 353 146 393 175
person 0.0053 16 105 89 170
person 0.0052 0 120 9 154
person 0.0045 391 180 426 247
person 0.0042 12 102 66 151
person 0.0041 370 198 438 251
person 0.0040 0 185 16 334
person 0.0040 402 186 445 252
person 0.0038 336 168 367 277
person 0.0037 428 241 442 251
person 0.0037 431 155 458 199
person 0.0035 36 97 120 163
person 0.0033 28 82 159 216
person 0.0032 -1 160 143 330
person 0.0032 0 114 17 266
person 0.0031 408 176 440 209
person 0.0030 91 90 173 292
person 0.0030 488 7 499 28
person 0.0029 1 140 51 283
person 0.0028 397 202 435 247
person 0.0026 340 140 363 164
person 0.0026 342 159 363 191
person 0.0025 340 145 365 181
person 0.0025 394 173 412 198
person 0.0025 375 204 405 246
person 0.0024 405 179 478 230
person 0.0024 275 213 423 296
person 0.0024 0 305 9 333
person 0.0024 0 275 10 292
person 0.0023 299 241 328 284
person 0.0023 465 182 482 218
person 0.0023 207 143 479 316
person 0.0022 9 285 48 306
person 0.0022 335 180 482 312
person 0.0021 467 149 491 218
person 0.0021 387 179 411 208
person 0.0020 481 105 499 248
person 0.0020 418 171 440 198
person 0.0019 145 143 263 321
person 0.0019 489 238 499 257
person 0.0018 0 143 11 191
person 0.0017 377 186 415 253
person 0.0016 488 108 499 164
person 0.0016 251 1 281 21
person 0.0016 -1 264 33 316
person 0.0015 0 128 6 156
person 0.0015 354 213 459 274
person 0.0015 364 214 404 259
person 0.0015 0 185 19 247
person 0.0014 490 160 499 219
person 0.0014 433 187 469 210
person 0.0014 339 190 378 264
person 0.0014 427 242 438 250
person 0.0014 395 208 458 260
bicycle 0.0031 0 289 9 333
bicycle 0.0011 0 312 9 333
bicycle 0.0011 434 239 460 256
bicycle 0.0010 0 283 47 332
motorbike 0.0093 0 142 82 296
motorbike 0.0027 24 73 169 331
train 0.0023 44 75 169 327
boat 0.0055 166 225 509 328
boat 0.0032 321 242 501 331
boat 0.0010 146 137 486 329
horse 0.0012 0 155 83 293
bottle 0.0046 19 75 169 332
bottle 0.0010 345 161 363 177
chair 0.0026 488 158 499 254
chair 0.0017 0 172 82 294
tvmonitor 0.0038 488 158 499 254
tvmonitor 0.0013 479 160 497 243
