person 0.3485 171 164 198 192
person 0.3315 98 165 121 198
person 0.1516 263 177 288 207
person 0.1232 108 162 119 176
person 0.1224 304 173 317 202
person 0.1058 482 180 498 206
person 0.0919 118 93 470 297
person 0.0871 379 172 394 206
person 0.0730 108 162 122 190
person 0.0384 114 164 126 195
person 0.0373 251 171 284 209
person 0.0352 222 178 245 209
person 0.0226 475 173 499 200
person 0.0214 184 164 214 197
person 0.0204 271 176 307 207
person 0.0201 179 170 203 198
person 0.0194 228 165 249 203
person 0.0180 486 190 496 207
person 0.0177 400 171 418 203
person 0.0173 385 175 401 206
person 0.0169 369 167 392 204
person 0.0166 116 162 126 181
person 0.0159 117 161 135 196
person 0.0159 357 176 372 208
person 0.0142 114 145 125 163
person 0.0138 470 177 490 204
person 0.0137 461 182 494 207
person 0.0129 323 176 352 208
person 0.0108 219 191 242 210
person 0.0106 148 166 162 189
person 0.0103 108 170 125 197
person 0.0102 489 195 497 208
person 0.0101 119 163 130 182
person 0.0098 212 172 240 213
person 0.0098 359 172 379 207
person 0.0091 391 173 412 205
person 0.0079 240 168 270 203
person 0.0079 99 165 108 176
person 0.0078 407 177 420 204
person 0.0074 212 149 328 227
person 0.0074 284 176 296 207
person 0.0072 137 165 161 190
person 0.0067 455 191 481 208
person 0.0066 305 171 323 215
person 0.0063 361 175 371 201
person 0.0061 204 166 229 200
person 0.0059 155 155 217 204
person 0.0057 87 152 104 190
person 0.0056 271 181 293 207
person 0.0056 221 169 261 211
person 0.0051 115 160 126 174
person 0.0049 91 161 104 182
person 0.0049 332 192 352 211
person 0.0048 154 162 190 189
person 0.0042 286 183 294 205
person 0.0040 67 140 100 197
person 0.0038 286 171 302 209
person 0.0035 308 172 332 204
person 0.0034 112 174 131 200
person 0.0033 408 166 417 195
person 0.0032 230 166 243 190
person 0.0031 455 192 465 208
person 0.0028 259 176 275 206
person 0.0027 233 168 257 202
person 0.0027 332 169 351 203
person 0.0025 302 165 312 192
person 0.0024 132 165 151 189
person 0.0024 466 189 485 209
person 0.0024 262 189 283 207
person 0.0023 164 166 185 190
person 0.0022 138 165 150 183
person 0.0022 376 167 392 189
person 0.0021 82 140 107 191
person 0.0021 480 192 491 206
person 0.0021 167 148 202 189
person 0.0021 378 186 392 208
person 0.0020 292 173 317 215
person 0.0020 198 165 215 194
person 0.0019 485 176 499 198
person 0.0018 320 188 354 214
person 0.0018 477 173 499 188
person 0.0018 384 166 397 191
person 0.0017 180 158 206 190
person 0.0017 91 159 103 173
person 0.0017 208 167 226 189
person 0.0017 121 163 141 192
person 0.0016 401 163 417 192
person 0.0016 382 184 398 208
person 0.0016 218 190 248 223
person 0.0015 343 186 369 212
person 0.0015 69 157 90 211
person 0.0015 312 159 354 212
person 0.0015 493 199 499 209
person 0.0015 166 151 272 227
person 0.0014 337 172 382 211
person 0.0013 69 178 86 213
person 0.0013 352 92 362 100
person 0.0013 386 164 402 197
person 0.0013 366 167 405 211
person 0.0013 220 198 238 213
bicycle 0.0035 108 170 125 197
bicycle 0.0026 456 189 490 209
bicycle 0.0016 91 167 124 198
bicycle 0.0016 486 190 496 207
bicycle 0.0013 478 176 499 203
car 0.5161 94 168 123 197
car 0.4567 478 177 499 203
car 0.3529 455 191 480 208
car 0.2930 69 178 86 213
car 0.1825 458 180 496 207
car 0.1789 66 147 112 196
car 0.1347 84 170 112 196
car 0.0978 86 176 103 196
car 0.0865 108 170 125 197
car 0.0653 455 192 465 208
car 0.0509 69 160 101 199
car 0.0478 73 173 93 206
car 0.0380 481 185 498 207
car 0.0161 69 146 89 213
car 0.0156 470 177 490 204
car 0.0119 69 162 91 190
car 0.0101 101 162 119 192
car 0.0095 113 164 130 198
car 0.0080 477 173 499 189
car 0.0068 485 190 496 207
car 0.0043 104 163 119 178
car 0.0037 466 189 485 209
car 0.0033 112 166 148 195
car 0.0025 69 168 81 187
car 0.0024 489 195 497 208
car 0.0024 459 191 493 212
car 0.0023 492 63 499 69
car 0.0021 98 165 109 177
car 0.0018 478 171 499 179
car 0.0014 115 173 142 201
car 0.0013 476 190 496 207
car 0.0013 86 151 105 192
car 0.0013 73 194 87 218
car 0.0012 454 181 468 206
motorbike 0.0054 102 168 125 197
motorbike 0.0020 456 191 478 208
motorbike 0.0016 476 176 499 204
aeroplane 0.0056 492 63 499 69
bus 0.9449 118 95 476 299
bus 0.5814 68 143 98 198
bus 0.1055 473 173 499 201
bus 0.0660 65 132 121 196
bus 0.0425 92 167 124 198
bus 0.0233 85 170 111 197
bus 0.0139 69 157 90 211
bus 0.0127 99 161 120 193
bus 0.0110 71 159 96 189
bus 0.0099 79 137 110 194
bus 0.0096 75 166 97 200
bus 0.0093 114 145 125 164
bus 0.0086 259 173 292 212
bus 0.0073 482 179 498 206
bus 0.0064 66 140 100 174
bus 0.0057 69 178 86 213
bus 0.0053 477 173 499 189
bus 0.0047 86 151 105 192
bus 0.0035 458 180 496 207
bus 0.0026 75 152 97 180
bus 0.0022 212 149 328 227
bus 0.0020 169 164 199 192
bus 0.0017 91 159 103 173
bus 0.0016 455 191 481 208
bus 0.0015 110 142 129 173
bus 0.0015 478 171 498 180
bus 0.0015 79 176 100 196
bus 0.0011 66 133 116 167
bus 0.0011 470 177 490 204
train 0.0031 68 143 98 198
train 0.0022 477 177 498 203
train 0.0017 462 174 498 205
boat 0.0036 492 63 499 69
bird 0.0010 491 64 499 68
chair 0.0015 478 177 499 203
pottedplant 0.0011 114 145 126 163
