person 0.7597 122 162 195 222
person 0.6805 330 107 415 215
person 0.6784 268 99 352 216
person 0.5143 346 105 387 136
person 0.4501 291 95 351 136
person 0.3218 0 177 16 205
person 0.2018 473 157 500 207
person 0.1617 269 144 338 215
person 0.0929 153 154 197 218
person 0.0463 477 158 499 188
person 0.0342 455 161 498 213
person 0.0206 330 176 354 216
person 0.0188 85 191 100 220
person 0.0176 365 108 388 136
person 0.0173 0 152 14 204
person 0.0169 354 152 417 213
person 0.0168 40 191 57 205
person 0.0154 77 41 495 343
person 0.0153 229 67 382 266
person 0.0130 342 102 391 156
person 0.0114 290 85 439 177
person 0.0098 117 163 162 221
person 0.0061 88 90 127 125
person 0.0057 39 179 57 207
person 0.0055 164 194 193 220
person 0.0053 334 169 368 208
person 0.0049 282 99 347 158
person 0.0049 265 157 285 207
person 0.0046 93 104 279 280
person 0.0045 83 171 123 220
person 0.0045 244 50 490 225
person 0.0043 229 173 242 197
person 0.0043 372 113 387 137
person 0.0041 275 133 383 229
person 0.0039 135 152 189 197
person 0.0039 124 153 193 304
person 0.0038 313 96 349 127
person 0.0036 86 169 153 221
person 0.0034 311 103 383 215
person 0.0033 133 185 193 219
person 0.0031 218 147 311 213
person 0.0029 349 114 375 136
person 0.0026 455 121 499 204
person 0.0024 82 175 99 218
person 0.0023 473 107 499 216
person 0.0023 1 176 45 206
person 0.0021 399 190 424 214
person 0.0019 475 161 489 184
person 0.0019 0 106 4 117
person 0.0019 97 83 174 127
person 0.0018 445 72 498 230
person 0.0017 150 154 179 181
person 0.0016 127 176 186 250
person 0.0015 469 162 491 194
person 0.0015 40 75 365 280
person 0.0013 373 166 424 215
person 0.0013 376 148 413 199
person 0.0012 449 160 485 195
person 0.0012 372 124 385 135
person 0.0012 304 149 357 213
person 0.0012 480 181 500 208
person 0.0011 286 97 325 135
person 0.0011 344 102 373 130
person 0.0011 318 100 359 138
person 0.0010 390 177 422 214
person 0.0010 111 127 216 202
person 0.0010 300 96 383 156
person 0.0010 233 154 285 210
person 0.0010 458 184 499 212
person 0.0010 164 179 192 213
car 0.0074 3 8 487 375
car 0.0011 268 101 349 217
bus 0.1555 11 2 501 356
bus 0.0180 330 107 416 215
bus 0.0121 265 97 348 215
bus 0.0103 229 67 382 266
bus 0.0097 15 21 495 196
bus 0.0032 269 144 338 215
bus 0.0022 290 96 351 136
bus 0.0021 345 106 389 136
bus 0.0016 122 162 193 222
bus 0.0014 445 72 498 229
bus 0.0012 154 156 199 217
bus 0.0011 2 10 507 106
bus 0.0010 321 51 492 235
bus 0.0010 -2 173 493 373
train 0.2309 11 2 501 356
train 0.0257 268 132 340 216
train 0.0228 229 67 382 266
train 0.0077 330 107 416 215
train 0.0066 122 162 193 222
train 0.0047 154 156 199 217
train 0.0041 15 21 495 196
train 0.0029 267 106 376 218
train 0.0017 93 104 279 280
train 0.0016 345 106 389 136
train 0.0015 40 75 365 280
train 0.0010 -2 173 493 373
boat 0.0040 11 2 501 356
boat 0.0014 -2 173 493 373
dog 0.0011 123 165 201 224
bottle 0.0013 331 173 353 214
chair 0.0786 0 179 16 205
chair 0.0239 477 157 500 206
chair 0.0071 452 162 499 210
chair 0.0059 85 193 103 219
chair 0.0059 39 190 57 205
chair 0.0024 401 191 424 214
chair 0.0024 458 184 499 212
chair 0.0019 3 8 487 375
chair 0.0019 207 212 242 224
chair 0.0018 0 175 26 207
chair 0.0017 83 170 122 220
chair 0.0013 13 180 43 204
chair 0.0013 266 193 291 213
chair 0.0012 197 203 243 223
chair 0.0011 480 181 500 208
tvmonitor 0.0012 330 107 415 215
