person 0.0049 0 341 14 372
person 0.0012 180 6 200 24
car 0.0110 9 148 347 369
train 0.0021 4 156 346 373
bird 0.0050 150 27 176 61
cat 0.0015 168 197 246 220
dog 0.0010 148 28 176 63
horse 0.0017 151 28 176 63
bottle 0.0764 231 148 247 180
bottle 0.0529 27 195 46 231
bottle 0.0249 233 162 247 180
bottle 0.0063 52 193 69 225
bottle 0.0045 37 224 56 241
bottle 0.0036 0 341 14 373
bottle 0.0032 276 165 293 185
bottle 0.0027 14 162 27 192
bottle 0.0027 276 164 285 183
bottle 0.0023 0 231 41 256
bottle 0.0023 55 199 75 233
bottle 0.0021 7 162 29 228
bottle 0.0021 54 190 68 212
bottle 0.0019 126 205 153 228
bottle 0.0018 266 158 298 183
bottle 0.0018 278 169 313 188
bottle 0.0014 47 207 65 222
bottle 0.0012 152 154 239 216
bottle 0.0012 0 235 55 263
chair 0.9339 370 181 499 375
chair 0.0253 279 170 314 187
chair 0.0129 146 152 233 216
chair 0.0087 450 170 499 385
chair 0.0082 446 259 499 371
chair 0.0070 0 341 14 373
chair 0.0052 445 315 498 368
chair 0.0049 11 149 346 369
chair 0.0034 234 155 331 187
chair 0.0027 374 286 502 372
chair 0.0026 121 127 162 197
chair 0.0020 493 277 499 289
chair 0.0019 266 158 298 183
chair 0.0017 455 246 500 331
chair 0.0014 489 277 499 313
chair 0.0013 276 165 293 185
chair 0.0011 389 138 501 255
chair 0.0010 0 317 79 373
chair 0.0010 491 272 500 298
chair 0.0010 384 327 499 374
sofa 0.1804 9 148 347 369
sofa 0.0184 369 172 500 384
sofa 0.0011 146 152 233 216
sofa 0.0010 0 341 14 372
pottedplant 0.0592 327 134 391 278
pottedplant 0.0057 328 132 369 216
pottedplant 0.0024 278 169 313 188
pottedplant 0.0013 288 128 381 261
pottedplant 0.0010 331 171 388 210
diningtable 0.0131 10 111 359 367
diningtable 0.0100 450 318 499 370
diningtable 0.0025 126 205 153 228
diningtable 0.0023 151 151 248 222
diningtable 0.0020 370 178 499 373
diningtable 0.0019 42 155 294 307
diningtable 0.0015 450 263 500 369
diningtable 0.0014 381 315 502 373
tvmonitor 0.0633 148 152 219 206
tvmonitor 0.0096 120 125 161 200
tvmonitor 0.0045 91 173 140 219
tvmonitor 0.0044 128 204 153 229
tvmonitor 0.0018 0 342 14 374
tvmonitor 0.0012 278 167 315 188
