person 0.2501 377 148 401 168
person 0.0467 291 84 323 118
person 0.0392 220 133 462 228
person 0.0367 342 153 367 175
person 0.0367 374 149 394 175
person 0.0270 333 156 364 182
person 0.0207 384 148 398 162
person 0.0115 353 148 392 172
person 0.0098 321 140 438 222
person 0.0077 331 149 372 193
person 0.0073 373 150 388 168
person 0.0050 372 162 387 176
person 0.0045 336 167 367 182
person 0.0032 331 169 360 186
person 0.0032 348 152 367 168
person 0.0030 335 199 362 219
person 0.0028 322 174 339 186
person 0.0026 352 150 370 174
person 0.0024 299 83 331 103
person 0.0023 346 168 369 180
person 0.0023 327 190 365 220
person 0.0018 385 146 406 170
person 0.0018 373 168 385 174
person 0.0017 342 149 387 208
person 0.0015 272 161 443 230
person 0.0015 304 84 316 90
person 0.0014 377 146 395 163
person 0.0014 321 148 354 197
person 0.0012 320 169 343 187
person 0.0012 480 79 484 86
person 0.0010 314 145 359 216
person 0.0010 223 121 281 164
car 0.9020 207 130 458 237
car 0.0071 374 145 404 171
car 0.0037 451 98 463 105
car 0.0033 272 161 443 230
car 0.0028 321 140 438 222
car 0.0020 334 152 370 182
car 0.0013 248 195 464 303
car 0.0013 467 106 478 113
car 0.0010 221 121 282 172
motorbike 0.0013 207 130 458 237
bus 0.0010 207 130 458 237
boat 0.0020 206 127 456 238
boat 0.0016 221 121 282 172
boat 0.0011 245 205 466 320
bird 0.0036 336 200 362 219
bird 0.0013 303 84 323 93
bird 0.0012 304 84 316 90
bird 0.0011 312 206 316 216
bird 0.0011 291 84 323 118
cat 0.0042 336 199 362 219
dog 0.0039 335 200 362 218
dog 0.0017 291 84 323 118
sheep 0.0021 451 98 463 105
sheep 0.0021 292 83 326 117
cow 0.0022 451 98 463 105
cow 0.0010 291 85 326 117
bottle 0.0109 336 200 362 219
chair 0.0466 224 120 277 164
chair 0.0040 247 204 467 316
chair 0.0014 224 152 275 175
chair 0.0011 207 130 458 237
sofa 0.0049 207 130 458 237
sofa 0.0011 222 122 279 169
pottedplant 0.0030 111 153 202 269
pottedplant 0.0014 136 201 201 274
pottedplant 0.0012 492 268 499 292
diningtable 0.1262 244 206 460 316
diningtable 0.0226 215 136 461 303
diningtable 0.0201 224 120 277 164
diningtable 0.0033 241 245 387 319
