person 0.7695 172 241 204 298
person 0.1668 58 212 302 359
person 0.0182 56 267 81 290
person 0.0151 70 271 83 289
person 0.0107 388 189 393 196
person 0.0090 52 257 81 295
person 0.0089 50 249 82 330
person 0.0070 171 251 190 298
person 0.0042 144 228 275 320
person 0.0034 155 238 238 299
person 0.0020 177 247 204 277
person 0.0014 387 189 391 196
person 0.0014 183 248 213 296
person 0.0013 51 273 77 305
person 0.0013 340 187 354 196
person 0.0012 389 190 393 198
person 0.0012 63 273 83 294
person 0.0011 433 166 442 174
person 0.0011 58 205 63 211
person 0.0010 184 261 204 292
car 0.0022 144 183 156 192
aeroplane 0.0023 49 225 297 344
bus 0.0029 49 225 297 344
train 0.0068 49 225 297 344
train 0.0014 171 240 205 297
boat 0.6572 48 227 296 365
boat 0.3451 171 240 205 297
boat 0.0121 49 232 253 309
boat 0.0099 25 188 337 331
boat 0.0058 86 232 194 289
boat 0.0029 61 298 282 367
boat 0.0028 3 227 513 377
boat 0.0024 -1 90 305 366
boat 0.0020 54 258 231 324
boat 0.0020 26 65 506 340
boat 0.0016 132 263 259 316
boat 0.0015 154 271 249 303
boat 0.0015 51 257 78 301
boat 0.0013 56 267 81 290
boat 0.0012 155 238 238 299
boat 0.0012 125 225 278 336
boat 0.0010 87 233 186 256
bird 0.0078 56 267 81 290
bird 0.0023 121 227 131 233
bird 0.0022 160 137 165 143
bird 0.0017 70 271 83 289
bird 0.0016 57 242 66 252
bird 0.0013 433 81 439 87
bird 0.0013 193 282 216 296
bird 0.0011 404 155 412 163
bird 0.0010 333 164 341 172
bird 0.0010 51 257 78 301
bird 0.0010 343 152 348 158
bird 0.0010 68 151 74 156
diningtable 0.0014 49 225 297 344
