person 0.4883 382 136 395 164
person 0.0227 379 131 391 160
person 0.0171 435 153 441 169
person 0.0122 401 141 408 161
person 0.0074 392 140 405 164
person 0.0067 387 143 398 165
person 0.0066 426 148 432 162
person 0.0063 373 135 403 166
person 0.0062 384 134 394 152
person 0.0055 425 148 429 158
person 0.0053 432 151 443 169
person 0.0035 429 151 440 167
person 0.0027 368 133 386 162
person 0.0024 402 150 410 166
person 0.0020 403 159 411 166
person 0.0019 423 146 428 156
person 0.0018 390 154 399 165
person 0.0017 385 153 397 165
person 0.0016 490 182 499 322
person 0.0015 424 148 435 165
person 0.0014 429 150 434 159
person 0.0013 401 141 408 152
person 0.0013 427 151 433 169
person 0.0010 422 149 428 164
bus 0.0035 -7 4 452 321
bus 0.0026 10 11 101 311
train 0.7291 -15 3 461 318
train 0.0132 10 11 101 311
train 0.0040 7 132 154 325
train 0.0019 2 2 219 322
