person 0.0050 0 34 479 368
person 0.0016 67 46 360 167
person 0.0012 67 178 491 373
cat 0.0070 73 49 248 116
cat 0.0065 71 46 357 165
cat 0.0010 0 34 479 368
dog 0.6748 70 47 367 164
dog 0.0357 54 35 470 367
dog 0.0260 73 49 248 116
dog 0.0128 1 47 431 236
chair 0.0497 47 35 474 367
chair 0.0319 0 119 142 368
chair 0.0025 0 11 81 169
sofa 0.2576 0 34 479 368
sofa 0.0229 0 119 142 368
sofa 0.0083 63 177 496 374
sofa 0.0061 2 49 431 234
sofa 0.0039 67 46 360 167
sofa 0.0039 0 11 81 169
sofa 0.0018 2 4 219 356
