person 0.7215 0 89 201 469
person 0.2471 115 20 477 462
person 0.0231 6 83 386 472
person 0.0152 43 53 92 153
person 0.0101 196 -1 463 307
person 0.0088 0 80 10 128
person 0.0084 0 147 5 161
person 0.0061 0 94 90 464
person 0.0060 0 189 27 212
person 0.0059 46 95 87 148
person 0.0058 242 168 358 271
person 0.0054 9 59 36 135
person 0.0043 476 357 488 475
person 0.0030 0 197 18 245
person 0.0029 204 175 444 277
person 0.0028 13 78 29 130
person 0.0026 0 173 33 215
person 0.0022 461 327 484 427
person 0.0022 0 220 5 246
person 0.0019 0 208 12 248
person 0.0016 0 141 19 163
person 0.0016 336 11 481 485
person 0.0016 405 336 487 480
person 0.0015 0 134 30 162
person 0.0012 0 50 93 249
person 0.0012 211 0 361 257
person 0.0012 470 354 486 428
person 0.0012 429 323 481 433
person 0.0011 0 197 11 212
person 0.0011 0 151 47 211
person 0.0011 6 145 23 163
person 0.0011 472 453 488 479
person 0.0010 15 92 28 122
person 0.0010 47 103 71 149
train 0.0018 -22 -10 488 472
bottle 0.0144 457 323 483 423
bottle 0.0135 438 263 481 448
bottle 0.0119 478 330 489 376
bottle 0.0100 409 334 486 478
bottle 0.0089 454 257 462 277
bottle 0.0053 473 326 488 415
bottle 0.0050 472 460 488 480
bottle 0.0035 430 305 471 413
bottle 0.0034 467 353 483 425
bottle 0.0033 406 444 486 480
bottle 0.0027 456 325 478 367
bottle 0.0026 0 80 11 127
bottle 0.0026 464 326 482 392
bottle 0.0023 459 264 487 401
bottle 0.0019 452 327 488 463
bottle 0.0015 476 357 488 475
bottle 0.0015 0 182 28 214
bottle 0.0015 441 294 480 396
bottle 0.0014 483 218 489 282
bottle 0.0012 423 342 480 439
chair 0.0188 406 442 486 480
chair 0.0060 466 281 489 377
chair 0.0056 461 327 484 427
chair 0.0055 406 342 487 481
chair 0.0049 406 461 484 481
chair 0.0049 478 330 489 376
chair 0.0045 476 357 488 475
chair 0.0039 473 326 488 415
chair 0.0038 429 323 481 433
chair 0.0027 459 257 490 409
chair 0.0021 406 410 488 478
chair 0.0017 472 460 488 480
chair 0.0015 470 354 486 428
chair 0.0013 444 272 486 434
chair 0.0012 474 281 489 294
chair 0.0011 183 443 215 479
sofa 0.0034 -11 76 485 468
diningtable 0.0022 472 460 488 480
diningtable 0.0017 406 445 486 480
diningtable 0.0012 468 346 486 436
diningtable 0.0010 -11 76 485 468
tvmonitor 0.0014 483 218 489 282
