person 0.0510 169 372 185 400
person 0.0121 151 373 186 402
person 0.0077 36 358 349 442
person 0.0052 130 368 218 403
person 0.0043 37 338 52 368
person 0.0031 164 373 196 404
person 0.0029 46 337 54 348
person 0.0028 143 377 174 401
person 0.0027 334 326 356 367
person 0.0023 85 134 115 185
person 0.0020 174 370 202 397
person 0.0019 43 337 54 354
person 0.0019 332 339 350 368
person 0.0019 168 386 184 403
person 0.0016 312 370 318 379
person 0.0014 162 367 190 392
person 0.0014 330 345 345 370
person 0.0013 49 366 70 389
person 0.0011 339 326 353 348
bicycle 0.0136 0 390 74 454
bicycle 0.0090 0 393 34 454
bicycle 0.0026 367 200 403 257
bicycle 0.0016 86 142 138 189
bicycle 0.0014 12 394 78 426
bicycle 0.0012 0 389 30 429
car 0.8691 27 359 362 488
car 0.0035 64 359 355 425
car 0.0020 130 368 218 403
car 0.0015 84 362 300 400
car 0.0015 53 338 104 390
car 0.0014 39 447 344 502
car 0.0013 170 371 186 400
car 0.0012 152 368 190 399
motorbike 0.1661 0 391 46 454
motorbike 0.0180 1 393 82 460
motorbike 0.0074 1 382 77 431
motorbike 0.0063 0 389 30 429
motorbike 0.0017 38 359 95 393
motorbike 0.0016 0 421 34 455
motorbike 0.0014 22 397 79 445
motorbike 0.0012 48 367 69 390
chair 0.0064 75 344 102 389
chair 0.0034 90 330 105 385
chair 0.0032 75 360 99 386
chair 0.0023 53 338 104 390
chair 0.0016 0 393 34 454
chair 0.0013 74 356 98 375
sofa 0.0018 26 359 361 490
pottedplant 0.0034 358 364 408 393
pottedplant 0.0025 85 140 133 189
pottedplant 0.0023 374 358 388 369
pottedplant 0.0020 360 358 393 383
pottedplant 0.0019 386 358 398 368
pottedplant 0.0018 362 332 406 390
pottedplant 0.0017 366 332 402 368
pottedplant 0.0013 364 358 382 371
pottedplant 0.0010 48 367 69 390
diningtable 0.0015 13 465 354 499
