person 0.8232 115 194 130 228
person 0.7676 102 197 114 227
person 0.1504 66 202 85 223
person 0.0766 88 200 101 220
person 0.0436 64 208 81 223
person 0.0382 110 197 119 224
person 0.0346 91 199 103 211
person 0.0333 99 199 111 220
person 0.0332 74 201 91 223
person 0.0280 87 203 97 223
person 0.0270 0 187 3 199
person 0.0186 113 198 121 208
person 0.0161 129 200 136 217
person 0.0133 90 200 96 210
person 0.0128 447 176 457 190
person 0.0113 62 208 74 227
person 0.0106 97 201 104 207
person 0.0102 135 204 142 217
person 0.0097 417 59 441 74
person 0.0063 128 196 137 221
person 0.0060 104 200 113 210
person 0.0059 84 209 95 223
person 0.0048 412 64 432 75
person 0.0045 65 196 80 211
person 0.0038 67 195 73 202
person 0.0038 457 206 475 268
person 0.0030 103 196 132 227
person 0.0029 0 33 9 46
person 0.0025 57 208 69 231
person 0.0019 82 199 100 227
person 0.0017 0 185 6 200
person 0.0017 426 62 440 77
person 0.0016 131 201 140 219
person 0.0016 123 196 135 218
person 0.0014 101 203 110 227
person 0.0014 67 194 74 208
person 0.0014 395 65 421 75
person 0.0013 417 64 438 78
person 0.0013 405 54 441 78
person 0.0010 120 207 130 227
bicycle 0.0235 67 208 83 223
bicycle 0.0094 78 210 95 223
bicycle 0.0078 86 203 98 222
bicycle 0.0061 90 202 102 217
bicycle 0.0032 74 201 91 223
bicycle 0.0030 103 199 114 227
bicycle 0.0014 0 187 3 199
bicycle 0.0012 62 208 74 228
car 0.2919 66 201 84 221
car 0.1438 90 200 103 216
car 0.0431 86 203 97 223
car 0.0397 103 199 114 227
car 0.0385 64 208 81 223
car 0.0340 68 199 85 212
car 0.0308 73 200 87 219
car 0.0197 466 191 485 209
car 0.0166 98 199 111 220
car 0.0090 62 208 75 228
car 0.0066 90 200 96 210
car 0.0054 465 194 478 211
car 0.0051 57 208 69 231
car 0.0032 67 195 73 202
car 0.0030 56 204 74 225
car 0.0030 86 196 103 224
car 0.0024 0 187 3 199
car 0.0022 97 201 104 207
car 0.0018 60 197 79 218
car 0.0016 78 210 95 223
car 0.0015 67 194 74 208
car 0.0010 24 202 79 229
motorbike 0.0435 64 208 81 223
motorbike 0.0337 66 202 84 223
motorbike 0.0110 90 202 102 217
motorbike 0.0105 74 201 91 223
motorbike 0.0062 86 203 97 223
motorbike 0.0057 62 208 74 227
motorbike 0.0053 78 210 95 223
motorbike 0.0031 103 199 114 227
aeroplane 0.0048 0 33 9 46
train 0.9272 112 22 473 290
boat 0.0013 0 33 9 46
bird 0.0086 0 33 9 46
dog 0.0011 84 209 95 223
chair 0.0028 67 208 83 223
chair 0.0016 0 187 3 199
pottedplant 0.0042 64 208 81 223
pottedplant 0.0014 62 208 74 228
pottedplant 0.0013 84 209 95 223
pottedplant 0.0011 86 203 98 222
pottedplant 0.0010 67 202 84 223
diningtable 0.0013 64 208 81 223
