person 0.4033 12 35 481 482
person 0.3076 290 20 481 469
person 0.0170 329 17 481 249
person 0.0035 89 401 254 483
person 0.0031 0 354 481 481
person 0.0031 1 28 254 464
person 0.0030 -2 21 485 266
person 0.0028 386 32 484 492
person 0.0017 16 102 55 386
person 0.0016 480 48 499 312
person 0.0015 0 291 16 493
person 0.0014 209 182 487 489
person 0.0013 289 147 477 371
person 0.0013 15 161 50 324
person 0.0012 0 204 15 432
bottle 0.0093 41 400 255 483
chair 0.0037 12 35 481 482
sofa 0.0138 12 35 481 482
diningtable 0.0137 5 386 475 482
diningtable 0.0020 2 292 518 485
diningtable 0.0016 89 401 254 483
diningtable 0.0013 12 35 481 482
