person 0.3836 460 164 467 176
person 0.2788 473 159 480 178
person 0.2090 471 160 477 175
person 0.1347 479 160 486 181
person 0.0796 457 164 463 175
person 0.0705 459 161 478 176
person 0.0395 454 164 460 177
person 0.0279 481 168 487 182
person 0.0216 483 162 492 178
person 0.0183 462 155 491 175
person 0.0171 477 167 483 180
person 0.0164 483 172 489 182
person 0.0149 483 159 494 173
person 0.0105 469 168 475 177
person 0.0104 475 157 480 172
person 0.0102 481 156 486 173
person 0.0085 452 161 459 175
person 0.0051 447 161 492 177
person 0.0049 495 143 499 161
person 0.0049 487 192 498 207
person 0.0045 493 154 499 168
person 0.0044 490 160 499 171
person 0.0039 79 126 93 143
person 0.0027 378 151 391 188
person 0.0027 487 147 499 172
person 0.0026 443 150 496 173
person 0.0026 469 156 486 173
person 0.0025 427 160 437 172
person 0.0024 484 162 496 190
person 0.0023 0 176 9 194
person 0.0022 454 163 469 177
person 0.0021 485 155 497 169
person 0.0020 481 175 487 183
person 0.0019 63 111 99 186
person 0.0019 425 161 433 171
person 0.0018 136 123 151 144
person 0.0018 417 158 441 182
person 0.0017 479 155 489 173
person 0.0016 424 161 433 179
person 0.0015 473 160 489 180
person 0.0015 418 167 427 187
person 0.0014 56 126 71 143
person 0.0013 401 161 445 196
person 0.0012 417 164 435 189
person 0.0011 452 167 459 180
car 0.0097 490 160 499 171
car 0.0022 493 154 499 168
car 0.0014 483 159 494 173
car 0.0011 0 110 98 218
car 0.0010 483 162 492 178
aeroplane 0.0030 441 142 500 169
aeroplane 0.0010 442 138 500 157
bus 0.0016 445 148 499 173
train 0.7483 64 27 460 335
train 0.4325 0 103 103 209
train 0.0221 45 113 109 198
train 0.0220 0 78 97 302
train 0.0144 442 150 495 173
train 0.0100 442 145 499 165
train 0.0069 462 155 491 175
train 0.0053 461 163 467 177
train 0.0051 447 161 492 177
train 0.0048 459 161 478 176
train 0.0047 63 111 99 186
train 0.0045 472 159 483 178
train 0.0042 442 138 500 157
train 0.0038 492 152 499 170
train 0.0037 7 57 150 218
train 0.0033 494 142 499 162
train 0.0031 479 158 488 178
train 0.0031 419 155 458 185
train 0.0028 0 120 18 209
train 0.0028 36 107 140 219
train 0.0028 -1 114 58 218
train 0.0024 34 100 126 173
train 0.0023 423 141 499 175
train 0.0020 0 104 31 210
train 0.0017 405 153 455 198
train 0.0017 489 143 499 163
train 0.0016 1 124 68 280
train 0.0016 484 154 497 170
train 0.0015 1 179 83 308
train 0.0015 0 118 93 177
train 0.0015 489 160 499 171
train 0.0015 -1 143 94 199
train 0.0013 454 163 469 177
train 0.0013 443 134 500 148
train 0.0012 0 93 40 310
train 0.0012 76 126 96 144
train 0.0011 471 160 478 176
train 0.0010 469 156 486 173
train 0.0010 417 152 486 182
