person 0.0079 -3 12 481 284
person 0.0061 0 101 18 138
person 0.0032 0 103 20 167
person 0.0028 0 100 38 173
person 0.0020 -5 1 270 91
person 0.0017 0 152 41 174
person 0.0011 0 76 15 134
car 0.0026 -3 21 470 298
car 0.0018 8 184 473 304
bird 0.0148 3 2 434 259
bird 0.0038 307 154 433 282
bird 0.0014 -2 67 298 226
bird 0.0012 123 12 234 163
bird 0.0011 92 65 476 297
cat 0.2079 -3 21 470 298
cat 0.0709 -2 67 298 226
cat 0.0220 0 104 42 173
cat 0.0080 0 146 40 175
cat 0.0054 307 154 442 284
cat 0.0053 0 102 20 142
cat 0.0039 75 4 331 248
cat 0.0018 0 87 120 203
cat 0.0013 0 108 20 169
cat 0.0013 -1 96 81 176
cat 0.0011 -3 4 233 197
dog 0.0968 0 9 444 282
dog 0.0130 307 154 442 284
dog 0.0101 2 59 327 245
dog 0.0041 0 101 18 139
dog 0.0041 0 102 35 173
dog 0.0015 0 146 40 175
dog 0.0014 82 7 262 180
dog 0.0012 134 74 472 299
sheep 0.0021 3 2 434 259
sheep 0.0020 307 154 442 284
chair 0.0047 -3 12 481 284
chair 0.0038 -2 1 219 80
chair 0.0022 0 1 124 71
chair 0.0010 320 15 498 257
sofa 0.0146 -3 21 470 298
sofa 0.0045 -2 1 220 80
sofa 0.0015 8 184 473 304
sofa 0.0012 0 1 124 71
pottedplant 0.0010 271 -2 507 289
diningtable 0.0088 -3 21 470 298
diningtable 0.0029 8 184 473 304
tvmonitor 0.0016 0 55 473 301
