person 0.0017 482 107 498 129
person 0.0017 317 143 334 162
person 0.0014 0 108 5 118
person 0.0014 394 134 497 171
person 0.0012 435 138 499 221
person 0.0010 494 114 499 125
car 0.9012 41 109 461 285
car 0.8517 436 142 499 221
car 0.7977 394 134 497 171
car 0.1026 387 145 405 153
car 0.0410 385 144 411 155
car 0.0270 389 128 500 216
car 0.0107 435 137 500 178
car 0.0093 379 145 402 160
car 0.0069 393 144 417 152
car 0.0061 56 135 108 154
car 0.0049 16 125 140 162
car 0.0048 52 123 176 158
car 0.0042 376 140 405 155
car 0.0040 31 132 63 161
car 0.0040 58 134 156 157
car 0.0037 41 98 448 160
car 0.0030 8 106 145 153
car 0.0028 59 136 96 149
car 0.0026 44 112 261 162
car 0.0026 383 140 476 189
car 0.0024 23 128 84 161
car 0.0023 381 137 416 160
car 0.0020 375 143 398 152
car 0.0017 388 136 416 150
car 0.0017 59 140 122 158
car 0.0016 382 150 401 167
car 0.0012 373 135 468 164
car 0.0012 392 150 471 227
car 0.0012 392 141 455 166
car 0.0011 68 135 110 148
car 0.0011 481 138 499 151
car 0.0010 453 138 499 159
motorbike 0.0018 435 154 500 220
bus 0.0024 396 135 495 173
bus 0.0022 3 106 133 156
bus 0.0015 4 107 131 131
bus 0.0014 16 125 140 162
bus 0.0013 435 154 500 220
train 0.0021 3 106 133 156
train 0.0015 4 107 131 131
boat 0.0018 435 150 500 218
boat 0.0013 392 135 492 172
