person 0.0240 459 0 499 103
person 0.0233 460 0 499 53
person 0.0028 0 74 8 97
person 0.0021 83 97 400 245
person 0.0019 4 -31 505 289
person 0.0018 12 1 491 107
person 0.0018 207 0 484 69
person 0.0017 -1 5 224 286
person 0.0015 123 122 282 234
person 0.0014 193 49 463 192
person 0.0014 0 39 11 97
cat 0.0156 10 179 277 351
cat 0.0079 113 114 274 228
cat 0.0065 132 103 376 238
cat 0.0047 201 49 473 182
cat 0.0039 14 110 471 374
cat 0.0017 0 74 7 97
cat 0.0015 461 0 499 54
dog 0.7363 197 46 475 196
dog 0.7262 13 180 279 350
dog 0.5090 132 103 376 238
dog 0.1076 19 17 490 364
dog 0.0956 123 122 281 235
dog 0.0452 87 82 306 267
dog 0.0399 115 39 458 265
dog 0.0022 47 162 432 371
dog 0.0021 116 109 357 339
dog 0.0017 461 0 499 54
dog 0.0014 201 0 473 121
dog 0.0012 406 49 471 117
cow 0.0017 13 180 279 350
chair 0.0125 -10 28 498 363
chair 0.0075 457 2 499 106
chair 0.0064 83 97 400 245
chair 0.0051 460 0 499 53
chair 0.0025 207 0 484 69
chair 0.0019 -1 5 224 286
chair 0.0012 112 117 275 234
sofa 0.4451 -10 28 498 363
sofa 0.1518 94 92 391 252
sofa 0.0335 -1 5 224 286
sofa 0.0287 203 0 478 93
sofa 0.0201 112 117 275 234
sofa 0.0194 459 0 499 103
sofa 0.0154 460 0 499 53
sofa 0.0110 0 0 484 217
sofa 0.0088 12 1 491 107
sofa 0.0088 49 168 478 370
sofa 0.0040 55 71 294 279
sofa 0.0030 1 0 196 160
sofa 0.0027 191 50 459 234
sofa 0.0020 10 179 277 351
diningtable 0.0049 -10 28 498 363
diningtable 0.0011 121 102 389 238
