person 0.5315 52 232 60 256
person 0.0443 325 221 332 241
person 0.0412 315 219 320 240
person 0.0229 0 254 4 267
person 0.0156 315 217 325 240
person 0.0062 423 219 427 231
person 0.0055 492 197 499 207
person 0.0054 84 220 89 232
person 0.0053 460 218 468 235
person 0.0043 1 254 7 266
person 0.0042 439 210 445 224
person 0.0038 401 220 407 229
person 0.0029 98 226 105 235
person 0.0028 496 158 499 170
person 0.0025 53 230 59 239
person 0.0024 420 214 428 229
person 0.0023 462 216 469 231
person 0.0022 490 210 499 237
person 0.0020 459 224 467 237
person 0.0019 402 218 409 233
person 0.0015 83 220 91 240
person 0.0015 403 221 408 243
person 0.0010 404 213 430 232
person 0.0010 401 214 419 232
bicycle 0.0024 0 254 4 268
bicycle 0.0012 52 232 60 256
car 0.0083 402 211 430 228
car 0.0049 458 221 467 235
car 0.0046 492 197 499 207
car 0.0039 490 210 498 221
car 0.0036 420 214 428 229
car 0.0036 401 213 418 228
car 0.0033 407 211 425 222
car 0.0033 462 216 469 231
car 0.0029 422 219 427 231
car 0.0028 436 215 469 238
car 0.0027 416 213 429 231
car 0.0027 400 219 407 229
car 0.0025 435 204 470 232
car 0.0021 358 207 448 231
car 0.0021 490 212 498 228
car 0.0020 462 212 470 222
car 0.0019 410 209 431 224
car 0.0018 447 211 473 232
car 0.0017 454 214 469 230
car 0.0016 423 222 469 244
car 0.0016 402 207 459 230
car 0.0014 464 211 471 220
car 0.0013 458 211 473 223
car 0.0013 402 218 409 232
car 0.0010 438 208 445 218
aeroplane 0.0020 106 193 146 249
bus 0.0027 491 211 499 224
bus 0.0020 106 193 146 249
bus 0.0018 493 197 499 207
bus 0.0011 490 204 500 235
bus 0.0011 360 208 411 226
bus 0.0010 491 196 499 226
train 0.8661 106 193 145 250
train 0.0110 0 197 16 243
train 0.0099 357 207 424 227
train 0.0084 413 205 474 234
train 0.0044 489 209 499 222
train 0.0043 490 204 500 235
train 0.0043 491 199 500 207
train 0.0041 375 207 444 231
train 0.0040 392 211 430 229
train 0.0031 492 197 500 214
train 0.0030 1 202 14 225
train 0.0030 490 211 499 228
train 0.0027 0 208 18 264
train 0.0026 1 221 16 235
train 0.0023 482 181 491 199
train 0.0022 458 200 498 234
train 0.0020 434 205 472 228
train 0.0016 378 217 420 229
train 0.0014 484 200 499 238
train 0.0013 38 175 187 259
train 0.0013 403 210 428 224
train 0.0012 471 203 500 227
train 0.0012 0 204 7 222
train 0.0011 487 200 499 220
train 0.0010 447 211 473 232
train 0.0010 426 197 496 242
cat 0.0026 106 193 146 249
horse 0.0015 106 193 146 249
