person 0.0851 41 79 216 371
person 0.0257 16 47 512 373
person 0.0028 0 294 71 373
person 0.0026 174 60 501 263
person 0.0026 0 228 71 313
person 0.0017 19 205 496 371
person 0.0015 -2 84 103 353
person 0.0014 -1 232 88 369
person 0.0013 0 0 176 344
person 0.0012 0 173 79 332
bicycle 0.0050 0 228 75 329
car 0.0148 17 0 493 153
car 0.0031 -13 16 502 344
car 0.0026 93 32 462 233
car 0.0011 1 0 171 82
car 0.0010 319 1 499 151
motorbike 0.0010 0 44 493 375
train 0.0012 -13 16 502 344
boat 0.0019 -13 16 502 344
cat 0.0443 176 56 498 369
cat 0.0201 315 105 500 249
cat 0.0020 41 79 217 370
dog 0.6004 177 64 501 375
dog 0.2411 41 79 217 370
dog 0.0360 175 30 501 235
dog 0.0350 24 63 411 370
dog 0.0329 278 94 503 248
dog 0.0190 172 60 345 216
dog 0.0057 173 76 344 353
dog 0.0038 19 205 496 371
dog 0.0029 165 168 416 369
dog 0.0024 -3 -15 492 264
dog 0.0010 262 178 499 373
chair 0.2669 0 228 71 313
chair 0.2280 0 294 71 373
chair 0.1211 4 331 64 373
chair 0.0869 0 173 79 332
chair 0.0700 0 233 86 369
chair 0.0206 -1 52 91 349
chair 0.0169 26 263 211 371
chair 0.0107 0 118 71 290
chair 0.0100 0 296 36 341
chair 0.0097 0 41 186 368
chair 0.0094 1 226 57 255
chair 0.0085 0 197 62 292
chair 0.0072 2 0 171 203
chair 0.0062 0 44 493 375
chair 0.0053 0 252 52 359
chair 0.0049 6 265 125 374
chair 0.0047 30 237 76 303
chair 0.0045 0 316 15 373
chair 0.0041 0 259 59 306
chair 0.0033 0 295 22 367
chair 0.0023 -13 -1 503 147
chair 0.0020 1 0 171 82
chair 0.0018 12 262 77 316
chair 0.0016 8 265 477 371
chair 0.0014 23 154 240 371
chair 0.0011 7 334 114 374
chair 0.0011 31 229 89 330
sofa 0.0282 0 44 493 375
sofa 0.0057 19 205 496 371
sofa 0.0053 -13 -1 503 147
sofa 0.0040 0 104 80 306
sofa 0.0035 0 9 121 327
sofa 0.0026 0 294 71 373
sofa 0.0016 0 126 70 242
sofa 0.0015 20 65 203 360
sofa 0.0014 2 327 64 372
sofa 0.0012 62 14 457 242
diningtable 0.0047 0 294 71 372
diningtable 0.0015 0 230 74 358
diningtable 0.0015 0 124 72 289
diningtable 0.0010 2 0 171 203
tvmonitor 0.0013 1 0 171 82
