person 0.8526 291 92 413 276
person 0.7829 18 88 76 222
person 0.7793 41 115 258 372
person 0.5812 373 141 393 159
person 0.5556 234 118 309 243
person 0.5284 468 144 500 284
person 0.3516 235 132 281 198
person 0.2058 432 209 483 280
person 0.1883 374 143 415 195
person 0.1733 243 136 271 181
person 0.1283 65 149 98 201
person 0.1028 215 134 270 216
person 0.0901 372 142 399 172
person 0.0746 469 25 499 268
person 0.0588 375 140 421 234
person 0.0527 486 127 500 189
person 0.0521 129 142 161 171
person 0.0465 479 45 500 224
person 0.0356 222 109 266 189
person 0.0321 467 193 500 327
person 0.0267 487 127 500 157
person 0.0238 472 100 499 187
person 0.0234 480 115 500 257
person 0.0228 461 207 498 284
person 0.0199 472 30 499 133
person 0.0188 446 131 501 298
person 0.0179 209 96 254 191
person 0.0169 233 127 264 184
person 0.0160 266 212 313 283
person 0.0159 248 151 269 189
person 0.0147 473 123 499 151
person 0.0141 251 147 270 176
person 0.0103 487 258 500 294
person 0.0082 190 114 258 220
person 0.0078 209 94 253 121
person 0.0076 214 217 252 270
person 0.0072 492 155 500 187
person 0.0068 209 188 252 218
person 0.0065 229 118 254 163
person 0.0063 435 206 500 324
person 0.0063 242 134 260 161
person 0.0062 401 178 423 243
person 0.0059 488 149 499 193
person 0.0055 480 107 499 163
person 0.0054 361 117 415 267
person 0.0054 376 148 404 180
person 0.0053 408 172 422 224
person 0.0051 472 187 500 266
person 0.0050 492 104 500 152
person 0.0048 231 162 253 194
person 0.0040 0 145 25 239
person 0.0039 231 121 250 145
person 0.0038 6 79 43 230
person 0.0038 256 127 318 278
person 0.0038 478 186 499 232
person 0.0037 240 170 251 191
person 0.0035 222 138 251 192
person 0.0035 232 92 290 118
person 0.0034 264 163 420 296
person 0.0032 388 160 414 250
person 0.0031 491 135 499 167
person 0.0030 485 260 499 318
person 0.0030 39 142 77 220
person 0.0029 251 168 268 186
person 0.0029 478 137 498 204
person 0.0027 226 158 293 275
person 0.0026 480 261 499 361
person 0.0026 119 103 308 289
person 0.0024 217 168 251 201
person 0.0023 271 206 294 246
person 0.0022 263 175 279 198
person 0.0021 390 152 425 205
person 0.0021 258 122 305 208
person 0.0021 260 258 499 368
person 0.0021 217 95 285 167
person 0.0021 -1 236 160 372
person 0.0020 254 160 269 182
person 0.0019 258 146 281 185
person 0.0018 369 147 382 159
person 0.0018 205 155 249 209
person 0.0018 495 108 500 133
person 0.0018 118 142 184 184
person 0.0017 246 134 259 152
person 0.0017 486 260 500 271
person 0.0016 234 126 258 153
person 0.0015 420 -6 502 312
person 0.0015 434 290 480 341
person 0.0015 90 142 180 205
person 0.0015 471 31 499 80
person 0.0015 29 83 75 156
person 0.0015 255 163 287 199
person 0.0015 491 127 500 146
person 0.0014 408 189 425 252
person 0.0013 495 52 500 117
person 0.0013 248 135 265 160
person 0.0013 250 180 261 193
person 0.0012 216 214 291 296
person 0.0012 211 183 260 261
person 0.0012 1 116 15 143
person 0.0012 237 141 260 176
boat 0.0012 214 217 252 270
boat 0.0011 -3 213 260 373
bottle 0.0331 404 289 434 369
bottle 0.0176 479 262 500 369
bottle 0.0112 240 171 249 192
bottle 0.0088 215 135 270 216
bottle 0.0075 433 292 480 341
bottle 0.0074 363 271 416 347
bottle 0.0072 281 106 290 118
bottle 0.0066 373 267 414 320
bottle 0.0064 234 121 309 267
bottle 0.0061 485 260 499 318
bottle 0.0057 354 339 417 373
bottle 0.0053 278 98 290 118
bottle 0.0050 432 333 480 372
bottle 0.0038 231 162 253 194
bottle 0.0035 236 143 272 208
bottle 0.0030 434 290 480 315
bottle 0.0028 238 259 495 376
bottle 0.0027 408 257 438 300
bottle 0.0025 274 92 293 118
bottle 0.0025 290 107 302 117
bottle 0.0024 250 180 261 193
bottle 0.0023 396 284 429 345
bottle 0.0022 256 171 267 185
bottle 0.0022 309 305 466 369
bottle 0.0020 419 279 467 321
bottle 0.0019 243 180 252 194
bottle 0.0018 255 177 269 192
bottle 0.0014 494 103 499 138
bottle 0.0014 350 286 433 366
bottle 0.0014 66 151 97 201
bottle 0.0014 265 177 278 197
bottle 0.0013 474 309 500 371
bottle 0.0013 387 306 409 339
bottle 0.0012 280 266 286 283
bottle 0.0012 291 21 299 44
bottle 0.0012 371 357 396 374
bottle 0.0012 220 171 248 198
bottle 0.0011 366 297 410 333
bottle 0.0011 432 210 481 279
bottle 0.0010 248 151 269 189
bottle 0.0010 487 258 500 294
bottle 0.0010 227 176 241 193
chair 0.8031 432 210 480 280
chair 0.6025 265 214 313 284
chair 0.4274 408 188 424 248
chair 0.1411 215 216 254 268
chair 0.0828 0 239 158 370
chair 0.0658 0 145 23 238
chair 0.0353 -6 212 259 373
chair 0.0335 210 190 251 219
chair 0.0329 399 178 423 244
chair 0.0327 225 319 306 373
chair 0.0312 484 129 499 194
chair 0.0295 466 185 500 284
chair 0.0283 268 209 297 263
chair 0.0254 231 126 307 284
chair 0.0231 211 146 266 224
chair 0.0212 246 213 301 275
chair 0.0202 260 205 413 286
chair 0.0173 16 87 76 222
chair 0.0166 377 143 425 243
chair 0.0154 210 191 254 249
chair 0.0151 271 206 294 246
chair 0.0150 492 155 500 187
chair 0.0140 41 151 87 220
chair 0.0137 235 216 275 269
chair 0.0136 486 259 499 316
chair 0.0125 469 25 499 268
chair 0.0120 410 256 436 290
chair 0.0117 473 123 499 151
chair 0.0116 487 128 500 163
chair 0.0112 129 142 161 171
chair 0.0108 480 115 500 257
chair 0.0105 272 245 314 282
chair 0.0102 241 208 334 286
chair 0.0101 386 177 423 262
chair 0.0096 488 149 499 193
chair 0.0090 252 153 270 175
chair 0.0082 -1 144 63 240
chair 0.0081 0 239 64 366
chair 0.0077 232 234 291 293
chair 0.0074 65 149 98 201
chair 0.0074 374 142 392 160
chair 0.0072 211 218 271 302
chair 0.0070 234 136 270 192
chair 0.0068 408 172 422 224
chair 0.0068 395 170 412 235
chair 0.0066 389 160 413 250
chair 0.0066 402 192 444 262
chair 0.0064 479 45 500 224
chair 0.0061 472 100 499 187
chair 0.0058 260 214 286 268
chair 0.0056 435 206 500 324
chair 0.0055 251 207 278 267
chair 0.0054 468 124 492 146
chair 0.0051 209 197 362 325
chair 0.0050 36 112 311 373
chair 0.0049 455 210 485 281
chair 0.0049 37 184 78 222
chair 0.0048 395 186 416 255
chair 0.0047 408 203 428 267
chair 0.0047 409 189 487 281
chair 0.0046 480 261 499 361
chair 0.0045 300 153 420 286
chair 0.0044 245 200 434 357
chair 0.0042 228 135 283 218
chair 0.0039 408 188 422 206
chair 0.0037 333 170 432 267
chair 0.0037 248 268 282 284
chair 0.0036 212 208 244 255
chair 0.0034 478 269 499 321
chair 0.0034 113 140 153 169
chair 0.0032 267 175 307 269
chair 0.0032 374 142 410 208
chair 0.0030 247 150 270 190
chair 0.0030 254 162 269 180
chair 0.0030 223 234 254 285
chair 0.0029 243 267 287 295
chair 0.0028 217 168 251 201
chair 0.0028 214 217 253 243
chair 0.0028 232 170 252 195
chair 0.0028 178 290 306 373
chair 0.0028 491 135 499 167
chair 0.0027 52 189 78 218
chair 0.0027 281 216 294 250
chair 0.0027 408 183 422 198
chair 0.0027 480 107 499 163
chair 0.0026 469 216 500 317
chair 0.0026 262 177 281 197
chair 0.0025 0 105 12 143
chair 0.0024 188 149 295 297
chair 0.0024 77 130 95 138
chair 0.0024 280 214 332 278
chair 0.0023 17 151 79 233
chair 0.0023 277 209 311 262
chair 0.0021 32 195 76 234
chair 0.0021 220 273 373 373
chair 0.0021 472 30 498 148
chair 0.0020 402 194 422 225
chair 0.0020 399 193 411 224
chair 0.0020 0 91 12 119
chair 0.0018 0 237 34 250
sofa 0.1909 0 239 158 370
sofa 0.0529 -6 212 259 373
sofa 0.0437 433 210 481 280
sofa 0.0388 0 145 24 238
sofa 0.0175 0 239 64 365
sofa 0.0086 466 185 500 284
sofa 0.0038 16 87 76 222
sofa 0.0035 486 127 500 189
sofa 0.0034 61 151 97 204
sofa 0.0033 484 258 499 312
sofa 0.0030 -1 144 63 240
sofa 0.0025 -2 306 157 373
sofa 0.0022 469 25 499 268
sofa 0.0022 435 206 500 324
sofa 0.0019 446 131 501 298
sofa 0.0019 407 187 424 246
sofa 0.0018 478 108 500 265
sofa 0.0017 472 100 499 187
sofa 0.0017 248 201 478 375
sofa 0.0017 37 105 322 366
sofa 0.0016 260 205 413 286
sofa 0.0015 473 123 499 151
sofa 0.0014 41 151 87 220
sofa 0.0014 396 184 425 251
sofa 0.0012 469 216 500 317
sofa 0.0012 408 257 439 298
sofa 0.0012 123 142 163 170
sofa 0.0011 479 45 500 224
sofa 0.0011 2 324 50 372
sofa 0.0010 472 30 498 149
sofa 0.0010 267 213 312 284
sofa 0.0010 255 171 459 314
sofa 0.0010 214 218 252 269
pottedplant 0.4813 66 150 97 201
pottedplant 0.2533 233 92 293 119
pottedplant 0.1715 279 103 290 118
pottedplant 0.1626 274 92 293 118
pottedplant 0.1160 209 94 253 121
pottedplant 0.0588 223 132 269 195
pottedplant 0.0560 72 165 91 200
pottedplant 0.0376 208 97 255 170
pottedplant 0.0360 231 91 258 117
pottedplant 0.0343 290 106 302 117
pottedplant 0.0295 210 96 239 117
pottedplant 0.0207 236 91 254 108
pottedplant 0.0163 5 99 101 219
pottedplant 0.0161 224 89 278 111
pottedplant 0.0113 41 151 87 220
pottedplant 0.0109 211 91 271 129
pottedplant 0.0084 284 105 301 118
pottedplant 0.0056 218 94 303 158
pottedplant 0.0053 236 102 283 119
pottedplant 0.0052 246 88 301 113
pottedplant 0.0051 238 76 304 121
pottedplant 0.0049 174 108 249 181
pottedplant 0.0047 199 122 260 217
pottedplant 0.0043 271 88 303 119
pottedplant 0.0036 220 93 246 117
pottedplant 0.0034 273 55 283 81
pottedplant 0.0033 62 147 124 204
pottedplant 0.0030 264 93 283 115
pottedplant 0.0029 223 104 244 122
pottedplant 0.0028 34 130 132 223
pottedplant 0.0026 201 90 244 150
pottedplant 0.0026 285 97 303 117
pottedplant 0.0023 38 87 78 222
pottedplant 0.0022 74 151 98 181
pottedplant 0.0022 237 130 269 176
pottedplant 0.0021 195 93 287 185
pottedplant 0.0021 281 107 292 117
pottedplant 0.0020 268 53 290 109
pottedplant 0.0019 259 89 288 111
pottedplant 0.0018 61 138 100 187
pottedplant 0.0017 246 92 314 147
pottedplant 0.0017 252 94 277 116
pottedplant 0.0016 0 145 32 240
pottedplant 0.0016 222 108 251 159
pottedplant 0.0015 228 125 307 212
pottedplant 0.0015 220 47 299 121
pottedplant 0.0014 60 157 88 211
pottedplant 0.0013 220 102 259 143
pottedplant 0.0013 215 69 268 118
pottedplant 0.0012 231 120 257 151
pottedplant 0.0011 133 142 160 169
pottedplant 0.0011 267 91 281 108
pottedplant 0.0010 228 108 247 120
diningtable 0.5185 242 267 492 371
diningtable 0.1825 214 214 255 267
diningtable 0.1025 341 271 427 351
diningtable 0.0953 373 267 414 318
diningtable 0.0298 210 191 254 249
diningtable 0.0259 211 146 266 224
diningtable 0.0224 210 190 251 219
diningtable 0.0217 257 214 308 282
diningtable 0.0210 231 126 307 284
diningtable 0.0199 214 217 252 244
diningtable 0.0188 402 287 435 361
diningtable 0.0179 -6 212 259 373
diningtable 0.0168 265 298 460 363
diningtable 0.0160 407 183 423 243
diningtable 0.0150 213 211 243 232
diningtable 0.0118 60 96 352 366
diningtable 0.0088 188 149 295 297
diningtable 0.0071 485 260 499 318
diningtable 0.0057 234 216 276 269
diningtable 0.0051 1 238 158 369
diningtable 0.0050 375 278 496 375
diningtable 0.0047 266 91 299 117
diningtable 0.0046 211 167 255 210
diningtable 0.0046 207 179 269 214
diningtable 0.0045 204 274 389 372
diningtable 0.0043 277 97 292 118
diningtable 0.0043 213 209 240 222
diningtable 0.0043 480 261 499 361
diningtable 0.0041 408 182 423 214
diningtable 0.0040 342 332 364 350
diningtable 0.0038 218 210 311 289
diningtable 0.0038 408 183 422 198
diningtable 0.0038 377 144 426 241
diningtable 0.0037 0 145 24 238
diningtable 0.0036 433 290 481 340
diningtable 0.0034 408 257 438 300
diningtable 0.0031 424 296 476 360
diningtable 0.0029 243 200 438 363
diningtable 0.0027 431 211 479 278
diningtable 0.0027 251 153 270 175
diningtable 0.0023 433 201 500 356
diningtable 0.0022 433 331 479 374
diningtable 0.0021 244 119 310 214
diningtable 0.0020 434 289 479 316
diningtable 0.0020 260 208 403 283
diningtable 0.0020 165 190 319 346
diningtable 0.0019 461 207 498 284
diningtable 0.0018 66 150 98 204
diningtable 0.0018 253 208 294 264
diningtable 0.0017 212 197 243 237
diningtable 0.0017 477 306 500 373
diningtable 0.0016 119 103 308 289
diningtable 0.0016 398 168 423 226
diningtable 0.0015 245 110 315 142
diningtable 0.0015 365 287 410 343
diningtable 0.0015 241 179 254 194
diningtable 0.0015 487 259 499 271
diningtable 0.0015 467 193 500 327
diningtable 0.0015 450 266 497 370
diningtable 0.0015 372 301 446 376
diningtable 0.0015 230 137 278 214
diningtable 0.0015 435 279 475 296
diningtable 0.0014 234 188 286 218
diningtable 0.0013 16 87 76 222
diningtable 0.0013 398 179 414 240
diningtable 0.0013 373 142 418 201
diningtable 0.0013 410 187 423 205
diningtable 0.0013 396 184 425 251
diningtable 0.0013 282 105 302 117
diningtable 0.0013 254 160 269 182
diningtable 0.0013 434 267 483 325
diningtable 0.0012 487 258 500 294
diningtable 0.0011 230 183 264 206
diningtable 0.0011 232 234 291 293
diningtable 0.0011 489 131 499 189
diningtable 0.0011 229 169 289 264
diningtable 0.0010 226 313 307 373
diningtable 0.0010 1 310 152 372
diningtable 0.0010 237 95 294 119
diningtable 0.0010 245 142 270 186
diningtable 0.0010 226 174 253 200
tvmonitor 0.0056 0 145 24 238
tvmonitor 0.0038 0 117 10 143
tvmonitor 0.0022 480 31 499 175
tvmonitor 0.0019 0 103 14 143
