person 0.8058 452 285 499 372
person 0.1079 446 326 498 374
person 0.0299 446 131 471 146
person 0.0248 3 154 19 167
person 0.0241 459 133 474 148
person 0.0235 0 154 27 175
person 0.0158 489 321 499 372
person 0.0098 443 128 493 153
person 0.0085 491 304 500 364
person 0.0083 396 303 456 372
person 0.0073 481 290 498 371
person 0.0066 459 132 491 151
person 0.0055 492 336 499 371
person 0.0048 426 298 492 372
person 0.0045 423 112 493 152
person 0.0036 156 244 166 269
person 0.0035 4 153 14 163
person 0.0033 0 364 37 375
person 0.0032 126 357 148 374
person 0.0031 426 314 456 345
person 0.0026 0 155 97 232
person 0.0021 71 365 107 375
person 0.0019 493 327 499 355
person 0.0019 453 285 498 324
person 0.0018 455 120 480 149
person 0.0018 21 290 29 301
person 0.0018 431 284 533 375
person 0.0017 429 317 449 336
person 0.0017 418 310 466 354
person 0.0017 391 301 454 329
person 0.0017 487 355 499 375
person 0.0016 483 339 499 375
person 0.0015 436 137 494 161
person 0.0015 421 309 465 335
person 0.0014 424 320 447 346
person 0.0014 378 348 418 375
person 0.0013 493 322 499 345
person 0.0013 412 301 474 339
person 0.0013 494 292 499 305
person 0.0012 57 324 130 374
person 0.0012 408 306 451 350
person 0.0012 401 97 494 148
person 0.0011 0 335 8 368
person 0.0011 402 310 438 362
person 0.0011 345 328 381 374
person 0.0011 458 116 496 153
bicycle 0.0011 0 360 43 374
bicycle 0.0010 408 326 445 375
car 0.0207 6 328 87 371
car 0.0097 0 360 43 374
car 0.0036 255 346 349 372
car 0.0034 0 350 52 373
car 0.0025 200 302 319 358
car 0.0024 -5 159 105 368
car 0.0022 57 276 67 283
car 0.0019 391 299 448 325
car 0.0018 42 360 102 375
car 0.0017 35 327 128 374
car 0.0016 -6 339 64 373
car 0.0015 257 316 342 370
car 0.0011 57 258 79 268
car 0.0011 0 333 14 363
car 0.0010 197 316 289 340
aeroplane 0.2115 267 102 499 281
aeroplane 0.0022 401 97 494 148
aeroplane 0.0012 0 158 102 249
aeroplane 0.0011 -2 158 97 370
bus 0.0024 6 329 88 372
bus 0.0023 -5 159 105 368
boat 0.0041 392 300 464 316
boat 0.0029 185 314 273 374
boat 0.0025 267 114 500 337
boat 0.0020 126 357 148 374
boat 0.0019 207 302 313 367
boat 0.0016 -2 158 97 370
boat 0.0012 4 326 112 372
boat 0.0011 59 320 131 373
boat 0.0010 255 319 345 373
bird 0.0020 57 276 68 283
bird 0.0020 446 132 466 147
bird 0.0011 3 154 20 167
bird 0.0011 406 96 498 148
bottle 0.0011 125 357 148 374
chair 0.6203 353 299 410 346
chair 0.5335 380 348 418 374
chair 0.4437 280 329 382 374
chair 0.3914 450 335 497 375
chair 0.3566 304 314 336 349
chair 0.3470 338 328 382 374
chair 0.3122 209 302 315 363
chair 0.3037 174 313 257 374
chair 0.2837 452 288 500 375
chair 0.2757 72 319 130 374
chair 0.2481 404 316 440 373
chair 0.2312 175 311 213 373
chair 0.2223 125 357 149 374
chair 0.1950 197 335 259 374
chair 0.1934 349 309 413 370
chair 0.1797 256 340 357 373
chair 0.1699 255 315 344 372
chair 0.1635 288 313 339 357
chair 0.1417 425 331 488 375
chair 0.1199 354 299 390 333
chair 0.1116 4 326 112 372
chair 0.0951 373 333 415 356
chair 0.0926 393 301 447 364
chair 0.0810 262 303 321 348
chair 0.0735 425 323 456 373
chair 0.0605 383 316 432 367
chair 0.0584 283 302 314 341
chair 0.0512 97 327 138 375
chair 0.0412 0 360 43 374
chair 0.0404 189 329 228 374
chair 0.0359 448 335 472 374
chair 0.0358 358 332 408 375
chair 0.0352 411 339 442 375
chair 0.0344 348 329 380 351
chair 0.0336 86 329 121 371
chair 0.0306 200 343 233 374
chair 0.0296 489 339 499 374
chair 0.0185 189 317 282 340
chair 0.0183 436 321 470 375
chair 0.0179 391 299 448 325
chair 0.0173 455 355 497 374
chair 0.0164 487 355 499 375
chair 0.0160 377 327 411 346
chair 0.0146 426 314 456 345
chair 0.0138 45 355 114 373
chair 0.0129 236 307 380 377
chair 0.0128 0 350 52 373
chair 0.0105 107 356 144 374
chair 0.0098 188 314 302 353
chair 0.0094 366 339 391 374
chair 0.0092 388 346 441 374
chair 0.0090 418 310 466 354
chair 0.0090 221 322 295 355
chair 0.0085 429 317 449 336
chair 0.0080 -6 339 64 373
chair 0.0079 292 309 324 347
chair 0.0078 406 319 431 351
chair 0.0078 326 328 368 370
chair 0.0077 384 357 413 375
chair 0.0077 382 335 414 350
chair 0.0075 492 326 500 369
chair 0.0075 71 333 112 371
chair 0.0073 490 362 499 375
chair 0.0070 427 323 448 343
chair 0.0070 4 326 87 357
chair 0.0068 46 363 89 374
chair 0.0067 213 327 304 374
chair 0.0067 44 338 125 375
chair 0.0065 426 298 492 372
chair 0.0064 432 314 458 333
chair 0.0059 378 302 412 340
chair 0.0059 71 365 107 375
chair 0.0057 369 301 394 331
chair 0.0055 425 334 445 370
chair 0.0055 136 310 218 373
chair 0.0054 0 331 14 365
chair 0.0053 466 343 500 374
chair 0.0049 19 312 139 377
chair 0.0047 425 327 445 354
chair 0.0046 308 314 336 331
chair 0.0044 361 320 408 360
chair 0.0043 201 350 222 374
chair 0.0040 469 361 500 374
chair 0.0040 418 350 445 375
chair 0.0040 117 345 153 376
chair 0.0039 107 320 131 365
chair 0.0036 240 300 305 346
chair 0.0036 425 345 465 374
chair 0.0036 0 324 40 368
chair 0.0034 0 335 8 368
chair 0.0034 90 318 129 358
chair 0.0034 97 341 119 372
chair 0.0033 429 340 450 374
chair 0.0032 421 309 465 335
chair 0.0032 392 304 462 336
chair 0.0032 197 337 220 371
chair 0.0032 424 315 445 331
chair 0.0031 80 348 126 373
chair 0.0031 483 319 499 373
chair 0.0029 353 305 374 333
sofa 0.0071 259 332 378 374
sofa 0.0043 200 302 319 358
sofa 0.0041 257 346 347 373
sofa 0.0035 4 326 112 372
sofa 0.0026 59 320 131 373
sofa 0.0022 381 348 416 375
sofa 0.0019 257 316 342 370
sofa 0.0016 197 316 289 340
sofa 0.0012 125 357 149 374
sofa 0.0011 353 299 410 345
diningtable 0.2219 390 300 450 323
diningtable 0.0919 393 301 447 364
diningtable 0.0458 208 301 313 367
diningtable 0.0316 406 316 444 374
diningtable 0.0310 256 346 348 374
diningtable 0.0275 259 333 379 373
diningtable 0.0240 391 299 442 314
diningtable 0.0213 425 314 458 345
diningtable 0.0210 392 304 462 336
diningtable 0.0189 189 319 269 374
diningtable 0.0165 189 317 282 340
diningtable 0.0159 421 309 465 335
diningtable 0.0158 451 286 499 371
diningtable 0.0154 381 344 434 374
diningtable 0.0151 401 312 434 358
diningtable 0.0132 352 299 408 334
diningtable 0.0129 426 323 464 374
diningtable 0.0129 425 318 446 337
diningtable 0.0124 418 310 466 354
diningtable 0.0115 395 302 488 374
diningtable 0.0104 408 306 451 350
diningtable 0.0098 188 314 302 353
diningtable 0.0096 427 323 448 344
diningtable 0.0089 432 313 458 333
diningtable 0.0089 4 326 112 372
diningtable 0.0089 420 314 449 332
diningtable 0.0060 410 302 454 315
diningtable 0.0056 257 315 342 371
diningtable 0.0055 403 300 450 309
diningtable 0.0054 446 326 498 374
diningtable 0.0053 43 319 132 373
diningtable 0.0048 423 294 485 351
diningtable 0.0042 397 294 482 331
diningtable 0.0042 418 304 448 324
diningtable 0.0040 389 299 434 308
diningtable 0.0039 87 318 130 373
diningtable 0.0036 383 316 432 367
diningtable 0.0032 374 301 428 338
diningtable 0.0031 126 357 148 374
diningtable 0.0024 434 324 455 340
diningtable 0.0023 417 322 439 347
diningtable 0.0020 387 302 418 327
diningtable 0.0020 206 316 274 333
diningtable 0.0019 338 328 382 374
diningtable 0.0018 221 322 295 355
diningtable 0.0018 0 364 37 375
diningtable 0.0017 199 336 260 373
diningtable 0.0016 301 313 338 350
diningtable 0.0014 354 299 400 313
diningtable 0.0014 1 354 48 374
diningtable 0.0014 376 335 414 353
diningtable 0.0014 374 255 489 342
diningtable 0.0012 381 280 480 322
diningtable 0.0012 439 303 464 327
diningtable 0.0012 391 299 416 306
diningtable 0.0012 421 303 444 313
diningtable 0.0012 4 326 87 357
diningtable 0.0012 176 311 273 334
diningtable 0.0012 349 309 413 370
diningtable 0.0011 376 298 421 321
diningtable 0.0011 430 309 449 323
diningtable 0.0011 416 301 431 308
diningtable 0.0011 175 310 210 372
diningtable 0.0010 419 299 458 312
diningtable 0.0010 174 311 255 361
diningtable 0.0010 203 332 310 373
diningtable 0.0010 492 346 499 374
diningtable 0.0010 353 298 380 328
tvmonitor 0.0094 257 328 345 373
tvmonitor 0.0055 208 301 313 367
tvmonitor 0.0038 189 319 269 374
tvmonitor 0.0029 125 357 148 374
tvmonitor 0.0018 374 344 418 374
tvmonitor 0.0012 197 316 289 340
tvmonitor 0.0011 281 329 382 374
tvmonitor 0.0010 349 309 413 370
