person 0.2052 2 185 34 215
person 0.0184 1 182 32 259
person 0.0026 2 193 19 215
person 0.0020 4 158 36 215
person 0.0019 13 196 33 216
person 0.0019 6 197 32 225
person 0.0019 134 131 439 345
person 0.0013 0 198 8 216
person 0.0012 0 184 35 329
car 0.0018 1 186 32 216
car 0.0016 445 130 500 162
car 0.0010 410 164 499 248
dog 0.0053 2 185 34 215
dog 0.0016 0 184 33 272
horse 0.4617 88 156 428 353
horse 0.2194 269 132 426 340
horse 0.0435 2 185 34 215
horse 0.0105 74 192 300 353
horse 0.0079 1 181 32 259
horse 0.0064 324 140 430 293
horse 0.0020 399 171 498 254
horse 0.0017 348 161 468 261
horse 0.0016 361 193 426 260
horse 0.0014 227 168 385 345
horse 0.0012 0 178 92 268
horse 0.0010 381 136 431 260
sheep 0.0012 4 184 33 215
cow 0.0033 85 170 421 349
cow 0.0033 4 184 33 215
cow 0.0015 253 131 415 347
