person 0.0076 11 29 387 500
person 0.0032 359 0 399 49
person 0.0025 81 447 185 500
person 0.0021 333 428 399 500
person 0.0019 67 310 249 500
person 0.0010 0 11 135 119
bicycle 0.0076 7 309 158 499
bicycle 0.0010 77 368 253 498
bicycle 0.0010 64 243 169 425
car 0.0015 14 298 149 489
bird 0.0130 13 31 384 497
bird 0.0079 68 311 247 499
bird 0.0031 32 62 232 474
bird 0.0031 81 447 185 500
bird 0.0026 72 234 187 339
bird 0.0015 79 420 249 499
bird 0.0015 4 267 159 477
bird 0.0013 246 470 290 499
bird 0.0013 37 175 185 427
bird 0.0012 136 374 203 464
bird 0.0010 287 466 338 500
cat 0.0068 13 31 384 497
cat 0.0046 76 442 174 500
cat 0.0030 67 310 249 500
cat 0.0015 51 275 364 501
cat 0.0014 79 419 250 500
cat 0.0011 80 457 140 500
cat 0.0011 29 427 157 500
cat 0.0010 0 4 386 230
horse 0.0019 13 31 384 497
chair 0.0016 0 8 159 119
chair 0.0012 16 32 389 496
chair 0.0012 79 420 249 499
pottedplant 0.0620 7 10 387 493
pottedplant 0.0079 2 272 161 472
pottedplant 0.0066 30 310 199 499
pottedplant 0.0036 359 0 398 47
pottedplant 0.0034 0 68 158 467
pottedplant 0.0026 77 310 281 500
pottedplant 0.0018 79 419 250 500
pottedplant 0.0017 -1 3 388 233
pottedplant 0.0013 31 147 193 432
pottedplant 0.0010 79 440 188 500
diningtable 0.0033 15 30 391 499
tvmonitor 0.0011 11 29 387 500
