person 0.9133 209 84 325 220
person 0.8833 11 95 195 369
person 0.5570 300 78 443 252
person 0.1574 319 215 364 243
person 0.1116 315 60 449 387
person 0.0420 366 229 393 257
person 0.0038 304 153 339 207
person 0.0036 300 206 411 318
person 0.0035 0 162 5 173
person 0.0031 0 200 30 248
person 0.0023 218 199 259 223
person 0.0022 0 214 16 345
person 0.0021 0 134 10 161
person 0.0020 122 164 166 193
person 0.0019 303 134 330 157
person 0.0018 3 246 184 372
person 0.0015 413 164 451 290
person 0.0013 1 149 136 359
person 0.0013 0 127 10 143
person 0.0013 378 149 462 302
person 0.0013 26 84 33 92
person 0.0012 0 200 32 345
person 0.0011 0 147 7 165
person 0.0010 183 142 220 203
person 0.0010 141 213 437 372
car 0.0029 161 222 213 253
car 0.0023 218 198 260 224
car 0.0013 318 214 364 243
car 0.0010 122 164 166 193
aeroplane 0.0014 0 0 79 16
bus 0.0013 0 0 79 16
boat 0.0016 0 108 67 187
bird 0.0015 0 162 5 173
bird 0.0012 216 252 242 271
bottle 0.1727 179 207 192 224
bottle 0.0205 216 252 242 270
bottle 0.0172 332 140 342 154
bottle 0.0168 131 192 142 212
bottle 0.0133 161 223 210 249
bottle 0.0130 131 192 157 213
bottle 0.0087 129 195 143 228
bottle 0.0080 178 199 199 220
bottle 0.0073 171 202 201 230
bottle 0.0063 142 191 166 211
bottle 0.0052 131 200 164 232
bottle 0.0047 333 144 341 159
bottle 0.0047 120 188 133 218
bottle 0.0041 122 166 167 194
bottle 0.0040 320 156 337 176
bottle 0.0039 147 183 155 195
bottle 0.0026 140 194 161 217
bottle 0.0023 316 138 330 157
bottle 0.0020 228 228 247 253
bottle 0.0019 162 174 172 190
bottle 0.0019 154 193 190 211
bottle 0.0018 318 147 330 159
bottle 0.0018 306 134 331 157
bottle 0.0017 164 204 181 223
bottle 0.0015 369 232 390 255
bottle 0.0015 219 199 260 223
bottle 0.0015 144 172 160 193
bottle 0.0014 147 201 190 225
bottle 0.0014 143 179 157 197
bottle 0.0012 276 210 293 230
bottle 0.0012 329 137 353 161
bottle 0.0011 334 150 342 163
bottle 0.0010 154 187 171 196
chair 0.7570 182 142 220 202
chair 0.7227 3 239 179 371
chair 0.6971 122 165 165 193
chair 0.4473 303 134 330 156
chair 0.3804 0 200 30 248
chair 0.3778 319 158 337 206
chair 0.2971 425 157 498 296
chair 0.2201 320 157 337 182
chair 0.1494 0 201 37 350
chair 0.1259 190 287 318 373
chair 0.1227 0 98 69 179
chair 0.1009 424 198 451 288
chair 0.0960 40 295 181 372
chair 0.0952 175 283 424 373
chair 0.0818 403 140 452 171
chair 0.0718 3 245 91 373
chair 0.0625 0 249 15 344
chair 0.0528 414 201 445 336
chair 0.0525 434 139 499 222
chair 0.0497 306 146 336 209
chair 0.0496 406 329 444 374
chair 0.0493 463 126 498 265
chair 0.0476 320 176 333 207
chair 0.0472 424 224 446 280
chair 0.0456 129 187 159 213
chair 0.0439 401 140 435 164
chair 0.0374 397 231 444 371
chair 0.0344 424 146 453 169
chair 0.0332 314 138 330 158
chair 0.0317 10 99 185 370
chair 0.0278 139 213 439 372
chair 0.0276 194 163 235 215
chair 0.0247 366 229 393 257
chair 0.0201 402 141 471 198
chair 0.0193 435 159 497 202
chair 0.0179 481 129 499 258
chair 0.0168 209 84 325 221
chair 0.0163 434 71 499 250
chair 0.0156 191 181 215 204
chair 0.0149 168 167 219 215
chair 0.0146 378 149 462 302
chair 0.0140 409 228 434 359
chair 0.0139 211 140 234 170
chair 0.0138 314 152 338 189
chair 0.0136 121 156 188 193
chair 0.0131 211 146 224 172
chair 0.0118 140 171 163 194
chair 0.0110 0 46 60 136
chair 0.0109 332 140 341 154
chair 0.0108 488 166 500 245
chair 0.0106 311 138 334 174
chair 0.0104 328 137 353 155
chair 0.0100 318 156 337 169
chair 0.0099 418 148 452 296
chair 0.0098 330 116 476 332
chair 0.0097 308 78 443 251
chair 0.0096 441 149 451 168
chair 0.0094 116 167 129 187
chair 0.0093 408 139 488 256
chair 0.0090 0 159 133 351
chair 0.0088 376 260 438 372
chair 0.0088 127 182 182 222
chair 0.0086 128 191 143 211
chair 0.0080 45 141 72 165
chair 0.0077 309 205 333 224
chair 0.0073 405 142 450 158
chair 0.0072 116 279 131 291
chair 0.0070 327 258 386 298
chair 0.0069 471 298 499 371
chair 0.0069 0 269 9 345
chair 0.0068 142 191 166 211
chair 0.0068 418 144 438 172
chair 0.0065 0 130 11 162
chair 0.0065 315 146 332 164
chair 0.0059 167 145 209 197
chair 0.0059 1 192 87 321
chair 0.0058 486 193 499 267
chair 0.0057 -1 255 27 339
chair 0.0056 490 108 500 204
chair 0.0056 376 170 441 363
chair 0.0056 390 135 455 184
chair 0.0053 282 110 353 209
chair 0.0053 308 135 354 155
chair 0.0053 161 223 210 249
chair 0.0051 0 90 79 131
chair 0.0050 181 183 212 208
chair 0.0049 114 283 132 296
chair 0.0047 187 144 225 176
chair 0.0047 30 92 78 140
chair 0.0047 0 101 49 137
chair 0.0047 335 233 428 377
chair 0.0045 213 350 298 373
chair 0.0045 0 153 63 185
chair 0.0045 112 175 208 235
chair 0.0044 324 152 340 163
chair 0.0042 302 129 332 185
chair 0.0042 0 197 56 293
chair 0.0041 52 272 172 341
chair 0.0041 459 167 500 313
chair 0.0040 192 169 217 195
sofa 0.0042 122 164 165 192
sofa 0.0034 183 144 220 202
sofa 0.0024 303 134 330 156
sofa 0.0022 0 199 31 339
sofa 0.0022 26 266 181 372
sofa 0.0016 0 200 30 246
sofa 0.0013 218 199 259 223
sofa 0.0012 209 84 325 221
sofa 0.0010 109 185 433 293
diningtable 0.5232 132 200 444 371
diningtable 0.1376 287 247 328 267
diningtable 0.1199 426 156 498 296
diningtable 0.0673 319 156 337 176
diningtable 0.0670 178 282 422 373
diningtable 0.0598 0 96 69 173
diningtable 0.0556 304 134 331 156
diningtable 0.0464 230 225 338 261
diningtable 0.0289 265 232 299 253
diningtable 0.0268 122 164 166 193
diningtable 0.0245 314 138 330 158
diningtable 0.0245 128 181 448 289
diningtable 0.0222 421 117 499 245
diningtable 0.0203 320 157 338 192
diningtable 0.0162 317 146 330 159
diningtable 0.0153 190 287 319 373
diningtable 0.0131 220 201 261 228
diningtable 0.0130 319 247 387 299
diningtable 0.0127 332 143 342 160
diningtable 0.0126 328 137 356 155
diningtable 0.0125 160 222 213 251
diningtable 0.0117 304 153 339 207
diningtable 0.0115 318 214 364 244
diningtable 0.0115 0 46 60 136
diningtable 0.0108 0 92 60 122
diningtable 0.0108 303 78 442 250
diningtable 0.0097 421 156 499 202
diningtable 0.0091 16 93 222 369
diningtable 0.0090 94 202 312 296
diningtable 0.0090 75 179 315 358
diningtable 0.0082 324 152 340 163
diningtable 0.0078 211 249 251 270
diningtable 0.0077 137 190 160 218
diningtable 0.0060 434 164 490 193
diningtable 0.0060 0 101 49 137
diningtable 0.0059 129 187 214 225
diningtable 0.0058 202 245 226 257
diningtable 0.0057 155 192 183 207
diningtable 0.0050 94 173 250 271
diningtable 0.0049 104 149 180 187
diningtable 0.0048 278 220 358 244
diningtable 0.0048 311 137 334 175
diningtable 0.0048 60 137 267 306
diningtable 0.0045 24 95 80 162
diningtable 0.0045 229 228 247 253
diningtable 0.0045 181 238 265 278
diningtable 0.0043 209 84 325 221
diningtable 0.0042 406 141 455 172
diningtable 0.0041 0 153 63 185
diningtable 0.0041 0 200 30 249
diningtable 0.0040 0 162 5 173
diningtable 0.0039 125 199 252 260
diningtable 0.0039 328 138 341 151
diningtable 0.0038 1 92 53 107
diningtable 0.0038 317 130 369 178
diningtable 0.0037 459 167 500 313
diningtable 0.0036 13 121 211 174
diningtable 0.0036 32 103 74 138
diningtable 0.0035 246 225 272 241
diningtable 0.0033 179 205 193 225
diningtable 0.0033 322 133 364 162
diningtable 0.0032 112 175 208 235
diningtable 0.0031 119 178 188 214
diningtable 0.0031 421 195 453 287
diningtable 0.0030 12 88 83 133
diningtable 0.0029 409 144 484 220
diningtable 0.0029 128 180 159 213
diningtable 0.0028 405 142 450 158
diningtable 0.0027 18 93 140 163
diningtable 0.0027 424 144 453 170
diningtable 0.0026 180 147 223 212
diningtable 0.0025 463 126 498 265
diningtable 0.0025 339 136 357 151
diningtable 0.0025 46 130 242 189
diningtable 0.0024 287 94 381 227
diningtable 0.0023 34 120 69 147
diningtable 0.0023 275 211 403 272
diningtable 0.0022 168 167 219 215
diningtable 0.0021 142 191 166 211
diningtable 0.0021 0 43 55 93
diningtable 0.0021 2 106 76 149
diningtable 0.0021 0 159 9 173
diningtable 0.0020 143 157 418 240
diningtable 0.0020 265 146 455 360
diningtable 0.0019 0 124 63 209
diningtable 0.0019 113 141 179 171
diningtable 0.0019 157 197 322 266
diningtable 0.0019 0 180 38 214
diningtable 0.0019 161 194 195 207
diningtable 0.0019 303 231 432 359
diningtable 0.0019 116 139 160 156
diningtable 0.0018 0 145 12 161
diningtable 0.0018 301 129 332 185
diningtable 0.0017 276 210 293 230
diningtable 0.0017 40 131 72 166
diningtable 0.0017 486 193 499 267
diningtable 0.0016 369 232 390 255
diningtable 0.0016 2 126 174 214
diningtable 0.0016 4 85 38 95
diningtable 0.0016 11 89 70 101
tvmonitor 0.0020 122 164 167 193
