person 0.0188 441 166 451 192
person 0.0121 95 161 119 177
person 0.0112 478 179 499 190
person 0.0108 184 165 193 178
person 0.0104 439 166 476 192
person 0.0072 481 166 500 181
person 0.0071 150 168 166 176
person 0.0070 442 165 462 188
person 0.0064 278 138 356 317
person 0.0056 175 165 183 175
person 0.0047 442 166 451 179
person 0.0040 95 164 105 177
person 0.0038 451 173 467 189
person 0.0035 441 175 449 194
person 0.0032 312 229 354 320
person 0.0028 446 164 459 177
person 0.0028 488 165 499 177
person 0.0025 154 166 170 175
person 0.0022 166 165 177 175
person 0.0022 96 169 103 177
person 0.0021 470 177 500 195
person 0.0017 94 169 115 177
person 0.0016 444 176 459 192
person 0.0014 417 166 428 185
person 0.0012 474 166 499 186
person 0.0012 448 164 468 178
person 0.0011 341 125 375 146
person 0.0011 96 158 178 179
bicycle 0.0017 472 180 499 195
car 0.0401 475 175 500 190
car 0.0208 472 180 499 195
car 0.0149 440 164 495 190
car 0.0140 446 173 485 190
car 0.0115 481 166 500 181
car 0.0108 473 167 500 188
car 0.0060 95 156 119 173
car 0.0060 476 164 496 176
car 0.0057 488 165 499 177
car 0.0041 484 181 499 191
car 0.0037 93 156 168 178
car 0.0031 458 176 479 188
car 0.0026 95 156 116 164
car 0.0024 456 184 501 200
car 0.0024 454 177 489 193
car 0.0022 442 170 463 191
car 0.0020 107 166 159 177
car 0.0016 451 173 467 189
car 0.0013 444 164 472 178
car 0.0010 454 167 477 187
motorbike 0.0011 472 180 499 195
motorbike 0.0010 475 175 500 191
bus 0.0016 438 163 496 189
bus 0.0012 473 167 500 188
bus 0.0011 92 156 153 178
boat 0.0031 475 175 500 190
boat 0.0026 472 180 499 195
boat 0.0015 95 158 168 178
bird 0.0030 276 136 357 309
bird 0.0015 341 126 377 146
bird 0.0015 312 226 355 319
dog 0.0055 278 138 353 296
dog 0.0020 312 226 354 320
horse 0.8368 276 137 355 317
horse 0.0231 313 228 355 317
horse 0.0065 254 64 375 311
horse 0.0022 165 24 436 322
horse 0.0018 477 180 499 191
horse 0.0013 94 155 183 178
sheep 0.0021 478 180 500 191
sheep 0.0011 278 138 353 296
cow 0.0118 276 137 355 307
cow 0.0016 478 180 500 191
chair 0.0065 478 179 499 190
chair 0.0013 471 177 499 194
chair 0.0010 93 155 175 179
pottedplant 0.0023 475 178 499 192
pottedplant 0.0018 481 165 499 181
diningtable 0.0021 476 176 500 190
diningtable 0.0017 472 180 499 195
diningtable 0.0013 467 185 499 200
