person 0.6525 4 2 295 447
person 0.0523 269 45 299 185
person 0.0161 0 237 296 450
person 0.0143 255 44 299 368
person 0.0037 1 290 177 451
person 0.0032 271 109 299 188
person 0.0032 169 41 297 428
person 0.0028 242 177 299 310
person 0.0022 -4 12 89 448
person 0.0020 247 0 298 177
person 0.0018 11 165 284 345
person 0.0016 267 67 299 285
person 0.0015 272 95 298 157
person 0.0014 278 38 299 104
person 0.0014 288 41 299 98
car 0.0035 1 198 295 450
car 0.0018 271 39 299 197
car 0.0014 12 -3 304 196
motorbike 0.0080 5 195 299 450
bus 0.0091 8 -1 300 166
bus 0.0030 4 2 300 439
train 0.0019 11 -3 299 199
train 0.0010 0 7 296 439
dog 0.0012 4 4 295 446
horse 0.0012 5 195 299 450
tvmonitor 0.0082 8 -1 300 166
tvmonitor 0.0020 63 0 101 12
tvmonitor 0.0013 -10 8 311 298
