person 0.0054 13 80 422 328
bicycle 0.0057 56 63 212 152
bicycle 0.0041 22 28 412 282
bicycle 0.0036 72 65 286 200
car 0.0022 13 80 422 328
motorbike 0.0011 169 95 427 328
bird 0.0031 169 95 427 328
bird 0.0013 55 66 148 110
bird 0.0010 81 74 217 148
cat 0.0433 170 95 427 328
dog 0.8367 171 94 425 329
dog 0.0018 178 223 411 329
sheep 0.0013 171 94 424 329
pottedplant 0.0016 45 65 205 141
pottedplant 0.0014 50 66 158 120
pottedplant 0.0012 2 58 217 321
pottedplant 0.0012 14 56 422 320
pottedplant 0.0010 79 62 253 223
diningtable 0.0011 13 80 422 328
