person 0.9165 24 0 163 226
person 0.8719 148 0 219 189
person 0.8387 0 190 169 442
person 0.8166 233 51 330 455
person 0.7556 188 0 268 174
person 0.2942 9 142 141 271
person 0.2684 312 0 330 84
person 0.2386 3 141 105 229
person 0.2212 263 0 319 58
person 0.1641 2 0 63 143
person 0.1563 7 142 76 205
person 0.1110 0 0 37 128
person 0.0331 196 40 307 390
person 0.0287 12 180 151 324
person 0.0251 216 41 331 255
person 0.0235 103 38 123 65
person 0.0227 21 0 100 163
person 0.0152 199 143 268 233
person 0.0140 5 385 197 498
person 0.0136 141 1 165 63
person 0.0128 293 0 331 87
person 0.0120 204 35 273 251
person 0.0109 126 205 151 240
person 0.0099 291 0 320 58
person 0.0088 298 0 319 38
person 0.0086 57 207 136 277
person 0.0082 2 273 190 502
person 0.0082 93 0 124 65
person 0.0077 248 47 330 159
person 0.0076 308 0 319 27
person 0.0070 0 -1 21 102
person 0.0069 303 0 326 60
person 0.0068 98 0 155 62
person 0.0062 175 0 200 13
person 0.0059 0 0 19 44
person 0.0059 218 141 271 205
person 0.0054 99 6 169 124
person 0.0052 28 140 230 297
person 0.0051 286 0 313 17
person 0.0048 20 0 127 66
person 0.0044 194 180 319 453
person 0.0043 95 -2 234 211
person 0.0040 128 231 169 279
person 0.0039 221 220 281 371
person 0.0038 18 1 57 95
person 0.0038 102 32 130 81
person 0.0038 166 0 214 32
person 0.0037 132 136 297 387
person 0.0036 191 0 292 74
person 0.0035 208 109 306 236
person 0.0035 1 384 33 499
person 0.0035 260 -1 332 104
person 0.0034 215 183 252 243
person 0.0032 270 0 304 15
person 0.0032 130 0 232 63
person 0.0029 310 1 327 44
person 0.0029 231 165 331 305
person 0.0028 121 207 165 273
person 0.0028 71 221 127 258
person 0.0027 285 0 316 31
person 0.0027 0 148 77 316
person 0.0025 192 159 266 287
person 0.0025 211 201 241 254
person 0.0025 310 0 325 21
person 0.0024 305 4 330 126
person 0.0023 289 0 308 10
person 0.0022 147 0 271 85
person 0.0022 237 174 264 290
person 0.0022 196 0 216 22
person 0.0021 33 108 51 122
person 0.0020 178 0 215 22
person 0.0020 0 112 67 181
person 0.0018 309 0 320 7
person 0.0018 37 0 61 34
person 0.0017 128 0 158 62
person 0.0017 2 58 100 221
person 0.0017 65 198 103 239
person 0.0016 263 0 294 53
person 0.0015 103 158 265 326
person 0.0015 266 0 310 32
person 0.0015 49 0 61 33
person 0.0015 246 215 333 441
person 0.0014 139 0 170 117
person 0.0014 78 196 186 443
person 0.0013 280 0 299 11
person 0.0013 319 -2 333 74
person 0.0013 217 67 270 165
person 0.0013 149 9 281 258
person 0.0013 55 172 160 272
person 0.0012 65 220 129 314
person 0.0012 201 6 342 160
person 0.0012 20 124 171 234
person 0.0012 3 383 98 497
person 0.0012 128 201 177 242
person 0.0011 66 12 177 174
person 0.0011 22 0 49 33
person 0.0011 169 191 186 225
person 0.0011 117 215 143 251
person 0.0011 316 0 331 31
person 0.0011 221 209 263 261
bicycle 0.0016 196 162 251 229
bottle 0.0900 217 190 247 228
bottle 0.0689 197 172 250 231
bottle 0.0306 220 201 240 243
bottle 0.0289 132 232 169 277
bottle 0.0248 133 256 158 280
bottle 0.0114 209 214 237 256
bottle 0.0109 197 144 267 223
bottle 0.0085 127 250 151 281
bottle 0.0077 188 248 207 283
bottle 0.0074 33 106 51 121
bottle 0.0069 124 207 152 254
bottle 0.0062 131 207 150 243
bottle 0.0054 195 181 219 223
bottle 0.0049 219 140 270 204
bottle 0.0045 116 215 141 252
bottle 0.0042 183 184 195 213
bottle 0.0035 212 227 234 252
bottle 0.0034 200 192 233 240
bottle 0.0029 215 173 253 219
bottle 0.0029 239 231 257 260
bottle 0.0029 109 162 264 358
bottle 0.0027 138 232 164 262
bottle 0.0026 123 230 155 273
bottle 0.0023 155 209 176 242
bottle 0.0023 102 37 124 65
bottle 0.0020 140 249 169 279
bottle 0.0020 219 204 238 227
bottle 0.0019 219 181 244 211
bottle 0.0018 238 212 260 262
bottle 0.0018 206 200 225 229
bottle 0.0015 131 244 157 276
bottle 0.0015 196 40 307 390
bottle 0.0014 215 156 261 255
bottle 0.0014 169 191 186 224
bottle 0.0014 150 231 172 263
bottle 0.0013 208 109 306 236
bottle 0.0013 183 192 197 224
bottle 0.0013 116 242 143 275
bottle 0.0012 128 201 177 242
bottle 0.0011 121 207 165 273
bottle 0.0011 118 227 144 260
bottle 0.0011 175 0 200 13
bottle 0.0010 186 248 198 267
bottle 0.0010 252 105 268 140
bottle 0.0010 236 286 258 317
bottle 0.0010 142 262 164 276
chair 0.0795 6 385 197 498
chair 0.0144 0 198 177 502
chair 0.0088 1 384 33 499
chair 0.0079 99 6 169 124
chair 0.0069 139 0 161 61
chair 0.0050 223 304 331 433
chair 0.0042 135 0 215 182
chair 0.0039 162 251 258 363
chair 0.0038 4 142 73 202
chair 0.0034 11 144 128 238
chair 0.0032 98 0 155 62
chair 0.0031 214 301 258 368
chair 0.0025 195 210 328 452
chair 0.0024 197 152 256 230
chair 0.0023 294 311 329 406
chair 0.0021 263 0 320 58
chair 0.0021 188 248 207 283
chair 0.0020 23 -1 162 222
chair 0.0018 0 165 16 201
chair 0.0018 3 324 112 410
chair 0.0017 3 383 98 497
chair 0.0017 98 5 129 65
chair 0.0017 33 107 51 121
chair 0.0017 2 266 116 455
chair 0.0016 299 344 316 391
chair 0.0016 0 115 67 177
chair 0.0015 308 0 319 27
chair 0.0014 212 141 272 217
chair 0.0014 303 0 330 67
chair 0.0012 221 33 330 333
chair 0.0012 2 34 59 163
chair 0.0011 202 256 274 380
chair 0.0011 14 0 66 140
chair 0.0010 298 0 319 38
chair 0.0010 16 189 146 294
chair 0.0010 103 38 123 65
chair 0.0010 102 32 130 81
sofa 0.4488 6 385 197 498
sofa 0.0147 104 2 168 124
sofa 0.0124 23 -1 162 222
sofa 0.0115 135 0 215 182
sofa 0.0106 0 281 186 499
sofa 0.0073 175 0 268 139
sofa 0.0066 1 384 33 499
sofa 0.0059 3 141 95 226
sofa 0.0053 102 32 130 81
sofa 0.0044 0 197 170 442
sofa 0.0039 223 304 331 433
sofa 0.0039 3 143 133 265
sofa 0.0037 3 383 98 497
sofa 0.0030 98 0 155 62
sofa 0.0028 98 5 129 65
sofa 0.0027 140 0 163 62
sofa 0.0023 287 303 330 423
sofa 0.0023 111 140 276 341
sofa 0.0022 130 0 232 63
sofa 0.0021 148 0 271 81
sofa 0.0020 230 36 331 420
sofa 0.0020 10 141 74 201
sofa 0.0018 20 0 127 66
sofa 0.0017 102 36 124 66
sofa 0.0016 217 205 332 451
sofa 0.0016 66 12 177 174
sofa 0.0014 263 0 318 58
sofa 0.0014 161 251 259 363
sofa 0.0013 109 56 170 127
sofa 0.0013 127 0 177 66
sofa 0.0013 32 434 201 500
sofa 0.0012 197 162 251 236
sofa 0.0011 5 184 146 295
sofa 0.0011 0 120 71 174
sofa 0.0010 14 0 66 140
sofa 0.0010 166 0 214 32
pottedplant 0.3388 197 152 256 230
pottedplant 0.0516 211 189 246 230
pottedplant 0.0406 196 74 313 308
pottedplant 0.0389 185 145 277 254
pottedplant 0.0353 212 141 272 217
pottedplant 0.0186 217 199 240 246
pottedplant 0.0149 196 26 340 459
pottedplant 0.0115 208 109 306 236
pottedplant 0.0072 208 170 251 222
pottedplant 0.0063 119 145 288 285
pottedplant 0.0041 121 105 335 360
pottedplant 0.0031 215 156 261 255
pottedplant 0.0029 149 77 276 264
pottedplant 0.0026 191 1 281 253
pottedplant 0.0020 221 190 254 223
pottedplant 0.0018 220 138 268 182
pottedplant 0.0017 200 181 240 235
pottedplant 0.0013 203 145 248 202
pottedplant 0.0010 213 228 235 252
diningtable 0.2125 125 172 266 351
diningtable 0.1101 159 249 254 354
diningtable 0.0457 120 128 313 398
diningtable 0.0395 156 208 182 245
diningtable 0.0338 186 249 206 281
diningtable 0.0277 185 244 214 299
diningtable 0.0212 129 231 170 278
diningtable 0.0167 209 214 237 256
diningtable 0.0116 98 163 255 275
diningtable 0.0093 12 390 198 498
diningtable 0.0063 211 58 330 456
diningtable 0.0056 196 168 249 245
diningtable 0.0048 192 159 266 287
diningtable 0.0043 131 207 150 242
diningtable 0.0039 211 249 248 310
diningtable 0.0031 141 213 246 286
diningtable 0.0031 171 243 210 271
diningtable 0.0028 124 207 152 254
diningtable 0.0027 155 244 286 399
diningtable 0.0026 199 282 261 371
diningtable 0.0025 221 259 239 296
diningtable 0.0025 128 201 177 242
diningtable 0.0024 13 172 245 341
diningtable 0.0024 120 203 184 335
diningtable 0.0020 121 207 165 273
diningtable 0.0020 145 231 185 274
diningtable 0.0018 131 251 164 279
diningtable 0.0018 33 179 281 444
diningtable 0.0015 1 384 33 499
diningtable 0.0015 168 191 186 225
diningtable 0.0012 64 121 301 274
diningtable 0.0012 11 142 127 228
diningtable 0.0011 -1 191 177 439
diningtable 0.0011 116 212 228 316
diningtable 0.0011 213 228 235 252
diningtable 0.0011 194 137 278 239
diningtable 0.0010 197 227 330 435
