person 0.0032 0 226 30 341
person 0.0013 4 15 369 497
person 0.0010 97 20 298 248
bicycle 0.0015 -1 -1 372 481
cat 0.0051 67 27 369 492
cat 0.0034 0 226 30 341
dog 0.0061 0 226 30 341
horse 0.0013 0 228 30 339
sheep 0.0115 0 227 30 338
cow 0.0076 0 228 30 339
chair 0.3357 -1 -1 372 481
chair 0.0480 0 226 30 340
chair 0.0273 106 24 291 245
chair 0.0214 84 261 341 501
chair 0.0058 90 433 338 500
chair 0.0040 0 395 100 498
chair 0.0031 273 15 373 394
chair 0.0021 15 43 305 338
chair 0.0020 63 9 336 169
chair 0.0018 60 10 343 89
chair 0.0014 0 0 52 50
chair 0.0012 -1 15 137 496
sofa 0.0113 0 395 100 498
sofa 0.0059 1 21 358 492
sofa 0.0012 0 228 30 341
sofa 0.0010 106 24 291 245
pottedplant 0.0017 3 18 356 491
diningtable 0.0065 -1 7 364 478
diningtable 0.0014 106 24 291 245
diningtable 0.0012 313 -1 374 105
diningtable 0.0012 0 396 98 498
diningtable 0.0011 1 0 52 47
diningtable 0.0010 49 5 350 95
