person 0.0091 256 218 262 227
person 0.0091 68 194 85 206
person 0.0062 72 197 98 206
person 0.0060 307 201 322 215
person 0.0047 254 214 276 231
person 0.0046 258 215 266 229
person 0.0042 0 207 13 230
person 0.0038 310 207 320 217
person 0.0035 255 218 260 227
person 0.0033 396 185 404 190
person 0.0032 250 222 265 235
person 0.0022 167 200 180 209
person 0.0021 267 214 290 232
person 0.0020 249 231 269 238
person 0.0019 473 231 483 241
person 0.0018 0 203 27 228
person 0.0017 300 208 318 218
person 0.0016 285 201 322 218
person 0.0016 85 197 98 205
person 0.0015 467 232 481 242
person 0.0015 314 207 322 216
person 0.0012 292 206 315 217
person 0.0011 311 202 325 210
person 0.0011 461 232 482 251
person 0.0011 469 231 484 246
person 0.0010 284 205 290 217
person 0.0010 41 202 52 207
person 0.0010 70 200 88 207
car 0.1329 80 197 99 206
car 0.0553 68 195 98 206
car 0.0383 0 208 10 230
car 0.0248 203 231 248 242
car 0.0213 68 194 85 206
car 0.0174 8 202 27 217
car 0.0171 168 201 180 209
car 0.0170 250 230 280 238
car 0.0157 -1 203 28 229
car 0.0122 79 220 121 247
car 0.0099 74 200 96 207
car 0.0094 106 198 123 205
car 0.0093 250 231 265 238
car 0.0092 49 201 69 207
car 0.0092 266 214 289 234
car 0.0064 0 219 8 229
car 0.0053 403 171 441 187
car 0.0053 285 228 341 259
car 0.0051 253 198 283 211
car 0.0050 7 222 62 251
car 0.0047 87 197 100 204
car 0.0045 196 249 259 264
car 0.0041 341 160 363 169
car 0.0040 250 223 282 238
car 0.0037 42 202 53 207
car 0.0036 0 215 15 231
car 0.0035 219 232 245 241
car 0.0029 30 201 51 208
car 0.0028 213 232 264 240
car 0.0025 0 203 15 221
car 0.0022 260 232 282 238
car 0.0022 417 171 440 185
car 0.0021 101 198 109 204
car 0.0019 427 169 441 179
car 0.0018 27 202 45 209
car 0.0015 230 232 248 239
car 0.0015 250 222 265 235
car 0.0014 45 202 59 207
car 0.0014 5 210 34 227
car 0.0013 259 199 290 218
car 0.0013 69 199 89 207
car 0.0012 0 201 15 210
car 0.0012 307 201 322 210
car 0.0012 103 198 116 204
car 0.0011 12 202 37 216
car 0.0011 458 240 483 254
motorbike 0.0011 80 197 99 206
aeroplane 0.4669 1 131 486 217
aeroplane 0.0454 100 147 504 250
aeroplane 0.0350 2 101 281 209
aeroplane 0.0285 204 154 235 162
aeroplane 0.0204 203 231 248 242
aeroplane 0.0117 265 207 292 228
aeroplane 0.0079 340 160 363 168
aeroplane 0.0068 285 227 377 257
aeroplane 0.0048 3 51 376 216
aeroplane 0.0048 238 197 286 212
aeroplane 0.0047 197 168 333 222
aeroplane 0.0045 182 124 495 197
aeroplane 0.0044 -2 140 485 331
aeroplane 0.0037 220 157 450 255
aeroplane 0.0035 249 230 272 238
aeroplane 0.0035 196 247 259 264
aeroplane 0.0029 260 213 291 237
aeroplane 0.0028 93 145 374 211
aeroplane 0.0028 388 168 452 190
aeroplane 0.0027 212 232 266 240
aeroplane 0.0025 257 186 401 255
aeroplane 0.0023 387 118 481 146
aeroplane 0.0022 333 229 374 253
aeroplane 0.0018 207 194 285 215
aeroplane 0.0017 199 229 280 247
aeroplane 0.0016 127 134 349 191
aeroplane 0.0016 281 179 496 259
aeroplane 0.0015 192 204 284 236
aeroplane 0.0015 195 154 364 187
aeroplane 0.0015 143 190 292 216
aeroplane 0.0014 250 221 267 235
aeroplane 0.0014 347 163 431 192
aeroplane 0.0012 81 197 98 206
aeroplane 0.0011 0 100 57 165
aeroplane 0.0011 69 195 97 206
aeroplane 0.0011 197 236 257 252
aeroplane 0.0011 7 222 62 251
bus 0.0278 266 213 289 234
bus 0.0099 284 230 341 259
bus 0.0085 8 222 63 249
bus 0.0072 79 220 121 247
bus 0.0065 0 207 13 230
bus 0.0055 203 231 248 242
bus 0.0046 68 195 91 206
bus 0.0028 -1 203 28 229
bus 0.0025 80 197 99 206
bus 0.0020 12 142 498 221
bus 0.0015 250 223 283 238
bus 0.0014 250 230 280 238
bus 0.0010 8 202 27 217
bus 0.0010 197 248 258 264
train 0.0012 266 214 289 234
boat 0.0087 203 231 248 242
boat 0.0054 197 249 258 264
boat 0.0052 266 214 290 234
boat 0.0015 199 229 280 247
boat 0.0014 250 223 283 238
boat 0.0013 7 222 62 251
boat 0.0012 250 230 280 238
boat 0.0012 80 197 99 206
boat 0.0011 212 232 266 240
boat 0.0010 9 111 482 216
boat 0.0010 68 195 91 206
bird 0.0066 448 9 453 20
