person 0.5156 173 75 234 261
person 0.0834 153 81 275 258
person 0.0556 177 77 223 162
person 0.0292 21 78 350 260
person 0.0275 197 217 220 249
person 0.0175 62 123 80 148
person 0.0085 493 59 499 79
person 0.0043 -2 129 382 318
person 0.0031 195 97 258 274
person 0.0030 182 91 248 205
person 0.0029 109 73 235 251
person 0.0011 58 115 87 153
person 0.0011 64 115 86 140
person 0.0011 315 166 406 249
person 0.0010 142 79 205 241
person 0.0010 183 100 330 274
person 0.0010 492 56 500 103
bicycle 0.0092 63 125 81 147
bicycle 0.0038 58 115 87 153
bicycle 0.0018 21 78 350 260
bicycle 0.0015 153 81 275 258
bicycle 0.0013 172 77 229 258
bicycle 0.0012 7 80 113 187
aeroplane 0.0180 -2 105 381 284
aeroplane 0.0018 172 77 225 255
aeroplane 0.0015 153 81 275 258
boat 0.0048 -1 127 377 309
bird 0.0036 64 126 79 147
bird 0.0020 493 59 499 79
bird 0.0010 314 165 406 250
cat 0.0041 314 166 406 250
dog 0.9358 314 166 406 249
dog 0.0021 63 122 80 148
horse 0.0016 63 122 81 148
horse 0.0013 315 166 406 249
sheep 0.0015 315 166 406 249
cow 0.0012 314 165 406 250
bottle 0.0016 177 117 189 131
chair 0.0046 62 123 80 148
chair 0.0017 58 115 87 153
diningtable 0.0023 0 105 373 283
diningtable 0.0013 3 71 136 185
