person 0.0037 10 5 485 358
person 0.0024 338 179 497 307
person 0.0022 408 52 481 190
person 0.0010 444 60 499 188
car 0.0014 463 64 500 121
bird 0.0032 1 6 481 371
cat 0.1786 4 5 481 361
cat 0.0023 5 219 485 369
cat 0.0018 6 20 239 372
dog 0.3511 4 5 481 361
dog 0.0019 -2 174 506 367
dog 0.0016 320 180 501 306
horse 0.0014 4 5 481 361
sheep 0.0029 1 6 481 371
cow 0.0016 1 6 481 371
bottle 0.0051 320 180 500 306
bottle 0.0018 423 119 500 190
bottle 0.0018 466 91 499 189
bottle 0.0017 444 60 499 188
bottle 0.0014 402 60 491 190
chair 0.0028 461 61 500 188
chair 0.0019 403 60 492 190
chair 0.0011 0 0 77 66
chair 0.0011 421 117 499 191
chair 0.0010 10 5 485 358
sofa 0.0111 10 5 485 358
sofa 0.0010 -2 174 506 367
diningtable 0.0013 1 6 481 371
tvmonitor 0.0011 0 0 76 65
