person 0.8133 204 135 241 212
person 0.0054 202 141 225 204
person 0.0053 187 311 199 328
person 0.0051 182 311 214 349
person 0.0049 204 136 236 161
person 0.0046 184 311 232 358
person 0.0027 213 322 227 344
person 0.0026 216 324 225 336
person 0.0024 185 310 202 343
person 0.0020 203 319 232 361
person 0.0018 223 136 243 207
car 0.0012 205 139 235 163
boat 0.0044 176 208 259 223
bird 0.0046 187 311 199 328
bird 0.0020 204 135 241 212
bird 0.0012 182 311 214 349
bird 0.0011 180 311 233 359
cat 0.0011 204 136 236 161
dog 0.0090 203 134 241 215
dog 0.0038 181 311 230 354
dog 0.0029 186 311 200 328
dog 0.0027 204 136 236 161
horse 0.0066 184 311 232 358
horse 0.0043 182 311 214 349
horse 0.0040 204 133 241 214
horse 0.0019 186 311 203 331
sheep 0.0010 186 311 200 328
cow 0.0015 181 311 230 354
cow 0.0013 186 311 200 328
