person 0.0861 173 132 249 214
person 0.0252 85 134 350 283
person 0.0125 130 132 363 215
person 0.0079 193 131 287 210
person 0.0047 100 131 257 215
person 0.0016 492 24 499 37
person 0.0015 460 0 500 40
person 0.0013 70 100 507 274
person 0.0011 196 133 237 195
car 0.0060 460 0 499 40
car 0.0049 492 24 499 37
car 0.0021 479 2 499 38
car 0.0011 489 4 500 38
aeroplane 0.0094 84 134 402 284
boat 0.6500 82 135 403 289
boat 0.0025 162 131 303 215
boat 0.0010 94 130 242 214
dog 0.0237 173 132 248 213
dog 0.0080 100 131 257 215
dog 0.0068 85 134 350 283
chair 0.0014 460 0 500 40
