person 0.6995 86 77 122 105
person 0.0766 81 78 108 103
person 0.0456 349 443 374 499
person 0.0225 101 87 123 105
person 0.0089 82 83 98 104
person 0.0037 73 77 130 125
person 0.0028 53 39 68 65
person 0.0028 0 215 27 330
person 0.0026 70 133 103 155
person 0.0024 44 153 110 251
person 0.0020 105 136 155 233
person 0.0020 110 90 124 104
person 0.0017 84 64 132 110
person 0.0016 100 133 110 157
person 0.0014 101 134 106 144
person 0.0012 44 142 197 248
person 0.0012 78 86 94 101
person 0.0012 49 37 68 84
person 0.0012 101 140 116 164
person 0.0011 129 80 149 105
person 0.0010 128 38 140 63
person 0.0010 8 133 151 223
person 0.0010 74 144 141 252
bicycle 0.0058 234 144 283 212
bicycle 0.0011 237 147 281 172
car 0.0016 0 214 27 331
bird 0.0049 128 38 139 62
dog 0.0020 349 443 373 499
dog 0.0010 230 146 283 212
horse 0.0010 239 149 282 218
bottle 0.1510 101 137 115 161
bottle 0.1268 100 133 107 150
bottle 0.1229 100 133 110 157
bottle 0.1139 104 236 122 284
bottle 0.0353 101 134 106 144
bottle 0.0321 115 134 121 147
bottle 0.0319 105 133 118 158
bottle 0.0208 128 38 140 63
bottle 0.0194 147 135 153 149
bottle 0.0147 317 71 324 86
bottle 0.0123 311 87 318 103
bottle 0.0101 55 40 67 64
bottle 0.0059 56 0 64 20
bottle 0.0057 314 87 333 104
bottle 0.0051 52 30 69 66
bottle 0.0051 342 78 348 90
bottle 0.0045 115 135 125 153
bottle 0.0044 94 134 124 162
bottle 0.0042 128 93 137 104
bottle 0.0042 136 136 154 151
bottle 0.0040 69 135 75 151
bottle 0.0034 86 135 105 154
bottle 0.0033 325 93 334 111
bottle 0.0033 230 162 247 185
bottle 0.0032 48 1 64 25
bottle 0.0031 86 78 122 105
bottle 0.0027 116 135 121 143
bottle 0.0025 78 86 93 103
bottle 0.0025 321 87 336 110
bottle 0.0024 80 80 101 104
bottle 0.0024 105 230 118 272
bottle 0.0020 50 39 67 82
bottle 0.0019 70 133 106 159
bottle 0.0019 62 93 72 104
bottle 0.0018 117 135 142 152
bottle 0.0017 53 57 64 79
bottle 0.0016 148 135 153 143
bottle 0.0016 234 145 275 202
bottle 0.0015 101 144 116 173
bottle 0.0015 30 156 99 254
bottle 0.0014 326 100 334 111
bottle 0.0014 112 135 131 154
bottle 0.0013 47 9 68 63
bottle 0.0013 142 161 150 178
bottle 0.0011 338 79 348 99
bottle 0.0010 229 150 260 191
bottle 0.0010 129 80 149 105
bottle 0.0010 120 135 155 160
bottle 0.0010 45 5 62 30
chair 0.8558 164 145 215 238
chair 0.7120 105 154 154 252
chair 0.6875 37 158 104 253
chair 0.4868 69 133 103 153
chair 0.4599 118 134 153 151
chair 0.4463 235 147 284 218
chair 0.3789 0 164 40 238
chair 0.1933 0 214 27 331
chair 0.1825 1 360 269 498
chair 0.1245 75 248 156 362
chair 0.0969 69 134 75 154
chair 0.0946 69 134 110 169
chair 0.0872 348 443 374 499
chair 0.0795 101 137 115 161
chair 0.0670 3 148 98 241
chair 0.0665 44 142 197 248
chair 0.0607 141 135 154 149
chair 0.0560 68 134 86 154
chair 0.0546 110 135 154 163
chair 0.0432 22 136 182 197
chair 0.0366 147 135 153 149
chair 0.0330 149 148 198 178
chair 0.0318 -2 139 141 171
chair 0.0309 110 143 198 181
chair 0.0294 2 149 72 177
chair 0.0270 75 133 103 143
chair 0.0241 2 147 109 185
chair 0.0228 0 181 33 263
chair 0.0225 236 146 282 172
chair 0.0223 115 134 121 148
chair 0.0217 0 156 19 175
chair 0.0202 107 147 156 188
chair 0.0191 77 130 169 234
chair 0.0176 71 148 102 169
chair 0.0175 94 134 124 162
chair 0.0175 111 144 225 242
chair 0.0148 44 134 109 154
chair 0.0138 100 134 107 150
chair 0.0135 0 179 22 237
chair 0.0133 101 144 116 173
chair 0.0132 82 133 107 150
chair 0.0128 71 148 170 186
chair 0.0124 163 145 209 195
chair 0.0121 71 137 97 161
chair 0.0120 230 156 248 186
chair 0.0115 280 150 303 212
chair 0.0109 0 152 25 210
chair 0.0102 129 149 187 243
chair 0.0100 115 135 125 153
chair 0.0094 205 144 216 173
chair 0.0093 229 153 258 201
chair 0.0092 112 135 131 154
chair 0.0090 111 139 165 226
chair 0.0088 120 150 161 180
chair 0.0088 62 144 104 185
chair 0.0084 149 148 197 218
chair 0.0082 122 134 146 144
chair 0.0076 33 133 120 163
chair 0.0076 79 153 138 252
chair 0.0073 65 126 113 157
chair 0.0072 54 138 130 219
chair 0.0072 127 142 152 159
chair 0.0071 243 147 283 160
chair 0.0065 68 134 73 149
chair 0.0063 47 157 93 201
chair 0.0061 70 143 113 214
chair 0.0060 35 146 101 214
chair 0.0059 123 148 156 168
chair 0.0058 46 122 155 179
chair 0.0058 148 135 153 143
chair 0.0057 54 141 90 166
chair 0.0051 2 153 32 184
chair 0.0049 1 197 17 220
chair 0.0048 170 148 196 175
chair 0.0048 69 139 83 161
chair 0.0047 69 135 73 143
chair 0.0047 233 148 256 175
chair 0.0046 104 192 149 264
chair 0.0046 100 133 110 157
chair 0.0044 125 140 164 162
chair 0.0042 2 196 37 239
chair 0.0039 105 133 118 158
chair 0.0038 134 154 156 167
chair 0.0036 239 147 254 160
chair 0.0033 73 158 111 194
chair 0.0033 141 155 152 193
chair 0.0033 0 180 27 199
chair 0.0032 116 135 121 143
chair 0.0032 117 141 138 157
chair 0.0032 81 139 110 162
chair 0.0031 0 152 68 215
chair 0.0031 146 163 172 241
chair 0.0030 17 153 51 228
chair 0.0028 82 165 109 186
chair 0.0028 278 146 326 226
chair 0.0028 263 190 294 256
chair 0.0027 86 77 122 105
chair 0.0026 236 152 264 215
chair 0.0026 0 202 11 218
chair 0.0026 235 145 330 222
sofa 0.6900 2 360 269 499
sofa 0.4553 0 214 27 331
sofa 0.0742 348 442 374 499
sofa 0.0145 0 230 272 496
sofa 0.0065 0 181 33 263
sofa 0.0035 238 147 284 219
sofa 0.0028 280 150 303 212
sofa 0.0024 0 164 40 238
sofa 0.0020 37 158 104 253
sofa 0.0019 75 247 155 358
sofa 0.0012 101 133 161 238
sofa 0.0012 164 145 215 238
sofa 0.0010 70 133 106 153
pottedplant 0.1208 298 0 343 23
pottedplant 0.0240 339 0 367 16
pottedplant 0.0143 52 32 68 65
pottedplant 0.0137 320 88 335 107
pottedplant 0.0079 319 0 367 18
pottedplant 0.0070 324 91 334 111
pottedplant 0.0061 101 141 116 163
pottedplant 0.0053 299 3 325 23
pottedplant 0.0043 316 84 339 112
pottedplant 0.0033 128 38 139 62
pottedplant 0.0031 105 237 123 284
pottedplant 0.0030 56 0 64 20
pottedplant 0.0019 51 0 64 25
pottedplant 0.0017 314 1 338 19
pottedplant 0.0016 0 218 27 334
pottedplant 0.0015 42 6 72 73
pottedplant 0.0015 314 87 331 104
pottedplant 0.0015 341 78 348 89
pottedplant 0.0014 326 100 334 111
pottedplant 0.0014 234 144 283 212
pottedplant 0.0012 297 -4 359 37
pottedplant 0.0011 316 70 327 87
pottedplant 0.0011 70 152 151 253
pottedplant 0.0010 46 31 79 101
pottedplant 0.0010 41 3 63 27
diningtable 0.2191 105 151 154 253
diningtable 0.2090 39 157 103 254
diningtable 0.1969 44 142 197 248
diningtable 0.1696 74 246 157 362
diningtable 0.1454 3 148 98 241
diningtable 0.1402 2 147 109 185
diningtable 0.1189 66 134 104 164
diningtable 0.0801 24 138 127 201
diningtable 0.0655 110 135 154 163
diningtable 0.0524 163 145 215 239
diningtable 0.0476 61 137 185 205
diningtable 0.0436 -2 139 141 171
diningtable 0.0367 110 143 198 181
diningtable 0.0338 0 171 40 238
diningtable 0.0329 99 144 117 173
diningtable 0.0308 152 149 196 178
diningtable 0.0285 71 148 170 186
diningtable 0.0279 2 149 72 177
diningtable 0.0264 116 148 198 244
diningtable 0.0230 70 143 110 185
diningtable 0.0197 107 147 156 188
diningtable 0.0139 0 147 52 223
diningtable 0.0134 101 137 116 162
diningtable 0.0127 235 147 283 218
diningtable 0.0102 0 230 272 496
diningtable 0.0102 349 443 373 499
diningtable 0.0097 118 134 153 151
diningtable 0.0093 148 148 198 219
diningtable 0.0082 74 144 141 252
diningtable 0.0066 0 155 21 177
diningtable 0.0065 29 245 261 383
diningtable 0.0061 79 163 113 179
diningtable 0.0055 14 147 101 169
diningtable 0.0051 70 133 101 152
diningtable 0.0050 52 151 102 189
diningtable 0.0046 46 122 155 179
diningtable 0.0043 86 77 122 105
diningtable 0.0043 35 146 101 214
diningtable 0.0041 111 139 165 226
diningtable 0.0036 119 148 195 163
diningtable 0.0034 124 155 176 176
diningtable 0.0031 16 154 76 213
diningtable 0.0030 74 150 135 180
diningtable 0.0029 103 287 122 297
diningtable 0.0028 83 161 130 179
diningtable 0.0028 105 238 123 284
diningtable 0.0027 94 134 124 162
diningtable 0.0027 1 149 33 207
diningtable 0.0026 135 154 152 187
diningtable 0.0025 1 157 15 174
diningtable 0.0023 71 148 102 169
diningtable 0.0022 140 160 152 174
diningtable 0.0022 120 150 161 180
diningtable 0.0021 126 149 191 204
diningtable 0.0021 90 252 145 308
diningtable 0.0020 163 145 209 195
diningtable 0.0020 237 147 281 172
diningtable 0.0019 83 164 121 189
diningtable 0.0017 0 214 27 329
diningtable 0.0016 74 159 110 192
diningtable 0.0016 1 148 81 162
diningtable 0.0016 92 144 153 173
diningtable 0.0016 52 142 96 173
diningtable 0.0016 98 275 135 305
diningtable 0.0015 106 157 144 184
diningtable 0.0015 67 150 92 181
diningtable 0.0014 25 99 178 197
diningtable 0.0014 1 179 22 238
diningtable 0.0014 2 153 32 184
diningtable 0.0014 74 133 103 143
diningtable 0.0013 44 134 109 154
diningtable 0.0013 63 136 81 163
diningtable 0.0013 149 158 182 236
diningtable 0.0013 1 362 268 500
diningtable 0.0012 100 133 107 150
diningtable 0.0010 81 297 153 357
diningtable 0.0010 85 169 109 195
diningtable 0.0010 85 168 107 183
tvmonitor 0.7676 280 148 327 228
tvmonitor 0.1897 280 146 305 222
tvmonitor 0.1195 237 147 285 218
tvmonitor 0.0021 265 195 298 285
tvmonitor 0.0016 285 171 303 197
tvmonitor 0.0016 291 223 312 243
tvmonitor 0.0010 116 135 153 155
