bicycle 0.0020 27 60 60 124
bird 0.0217 28 61 60 122
bird 0.0015 32 70 59 102
cat 0.0017 29 63 60 121
horse 0.0022 28 63 61 124
chair 0.3910 90 61 113 81
chair 0.3258 0 68 223 366
chair 0.0185 30 59 115 126
chair 0.0080 1 76 215 229
chair 0.0036 4 126 55 178
chair 0.0034 27 61 62 124
chair 0.0024 2 207 213 371
chair 0.0022 218 -1 491 372
chair 0.0018 82 59 117 104
chair 0.0012 387 286 494 374
chair 0.0011 71 63 112 84
chair 0.0011 481 153 499 206
sofa 0.6907 0 68 223 366
sofa 0.0162 0 76 215 229
sofa 0.0028 216 0 492 370
sofa 0.0018 1 217 193 370
sofa 0.0010 47 71 213 177
pottedplant 0.5298 243 0 498 371
pottedplant 0.2377 27 61 62 124
pottedplant 0.0800 356 38 508 369
pottedplant 0.0529 344 244 499 373
pottedplant 0.0190 387 286 494 374
pottedplant 0.0152 21 57 112 130
pottedplant 0.0139 37 90 61 125
pottedplant 0.0134 27 90 53 125
pottedplant 0.0086 263 141 422 393
pottedplant 0.0070 319 0 391 80
pottedplant 0.0044 420 74 499 360
pottedplant 0.0036 268 248 416 381
pottedplant 0.0032 464 149 500 204
pottedplant 0.0028 481 153 499 206
pottedplant 0.0026 373 112 499 285
pottedplant 0.0023 49 94 60 123
pottedplant 0.0023 441 258 500 330
pottedplant 0.0021 446 92 500 271
pottedplant 0.0018 485 287 499 334
pottedplant 0.0017 446 159 500 351
pottedplant 0.0017 23 87 35 122
pottedplant 0.0017 445 134 498 217
pottedplant 0.0016 487 171 499 208
pottedplant 0.0015 396 194 499 366
pottedplant 0.0014 222 62 393 377
pottedplant 0.0013 464 126 499 255
pottedplant 0.0012 32 70 59 102
pottedplant 0.0012 184 261 450 369
pottedplant 0.0012 320 255 442 359
pottedplant 0.0012 17 116 38 128
pottedplant 0.0012 464 269 499 341
pottedplant 0.0010 403 253 499 341
diningtable 0.0023 241 4 501 374
diningtable 0.0022 237 261 434 371
diningtable 0.0013 90 61 113 81
tvmonitor 0.0011 90 62 112 81
