person 0.9321 125 29 286 369
person 0.0205 0 2 54 161
person 0.0113 0 58 48 198
person 0.0078 0 18 48 295
person 0.0071 0 107 45 253
person 0.0059 0 154 46 223
person 0.0045 1 96 48 163
person 0.0027 0 89 14 167
person 0.0022 3 124 48 158
person 0.0014 11 248 32 278
person 0.0013 194 51 293 355
person 0.0010 22 127 47 156
person 0.0010 177 33 415 368
bird 0.0033 10 249 33 277
bird 0.0026 0 1 53 136
cat 0.0181 1 5 51 161
cat 0.0015 0 2 62 90
cat 0.0011 0 73 48 184
cat 0.0011 10 249 33 277
dog 0.0021 0 1 58 105
bottle 0.0040 251 230 313 249
bottle 0.0034 11 249 33 278
bottle 0.0031 249 209 270 248
bottle 0.0019 249 211 316 250
bottle 0.0016 248 207 259 231
bottle 0.0013 247 217 291 248
chair 0.0136 0 156 46 270
chair 0.0068 4 246 37 279
chair 0.0036 0 301 43 373
chair 0.0033 0 215 41 269
chair 0.0014 0 213 35 247
chair 0.0013 25 327 43 374
sofa 0.0035 0 301 43 373
sofa 0.0020 0 153 46 259
pottedplant 0.0314 11 249 33 278
pottedplant 0.0072 0 5 52 170
pottedplant 0.0015 4 243 40 278
diningtable 0.0253 0 278 44 372
diningtable 0.0219 0 156 46 257
diningtable 0.0069 3 282 43 303
diningtable 0.0046 7 249 36 279
diningtable 0.0045 1 274 43 318
diningtable 0.0019 0 209 43 281
diningtable 0.0011 1 213 42 248
