person 0.7628 215 94 398 328
person 0.6280 379 -2 498 327
person 0.1501 415 106 500 322
person 0.0723 377 1 498 141
person 0.0280 309 95 422 326
person 0.0197 61 93 425 330
person 0.0116 436 1 501 297
person 0.0108 -10 -1 340 348
person 0.0095 0 66 15 92
person 0.0066 465 105 499 181
person 0.0064 0 75 15 123
person 0.0052 464 36 499 297
person 0.0050 408 34 497 212
person 0.0036 0 72 29 141
person 0.0034 0 93 13 107
person 0.0027 98 142 241 331
person 0.0027 0 96 15 129
person 0.0025 235 0 486 326
person 0.0021 0 19 65 323
person 0.0018 327 0 478 270
person 0.0018 0 37 11 64
person 0.0017 460 108 500 247
person 0.0016 345 1 363 24
person 0.0015 0 83 17 105
person 0.0014 6 7 167 328
person 0.0012 440 100 499 191
person 0.0011 391 86 470 277
boat 0.0010 383 -1 498 326
bird 0.0054 93 140 238 328
cat 0.0061 93 140 231 328
cat 0.0016 0 98 10 128
cat 0.0014 0 89 15 126
cat 0.0013 0 66 15 92
cat 0.0011 0 93 13 108
dog 0.9003 100 142 240 330
dog 0.0207 216 95 396 328
dog 0.0045 62 134 345 332
dog 0.0031 414 100 500 324
dog 0.0014 -10 -1 340 348
dog 0.0013 97 141 221 240
dog 0.0012 0 91 14 128
sheep 0.0032 93 140 231 328
cow 0.0020 93 140 231 328
bottle 0.0033 0 68 18 97
bottle 0.0020 0 72 23 123
bottle 0.0018 0 36 12 65
bottle 0.0017 0 91 14 128
chair 0.2829 410 113 498 328
chair 0.0332 381 1 498 326
chair 0.0158 399 94 456 329
chair 0.0080 7 5 224 337
chair 0.0036 0 66 15 92
chair 0.0035 337 82 482 337
chair 0.0031 0 118 73 324
chair 0.0030 0 99 26 144
chair 0.0029 340 220 423 325
chair 0.0024 0 91 16 129
chair 0.0023 248 291 337 329
chair 0.0023 413 201 486 332
chair 0.0018 32 129 155 331
chair 0.0018 377 0 499 144
chair 0.0017 2 10 120 326
chair 0.0015 0 37 11 64
chair 0.0011 0 62 28 126
chair 0.0010 307 187 435 324
sofa 0.0428 412 110 499 328
sofa 0.0071 381 -3 506 327
sofa 0.0030 11 1 252 343
sofa 0.0014 0 72 29 141
sofa 0.0013 0 66 15 92
sofa 0.0013 94 103 420 330
sofa 0.0012 0 91 16 129
sofa 0.0010 0 19 65 323
pottedplant 0.0031 0 65 16 88
pottedplant 0.0019 0 37 12 68
pottedplant 0.0016 0 26 18 93
pottedplant 0.0010 0 72 23 123
diningtable 0.0099 0 72 29 141
diningtable 0.0063 0 91 16 129
diningtable 0.0055 0 104 31 155
diningtable 0.0053 0 100 26 136
diningtable 0.0021 0 66 16 96
diningtable 0.0018 0 65 39 226
diningtable 0.0017 0 98 10 128
diningtable 0.0017 414 100 500 324
diningtable 0.0015 381 -3 506 327
diningtable 0.0015 0 93 13 107
diningtable 0.0012 0 21 57 330
diningtable 0.0012 0 71 17 117
