person 0.8020 139 106 321 366
person 0.0143 207 172 260 217
person 0.0079 204 175 262 265
person 0.0054 192 168 284 237
person 0.0049 194 134 318 246
person 0.0041 205 158 319 308
person 0.0016 231 191 317 278
person 0.0013 448 314 490 373
person 0.0013 180 199 283 283
person 0.0012 161 196 319 333
person 0.0010 241 323 289 372
bicycle 0.0014 448 314 489 374
bottle 0.7959 448 314 489 374
bottle 0.0109 208 173 255 213
bottle 0.0085 242 323 288 372
bottle 0.0059 339 354 367 374
bottle 0.0031 308 346 333 374
bottle 0.0020 448 357 486 374
bottle 0.0014 203 245 235 285
bottle 0.0013 198 253 222 275
bottle 0.0011 147 125 320 375
bottle 0.0011 472 313 479 327
bottle 0.0010 238 167 268 187
chair 0.0442 162 320 281 372
chair 0.0067 150 180 322 365
chair 0.0042 241 323 289 372
chair 0.0036 158 287 312 373
chair 0.0033 198 207 320 324
chair 0.0022 166 339 200 374
sofa 0.0016 328 203 499 307
diningtable 0.0114 325 202 500 308
diningtable 0.0015 448 313 489 374
