person 0.8423 32 87 69 181
person 0.3528 12 127 24 165
person 0.0556 133 103 142 116
person 0.0544 0 125 9 192
person 0.0527 20 129 30 165
person 0.0464 144 100 152 116
person 0.0239 0 122 6 167
person 0.0221 1 119 12 164
person 0.0213 132 102 150 118
person 0.0205 124 101 133 117
person 0.0204 141 100 150 117
person 0.0155 25 108 45 172
person 0.0143 31 98 50 178
person 0.0142 59 111 77 161
person 0.0135 38 117 53 183
person 0.0121 0 158 9 193
person 0.0107 69 121 79 159
person 0.0097 28 123 37 168
person 0.0085 14 130 22 142
person 0.0079 16 129 26 143
person 0.0075 37 126 46 178
person 0.0074 0 182 10 193
person 0.0073 60 118 71 143
person 0.0071 49 100 84 172
person 0.0066 0 139 4 164
person 0.0065 32 87 65 113
person 0.0060 64 119 81 167
person 0.0057 142 99 157 127
person 0.0056 12 139 21 168
person 0.0055 126 102 145 119
person 0.0052 118 100 129 116
person 0.0051 16 137 29 170
person 0.0045 34 88 68 132
person 0.0042 127 107 159 139
person 0.0040 42 86 63 104
person 0.0040 28 113 40 156
person 0.0038 69 114 83 148
person 0.0037 0 174 10 192
person 0.0034 66 117 79 143
person 0.0034 22 126 30 142
person 0.0033 61 105 96 172
person 0.0032 144 88 155 117
person 0.0030 6 117 32 171
person 0.0028 115 100 122 113
person 0.0028 38 137 46 166
person 0.0028 0 147 11 168
person 0.0026 51 87 62 102
person 0.0023 93 101 162 157
person 0.0023 0 119 5 151
person 0.0021 127 97 140 115
person 0.0021 47 111 66 176
person 0.0020 146 89 162 120
person 0.0020 155 87 178 118
person 0.0018 9 85 119 185
person 0.0017 57 103 114 192
person 0.0017 36 133 45 158
person 0.0016 115 89 169 137
person 0.0016 20 81 146 315
person 0.0014 28 124 39 143
person 0.0014 0 116 8 155
person 0.0014 109 101 139 122
person 0.0013 11 120 28 145
person 0.0013 49 88 64 110
person 0.0013 41 132 59 181
person 0.0013 31 90 54 109
person 0.0012 0 118 6 137
person 0.0010 151 84 169 120
person 0.0010 59 98 72 144
bicycle 0.0043 20 135 30 166
bicycle 0.0033 12 129 25 171
bicycle 0.0025 0 125 9 192
bicycle 0.0022 42 27 488 318
bicycle 0.0021 32 86 70 181
bicycle 0.0017 12 139 21 168
bicycle 0.0011 55 101 157 191
motorbike 0.7663 38 26 491 317
motorbike 0.6541 58 100 160 189
motorbike 0.0781 28 82 177 256
motorbike 0.0440 32 86 70 181
motorbike 0.0402 27 38 243 318
motorbike 0.0305 77 102 142 167
motorbike 0.0158 93 101 162 157
motorbike 0.0115 53 115 116 199
motorbike 0.0097 70 116 82 161
motorbike 0.0095 61 105 96 172
motorbike 0.0093 127 107 159 139
motorbike 0.0092 23 82 116 314
motorbike 0.0077 89 73 210 174
motorbike 0.0070 61 52 243 197
motorbike 0.0053 117 110 164 154
motorbike 0.0039 55 150 102 190
motorbike 0.0037 51 28 328 229
motorbike 0.0034 26 142 184 323
motorbike 0.0033 104 109 170 176
motorbike 0.0031 132 99 167 151
motorbike 0.0023 142 100 152 121
motorbike 0.0022 129 102 144 119
motorbike 0.0017 218 58 484 288
motorbike 0.0016 135 114 164 137
motorbike 0.0016 42 24 478 147
motorbike 0.0016 78 101 116 157
motorbike 0.0013 118 101 136 118
motorbike 0.0012 68 113 88 149
motorbike 0.0012 72 128 156 181
motorbike 0.0011 35 144 131 221
motorbike 0.0010 17 90 132 190
bird 0.0031 0 39 3 46
