person 0.0042 214 280 287 353
person 0.0027 204 287 286 412
person 0.0016 90 305 185 435
person 0.0014 214 255 291 320
person 0.0013 9 479 143 499
bicycle 0.0018 204 287 286 412
bicycle 0.0010 89 305 184 435
bird 0.0227 139 309 168 334
bird 0.0194 214 255 286 299
bird 0.0044 215 255 290 338
bird 0.0020 214 255 244 280
bird 0.0018 333 409 365 428
bird 0.0016 136 308 180 344
bird 0.0012 116 306 174 353
bird 0.0012 226 334 243 349
bird 0.0012 102 305 183 389
bird 0.0010 205 283 284 410
cat 0.0059 214 255 286 299
cat 0.0048 135 306 171 337
cat 0.0036 214 280 287 353
cat 0.0030 5 478 147 499
cat 0.0011 102 305 183 389
dog 0.0033 9 479 143 499
dog 0.0011 215 255 290 318
sheep 0.0017 5 478 147 499
bottle 0.0049 230 334 247 348
bottle 0.0041 203 283 282 409
bottle 0.0011 227 333 239 344
chair 0.8870 89 305 184 435
chair 0.8800 204 287 284 413
chair 0.0222 214 287 285 348
chair 0.0088 205 340 274 414
chair 0.0076 329 419 375 496
chair 0.0063 329 423 375 452
chair 0.0041 228 334 252 349
chair 0.0026 221 331 269 351
chair 0.0023 232 282 291 390
chair 0.0013 5 479 139 499
chair 0.0013 215 316 276 356
chair 0.0012 135 306 171 337
sofa 0.0019 205 283 284 410
sofa 0.0017 5 479 139 499
sofa 0.0015 90 304 184 436
diningtable 0.0019 90 304 184 436
diningtable 0.0016 204 287 284 413
tvmonitor 0.0035 220 287 284 339
