person 0.0081 294 14 312 44
person 0.0026 338 43 352 63
person 0.0022 297 15 312 30
bird 0.0078 387 54 406 77
bird 0.0071 385 61 399 76
bird 0.0017 216 66 230 86
bird 0.0015 296 15 311 33
cat 0.0010 471 256 500 279
bottle 0.0032 163 138 182 173
chair 0.4980 84 342 235 373
chair 0.2392 0 141 182 359
chair 0.0018 0 295 15 373
chair 0.0016 4 336 229 371
chair 0.0010 80 324 238 367
sofa 0.2554 0 148 179 363
sofa 0.0471 84 343 236 372
sofa 0.0014 224 102 499 323
sofa 0.0012 -1 191 170 294
diningtable 0.0226 84 343 235 372
diningtable 0.0018 0 144 180 364
