person 0.8100 83 35 223 199
person 0.2706 398 16 408 35
person 0.1403 475 101 485 125
person 0.0585 484 101 498 126
person 0.0522 469 99 483 124
person 0.0433 467 97 475 119
person 0.0419 257 78 369 113
person 0.0401 491 102 500 126
person 0.0251 0 50 8 78
person 0.0242 0 50 15 105
person 0.0240 305 90 328 112
person 0.0187 473 100 493 126
person 0.0182 341 74 348 88
person 0.0165 348 90 361 114
person 0.0111 6 81 292 259
person 0.0107 307 79 361 113
person 0.0095 311 95 323 112
person 0.0091 492 99 500 115
person 0.0089 315 197 498 324
person 0.0080 257 86 311 109
person 0.0068 309 79 336 111
person 0.0064 491 92 500 105
person 0.0061 311 79 335 94
person 0.0057 451 106 459 120
person 0.0053 487 96 499 106
person 0.0049 61 0 101 17
person 0.0049 289 84 347 113
person 0.0040 358 90 366 113
person 0.0039 307 84 322 109
person 0.0038 289 79 345 97
person 0.0036 -6 10 286 173
person 0.0036 470 92 485 104
person 0.0033 416 100 461 121
person 0.0031 334 65 358 100
person 0.0031 190 38 226 53
person 0.0029 339 73 351 87
person 0.0029 395 19 406 37
person 0.0029 489 88 499 103
person 0.0028 439 103 468 122
person 0.0027 402 18 411 36
person 0.0027 340 76 350 92
person 0.0026 470 89 478 102
person 0.0026 483 211 499 235
person 0.0026 485 116 493 126
person 0.0026 -3 0 203 70
person 0.0025 465 84 497 105
person 0.0023 319 60 364 92
person 0.0022 386 108 400 116
person 0.0022 301 264 497 332
person 0.0021 467 94 473 108
person 0.0021 317 91 334 110
person 0.0020 333 88 363 113
person 0.0020 309 81 324 94
person 0.0019 325 74 355 103
person 0.0019 291 96 333 111
person 0.0018 494 114 499 127
person 0.0018 475 93 492 105
person 0.0018 335 66 348 87
person 0.0017 437 105 456 119
person 0.0017 55 1 109 28
person 0.0016 482 116 490 125
person 0.0016 347 88 359 106
person 0.0015 465 95 480 116
person 0.0013 391 110 402 118
person 0.0013 333 80 347 96
person 0.0013 134 22 147 38
person 0.0013 452 112 460 123
person 0.0013 492 87 500 96
person 0.0012 419 106 445 119
person 0.0012 352 85 364 109
person 0.0011 256 86 273 102
person 0.0011 365 102 404 118
person 0.0011 329 87 390 117
person 0.0010 390 106 404 116
person 0.0010 463 98 477 124
person 0.0010 258 85 285 103
person 0.0010 312 102 322 112
person 0.0010 304 97 320 111
bicycle 0.0048 257 80 360 111
bicycle 0.0030 9 100 292 265
bicycle 0.0021 257 86 311 109
bicycle 0.0020 190 37 227 54
bicycle 0.0017 0 50 15 105
bicycle 0.0013 315 197 498 324
bicycle 0.0010 188 39 267 75
car 0.0817 257 79 364 112
car 0.0554 0 49 16 105
car 0.0419 0 50 10 80
car 0.0326 305 77 359 111
car 0.0301 415 101 461 120
car 0.0132 479 101 498 126
car 0.0129 308 78 347 96
car 0.0117 416 107 446 119
car 0.0106 79 32 225 199
car 0.0078 191 37 227 54
car 0.0061 257 84 312 109
car 0.0056 311 55 365 90
car 0.0054 301 80 396 115
car 0.0054 491 92 500 105
car 0.0051 492 99 500 115
car 0.0050 317 87 363 114
car 0.0050 487 96 499 106
car 0.0049 293 63 374 113
car 0.0043 -6 9 284 174
car 0.0036 491 102 500 126
car 0.0033 475 102 487 125
car 0.0033 481 89 499 108
car 0.0033 359 67 456 116
car 0.0033 465 84 500 105
car 0.0030 297 89 339 112
car 0.0029 2 0 197 67
car 0.0027 488 88 499 103
car 0.0025 186 38 256 72
car 0.0024 463 84 500 123
car 0.0024 365 65 452 80
car 0.0024 378 64 443 74
car 0.0022 309 79 336 111
car 0.0019 187 37 289 92
car 0.0019 311 78 336 92
car 0.0016 0 60 11 89
car 0.0016 346 89 364 115
car 0.0015 318 56 365 73
car 0.0014 272 56 368 96
car 0.0013 244 55 294 78
car 0.0013 0 31 14 78
car 0.0013 340 74 349 88
car 0.0012 190 36 210 52
car 0.0011 472 89 495 107
car 0.0011 469 90 486 106
car 0.0011 300 200 497 330
car 0.0011 467 95 476 116
car 0.0010 426 102 481 123
car 0.0010 469 99 483 124
motorbike 0.8718 11 100 293 261
motorbike 0.0315 82 35 224 202
motorbike 0.0215 256 80 359 111
motorbike 0.0160 297 197 498 330
motorbike 0.0090 0 50 15 105
motorbike 0.0063 257 86 311 109
motorbike 0.0055 0 52 9 81
motorbike 0.0054 191 37 227 54
motorbike 0.0017 247 55 363 110
motorbike 0.0015 189 37 251 67
motorbike 0.0011 307 78 364 112
motorbike 0.0011 22 132 192 264
motorbike 0.0011 105 132 283 253
motorbike 0.0010 187 38 296 83
aeroplane 0.0031 315 197 498 324
bus 0.0160 1 0 196 67
bus 0.0017 79 32 225 199
bus 0.0015 63 0 257 75
bus 0.0014 0 50 16 105
bus 0.0013 415 99 463 121
bus 0.0012 315 197 498 324
bus 0.0010 462 81 499 101
bus 0.0010 8 0 154 42
train 0.0048 -3 0 203 87
train 0.0010 0 49 16 105
train 0.0010 79 32 225 199
boat 0.0024 79 32 225 199
boat 0.0017 315 197 498 324
boat 0.0011 0 49 16 105
bird 0.0063 315 197 498 324
bird 0.0033 134 22 147 38
cat 0.0011 315 197 498 324
dog 0.0051 315 197 498 324
horse 0.0067 297 197 499 330
sheep 0.0010 315 197 498 324
cow 0.0140 315 197 498 324
chair 0.0033 0 52 17 107
chair 0.0027 66 319 149 332
chair 0.0024 0 50 10 80
chair 0.0020 257 78 369 113
sofa 0.0018 298 199 498 329
pottedplant 0.0026 315 197 498 324
diningtable 0.0010 9 69 290 259
