person 0.8026 32 75 121 146
person 0.3932 165 119 182 134
person 0.1595 191 116 209 133
person 0.1325 1 90 438 198
person 0.0900 163 109 223 133
person 0.0689 177 116 206 133
person 0.0677 187 110 234 136
person 0.0570 185 114 220 133
person 0.0204 182 124 199 133
person 0.0201 37 74 82 142
person 0.0180 165 112 190 134
person 0.0102 176 125 194 134
person 0.0093 116 105 228 140
person 0.0065 154 106 200 135
person 0.0054 152 137 175 181
person 0.0045 62 86 262 159
person 0.0040 22 100 87 148
person 0.0039 34 107 64 136
person 0.0032 186 113 226 177
person 0.0030 281 137 300 153
person 0.0030 136 110 311 156
person 0.0029 32 60 362 161
person 0.0025 208 108 235 132
person 0.0024 201 112 226 133
person 0.0016 35 106 51 133
person 0.0016 37 103 56 125
person 0.0011 197 120 217 133
motorbike 0.0011 19 90 428 203
aeroplane 0.1778 19 90 428 203
aeroplane 0.0042 177 110 227 134
bus 0.0078 19 90 428 203
train 0.0011 19 90 428 203
boat 0.5152 0 99 433 202
boat 0.0045 177 110 227 134
dog 0.0140 165 119 182 134
dog 0.0028 177 116 206 133
dog 0.0012 32 75 122 147
dog 0.0011 19 139 36 148
