person 0.1344 241 144 250 151
person 0.0103 241 142 251 156
person 0.0089 246 143 255 151
person 0.0089 239 145 258 154
person 0.0078 304 151 335 213
person 0.0016 97 174 180 258
person 0.0016 226 153 275 169
person 0.0013 413 120 455 204
person 0.0010 253 129 258 152
person 0.0010 282 151 303 168
person 0.0010 320 173 407 254
bird 0.0014 164 132 210 148
bottle 0.0024 75 113 79 122
bottle 0.0015 130 119 139 137
bottle 0.0010 127 156 144 179
chair 0.6334 322 173 407 255
chair 0.5873 97 175 179 260
chair 0.5136 205 167 303 232
chair 0.2746 213 193 287 276
chair 0.0839 235 156 278 169
chair 0.0504 271 152 286 165
chair 0.0489 328 158 370 194
chair 0.0358 304 153 362 211
chair 0.0327 314 164 380 236
chair 0.0262 273 151 301 168
chair 0.0257 194 150 263 221
chair 0.0242 302 172 322 211
chair 0.0218 273 166 306 234
chair 0.0205 304 151 334 215
chair 0.0192 138 160 179 188
chair 0.0150 223 156 285 175
chair 0.0150 414 105 453 202
chair 0.0132 147 159 186 198
chair 0.0124 208 162 298 192
chair 0.0118 151 172 183 187
chair 0.0116 273 145 310 207
chair 0.0109 307 159 344 228
chair 0.0107 279 152 304 174
chair 0.0095 141 145 195 218
chair 0.0093 193 146 263 177
chair 0.0093 204 142 306 204
chair 0.0082 415 121 438 174
chair 0.0076 227 150 270 168
chair 0.0074 182 143 237 229
chair 0.0072 273 144 296 161
chair 0.0070 206 173 221 229
chair 0.0068 237 157 261 167
chair 0.0064 254 152 277 163
chair 0.0059 239 145 258 155
chair 0.0058 275 160 293 171
chair 0.0057 271 122 295 163
chair 0.0057 267 152 282 163
chair 0.0049 360 172 385 198
chair 0.0049 156 137 212 231
chair 0.0048 221 155 242 168
chair 0.0047 231 153 299 186
chair 0.0046 136 165 159 192
chair 0.0045 409 112 437 195
chair 0.0045 411 129 434 162
chair 0.0043 253 156 287 168
chair 0.0043 117 166 194 230
chair 0.0043 273 120 323 173
chair 0.0043 69 169 78 202
chair 0.0041 260 150 269 157
chair 0.0041 284 146 329 203
chair 0.0039 279 194 304 234
chair 0.0039 241 144 250 151
chair 0.0037 213 151 245 170
chair 0.0035 244 155 272 165
chair 0.0035 229 156 254 168
chair 0.0034 110 140 176 197
chair 0.0032 237 151 257 166
chair 0.0031 159 160 195 228
chair 0.0030 290 184 309 227
chair 0.0029 262 156 280 167
chair 0.0029 280 172 303 202
chair 0.0028 309 174 332 231
chair 0.0027 51 151 79 204
chair 0.0027 277 164 302 186
chair 0.0026 288 169 319 216
chair 0.0026 126 162 147 190
chair 0.0025 242 148 275 158
chair 0.0024 279 108 347 170
chair 0.0024 138 178 158 194
chair 0.0023 177 195 196 230
chair 0.0022 134 175 184 210
chair 0.0021 198 188 220 227
chair 0.0019 343 169 374 193
chair 0.0019 349 148 377 187
chair 0.0018 282 150 320 167
chair 0.0018 346 169 386 203
chair 0.0018 253 149 265 156
chair 0.0018 416 105 451 127
chair 0.0018 202 155 226 224
chair 0.0018 259 139 286 164
chair 0.0016 356 165 372 185
chair 0.0015 134 172 150 191
chair 0.0015 310 149 340 193
chair 0.0015 328 176 375 196
chair 0.0015 166 171 183 188
chair 0.0015 410 131 423 163
chair 0.0015 332 107 379 188
chair 0.0015 316 187 340 240
chair 0.0015 294 131 379 225
chair 0.0014 361 168 378 182
chair 0.0014 407 163 421 179
chair 0.0014 318 167 348 195
chair 0.0014 315 171 338 192
chair 0.0014 151 190 189 226
chair 0.0014 408 157 423 189
chair 0.0013 358 171 374 193
chair 0.0013 287 166 307 185
chair 0.0013 241 142 251 156
chair 0.0013 138 179 179 195
chair 0.0013 153 172 168 186
sofa 0.4428 98 175 179 259
sofa 0.3203 320 173 407 254
sofa 0.2803 206 166 304 232
sofa 0.0609 214 191 287 277
sofa 0.0188 414 105 453 202
sofa 0.0147 328 158 370 194
sofa 0.0123 315 165 379 236
sofa 0.0112 303 156 336 216
sofa 0.0095 274 167 306 233
sofa 0.0085 139 162 174 187
sofa 0.0069 184 145 239 223
sofa 0.0058 414 118 439 176
sofa 0.0056 304 153 362 211
sofa 0.0056 273 145 310 207
sofa 0.0053 208 162 298 192
sofa 0.0052 142 159 199 224
sofa 0.0043 235 156 278 169
sofa 0.0037 164 143 223 230
sofa 0.0036 110 140 176 197
sofa 0.0035 301 172 322 211
sofa 0.0034 223 156 285 175
sofa 0.0031 151 172 183 187
sofa 0.0029 146 155 187 203
sofa 0.0024 134 175 184 210
sofa 0.0023 204 142 306 204
sofa 0.0018 112 174 221 238
sofa 0.0017 194 146 257 202
sofa 0.0016 279 151 310 168
sofa 0.0016 231 153 299 186
sofa 0.0016 273 154 301 179
sofa 0.0014 310 170 349 244
sofa 0.0014 284 146 329 203
sofa 0.0012 411 128 435 163
sofa 0.0012 98 173 183 219
sofa 0.0011 129 118 216 236
sofa 0.0010 294 131 379 225
pottedplant 0.4454 183 143 236 228
pottedplant 0.4359 332 107 379 188
pottedplant 0.4107 281 106 348 167
pottedplant 0.2956 139 163 174 187
pottedplant 0.2739 134 136 181 187
pottedplant 0.2506 111 116 172 182
pottedplant 0.2214 304 151 334 215
pottedplant 0.2010 327 161 369 191
pottedplant 0.1653 304 153 362 211
pottedplant 0.1255 291 108 352 143
pottedplant 0.1115 279 151 310 168
pottedplant 0.1028 183 150 210 229
pottedplant 0.1027 127 155 144 181
pottedplant 0.0983 146 127 211 183
pottedplant 0.0896 115 144 147 181
pottedplant 0.0894 137 128 199 211
pottedplant 0.0869 283 105 378 193
pottedplant 0.0828 272 122 298 155
pottedplant 0.0823 273 120 323 173
pottedplant 0.0771 351 127 377 178
pottedplant 0.0743 302 170 322 209
pottedplant 0.0729 121 128 158 185
pottedplant 0.0710 165 138 221 224
pottedplant 0.0648 191 144 237 174
pottedplant 0.0620 277 134 310 168
pottedplant 0.0613 318 170 400 249
pottedplant 0.0576 147 159 186 198
pottedplant 0.0423 196 153 286 228
pottedplant 0.0397 97 174 180 257
pottedplant 0.0390 110 140 176 197
pottedplant 0.0375 348 105 377 166
pottedplant 0.0362 272 150 292 166
pottedplant 0.0354 157 146 184 181
pottedplant 0.0347 110 127 143 177
pottedplant 0.0332 158 169 183 186
pottedplant 0.0326 303 140 339 186
pottedplant 0.0302 273 145 310 207
pottedplant 0.0296 284 146 329 203
pottedplant 0.0243 284 117 308 162
pottedplant 0.0236 283 110 325 156
pottedplant 0.0229 357 142 379 174
pottedplant 0.0225 162 134 210 164
pottedplant 0.0207 281 143 299 164
pottedplant 0.0203 222 153 241 167
pottedplant 0.0203 140 170 163 189
pottedplant 0.0188 320 159 348 195
pottedplant 0.0187 132 110 200 177
pottedplant 0.0185 160 136 197 180
pottedplant 0.0178 287 147 326 168
pottedplant 0.0178 129 119 139 137
pottedplant 0.0176 331 162 351 190
pottedplant 0.0174 327 171 357 193
pottedplant 0.0169 166 150 184 174
pottedplant 0.0169 127 159 151 189
pottedplant 0.0163 307 159 344 228
pottedplant 0.0159 294 131 379 225
pottedplant 0.0156 310 146 332 183
pottedplant 0.0153 241 144 251 151
pottedplant 0.0151 273 144 296 161
pottedplant 0.0142 350 138 375 163
pottedplant 0.0141 163 133 206 148
pottedplant 0.0138 280 130 303 159
pottedplant 0.0137 326 162 341 193
pottedplant 0.0134 285 129 305 151
pottedplant 0.0130 166 159 183 180
pottedplant 0.0125 138 149 171 183
pottedplant 0.0122 131 112 163 156
pottedplant 0.0121 307 117 353 165
pottedplant 0.0112 212 151 245 169
pottedplant 0.0108 278 157 302 173
pottedplant 0.0108 191 153 221 223
pottedplant 0.0104 330 144 352 183
pottedplant 0.0102 330 167 339 188
pottedplant 0.0095 309 148 326 169
pottedplant 0.0086 153 172 168 186
pottedplant 0.0086 191 144 259 205
pottedplant 0.0082 313 140 357 187
pottedplant 0.0081 190 134 208 144
pottedplant 0.0080 349 148 377 187
pottedplant 0.0080 320 177 363 195
pottedplant 0.0077 303 104 377 159
pottedplant 0.0077 266 121 289 152
pottedplant 0.0075 134 172 150 191
pottedplant 0.0074 181 142 219 175
pottedplant 0.0072 297 129 354 149
pottedplant 0.0071 274 110 311 150
pottedplant 0.0070 339 168 363 193
pottedplant 0.0068 167 174 183 185
pottedplant 0.0068 131 118 150 147
pottedplant 0.0067 169 153 202 226
pottedplant 0.0064 221 153 296 180
pottedplant 0.0064 347 163 368 189
pottedplant 0.0063 328 133 362 184
pottedplant 0.0062 315 171 338 192
pottedplant 0.0061 187 190 203 230
pottedplant 0.0059 329 157 339 184
pottedplant 0.0057 187 200 198 228
pottedplant 0.0056 140 116 176 166
pottedplant 0.0055 331 147 350 170
pottedplant 0.0054 294 105 347 129
diningtable 0.0622 205 166 303 232
diningtable 0.0171 212 191 288 276
diningtable 0.0154 235 156 278 169
diningtable 0.0054 227 150 270 168
diningtable 0.0048 203 162 294 192
diningtable 0.0048 207 157 289 176
diningtable 0.0047 302 164 326 210
diningtable 0.0047 327 161 366 195
diningtable 0.0046 139 163 172 187
diningtable 0.0039 280 151 303 169
diningtable 0.0034 315 165 379 236
diningtable 0.0029 305 149 340 219
diningtable 0.0028 291 110 372 176
diningtable 0.0026 204 142 306 204
diningtable 0.0026 138 179 179 195
diningtable 0.0026 272 150 292 166
diningtable 0.0025 273 166 306 234
diningtable 0.0022 192 151 262 221
diningtable 0.0021 146 155 187 203
diningtable 0.0020 151 172 183 187
diningtable 0.0018 273 145 310 207
diningtable 0.0018 222 153 241 167
diningtable 0.0018 155 137 212 231
diningtable 0.0017 134 175 184 210
diningtable 0.0017 142 159 199 224
diningtable 0.0016 284 146 329 203
diningtable 0.0015 273 156 295 168
diningtable 0.0015 96 174 180 257
diningtable 0.0014 327 175 406 257
diningtable 0.0014 212 151 245 169
diningtable 0.0014 306 130 349 148
diningtable 0.0014 183 143 236 228
diningtable 0.0014 144 180 161 192
diningtable 0.0013 51 159 78 205
diningtable 0.0013 254 152 277 163
diningtable 0.0012 282 150 320 167
diningtable 0.0011 193 146 263 177
diningtable 0.0011 273 120 323 173
tvmonitor 0.1206 411 128 435 163
tvmonitor 0.1048 414 105 453 202
tvmonitor 0.1009 414 118 439 176
tvmonitor 0.0389 410 129 425 161
tvmonitor 0.0134 0 79 9 219
tvmonitor 0.0073 417 104 454 123
tvmonitor 0.0019 320 103 379 191
tvmonitor 0.0019 291 110 372 176
tvmonitor 0.0017 251 117 272 153
tvmonitor 0.0014 139 163 172 187
