person 0.0896 66 228 74 241
person 0.0871 308 83 350 107
person 0.0207 14 236 20 253
person 0.0196 308 83 337 100
person 0.0154 0 235 5 250
person 0.0093 13 230 21 238
person 0.0075 253 79 292 111
person 0.0064 44 228 51 238
person 0.0063 15 230 29 237
person 0.0062 359 196 372 208
person 0.0061 1 234 14 252
person 0.0059 263 81 293 98
person 0.0045 325 85 352 103
person 0.0040 260 193 272 206
person 0.0039 354 152 364 161
person 0.0031 269 191 284 207
person 0.0028 81 235 88 252
person 0.0026 261 189 279 208
person 0.0023 11 229 20 237
person 0.0023 319 90 347 113
person 0.0018 0 231 10 248
person 0.0017 42 227 56 240
person 0.0016 3 230 16 239
person 0.0016 32 231 46 238
person 0.0016 19 231 32 237
person 0.0015 245 97 288 136
person 0.0014 44 225 52 235
person 0.0010 0 237 8 258
person 0.0010 292 77 353 119
bicycle 0.0028 375 225 396 255
bicycle 0.0011 0 235 5 252
car 0.0152 0 235 5 250
car 0.0142 15 230 29 237
car 0.0140 19 231 32 237
car 0.0098 29 232 43 238
car 0.0084 13 230 21 238
car 0.0067 0 234 11 249
car 0.0045 3 230 16 239
car 0.0043 32 231 47 239
car 0.0039 0 234 7 244
car 0.0039 11 229 20 237
car 0.0038 65 229 75 241
car 0.0036 1 227 15 236
car 0.0034 43 230 51 239
car 0.0024 21 232 32 243
car 0.0020 14 236 20 253
car 0.0017 13 228 45 240
car 0.0016 6 228 30 243
car 0.0015 0 225 10 233
car 0.0014 81 235 88 252
car 0.0011 14 232 34 245
car 0.0010 26 231 42 241
train 0.9153 80 59 383 295
bird 0.0076 96 107 101 112
chair 0.0012 66 230 74 241
