person 0.6250 329 5 495 337
person 0.5460 1 0 123 64
person 0.4154 36 0 185 59
person 0.2980 0 1 15 63
person 0.2072 111 0 183 57
person 0.1211 296 0 403 140
person 0.0350 308 48 420 244
person 0.0236 68 0 139 59
person 0.0214 183 1 197 14
person 0.0117 0 1 36 63
person 0.0087 33 0 121 34
person 0.0076 302 1 470 189
person 0.0071 321 106 405 197
person 0.0066 0 26 12 63
person 0.0041 336 137 403 192
person 0.0039 0 0 12 29
person 0.0037 335 98 459 237
person 0.0034 112 0 178 29
person 0.0032 36 1 86 27
person 0.0032 135 0 195 44
person 0.0023 12 0 93 42
person 0.0023 56 -2 423 146
person 0.0022 166 0 196 32
person 0.0021 23 -6 192 34
person 0.0020 49 15 435 338
person 0.0019 400 -3 523 335
person 0.0017 82 0 166 34
person 0.0016 -1 -78 23 64
person 0.0015 0 -18 18 38
person 0.0010 88 0 127 52
person 0.0010 244 34 439 320
motorbike 0.0015 115 0 188 54
bird 0.0204 69 123 369 354
bird 0.0013 115 38 424 322
cat 0.0018 306 2 502 339
cat 0.0015 69 123 369 354
dog 0.2855 70 123 370 354
dog 0.0518 49 15 435 338
dog 0.0344 308 0 498 344
dog 0.0321 306 64 405 196
dog 0.0117 286 31 402 306
dog 0.0054 343 131 402 195
dog 0.0033 302 18 465 217
dog 0.0024 331 115 439 205
dog 0.0023 -3 0 116 66
dog 0.0010 289 0 407 179
horse 0.0072 69 121 373 353
horse 0.0010 -2 0 117 65
horse 0.0010 311 4 493 333
sheep 0.2336 72 124 385 352
sheep 0.0011 110 12 454 324
cow 0.0074 73 124 385 352
cow 0.0013 -2 0 117 65
chair 0.0013 111 0 183 57
