person 0.9184 319 129 443 333
person 0.7753 316 133 371 325
person 0.1047 428 257 435 266
person 0.0503 110 267 116 275
person 0.0370 425 256 433 266
person 0.0221 315 229 332 292
person 0.0191 139 278 145 283
person 0.0101 431 258 441 266
person 0.0059 167 275 171 281
person 0.0056 317 226 346 282
person 0.0054 443 260 459 265
person 0.0049 317 234 358 328
person 0.0046 316 269 331 289
person 0.0041 337 150 399 313
person 0.0027 310 131 343 333
person 0.0026 176 260 183 266
person 0.0025 423 254 430 267
person 0.0023 72 264 79 270
person 0.0022 430 261 435 266
person 0.0019 77 283 82 288
person 0.0018 322 242 365 279
person 0.0017 428 258 445 266
person 0.0015 108 263 117 273
person 0.0015 319 181 379 282
person 0.0012 318 279 349 330
person 0.0011 320 265 427 330
person 0.0011 138 251 165 266
person 0.0011 86 258 95 264
car 0.0874 443 260 459 265
car 0.0083 176 260 183 266
car 0.0061 140 255 165 266
car 0.0050 201 260 212 265
car 0.0044 72 264 79 270
car 0.0042 479 259 487 264
car 0.0040 174 257 184 265
car 0.0036 129 252 141 258
car 0.0034 86 258 95 264
car 0.0027 480 259 493 264
car 0.0025 428 257 435 266
car 0.0021 135 250 164 265
car 0.0020 439 258 461 266
car 0.0016 129 251 146 260
car 0.0014 176 254 187 262
car 0.0012 165 260 183 266
car 0.0011 139 278 145 283
car 0.0010 78 259 95 268
car 0.0010 89 257 100 263
bus 0.0033 137 251 165 266
train 0.0019 136 251 165 266
boat 0.0047 139 278 145 283
boat 0.0042 132 251 165 266
boat 0.0020 129 252 141 258
boat 0.0012 128 250 151 262
bird 0.1318 139 278 145 283
bird 0.0200 167 275 171 281
bird 0.0118 110 267 115 276
bird 0.0074 60 285 64 288
bird 0.0057 77 283 82 288
bird 0.0017 166 275 173 282
bird 0.0017 24 285 28 290
bird 0.0016 176 261 182 267
bird 0.0015 49 324 57 330
bird 0.0013 138 279 145 285
bird 0.0011 135 278 143 283
bird 0.0010 323 132 335 150
dog 0.0064 139 278 145 283
dog 0.0040 110 267 116 275
sheep 0.0032 139 278 145 283
bottle 0.0090 324 132 336 149
bottle 0.0043 322 242 365 279
bottle 0.0035 346 248 353 266
bottle 0.0033 317 271 333 287
bottle 0.0028 320 294 348 330
bottle 0.0026 340 247 354 274
bottle 0.0016 316 232 334 289
bottle 0.0012 319 268 358 328
bottle 0.0011 317 232 366 310
chair 0.0072 444 259 459 265
pottedplant 0.0019 109 267 116 275
