person 0.0011 34 31 495 298
car 0.0033 24 24 498 340
cat 0.5961 45 36 286 273
cat 0.4153 34 31 495 298
cat 0.1888 173 29 501 182
cat 0.0013 10 167 494 352
dog 0.0462 44 37 286 273
dog 0.0135 34 31 495 298
dog 0.0118 179 23 502 182
chair 0.0467 34 31 495 298
chair 0.0083 0 153 129 240
chair 0.0075 0 257 23 353
chair 0.0072 0 153 130 348
chair 0.0034 9 229 491 348
chair 0.0034 1 145 272 344
chair 0.0024 245 165 503 265
chair 0.0023 0 63 134 287
chair 0.0014 16 2 480 137
chair 0.0013 48 37 287 274
chair 0.0010 4 27 119 139
sofa 0.1087 34 31 495 298
sofa 0.0212 9 229 491 348
sofa 0.0029 0 145 271 345
sofa 0.0026 16 1 494 147
sofa 0.0019 0 149 136 350
sofa 0.0018 0 123 136 255
sofa 0.0017 245 165 503 265
sofa 0.0011 179 23 502 182
pottedplant 0.0011 28 26 497 339
diningtable 0.0180 10 224 492 348
diningtable 0.0042 34 31 495 298
