person 0.0115 433 63 437 69
person 0.0019 233 114 371 310
person 0.0015 433 61 438 67
car 0.0073 388 65 406 73
car 0.0017 186 69 198 75
car 0.0015 354 65 366 72
car 0.0010 385 64 399 72
car 0.0010 332 69 343 74
sheep 0.9192 405 138 499 287
sheep 0.9184 82 125 225 298
sheep 0.8591 0 106 101 240
sheep 0.6879 237 124 352 308
sheep 0.3977 271 111 363 179
sheep 0.1669 487 115 499 138
sheep 0.0702 406 132 483 158
sheep 0.0465 274 110 350 151
sheep 0.0373 235 110 359 217
sheep 0.0286 237 136 274 156
sheep 0.0263 115 126 157 151
sheep 0.0260 237 131 311 162
sheep 0.0212 26 119 162 239
sheep 0.0195 451 134 482 157
sheep 0.0188 236 127 332 177
sheep 0.0155 388 65 406 73
sheep 0.0147 453 131 484 145
sheep 0.0133 78 126 158 168
sheep 0.0126 267 138 319 166
sheep 0.0117 80 125 157 147
sheep 0.0092 77 123 163 208
sheep 0.0092 433 63 437 69
sheep 0.0085 490 130 499 142
sheep 0.0082 420 127 486 148
sheep 0.0074 411 127 465 143
sheep 0.0070 407 131 484 184
sheep 0.0067 400 129 467 150
sheep 0.0058 438 137 483 165
sheep 0.0054 320 115 361 153
sheep 0.0053 407 135 440 153
sheep 0.0050 183 69 196 75
sheep 0.0046 16 19 24 29
sheep 0.0040 256 115 328 160
sheep 0.0033 1 108 112 151
sheep 0.0032 449 113 483 129
sheep 0.0029 377 64 390 71
sheep 0.0029 238 75 250 81
sheep 0.0028 34 123 148 145
sheep 0.0028 456 113 473 128
sheep 0.0027 0 106 34 183
sheep 0.0027 9 20 22 31
sheep 0.0024 0 104 35 120
sheep 0.0024 278 122 323 182
sheep 0.0024 458 115 498 146
sheep 0.0023 430 129 443 140
sheep 0.0023 451 134 498 169
sheep 0.0020 79 124 110 142
sheep 0.0019 267 111 320 146
sheep 0.0019 354 66 364 73
sheep 0.0019 492 245 500 269
sheep 0.0019 335 134 365 155
sheep 0.0019 414 129 445 142
sheep 0.0018 477 110 499 133
sheep 0.0018 439 125 478 140
sheep 0.0018 453 138 500 271
sheep 0.0017 489 111 499 129
sheep 0.0016 294 79 308 86
sheep 0.0016 416 130 450 148
sheep 0.0016 280 139 307 165
sheep 0.0016 385 64 399 72
sheep 0.0014 20 17 34 27
sheep 0.0013 1 104 43 234
sheep 0.0013 453 120 477 134
sheep 0.0013 435 113 471 127
sheep 0.0012 2 20 19 33
sheep 0.0011 349 67 362 73
sheep 0.0011 272 118 311 158
sheep 0.0011 0 104 131 181
sheep 0.0011 422 132 443 146
sheep 0.0010 2 17 28 31
sheep 0.0010 307 114 355 141
sheep 0.0010 228 130 319 233
cow 0.0036 388 65 406 73
cow 0.0032 487 115 499 138
cow 0.0023 405 140 499 288
cow 0.0019 80 131 227 298
cow 0.0016 238 134 332 306
cow 0.0016 -1 105 100 240
cow 0.0010 183 69 196 75
