person 0.7302 137 70 497 371
person 0.0328 199 180 301 272
person 0.0108 11 169 375 371
person 0.0091 112 165 225 313
person 0.0077 205 170 372 288
person 0.0053 141 182 324 362
person 0.0047 235 193 341 296
person 0.0047 205 196 257 272
person 0.0040 211 215 237 263
person 0.0036 156 185 279 292
person 0.0027 214 230 236 253
person 0.0021 261 240 269 264
person 0.0019 418 153 499 204
person 0.0018 247 211 289 264
person 0.0015 293 219 309 238
person 0.0012 -3 23 222 375
bicycle 0.0010 10 0 505 358
car 0.2795 7 2 481 354
car 0.1929 199 186 291 272
car 0.0725 112 165 225 313
car 0.0242 125 180 310 280
car 0.0237 36 153 401 341
car 0.0173 -3 23 222 375
car 0.0130 205 170 372 288
car 0.0095 150 181 357 364
car 0.0095 235 193 341 296
car 0.0065 146 113 482 357
car 0.0057 205 196 257 272
car 0.0057 247 199 305 267
car 0.0056 2 162 52 201
car 0.0053 191 164 223 202
car 0.0041 211 215 237 263
car 0.0038 283 216 313 245
car 0.0035 -1 167 48 222
car 0.0033 290 220 328 264
car 0.0028 310 243 333 271
car 0.0028 293 219 309 238
car 0.0028 261 219 287 230
car 0.0027 173 156 245 253
car 0.0019 262 210 290 241
car 0.0017 122 144 248 263
car 0.0016 102 159 284 202
car 0.0015 0 232 87 268
car 0.0014 -1 81 140 357
car 0.0014 1 235 131 370
car 0.0014 213 230 235 254
car 0.0014 227 175 271 190
car 0.0013 170 201 289 297
car 0.0012 -9 -4 489 165
car 0.0012 294 225 321 241
car 0.0012 0 122 52 203
car 0.0012 292 218 304 232
car 0.0010 0 210 64 251
car 0.0010 255 206 291 260
car 0.0010 4 -10 323 267
car 0.0010 1 227 66 245
car 0.0010 273 206 321 256
car 0.0010 28 257 486 373
motorbike 0.0017 7 2 481 354
motorbike 0.0010 115 164 225 310
aeroplane 0.0021 10 0 505 358
bus 0.0589 7 2 481 354
bus 0.0072 200 185 297 271
train 0.0035 7 2 481 354
boat 0.0049 45 -3 506 363
dog 0.0018 115 165 224 310
bottle 0.3465 115 164 225 310
sofa 0.0015 7 2 481 354
diningtable 0.0020 7 2 481 354
