person 0.0034 -37 61 339 466
person 0.0019 1 172 71 347
person 0.0011 -11 181 181 356
cat 0.0028 175 22 293 463
bottle 0.8496 177 61 291 467
bottle 0.0627 179 5 288 295
bottle 0.0129 98 -4 290 476
bottle 0.0033 194 0 274 200
bottle 0.0021 177 189 292 383
bottle 0.0018 26 196 142 470
bottle 0.0016 -16 39 357 490
bottle 0.0013 211 13 253 117
bottle 0.0010 177 274 293 458
chair 0.0067 1 159 65 228
chair 0.0049 0 162 66 317
chair 0.0022 38 162 63 193
chair 0.0010 26 197 142 469
chair 0.0010 0 159 47 206
sofa 0.0011 1 172 71 347
diningtable 0.4466 -4 333 311 511
diningtable 0.1171 -6 198 319 481
diningtable 0.0848 0 412 308 501
diningtable 0.0129 22 192 143 473
diningtable 0.0022 1 399 148 468
diningtable 0.0019 85 4 304 470
diningtable 0.0017 176 82 293 469
diningtable 0.0015 1 145 233 399
diningtable 0.0012 34 329 138 469
diningtable 0.0010 131 310 316 478
tvmonitor 0.0077 91 0 313 24
