person 0.6434 115 34 328 496
person 0.0137 107 94 233 492
person 0.0043 110 218 292 497
person 0.0033 127 231 204 434
person 0.0033 146 227 190 257
person 0.0032 264 34 338 497
person 0.0028 40 59 278 436
person 0.0020 287 168 332 242
person 0.0015 147 225 197 276
person 0.0011 170 127 308 463
bird 0.4870 125 232 201 428
bird 0.0398 103 94 332 505
bird 0.0140 146 225 191 259
bird 0.0097 128 221 191 351
bird 0.0043 225 289 243 304
bird 0.0040 40 59 278 436
bird 0.0030 223 285 244 312
bird 0.0021 111 228 287 495
bird 0.0015 138 200 253 439
bird 0.0014 133 225 188 291
bird 0.0010 198 209 267 387
cat 0.0012 127 231 204 434
dog 0.0026 127 231 204 434
bottle 0.0024 125 233 201 428
