person 0.0200 220 280 225 286
person 0.0199 137 304 153 318
person 0.0196 146 303 161 317
person 0.0188 87 292 190 366
person 0.0164 150 302 166 317
person 0.0160 218 277 225 285
person 0.0139 211 276 219 284
person 0.0109 125 304 141 319
person 0.0088 142 300 170 319
person 0.0049 135 306 148 317
person 0.0021 132 296 181 319
car 0.8890 87 293 189 366
car 0.0145 211 276 219 284
car 0.0089 219 278 225 285
car 0.0036 249 281 254 285
car 0.0030 208 277 217 285
car 0.0017 141 299 168 320
car 0.0015 0 311 107 370
motorbike 0.0010 86 293 189 368
bus 0.0022 87 292 189 366
boat 0.0011 0 71 44 174
horse 0.0010 489 225 499 238
sheep 0.0021 488 225 499 238
cow 0.0013 489 225 499 238
