person 0.7061 11 9 442 330
person 0.0224 481 230 499 311
person 0.0149 466 223 500 327
person 0.0107 0 105 74 182
person 0.0042 482 241 499 275
person 0.0039 484 254 499 295
person 0.0028 0 9 161 320
person 0.0020 493 230 499 257
person 0.0019 482 249 498 266
person 0.0019 466 55 499 289
person 0.0016 485 223 499 265
person 0.0016 495 229 499 249
person 0.0015 0 59 78 267
person 0.0014 482 208 499 278
person 0.0014 287 26 495 324
person 0.0013 481 110 499 306
person 0.0011 496 229 500 244
person 0.0010 484 268 499 309
person 0.0010 442 20 499 282
bicycle 0.0170 463 228 500 329
bicycle 0.0072 465 277 499 332
bicycle 0.0029 480 235 499 324
car 0.0010 464 230 500 330
motorbike 0.0106 464 230 500 330
motorbike 0.0034 481 232 499 309
motorbike 0.0014 465 277 499 332
bottle 0.0091 0 106 74 182
bottle 0.0027 481 232 500 296
bottle 0.0010 482 241 499 275
bottle 0.0010 465 232 500 330
chair 0.0049 464 230 500 330
chair 0.0040 465 277 499 332
chair 0.0025 481 232 499 309
chair 0.0016 483 258 500 301
chair 0.0016 1 8 176 195
chair 0.0012 4 8 446 327
chair 0.0012 0 106 74 182
sofa 0.0061 -4 9 440 336
sofa 0.0030 1 8 176 195
diningtable 0.0012 4 8 446 327
diningtable 0.0011 463 228 500 329
