person 0.7539 209 51 396 259
person 0.1026 136 163 221 246
person 0.0126 207 55 339 204
person 0.0045 141 100 479 312
person 0.0031 60 163 284 292
person 0.0029 32 51 444 267
person 0.0019 281 97 327 195
person 0.0014 231 114 372 201
person 0.0013 264 75 323 220
person 0.0010 270 60 496 294
boat 0.5026 -1 162 483 330
boat 0.1276 400 233 499 326
boat 0.0473 436 264 499 329
boat 0.0452 134 164 226 249
boat 0.0236 6 241 435 327
boat 0.0117 209 54 384 259
boat 0.0113 75 73 452 285
boat 0.0103 424 235 502 289
boat 0.0051 188 228 498 325
boat 0.0036 60 163 284 292
boat 0.0036 333 227 500 279
boat 0.0031 395 229 497 258
boat 0.0028 218 124 488 294
boat 0.0025 205 63 328 152
boat 0.0021 294 186 488 271
boat 0.0018 318 220 504 317
boat 0.0015 322 211 497 259
boat 0.0013 124 189 404 307
bird 0.0012 137 162 220 246
dog 0.0248 137 163 221 245
dog 0.0011 213 54 369 257
horse 0.0020 137 162 220 246
chair 0.0116 137 162 221 245
chair 0.0020 423 236 504 297
