person 0.0999 289 107 326 142
person 0.0814 384 126 391 146
person 0.0702 0 94 32 146
person 0.0670 379 121 390 146
person 0.0611 435 145 449 170
person 0.0441 413 131 439 152
person 0.0237 434 80 499 242
person 0.0227 424 141 447 165
person 0.0213 378 115 387 142
person 0.0200 1 114 26 145
person 0.0121 210 96 324 146
person 0.0116 413 142 429 162
person 0.0107 235 111 260 137
person 0.0098 413 139 438 164
person 0.0065 433 148 442 167
person 0.0061 198 77 357 153
person 0.0059 480 180 500 384
person 0.0049 343 105 351 131
person 0.0047 232 101 363 163
person 0.0046 344 107 351 123
person 0.0043 0 66 144 201
person 0.0039 372 120 385 144
person 0.0033 293 103 319 128
person 0.0031 378 116 385 132
person 0.0029 397 138 408 145
person 0.0027 393 136 406 146
person 0.0024 389 129 397 145
person 0.0024 479 159 500 259
person 0.0024 378 132 385 146
person 0.0023 434 136 446 163
person 0.0022 271 110 327 151
person 0.0022 486 239 499 375
person 0.0021 154 80 422 207
person 0.0021 478 349 499 374
person 0.0020 296 111 354 148
person 0.0018 426 134 439 153
person 0.0018 448 119 500 378
person 0.0017 309 110 334 145
person 0.0016 462 121 481 140
person 0.0015 262 91 304 139
person 0.0014 49 104 85 137
person 0.0013 397 132 405 145
person 0.0013 222 113 268 162
person 0.0013 0 89 11 144
person 0.0013 279 99 312 129
person 0.0012 417 126 458 198
person 0.0012 426 147 449 174
person 0.0010 0 112 14 144
person 0.0010 380 126 397 146
person 0.0010 29 41 447 275
bicycle 0.0016 413 131 439 152
bicycle 0.0015 413 138 438 164
bicycle 0.0011 18 63 452 339
bicycle 0.0011 479 176 499 260
bicycle 0.0010 385 127 391 146
car 0.7149 412 132 438 148
car 0.4804 435 85 499 260
car 0.4102 0 68 158 287
car 0.0221 21 55 458 337
car 0.0211 424 141 447 165
car 0.0157 411 137 435 161
car 0.0080 397 138 408 145
car 0.0068 435 139 448 166
car 0.0065 13 61 296 222
car 0.0061 479 159 500 259
car 0.0035 288 110 328 144
car 0.0032 393 136 406 146
car 0.0031 400 137 413 146
car 0.0029 185 77 352 155
car 0.0027 387 132 435 149
car 0.0024 383 127 393 145
car 0.0023 430 152 481 216
car 0.0022 424 132 439 141
car 0.0022 261 132 472 250
car 0.0021 464 132 500 253
car 0.0021 411 136 428 153
car 0.0021 454 191 479 215
car 0.0020 413 144 427 159
car 0.0020 188 72 473 281
car 0.0019 210 96 324 146
car 0.0019 409 116 490 244
car 0.0019 423 133 440 154
car 0.0017 0 65 75 297
car 0.0016 430 148 447 172
car 0.0016 16 89 183 216
car 0.0016 154 80 422 207
car 0.0015 232 101 363 163
car 0.0015 431 142 442 166
car 0.0015 441 167 484 237
car 0.0014 491 163 499 191
car 0.0014 391 130 456 184
car 0.0013 295 110 355 148
car 0.0013 482 96 499 238
car 0.0013 395 136 424 150
car 0.0012 485 161 500 199
car 0.0011 448 179 474 213
car 0.0011 379 123 390 145
car 0.0011 387 141 436 160
car 0.0010 21 78 122 181
motorbike 0.8446 19 63 450 339
motorbike 0.0135 8 75 184 295
motorbike 0.0117 479 176 499 259
motorbike 0.0027 482 211 500 262
motorbike 0.0019 33 133 154 319
motorbike 0.0016 413 131 439 152
motorbike 0.0014 18 235 455 364
motorbike 0.0014 472 137 499 369
motorbike 0.0011 413 138 438 164
motorbike 0.0011 13 61 296 222
motorbike 0.0011 435 85 499 260
motorbike 0.0010 454 114 500 330
bus 0.0158 435 82 499 253
bus 0.0093 0 73 165 293
chair 0.0012 434 83 500 250
chair 0.0010 413 131 439 152
