person 0.2409 492 261 499 279
person 0.1557 112 234 120 241
person 0.1344 472 277 478 285
person 0.0924 459 276 484 293
person 0.0784 469 276 479 292
person 0.0656 451 275 463 283
person 0.0625 480 278 487 285
person 0.0592 473 276 481 286
person 0.0514 447 273 457 283
person 0.0494 442 268 500 300
person 0.0394 490 270 499 285
person 0.0275 466 276 486 288
person 0.0254 443 271 455 283
person 0.0216 482 277 496 287
person 0.0179 449 270 483 289
person 0.0167 457 275 470 283
person 0.0110 423 293 429 298
person 0.0090 97 247 103 252
person 0.0085 443 257 483 288
person 0.0069 0 1 89 60
person 0.0067 231 244 238 249
person 0.0057 97 278 103 283
person 0.0055 210 215 215 229
person 0.0054 443 262 454 279
person 0.0053 450 270 462 280
person 0.0052 484 262 500 282
person 0.0046 451 274 468 287
person 0.0045 53 261 64 274
person 0.0042 439 238 500 304
person 0.0042 494 258 499 269
person 0.0041 459 276 472 294
person 0.0039 229 241 238 249
person 0.0036 168 174 244 241
person 0.0036 472 279 495 292
person 0.0034 450 268 467 282
person 0.0029 228 226 239 232
person 0.0028 206 222 215 230
person 0.0023 473 270 482 280
person 0.0022 465 265 486 284
person 0.0019 216 225 239 232
person 0.0019 414 369 422 374
person 0.0019 314 250 324 256
person 0.0017 479 267 492 280
person 0.0017 445 260 453 273
person 0.0016 187 221 231 233
person 0.0016 112 237 120 242
person 0.0016 206 222 221 232
person 0.0016 221 227 238 233
person 0.0015 203 214 220 230
person 0.0015 188 221 202 232
person 0.0013 0 1 44 58
person 0.0013 493 280 499 289
person 0.0012 182 217 196 227
person 0.0012 249 262 253 267
person 0.0012 107 321 116 329
person 0.0011 190 215 198 228
person 0.0011 424 292 433 298
car 0.0012 112 234 120 241
aeroplane 0.0018 0 1 89 59
aeroplane 0.0013 112 234 120 241
boat 0.7054 153 169 246 236
boat 0.5636 440 128 499 304
boat 0.3486 442 275 498 301
boat 0.2696 112 234 120 241
boat 0.2128 67 215 72 226
boat 0.1126 132 215 139 226
boat 0.0807 482 126 500 297
boat 0.0498 439 238 500 304
boat 0.0394 459 276 484 293
boat 0.0306 467 277 479 286
boat 0.0261 137 215 148 225
boat 0.0233 132 213 144 228
boat 0.0223 449 270 483 289
boat 0.0221 64 216 72 228
boat 0.0206 231 244 238 249
boat 0.0165 98 248 104 252
boat 0.0157 68 215 77 225
boat 0.0132 466 276 486 288
boat 0.0129 127 216 136 226
boat 0.0106 54 215 71 226
boat 0.0105 392 116 502 297
boat 0.0101 172 222 238 234
boat 0.0082 134 215 167 228
boat 0.0068 245 213 269 225
boat 0.0065 168 203 242 237
boat 0.0054 466 119 498 285
boat 0.0053 62 214 76 227
boat 0.0052 229 241 239 249
boat 0.0049 133 173 208 232
boat 0.0048 492 264 500 282
boat 0.0045 443 257 483 288
boat 0.0043 489 208 499 276
boat 0.0040 96 247 104 253
boat 0.0039 132 200 186 233
boat 0.0037 111 230 119 243
boat 0.0036 119 217 130 225
boat 0.0036 472 277 478 285
boat 0.0031 112 237 120 242
boat 0.0027 478 278 488 286
boat 0.0026 491 273 499 286
boat 0.0026 255 216 275 225
boat 0.0026 172 170 212 232
boat 0.0025 492 256 499 274
boat 0.0024 481 277 496 287
boat 0.0023 241 217 252 224
boat 0.0023 259 211 276 222
boat 0.0023 423 293 429 298
boat 0.0023 65 207 74 226
boat 0.0021 451 275 463 284
boat 0.0020 203 214 220 230
boat 0.0020 183 174 268 230
boat 0.0019 74 215 88 224
boat 0.0018 239 214 258 227
boat 0.0017 193 225 236 235
boat 0.0017 239 203 273 228
boat 0.0016 67 216 80 229
boat 0.0016 69 210 81 224
boat 0.0016 446 273 459 284
boat 0.0015 164 244 169 249
boat 0.0015 133 206 146 226
boat 0.0014 443 269 459 286
boat 0.0013 97 279 103 283
boat 0.0013 139 212 191 231
boat 0.0012 472 279 495 292
boat 0.0012 242 211 252 223
boat 0.0012 73 208 88 225
boat 0.0012 47 212 76 233
boat 0.0012 433 264 484 300
boat 0.0012 122 217 138 228
boat 0.0012 444 271 455 283
boat 0.0011 457 275 470 283
boat 0.0011 123 212 136 224
boat 0.0011 220 227 238 234
boat 0.0011 227 225 239 232
boat 0.0010 463 263 488 286
boat 0.0010 206 172 246 226
boat 0.0010 243 220 263 225
boat 0.0010 19 205 98 246
boat 0.0010 138 219 162 226
boat 0.0010 0 0 90 60
boat 0.0010 493 195 499 212
bird 0.0792 232 244 238 249
bird 0.0320 423 293 430 298
bird 0.0226 97 247 103 252
bird 0.0182 0 1 89 59
bird 0.0174 249 262 253 267
bird 0.0174 112 235 120 241
bird 0.0131 97 278 103 283
bird 0.0071 229 241 238 249
bird 0.0059 233 247 239 251
bird 0.0029 229 183 236 189
bird 0.0021 314 250 324 256
bird 0.0021 0 1 43 59
bird 0.0017 424 292 433 298
bird 0.0015 247 261 255 268
bird 0.0013 107 321 116 329
bird 0.0011 132 215 142 226
bird 0.0011 67 215 72 226
bottle 0.0017 112 234 120 241
pottedplant 0.0015 442 124 500 305
pottedplant 0.0013 0 217 120 369
tvmonitor 0.0013 160 168 246 235
