person 0.8039 260 307 310 374
person 0.0632 262 329 337 375
person 0.0264 293 325 337 370
person 0.0133 249 300 344 383
person 0.0098 314 326 335 354
person 0.0081 273 307 309 354
person 0.0065 322 328 334 344
person 0.0023 259 356 270 371
person 0.0019 284 312 320 369
person 0.0015 222 336 316 408
person 0.0015 262 337 307 376
person 0.0013 304 332 329 360
person 0.0013 210 295 326 401
person 0.0013 307 334 328 350
person 0.0012 285 309 310 345
person 0.0011 182 256 384 404
bicycle 0.0043 254 336 333 377
car 0.0066 261 328 337 376
car 0.0017 260 307 312 374
motorbike 0.0161 260 328 337 376
motorbike 0.0041 260 307 312 374
aeroplane 0.1919 47 47 312 407
aeroplane 0.0018 259 306 310 373
aeroplane 0.0018 43 21 206 347
aeroplane 0.0013 260 328 337 376
bus 0.0011 47 47 312 407
train 0.0058 40 29 276 402
boat 0.3493 261 328 337 376
boat 0.1602 40 29 276 402
boat 0.0871 260 307 312 374
boat 0.0163 258 363 309 411
boat 0.0093 261 342 332 409
boat 0.0053 293 339 336 372
boat 0.0044 189 360 307 411
boat 0.0037 243 309 339 392
boat 0.0032 222 336 316 408
boat 0.0022 45 18 200 305
boat 0.0022 259 350 311 377
boat 0.0019 259 337 300 396
boat 0.0019 262 362 307 384
boat 0.0010 280 334 325 371
bird 0.0120 58 104 77 112
bird 0.0106 40 125 49 133
bird 0.0037 40 18 48 27
cow 0.0014 261 329 337 376
bottle 0.0012 323 326 335 344
chair 0.0022 254 336 333 377
