person 0.9126 329 70 438 328
person 0.7291 52 49 188 294
person 0.7216 179 67 299 329
person 0.6589 279 85 312 140
person 0.6402 305 103 342 138
person 0.4879 437 113 452 155
person 0.4763 239 48 293 136
person 0.2212 260 86 302 141
person 0.1396 243 49 270 69
person 0.0733 281 99 339 140
person 0.0647 475 124 491 149
person 0.0363 282 133 341 209
person 0.0261 408 124 438 146
person 0.0246 233 48 281 109
person 0.0228 461 123 496 146
person 0.0161 264 71 291 128
person 0.0153 309 127 343 140
person 0.0153 487 125 499 144
person 0.0147 229 80 313 360
person 0.0121 402 119 447 149
person 0.0106 184 57 297 152
person 0.0097 329 114 353 129
person 0.0096 256 89 284 138
person 0.0089 111 48 196 358
person 0.0083 264 85 331 217
person 0.0082 318 106 344 133
person 0.0081 418 127 441 144
person 0.0078 293 111 343 167
person 0.0074 337 117 351 127
person 0.0062 286 85 311 121
person 0.0056 22 71 289 334
person 0.0054 299 105 317 137
person 0.0049 293 111 324 139
person 0.0044 210 50 315 185
person 0.0041 233 49 272 85
person 0.0041 35 108 75 135
person 0.0040 324 104 356 137
person 0.0040 272 69 414 317
person 0.0036 86 106 164 336
person 0.0036 265 84 291 112
person 0.0036 309 115 349 156
person 0.0032 255 97 305 317
person 0.0028 254 79 306 203
person 0.0028 34 108 54 129
person 0.0027 374 219 384 234
person 0.0027 229 74 296 153
person 0.0026 75 177 171 272
person 0.0022 172 60 251 283
person 0.0022 295 93 332 132
person 0.0021 279 111 302 140
person 0.0020 131 189 140 206
person 0.0020 309 102 338 124
person 0.0018 339 116 359 127
person 0.0018 41 154 154 308
person 0.0017 369 207 389 247
person 0.0015 245 75 322 264
person 0.0015 259 72 356 144
person 0.0014 174 128 259 359
person 0.0013 295 109 357 203
person 0.0013 296 117 338 149
person 0.0013 173 117 196 142
person 0.0012 425 122 444 147
person 0.0012 194 84 376 336
person 0.0012 437 131 450 156
person 0.0011 290 105 312 137
person 0.0011 0 262 92 372
person 0.0011 255 137 428 253
person 0.0011 475 135 482 149
person 0.0011 315 114 419 146
person 0.0010 267 80 289 101
person 0.0010 296 97 314 124
person 0.0010 334 105 352 127
person 0.0010 155 52 286 115
person 0.0010 346 114 360 124
person 0.0010 -7 76 157 314
person 0.0010 309 245 397 362
bicycle 0.0039 174 117 196 147
bicycle 0.0022 35 108 75 135
bicycle 0.0022 34 108 54 129
bicycle 0.0013 371 218 386 242
car 0.4965 405 126 427 143
car 0.4248 36 110 76 136
car 0.3772 488 125 499 142
car 0.2021 456 123 489 145
car 0.1529 475 123 492 148
car 0.1461 173 117 197 143
car 0.1372 438 112 452 156
car 0.0731 0 116 73 179
car 0.0713 337 117 351 127
car 0.0530 36 108 52 127
car 0.0512 457 125 476 139
car 0.0510 0 131 16 176
car 0.0483 408 124 438 146
car 0.0289 3 103 70 134
car 0.0280 448 120 472 138
car 0.0220 339 122 433 147
car 0.0211 0 153 6 176
car 0.0211 329 114 353 129
car 0.0205 406 119 459 148
car 0.0203 425 122 444 147
car 0.0200 0 123 14 159
car 0.0200 0 118 23 173
car 0.0198 418 127 441 144
car 0.0195 57 113 78 133
car 0.0192 31 105 77 152
car 0.0191 309 103 344 139
car 0.0187 0 147 9 174
car 0.0176 0 130 10 164
car 0.0145 16 107 57 130
car 0.0124 0 82 10 113
car 0.0122 0 109 30 150
car 0.0119 55 95 207 142
car 0.0119 484 123 499 148
car 0.0119 170 107 202 136
car 0.0111 0 93 47 133
car 0.0106 339 116 358 127
car 0.0098 0 149 18 181
car 0.0096 405 120 428 138
car 0.0093 0 163 5 179
car 0.0091 432 110 471 147
car 0.0089 468 122 490 141
car 0.0085 291 120 438 176
car 0.0081 0 160 14 181
car 0.0079 172 115 192 132
car 0.0076 58 108 88 131
car 0.0075 158 114 195 146
car 0.0071 0 122 8 145
car 0.0069 60 110 78 126
car 0.0064 0 115 14 144
car 0.0056 421 122 438 139
car 0.0051 67 100 102 128
car 0.0049 42 75 216 171
car 0.0048 299 84 429 294
car 0.0043 75 97 103 119
car 0.0042 189 112 200 124
car 0.0042 269 94 455 219
car 0.0041 45 112 103 137
car 0.0040 178 112 202 124
car 0.0035 0 107 13 135
car 0.0034 334 105 413 154
car 0.0034 51 51 189 287
car 0.0033 35 126 71 174
car 0.0033 146 99 194 142
car 0.0033 0 109 7 133
car 0.0033 23 83 87 140
car 0.0032 65 112 82 131
car 0.0032 33 108 60 140
car 0.0031 0 80 42 118
car 0.0029 127 102 211 150
car 0.0028 433 125 485 148
car 0.0027 53 105 80 126
car 0.0026 7 81 182 202
car 0.0026 441 115 460 140
car 0.0024 -2 129 45 177
car 0.0024 485 123 500 136
car 0.0023 312 126 346 140
car 0.0023 1 95 11 122
car 0.0022 281 136 340 213
car 0.0021 324 104 356 137
car 0.0021 74 102 93 124
car 0.0020 346 113 360 124
car 0.0020 16 98 156 158
car 0.0020 178 102 207 126
car 0.0020 65 74 182 136
car 0.0017 186 108 204 126
car 0.0017 432 104 491 156
car 0.0017 0 97 7 119
car 0.0016 173 58 289 259
car 0.0016 486 138 499 148
car 0.0015 145 63 219 135
car 0.0015 161 113 209 172
car 0.0015 140 96 179 125
car 0.0015 69 108 86 124
car 0.0014 168 109 191 126
car 0.0014 44 117 72 142
car 0.0014 156 85 270 166
car 0.0014 37 100 79 128
car 0.0013 168 53 284 143
car 0.0013 493 123 499 130
car 0.0013 81 93 107 112
motorbike 0.0012 35 110 76 135
bus 0.0041 34 108 75 135
bus 0.0034 488 125 499 142
bus 0.0010 475 123 492 148
train 0.0010 329 71 433 331
boat 0.0023 3 109 369 338
boat 0.0022 229 179 451 336
boat 0.0012 287 205 381 320
boat 0.0011 329 71 433 331
boat 0.0011 156 123 467 319
bird 0.0011 371 218 382 235
cat 0.0039 89 249 176 349
cat 0.0038 304 243 401 361
cat 0.0036 175 245 263 350
cat 0.0033 1 262 91 370
cat 0.0013 241 177 306 351
dog 0.8865 174 245 263 349
dog 0.8810 89 248 177 348
dog 0.8244 0 262 92 370
dog 0.7497 305 243 397 362
dog 0.5486 242 181 307 352
dog 0.0916 181 194 302 353
dog 0.0712 291 218 349 332
dog 0.0230 249 193 375 349
dog 0.0216 229 80 313 360
dog 0.0153 229 179 451 336
dog 0.0097 278 210 337 303
dog 0.0088 259 185 314 306
dog 0.0086 187 119 374 346
dog 0.0080 279 146 347 295
dog 0.0074 299 221 340 266
dog 0.0071 247 163 431 278
dog 0.0059 43 212 337 358
dog 0.0055 171 79 297 374
dog 0.0050 307 252 350 336
dog 0.0047 320 207 423 343
dog 0.0042 296 198 395 325
dog 0.0039 11 238 169 365
dog 0.0035 253 252 285 337
dog 0.0031 255 97 305 317
dog 0.0030 280 136 341 221
dog 0.0025 0 287 52 372
dog 0.0024 0 217 91 331
dog 0.0024 288 225 333 280
dog 0.0024 241 166 303 273
dog 0.0022 21 234 107 353
dog 0.0021 58 222 94 290
dog 0.0020 -5 107 376 341
dog 0.0016 287 238 307 281
dog 0.0014 257 176 303 237
dog 0.0014 258 277 283 325
dog 0.0012 57 214 122 289
dog 0.0012 436 282 485 311
dog 0.0012 83 234 123 295
dog 0.0012 303 223 348 297
dog 0.0012 169 176 255 334
dog 0.0011 214 177 283 317
dog 0.0011 287 111 440 327
dog 0.0010 269 143 409 245
dog 0.0010 46 42 190 360
dog 0.0010 100 202 159 278
horse 0.0023 180 63 306 361
sheep 0.0100 241 177 306 351
sheep 0.0052 180 63 306 361
sheep 0.0041 174 245 264 348
sheep 0.0038 280 136 341 221
sheep 0.0025 0 260 91 371
sheep 0.0024 89 248 176 347
sheep 0.0017 247 163 431 278
sheep 0.0015 279 146 347 295
sheep 0.0014 218 131 399 307
sheep 0.0013 -5 107 376 341
sheep 0.0010 268 199 351 325
sheep 0.0010 189 175 301 338
sheep 0.0010 298 212 362 305
cow 0.0017 180 63 306 361
cow 0.0011 0 261 92 368
bottle 0.1760 373 218 384 236
bottle 0.0915 369 217 388 245
bottle 0.0396 132 189 140 204
bottle 0.0332 313 83 445 347
bottle 0.0201 367 221 391 258
bottle 0.0097 369 215 382 233
bottle 0.0076 120 248 129 267
bottle 0.0023 60 48 201 342
bottle 0.0019 361 211 388 233
bottle 0.0019 125 189 139 207
bottle 0.0019 371 215 399 247
bottle 0.0017 365 215 398 292
bottle 0.0014 115 188 137 211
bottle 0.0013 435 281 486 311
bottle 0.0010 340 143 431 307
chair 0.0178 54 53 185 359
chair 0.0103 80 205 138 285
chair 0.0102 112 199 138 262
chair 0.0059 88 141 154 304
chair 0.0054 330 70 423 334
chair 0.0050 75 177 171 272
chair 0.0048 34 108 75 135
chair 0.0047 279 134 339 212
chair 0.0039 174 117 196 147
chair 0.0035 100 202 159 278
chair 0.0033 339 202 372 218
chair 0.0030 268 99 459 328
chair 0.0030 57 214 122 289
chair 0.0027 35 108 54 129
chair 0.0021 84 234 122 288
chair 0.0021 69 185 195 317
chair 0.0020 101 118 183 339
chair 0.0018 179 63 304 347
chair 0.0017 49 200 148 271
chair 0.0017 370 221 384 236
chair 0.0016 78 186 136 255
chair 0.0013 283 99 340 307
chair 0.0013 51 141 140 314
chair 0.0010 436 282 485 313
chair 0.0010 292 174 426 330
sofa 0.0014 329 71 433 331
sofa 0.0012 3 109 369 338
diningtable 0.0012 329 71 433 330
diningtable 0.0011 0 159 376 343
