person 0.7868 450 154 468 217
person 0.7465 296 124 343 181
person 0.0596 368 123 394 174
person 0.0223 450 154 467 182
person 0.0208 352 126 391 178
person 0.0180 364 145 394 180
person 0.0144 373 124 411 178
person 0.0130 113 140 138 172
person 0.0110 298 124 330 158
person 0.0108 17 67 472 285
person 0.0105 372 124 393 151
person 0.0102 450 153 460 173
person 0.0096 68 143 81 158
person 0.0084 336 131 377 178
person 0.0079 159 150 180 180
person 0.0074 262 150 284 188
person 0.0069 261 126 286 186
person 0.0068 85 139 107 158
person 0.0066 93 130 111 159
person 0.0064 69 139 86 157
person 0.0050 378 124 399 147
person 0.0043 281 119 368 203
person 0.0036 51 132 75 156
person 0.0033 51 124 64 153
person 0.0032 133 143 155 172
person 0.0031 190 147 212 175
person 0.0029 370 157 393 177
person 0.0029 318 133 363 178
person 0.0028 351 140 412 206
person 0.0027 452 165 468 189
person 0.0026 0 133 10 142
person 0.0024 361 122 388 159
person 0.0023 77 131 113 160
person 0.0023 301 124 318 149
person 0.0022 107 135 133 162
person 0.0022 376 126 398 161
person 0.0022 77 141 94 157
person 0.0021 124 137 140 167
person 0.0020 141 143 162 174
person 0.0019 377 140 430 188
person 0.0018 447 175 464 251
person 0.0018 288 129 317 180
person 0.0018 331 74 449 273
person 0.0016 67 146 80 173
person 0.0016 203 83 426 274
person 0.0016 440 154 477 218
person 0.0015 454 154 467 171
person 0.0014 354 156 392 187
person 0.0013 96 146 108 162
person 0.0013 352 127 379 163
person 0.0013 369 160 411 184
person 0.0013 99 136 115 160
person 0.0012 81 151 98 174
person 0.0012 168 148 189 176
person 0.0012 85 144 107 164
person 0.0012 52 121 64 134
person 0.0011 459 198 473 215
person 0.0011 267 121 286 169
person 0.0010 170 138 211 179
person 0.0010 333 125 397 197
person 0.0010 484 71 497 87
person 0.0010 142 149 177 181
person 0.0010 378 126 409 153
person 0.0010 453 178 465 218
person 0.0010 265 172 282 187
person 0.0010 363 152 401 194
aeroplane 0.0047 136 32 142 37
bus 0.9331 23 67 461 287
bus 0.0061 296 124 343 182
bus 0.0013 213 120 269 210
train 0.0012 19 66 470 286
boat 0.0024 136 32 142 38
bird 0.4944 136 32 142 37
bird 0.0069 138 33 144 38
chair 0.0644 158 150 182 182
chair 0.0162 182 148 212 182
chair 0.0110 141 149 177 181
chair 0.0073 167 154 186 183
chair 0.0071 68 143 81 159
chair 0.0070 220 141 260 185
chair 0.0056 112 140 138 172
chair 0.0038 141 143 162 174
chair 0.0034 82 140 102 157
chair 0.0030 69 139 86 157
chair 0.0029 11 61 466 276
chair 0.0026 172 147 190 181
chair 0.0025 208 147 238 183
chair 0.0022 133 143 155 172
chair 0.0019 197 143 215 181
chair 0.0019 74 138 95 156
chair 0.0018 183 148 200 176
chair 0.0017 85 135 108 158
chair 0.0017 217 155 247 186
chair 0.0015 236 131 277 184
chair 0.0013 124 143 140 170
chair 0.0012 261 125 286 186
chair 0.0011 262 150 284 188
chair 0.0011 145 154 158 180
chair 0.0010 170 147 184 173
pottedplant 0.0034 0 133 12 142
pottedplant 0.0010 0 133 25 175
pottedplant 0.0010 0 134 15 147
diningtable 0.0030 19 66 470 286
