person 0.5137 208 207 217 231
person 0.5126 315 209 323 229
person 0.3957 310 208 320 230
person 0.1465 450 213 472 232
person 0.1411 310 207 316 229
person 0.1119 225 199 236 224
person 0.0312 451 213 465 225
person 0.0182 205 206 221 232
person 0.0146 214 201 230 225
person 0.0115 310 203 326 229
person 0.0100 462 215 476 231
person 0.0091 455 214 474 224
person 0.0089 318 211 328 228
person 0.0088 332 212 343 228
person 0.0084 201 213 212 228
person 0.0084 335 203 417 232
person 0.0082 449 212 459 224
person 0.0074 307 210 314 228
person 0.0065 328 207 340 227
person 0.0063 167 212 174 220
person 0.0060 305 203 320 227
person 0.0052 309 216 314 228
person 0.0046 409 208 479 233
person 0.0044 210 207 216 220
person 0.0043 382 219 392 230
person 0.0043 267 212 277 229
person 0.0042 133 188 146 194
person 0.0042 365 218 407 231
person 0.0042 229 208 235 223
person 0.0040 310 207 342 227
person 0.0039 313 203 324 220
person 0.0039 220 192 235 215
person 0.0038 219 197 232 221
person 0.0036 368 207 386 229
person 0.0036 332 206 346 225
person 0.0033 412 207 451 231
person 0.0030 316 204 365 227
person 0.0029 363 209 380 229
person 0.0029 439 211 454 230
person 0.0027 223 184 243 224
person 0.0026 330 211 390 231
person 0.0026 376 207 391 229
person 0.0020 317 208 333 226
person 0.0019 383 213 400 229
person 0.0017 310 200 323 209
person 0.0017 338 206 353 222
person 0.0016 373 211 407 229
person 0.0015 464 215 475 222
person 0.0015 338 214 355 228
person 0.0015 333 213 366 229
person 0.0014 354 211 376 229
person 0.0014 339 204 353 214
person 0.0013 389 213 412 226
person 0.0013 355 216 388 229
person 0.0012 345 203 355 214
person 0.0012 360 205 401 229
person 0.0011 113 171 369 230
person 0.0011 321 212 341 228
person 0.0010 242 198 251 207
car 0.0275 451 214 476 232
car 0.0199 412 208 455 232
car 0.0109 330 211 390 231
car 0.0105 332 202 411 231
car 0.0055 462 215 476 231
car 0.0023 308 197 373 228
car 0.0021 316 209 323 229
car 0.0020 310 194 358 217
car 0.0016 394 206 414 214
car 0.0015 375 204 416 228
car 0.0015 381 212 413 227
car 0.0014 311 204 323 228
car 0.0013 310 200 323 209
car 0.0013 451 213 467 226
car 0.0013 456 214 474 224
car 0.0010 330 196 361 209
car 0.0010 459 213 499 229
car 0.0010 391 208 413 225
aeroplane 0.7556 107 133 383 227
aeroplane 0.0048 336 196 420 228
aeroplane 0.0036 412 208 455 232
aeroplane 0.0036 446 211 477 232
aeroplane 0.0035 302 140 365 198
aeroplane 0.0027 174 158 456 227
aeroplane 0.0025 344 205 477 231
aeroplane 0.0019 308 197 373 228
aeroplane 0.0018 238 139 395 213
aeroplane 0.0014 90 115 519 217
aeroplane 0.0014 333 144 353 184
aeroplane 0.0014 35 176 364 227
aeroplane 0.0012 465 206 500 223
aeroplane 0.0011 459 213 499 229
bus 0.0147 331 201 411 231
bus 0.0118 412 208 449 232
bus 0.0046 409 208 479 233
bus 0.0045 330 211 390 231
bus 0.0038 451 214 475 232
train 0.0010 412 207 451 231
bird 0.0014 160 176 166 183
