person 0.0279 49 60 67 91
person 0.0242 351 146 379 192
person 0.0077 340 142 387 210
person 0.0060 66 59 84 90
person 0.0051 23 55 55 92
person 0.0025 40 58 76 91
person 0.0019 26 57 44 87
person 0.0010 10 167 56 255
bird 0.0061 350 145 378 193
bird 0.0011 362 254 414 293
cat 0.0027 349 144 380 197
dog 0.0030 350 145 378 193
bottle 0.0226 457 94 473 122
bottle 0.0204 448 85 467 119
bottle 0.0037 448 96 462 119
bottle 0.0031 10 167 56 255
bottle 0.0012 17 146 82 215
bottle 0.0012 19 132 72 194
chair 0.1874 79 292 328 331
chair 0.0014 71 242 334 337
chair 0.0010 75 230 327 296
pottedplant 0.0292 448 85 467 119
pottedplant 0.0050 453 78 471 100
pottedplant 0.0026 442 77 477 122
pottedplant 0.0023 448 96 462 119
diningtable 0.0027 80 230 337 289
diningtable 0.0027 -26 217 366 340
diningtable 0.0017 46 287 320 327
diningtable 0.0015 397 238 499 303
diningtable 0.0014 10 168 57 255
tvmonitor 0.8272 113 38 354 186
tvmonitor 0.0044 25 95 68 126
tvmonitor 0.0023 182 179 281 229
tvmonitor 0.0011 121 95 348 242
