person 0.0113 327 121 336 132
person 0.0077 228 56 302 104
person 0.0059 364 62 375 136
person 0.0039 35 11 85 75
person 0.0024 237 57 283 93
person 0.0023 162 22 175 39
person 0.0018 149 22 178 39
person 0.0018 11 36 356 493
person 0.0014 22 24 66 104
person 0.0013 368 124 374 135
person 0.0012 325 120 341 134
bicycle 0.0041 230 54 306 108
bicycle 0.0013 2 261 103 481
car 0.4033 6 123 344 492
car 0.0940 2 261 103 481
car 0.0223 10 30 359 363
car 0.0137 108 160 340 409
car 0.0053 -1 172 146 496
car 0.0034 11 80 348 247
car 0.0021 230 54 306 108
car 0.0015 18 33 68 107
car 0.0013 1 183 107 281
car 0.0012 106 195 335 304
car 0.0011 2 191 253 434
car 0.0011 26 75 66 105
motorbike 0.0994 6 123 344 492
motorbike 0.0449 230 54 306 108
motorbike 0.0164 0 259 106 481
motorbike 0.0040 10 30 359 363
motorbike 0.0033 -1 172 146 496
motorbike 0.0020 203 19 330 108
motorbike 0.0018 3 70 371 214
motorbike 0.0016 108 160 340 409
motorbike 0.0015 224 42 357 129
motorbike 0.0010 263 57 304 110
aeroplane 0.0238 5 51 352 486
aeroplane 0.0012 229 55 308 107
bus 0.0052 5 81 349 494
train 0.0013 5 49 351 486
train 0.0011 3 12 374 108
boat 0.0010 15 47 353 481
boat 0.0010 2 261 103 481
bird 0.0012 327 122 336 131
chair 0.0017 2 261 103 481
