person 0.0069 210 111 360 327
person 0.0016 0 284 13 366
person 0.0012 276 175 297 190
cat 0.0024 0 286 5 300
cat 0.0016 159 126 390 371
dog 0.0022 0 286 5 300
bottle 0.0028 14 154 20 179
bottle 0.0025 0 152 5 171
bottle 0.0018 0 129 10 208
bottle 0.0012 0 111 8 123
chair 0.9230 313 128 464 364
chair 0.7803 147 148 326 371
chair 0.7598 259 107 328 170
chair 0.5246 82 116 179 314
chair 0.1218 0 287 13 372
chair 0.0915 84 126 223 375
chair 0.0730 249 106 364 247
chair 0.0261 241 107 375 366
chair 0.0129 143 119 369 288
chair 0.0039 279 175 296 190
chair 0.0036 81 116 156 232
chair 0.0031 0 284 9 352
chair 0.0031 223 169 344 261
chair 0.0027 266 139 311 215
chair 0.0022 269 111 329 229
chair 0.0019 107 186 181 311
chair 0.0018 254 162 312 269
chair 0.0018 77 115 307 318
chair 0.0017 386 129 472 363
chair 0.0017 306 228 443 361
chair 0.0014 54 192 95 234
chair 0.0011 0 177 9 203
sofa 0.0688 0 287 15 372
sofa 0.0019 0 264 9 353
sofa 0.0015 260 107 328 169
sofa 0.0013 242 102 380 288
sofa 0.0013 313 128 464 364
sofa 0.0011 146 147 327 371
diningtable 0.3062 145 142 366 373
diningtable 0.0529 0 287 13 372
diningtable 0.0250 237 107 375 367
diningtable 0.0069 127 117 377 267
diningtable 0.0066 254 125 383 262
diningtable 0.0055 309 130 462 363
diningtable 0.0033 255 111 334 242
diningtable 0.0026 259 108 328 168
diningtable 0.0023 242 157 372 227
diningtable 0.0015 84 125 223 376
diningtable 0.0015 279 175 296 190
diningtable 0.0011 82 117 179 313
tvmonitor 0.8589 15 113 95 188
tvmonitor 0.0049 0 294 14 373
