person 0.0277 255 48 297 124
person 0.0029 325 38 337 56
person 0.0022 0 54 14 94
person 0.0017 284 56 304 126
person 0.0015 313 38 329 56
person 0.0013 260 73 268 83
person 0.0013 0 1 5 8
person 0.0010 5 0 29 7
car 0.0011 256 51 295 129
aeroplane 0.0017 256 52 291 136
bus 0.0042 256 51 295 129
train 0.8631 2 0 263 184
train 0.6503 261 0 501 210
train 0.5673 256 48 298 147
train 0.0524 3 30 471 203
train 0.0126 167 48 365 186
train 0.0091 223 37 360 151
train 0.0035 230 48 292 178
train 0.0025 276 0 496 112
train 0.0020 258 48 291 111
train 0.0018 251 47 324 181
train 0.0011 275 33 317 150
horse 0.0012 255 48 296 142
