car 0.0041 0 164 67 276
car 0.0022 0 224 65 275
car 0.0010 1 45 77 254
bird 0.0010 4 52 494 364
cat 0.5503 4 52 494 364
cat 0.0093 9 39 285 301
cat 0.0021 5 263 490 371
cat 0.0017 0 20 173 270
dog 0.0102 4 52 494 364
cow 0.0011 4 52 494 364
chair 0.0275 -1 1 168 205
chair 0.0104 0 1 163 85
chair 0.0032 0 1 109 60
chair 0.0015 4 52 494 364
chair 0.0014 437 1 499 63
sofa 0.0081 4 52 494 364
sofa 0.0036 5 263 490 371
sofa 0.0011 -3 -6 143 223
diningtable 0.0016 9 55 495 361
tvmonitor 0.0467 0 -3 171 258
tvmonitor 0.0014 1 34 85 255
tvmonitor 0.0012 437 1 499 63
tvmonitor 0.0011 2 57 496 373
