person 0.7139 388 220 400 248
person 0.6457 351 222 360 248
person 0.1749 377 221 387 247
person 0.1135 379 220 397 248
person 0.0686 393 219 402 248
person 0.0296 377 231 385 247
person 0.0169 375 215 383 244
person 0.0042 397 219 403 242
person 0.0040 350 217 359 236
person 0.0038 379 236 387 247
person 0.0033 390 220 399 230
person 0.0032 377 214 387 232
person 0.0031 391 187 401 192
person 0.0029 386 220 394 229
person 0.0029 419 231 436 248
person 0.0028 397 186 403 192
person 0.0025 418 224 429 246
person 0.0023 352 220 358 231
person 0.0021 388 187 397 193
person 0.0019 418 223 425 235
person 0.0019 387 236 394 247
person 0.0017 371 207 390 243
person 0.0016 384 212 403 247
person 0.0015 338 223 344 239
person 0.0014 425 177 434 185
person 0.0014 379 210 387 221
person 0.0013 397 227 402 246
person 0.0013 378 237 383 247
person 0.0012 375 210 385 223
person 0.0012 398 218 404 227
person 0.0012 418 221 424 230
person 0.0010 379 220 422 247
car 0.0217 186 225 199 241
car 0.0065 418 231 436 248
car 0.0023 169 232 185 239
car 0.0012 0 227 3 233
aeroplane 0.7545 17 112 465 245
aeroplane 0.0139 142 165 468 247
aeroplane 0.0030 25 128 262 228
aeroplane 0.0025 190 171 351 249
aeroplane 0.0025 289 168 473 237
aeroplane 0.0012 22 165 458 299
bus 0.0128 186 225 199 241
boat 0.0014 186 225 199 241
bird 0.0025 381 165 386 170
