person 0.0212 480 134 499 273
person 0.0198 310 26 332 106
person 0.0090 486 255 499 274
person 0.0061 445 199 499 368
person 0.0044 458 280 500 372
person 0.0038 20 6 36 30
person 0.0027 264 143 446 288
person 0.0023 457 141 499 305
person 0.0023 0 136 11 169
person 0.0013 483 187 499 295
cat 0.0019 486 255 499 274
cat 0.0012 479 141 500 287
dog 0.0010 486 255 499 274
bottle 0.0012 0 307 19 365
chair 0.0631 56 311 165 373
chair 0.0417 486 256 499 274
chair 0.0292 461 279 500 371
chair 0.0267 445 199 499 368
chair 0.0129 480 133 499 261
chair 0.0112 468 139 499 298
chair 0.0105 106 313 162 374
chair 0.0064 484 227 499 307
chair 0.0042 450 211 499 300
chair 0.0037 0 303 27 367
chair 0.0035 0 139 10 170
chair 0.0034 425 285 499 373
chair 0.0031 56 347 115 374
chair 0.0028 382 143 441 171
chair 0.0027 485 247 500 283
chair 0.0023 146 311 275 372
chair 0.0023 90 309 232 373
chair 0.0022 485 126 500 178
chair 0.0021 395 192 498 368
chair 0.0017 476 220 499 366
chair 0.0016 3 142 57 221
chair 0.0016 346 312 381 331
chair 0.0016 266 144 444 288
chair 0.0012 311 329 438 369
chair 0.0012 340 342 373 362
chair 0.0012 476 252 500 279
chair 0.0011 0 153 11 202
chair 0.0010 0 162 24 223
sofa 0.0060 480 134 499 273
sofa 0.0030 451 195 499 368
sofa 0.0020 486 255 499 274
sofa 0.0013 457 141 499 305
sofa 0.0011 461 279 500 371
sofa 0.0010 461 201 499 291
pottedplant 0.0117 0 139 11 170
pottedplant 0.0017 0 133 17 176
diningtable 0.0020 264 143 446 288
diningtable 0.0012 306 220 425 275
diningtable 0.0012 486 257 499 274
diningtable 0.0012 480 134 499 273
diningtable 0.0011 287 174 481 364
diningtable 0.0010 295 202 449 295
tvmonitor 0.8908 135 85 278 193
tvmonitor 0.0416 266 144 444 288
tvmonitor 0.0408 383 143 442 171
tvmonitor 0.0069 324 141 446 215
tvmonitor 0.0038 485 126 500 178
tvmonitor 0.0029 480 132 499 260
tvmonitor 0.0026 0 136 11 169
tvmonitor 0.0023 370 141 454 246
tvmonitor 0.0020 1 128 56 222
tvmonitor 0.0019 0 109 46 192
tvmonitor 0.0018 0 305 19 365
tvmonitor 0.0017 382 144 445 203
tvmonitor 0.0014 14 61 46 95
tvmonitor 0.0013 51 87 93 178
tvmonitor 0.0011 0 133 17 176
tvmonitor 0.0010 223 89 279 187
