person 0.0026 8 7 499 349
person 0.0022 482 8 499 149
person 0.0017 0 170 97 368
person 0.0014 469 5 499 174
person 0.0011 434 1 499 152
bicycle 0.0264 0 2 501 351
bicycle 0.0078 0 7 118 367
bicycle 0.0023 13 -15 503 178
bicycle 0.0015 6 -5 226 362
car 0.0093 8 7 499 349
motorbike 0.6053 8 7 499 349
motorbike 0.0175 0 5 118 366
motorbike 0.0053 0 -4 236 361
motorbike 0.0031 -7 -34 498 148
motorbike 0.0017 0 170 97 368
aeroplane 0.0010 5 5 496 357
bus 0.0015 5 5 496 357
train 0.0028 8 7 499 349
horse 0.0022 1 161 106 369
horse 0.0015 5 5 496 357
diningtable 0.0027 5 5 496 357
