person 0.0224 468 108 499 231
person 0.0131 0 170 28 237
person 0.0125 487 100 500 139
person 0.0116 483 101 500 158
person 0.0076 475 102 499 183
person 0.0053 247 133 276 147
person 0.0034 489 99 499 123
person 0.0017 43 93 460 247
person 0.0012 478 123 499 168
person 0.0011 468 177 500 232
person 0.0010 0 170 22 201
person 0.0010 245 115 281 148
bicycle 0.0012 468 108 499 231
car 0.7981 40 93 453 259
car 0.7871 0 170 28 237
car 0.3056 468 108 499 231
car 0.0105 475 102 499 183
car 0.0063 22 184 41 212
car 0.0055 40 92 441 159
car 0.0053 2 175 48 232
car 0.0037 483 101 500 158
car 0.0035 478 123 499 168
car 0.0033 1 187 25 215
car 0.0030 16 178 41 221
car 0.0026 468 177 500 232
car 0.0023 0 170 22 201
car 0.0019 20 186 33 227
car 0.0015 -6 171 70 255
car 0.0014 486 133 499 160
car 0.0010 5 193 29 222
motorbike 0.0114 468 108 499 231
motorbike 0.0044 0 170 28 237
bus 0.0351 468 103 499 230
bus 0.0016 376 105 501 203
bus 0.0015 0 170 28 237
bus 0.0011 388 1 499 207
train 0.0050 467 104 499 232
boat 0.0026 0 170 29 237
chair 0.0019 467 104 499 232
pottedplant 0.0055 420 0 499 203
pottedplant 0.0022 431 2 499 112
pottedplant 0.0012 468 107 499 234
pottedplant 0.0012 475 23 500 193
