person 0.0279 144 146 177 186
person 0.0242 95 156 144 192
person 0.0195 114 158 143 187
person 0.0142 83 159 134 199
person 0.0104 107 150 161 195
person 0.0078 349 168 368 199
person 0.0075 38 179 59 196
person 0.0064 10 182 35 201
person 0.0055 489 194 499 222
person 0.0054 47 178 63 200
person 0.0050 69 99 162 288
person 0.0044 30 182 41 198
person 0.0041 48 50 206 339
person 0.0040 145 143 193 204
person 0.0040 50 55 468 338
person 0.0037 493 157 499 178
person 0.0036 199 177 231 210
person 0.0034 489 190 499 207
person 0.0034 32 182 52 196
person 0.0033 65 156 89 181
person 0.0032 160 147 189 192
person 0.0032 242 184 256 218
person 0.0030 221 176 248 206
person 0.0027 107 152 139 182
person 0.0026 477 161 490 175
person 0.0024 231 175 254 208
person 0.0024 448 93 499 227
person 0.0024 491 204 499 221
person 0.0024 74 154 104 179
person 0.0022 130 144 166 188
person 0.0022 72 156 85 178
person 0.0021 0 184 12 212
person 0.0021 388 166 403 186
person 0.0021 72 171 127 210
person 0.0021 111 165 137 184
person 0.0019 58 156 98 195
person 0.0019 160 147 179 175
person 0.0018 122 153 154 189
person 0.0018 0 179 11 199
person 0.0018 106 160 128 183
person 0.0016 394 169 409 184
person 0.0016 86 174 95 186
person 0.0016 485 154 499 177
person 0.0015 336 165 359 202
person 0.0015 237 171 268 216
person 0.0014 86 156 123 187
person 0.0014 123 155 143 180
person 0.0014 364 168 379 196
person 0.0014 58 188 76 203
person 0.0013 194 186 224 217
person 0.0012 450 157 458 180
person 0.0012 80 167 111 191
person 0.0012 254 143 271 166
person 0.0012 350 173 374 207
person 0.0012 64 194 76 203
person 0.0012 385 169 398 184
person 0.0012 0 177 6 187
person 0.0011 43 174 83 201
person 0.0011 82 139 136 186
person 0.0011 54 183 72 202
person 0.0011 233 154 280 212
person 0.0010 471 156 493 180
person 0.0010 229 176 244 202
bicycle 0.0073 490 198 499 222
bicycle 0.0019 492 208 499 227
car 0.7196 10 183 35 200
car 0.5169 0 188 12 212
car 0.3801 38 179 59 196
car 0.2769 0 179 14 199
car 0.1365 0 178 10 191
car 0.1322 32 183 52 196
car 0.0790 29 183 41 198
car 0.0620 -1 187 21 204
car 0.0459 22 181 57 199
car 0.0373 15 181 38 194
car 0.0363 0 177 6 187
car 0.0350 44 177 66 201
car 0.0254 2 180 21 194
car 0.0220 44 179 59 187
car 0.0057 0 195 10 221
car 0.0054 48 181 80 203
car 0.0053 28 179 39 186
car 0.0043 489 197 499 219
car 0.0040 21 176 34 183
car 0.0034 56 187 77 203
car 0.0023 65 154 102 180
car 0.0019 33 178 47 185
car 0.0018 43 172 87 203
car 0.0016 44 186 63 204
car 0.0015 17 178 29 184
car 0.0015 63 194 76 203
car 0.0014 5 177 20 184
car 0.0013 0 167 4 181
car 0.0012 16 188 37 201
car 0.0012 47 60 472 351
car 0.0011 14 176 41 202
motorbike 0.0015 491 204 499 222
bus 0.9431 46 57 466 352
bus 0.8240 449 92 499 226
bus 0.0257 0 179 12 197
bus 0.0097 0 177 6 188
bus 0.0071 461 113 498 269
bus 0.0051 9 182 35 201
bus 0.0041 0 182 13 211
bus 0.0038 0 178 13 187
bus 0.0027 452 142 461 194
bus 0.0026 489 194 499 222
bus 0.0024 459 141 499 222
bus 0.0018 464 178 500 231
bus 0.0018 484 143 499 251
bus 0.0017 46 70 212 334
bus 0.0015 0 165 5 183
bus 0.0013 457 133 499 186
bus 0.0010 0 160 9 188
bus 0.0010 477 111 497 248
train 0.0042 449 93 500 227
train 0.0015 44 58 463 352
boat 0.0046 0 190 11 212
pottedplant 0.0010 489 197 499 219
diningtable 0.0010 44 58 463 352
