bird 0.0057 262 51 293 129
bird 0.0017 244 54 294 163
chair 0.0023 300 417 341 499
chair 0.0020 69 329 210 463
chair 0.0011 217 492 250 499
chair 0.0011 15 45 345 503
sofa 0.0037 69 329 210 463
pottedplant 0.3580 13 46 347 496
pottedplant 0.0061 69 326 210 463
pottedplant 0.0042 53 187 211 517
pottedplant 0.0041 109 37 379 388
pottedplant 0.0031 160 230 376 494
pottedplant 0.0024 3 -8 142 501
pottedplant 0.0015 19 296 330 488
pottedplant 0.0013 8 151 320 375
pottedplant 0.0013 300 417 341 499
diningtable 0.0024 16 49 343 503
diningtable 0.0014 72 331 210 469
diningtable 0.0012 4 434 250 498
