person 0.4190 62 120 97 183
person 0.3831 83 80 109 128
person 0.3127 123 86 133 104
person 0.3125 59 164 89 216
person 0.2445 58 102 96 242
person 0.2424 71 79 108 174
person 0.2225 -3 1 202 236
person 0.1328 96 84 110 120
person 0.1279 61 41 140 175
person 0.1076 1 21 122 356
person 0.0626 113 88 131 114
person 0.0437 57 132 91 211
person 0.0345 126 90 133 109
person 0.0340 184 90 189 100
person 0.0282 199 88 204 96
person 0.0213 80 33 175 171
person 0.0204 99 88 111 112
person 0.0183 120 85 134 111
person 0.0179 66 109 103 161
person 0.0170 74 111 97 141
person 0.0159 37 114 88 269
person 0.0153 45 62 109 207
person 0.0146 196 87 202 95
person 0.0137 79 73 102 119
person 0.0120 44 71 106 347
person 0.0115 62 185 85 214
person 0.0108 42 124 87 189
person 0.0107 122 82 132 96
person 0.0107 76 117 89 128
person 0.0106 101 91 129 116
person 0.0102 90 97 110 127
person 0.0087 58 58 99 155
person 0.0083 61 134 91 301
person 0.0076 66 125 93 156
person 0.0075 71 82 163 144
person 0.0073 184 91 189 107
person 0.0071 22 15 128 229
person 0.0070 68 142 94 199
person 0.0070 85 78 105 110
person 0.0069 186 88 192 97
person 0.0069 35 141 89 217
person 0.0065 85 87 111 152
person 0.0065 117 79 132 100
person 0.0060 64 132 92 169
person 0.0054 33 70 201 186
person 0.0052 74 117 89 135
person 0.0048 66 83 130 198
person 0.0048 86 125 102 152
person 0.0047 84 111 104 157
person 0.0046 95 90 117 135
person 0.0045 62 105 86 164
person 0.0043 58 177 86 248
person 0.0043 151 94 156 111
person 0.0040 181 89 191 105
person 0.0039 84 54 98 85
person 0.0038 63 158 104 225
person 0.0037 152 94 159 109
person 0.0037 88 58 97 81
person 0.0037 149 89 156 106
person 0.0036 74 123 95 147
person 0.0033 144 88 153 98
person 0.0030 73 90 89 144
person 0.0029 53 118 84 175
person 0.0029 44 163 81 217
person 0.0026 60 171 77 208
person 0.0023 70 45 98 124
person 0.0023 297 68 304 76
person 0.0023 126 94 135 116
person 0.0023 102 87 128 140
person 0.0023 164 88 170 97
person 0.0022 152 88 159 105
person 0.0022 113 82 138 143
person 0.0022 147 87 155 98
person 0.0021 38 77 163 254
person 0.0021 49 115 124 294
person 0.0020 166 86 174 95
person 0.0020 271 63 279 75
person 0.0019 63 151 85 175
person 0.0019 47 137 74 194
person 0.0018 65 182 88 229
person 0.0017 79 45 97 92
person 0.0016 184 90 194 108
person 0.0016 80 100 104 126
person 0.0015 111 92 129 134
person 0.0015 63 165 90 189
person 0.0015 90 87 138 169
person 0.0014 166 87 173 101
person 0.0014 68 171 91 208
person 0.0014 71 159 92 181
person 0.0014 126 86 143 104
person 0.0014 79 108 95 124
person 0.0013 78 141 96 188
person 0.0013 64 120 83 148
person 0.0012 163 88 170 102
person 0.0012 166 95 173 108
person 0.0012 85 70 100 102
person 0.0012 171 86 179 94
person 0.0012 70 186 89 218
person 0.0012 201 86 207 94
person 0.0011 63 14 74 35
bicycle 0.0037 69 258 91 328
bicycle 0.0029 67 184 94 351
motorbike 0.0016 69 258 92 328
motorbike 0.0010 -26 -11 207 375
bus 0.0041 -26 -11 207 375
train 0.5556 -26 -11 207 375
train 0.2618 58 102 96 242
train 0.1911 1 21 122 356
train 0.1291 5 4 214 224
train 0.1041 61 115 101 191
train 0.1013 59 162 90 220
train 0.0584 61 41 140 175
train 0.0401 69 81 109 176
train 0.0238 44 71 106 347
train 0.0231 81 79 108 138
train 0.0071 37 114 88 269
train 0.0059 47 55 210 172
train 0.0036 22 15 128 229
train 0.0030 45 62 109 207
train 0.0018 0 1 90 248
train 0.0016 13 134 98 371
train 0.0015 0 39 34 372
train 0.0015 28 124 80 226
train 0.0011 62 130 96 345
boat 0.0028 -26 -11 207 375
