person 0.1180 488 165 499 193
person 0.0439 473 199 499 230
person 0.0362 484 166 500 225
person 0.0334 491 202 500 223
person 0.0322 473 210 495 228
person 0.0217 413 190 499 253
person 0.0119 464 196 500 245
person 0.0086 454 172 499 239
person 0.0084 467 165 500 221
person 0.0056 476 166 500 198
person 0.0052 477 216 499 228
person 0.0040 252 203 329 262
person 0.0040 481 195 499 222
person 0.0037 411 155 500 235
person 0.0029 230 155 349 264
person 0.0020 197 65 356 274
person 0.0019 35 66 373 286
person 0.0012 490 216 500 227
person 0.0011 490 147 499 187
person 0.0010 190 145 225 204
person 0.0010 480 177 500 208
person 0.0010 449 188 494 227
bicycle 0.5514 51 61 358 281
bicycle 0.1964 190 145 225 204
bicycle 0.1481 142 121 276 223
bicycle 0.0102 193 69 361 274
bicycle 0.0079 19 10 512 260
bicycle 0.0053 44 68 195 289
bicycle 0.0020 39 141 486 301
bicycle 0.0013 230 155 349 264
car 0.8363 413 191 500 256
car 0.0101 396 144 501 254
car 0.0081 473 199 499 230
car 0.0063 488 165 499 193
car 0.0062 481 165 500 204
car 0.0062 19 10 512 260
car 0.0055 476 166 500 227
car 0.0044 413 225 501 258
car 0.0042 464 196 500 245
car 0.0041 440 164 499 238
car 0.0033 458 165 499 213
car 0.0031 474 210 490 228
car 0.0026 458 186 499 229
car 0.0018 475 216 498 229
car 0.0013 314 242 501 327
car 0.0011 57 58 359 284
car 0.0011 342 189 499 271
car 0.0011 404 216 468 253
motorbike 0.0011 410 196 499 255
motorbike 0.0011 57 58 359 284
bus 0.0120 51 61 358 281
bus 0.0034 413 184 500 255
bus 0.0032 19 10 512 260
train 0.0018 57 58 359 284
train 0.0016 19 10 512 260
train 0.0014 413 184 500 255
boat 0.0010 413 185 499 255
bottle 0.4988 192 146 223 198
bottle 0.2237 142 121 276 223
bottle 0.1408 86 80 328 272
bottle 0.0332 186 162 214 199
bottle 0.0314 201 148 223 183
bottle 0.0059 193 151 219 181
bottle 0.0037 203 150 230 201
bottle 0.0019 206 146 221 167
bottle 0.0012 190 157 208 184
pottedplant 0.0053 339 239 399 260
pottedplant 0.0019 410 162 500 253
diningtable 0.0013 94 65 431 275
