person 0.0039 0 38 6 60
person 0.0034 23 35 70 70
person 0.0021 66 42 80 65
person 0.0019 0 36 5 52
person 0.0011 0 35 25 60
bicycle 0.0194 47 87 355 291
bicycle 0.0010 0 38 7 60
car 0.8481 22 36 70 72
car 0.7293 66 41 80 65
car 0.3876 0 38 5 60
car 0.0896 66 41 80 51
car 0.0839 60 40 77 68
car 0.0651 0 36 26 59
car 0.0513 70 86 351 288
car 0.0192 0 33 11 55
car 0.0045 55 38 71 70
car 0.0044 0 24 8 50
car 0.0042 0 23 4 46
car 0.0041 9 41 29 60
car 0.0034 0 43 14 66
car 0.0018 59 40 71 49
car 0.0018 57 38 69 57
car 0.0015 71 51 80 67
car 0.0015 0 20 16 53
car 0.0014 70 44 87 64
car 0.0014 5 34 58 63
car 0.0010 2 25 27 50
motorbike 0.1261 71 87 350 289
motorbike 0.0011 0 38 6 60
motorbike 0.0010 193 135 352 293
aeroplane 0.0041 69 86 351 289
bus 0.0444 71 87 350 289
bus 0.0082 23 36 70 73
bus 0.0022 0 36 7 60
bus 0.0011 0 33 28 59
train 0.0012 71 87 350 289
boat 0.0161 70 86 351 288
bird 0.0013 96 141 104 154
bottle 0.0019 96 141 104 154
