person 0.0027 -18 19 521 347
person 0.0017 5 0 484 105
person 0.0012 3 218 498 369
car 0.0012 -18 19 521 347
car 0.0011 6 4 487 133
car 0.0010 -2 0 253 87
cat 0.3912 17 43 415 295
cat 0.0346 181 66 432 285
cat 0.0017 3 10 490 204
cat 0.0012 -2 23 271 222
dog 0.0189 23 29 400 297
chair 0.0118 0 18 510 329
chair 0.0019 -2 0 254 86
sofa 0.0961 -18 19 521 347
sofa 0.0024 6 4 487 133
sofa 0.0024 4 220 491 367
diningtable 0.0069 -18 19 521 347
diningtable 0.0019 -2 0 254 86
tvmonitor 0.0172 0 0 249 78
tvmonitor 0.0011 -18 19 521 347
