person 0.6355 376 149 391 179
person 0.0239 431 151 445 191
person 0.0176 368 152 395 183
person 0.0102 379 150 389 161
person 0.0055 433 154 453 192
person 0.0047 387 146 397 161
person 0.0046 387 144 402 171
person 0.0044 2 121 37 167
person 0.0034 374 134 414 179
person 0.0029 437 165 452 191
person 0.0028 369 126 501 179
person 0.0022 382 150 402 178
person 0.0020 378 150 386 158
person 0.0018 429 145 440 170
person 0.0018 431 145 446 168
person 0.0016 431 152 446 162
person 0.0016 429 151 440 164
person 0.0016 420 143 432 163
person 0.0014 3 11 425 363
person 0.0013 418 150 427 163
person 0.0013 386 139 413 166
person 0.0012 424 141 485 191
person 0.0012 394 149 405 162
person 0.0011 422 150 433 163
person 0.0010 482 170 499 189
bicycle 0.0099 430 157 453 190
bicycle 0.0075 443 177 464 190
bicycle 0.0072 437 177 457 190
bicycle 0.0055 436 169 465 191
bicycle 0.0022 434 178 449 190
bicycle 0.0022 416 140 489 191
bicycle 0.0012 437 165 452 191
bicycle 0.0011 441 179 451 190
bicycle 0.0011 378 124 500 187
bicycle 0.0010 440 164 495 192
car 0.0128 3 11 425 363
car 0.0026 431 148 485 164
car 0.0026 451 155 463 161
car 0.0022 445 153 469 163
car 0.0017 428 145 489 181
car 0.0012 417 138 488 168
aeroplane 0.0099 3 11 425 363
bus 0.0488 3 11 425 363
bus 0.0010 383 128 502 183
train 0.7908 3 11 425 363
train 0.3981 376 124 500 184
train 0.0131 414 124 499 167
train 0.0109 479 120 499 173
train 0.0081 415 139 491 191
train 0.0077 482 171 500 185
train 0.0074 429 150 452 190
train 0.0072 450 119 499 185
train 0.0052 397 132 467 164
train 0.0040 374 134 414 179
train 0.0036 467 152 503 190
train 0.0035 201 16 446 373
train 0.0029 352 115 488 166
train 0.0026 377 147 392 178
train 0.0020 372 146 401 182
train 0.0018 431 148 485 164
train 0.0017 482 150 499 170
train 0.0015 354 136 435 168
train 0.0014 488 122 500 169
train 0.0013 16 -1 505 105
train 0.0012 314 107 497 196
train 0.0011 386 139 413 166
train 0.0011 445 153 469 163
chair 0.0012 483 171 500 185
