person 0.0041 254 4 298 86
bird 0.0012 254 4 298 86
dog 0.0016 254 4 297 87
dog 0.0013 361 53 447 123
dog 0.0012 294 6 399 91
dog 0.0010 10 191 135 310
dog 0.0010 253 186 361 317
horse 0.0021 254 4 297 87
sheep 0.9283 10 191 135 310
sheep 0.9257 295 6 399 92
sheep 0.9213 108 185 223 341
sheep 0.9192 362 53 447 124
sheep 0.9186 254 186 360 316
sheep 0.9158 253 6 297 85
sheep 0.8719 213 200 274 321
sheep 0.0121 107 202 164 327
sheep 0.0073 202 195 330 323
sheep 0.0061 60 184 179 325
sheep 0.0056 212 251 243 314
sheep 0.0050 110 270 200 326
sheep 0.0046 131 187 285 328
sheep 0.0033 139 270 180 317
sheep 0.0026 205 196 244 318
sheep 0.0022 107 261 160 326
sheep 0.0016 411 95 423 120
sheep 0.0014 280 259 308 308
sheep 0.0013 301 40 390 91
sheep 0.0013 384 93 436 122
sheep 0.0011 386 97 411 122
sheep 0.0010 154 277 177 315
sheep 0.0010 310 6 396 25
sheep 0.0010 236 5 337 88
cow 0.0119 254 4 297 87
cow 0.0053 295 6 399 92
cow 0.0050 361 53 447 123
cow 0.0024 10 191 136 311
cow 0.0021 108 184 223 341
cow 0.0020 254 186 360 316
cow 0.0019 213 201 274 320
