person 0.1826 166 72 495 351
person 0.0076 360 138 506 374
person 0.0028 34 178 495 371
person 0.0010 0 21 25 61
cat 0.0011 57 276 234 371
cat 0.0011 167 71 494 351
dog 0.1328 136 70 492 355
dog 0.1250 150 70 321 258
dog 0.0130 87 270 240 371
dog 0.0065 1 186 480 368
dog 0.0045 182 79 345 352
dog 0.0026 354 129 499 369
dog 0.0016 34 269 411 371
chair 0.0544 3 295 93 373
chair 0.0077 3 281 234 371
chair 0.0043 164 124 498 368
chair 0.0020 380 136 501 374
chair 0.0016 228 39 251 79
chair 0.0012 184 2 250 87
sofa 0.0417 164 124 498 368
sofa 0.0111 380 136 501 374
sofa 0.0061 4 204 515 373
sofa 0.0037 2 295 95 371
sofa 0.0019 3 281 234 371
diningtable 0.0088 3 296 94 373
diningtable 0.0058 14 180 516 371
diningtable 0.0019 477 169 499 195
diningtable 0.0012 3 281 234 371
tvmonitor 0.0192 0 68 33 113
tvmonitor 0.0151 0 19 80 263
tvmonitor 0.0059 0 112 66 255
tvmonitor 0.0024 133 0 179 12
tvmonitor 0.0018 0 85 54 205
tvmonitor 0.0017 133 13 158 29
tvmonitor 0.0015 0 21 27 61
tvmonitor 0.0013 132 7 187 90
tvmonitor 0.0013 35 2 155 203
tvmonitor 0.0010 0 211 65 256
