person 0.5950 270 188 286 217
person 0.0308 430 43 499 168
person 0.0190 275 118 307 164
person 0.0112 0 125 8 149
person 0.0094 95 192 120 235
person 0.0061 326 78 349 110
person 0.0051 0 96 12 144
person 0.0047 14 31 44 82
person 0.0041 320 78 349 134
person 0.0038 279 118 300 149
person 0.0036 436 120 499 172
person 0.0031 296 126 308 153
person 0.0029 0 124 11 181
person 0.0027 288 121 313 154
person 0.0026 283 118 297 137
person 0.0019 0 118 13 148
person 0.0017 268 135 300 167
person 0.0016 256 146 264 164
person 0.0013 277 103 330 162
person 0.0012 264 124 282 166
person 0.0012 3 28 43 103
person 0.0011 332 77 347 100
person 0.0011 287 131 315 168
person 0.0010 258 143 276 165
bicycle 0.0033 270 188 286 218
bird 0.0067 270 188 286 218
bird 0.0037 431 41 499 170
bird 0.0035 14 31 44 82
bird 0.0031 437 122 500 170
bird 0.0027 0 126 8 144
bird 0.0012 459 123 499 155
cat 0.0063 270 188 286 217
cat 0.0020 430 43 499 168
dog 0.3552 270 188 286 217
dog 0.0118 431 43 499 170
dog 0.0010 437 122 500 169
horse 0.0150 270 188 286 218
horse 0.0030 431 43 499 170
sheep 0.0029 455 123 499 161
sheep 0.0021 431 49 499 171
sheep 0.0013 270 188 286 218
cow 0.0027 270 188 286 215
cow 0.0021 431 41 499 170
