person 0.9433 120 72 238 281
person 0.0130 0 209 12 236
person 0.0051 0 175 46 242
person 0.0038 317 207 385 277
person 0.0037 402 185 438 252
person 0.0019 0 168 42 375
person 0.0018 0 210 24 243
person 0.0015 315 255 326 265
person 0.0015 0 203 12 281
person 0.0014 0 187 29 266
person 0.0012 0 174 19 238
person 0.0011 458 219 474 233
person 0.0010 319 223 335 244
bicycle 0.0014 1 177 42 367
car 0.0040 26 88 59 94
car 0.0033 0 87 20 93
car 0.0024 25 88 44 93
car 0.0014 0 88 19 98
motorbike 0.0024 0 165 51 374
motorbike 0.0010 0 173 49 241
aeroplane 0.0016 0 168 42 375
bird 0.0998 317 206 385 279
bird 0.0064 320 228 335 242
bird 0.0046 315 252 330 266
bird 0.0026 316 205 421 305
bird 0.0013 459 220 474 233
bird 0.0011 319 219 337 260
cat 0.0062 317 206 385 279
cat 0.0014 458 219 474 233
dog 0.2741 318 207 387 275
dog 0.0137 316 205 430 290
dog 0.0101 457 219 474 233
dog 0.0058 401 185 439 250
dog 0.0044 437 217 475 233
dog 0.0016 319 206 385 242
dog 0.0014 319 223 336 246
horse 0.0181 317 207 385 277
horse 0.0091 402 185 438 249
horse 0.0051 316 205 430 290
horse 0.0017 430 209 475 233
horse 0.0013 0 165 51 374
sheep 0.1278 318 207 387 275
sheep 0.0052 316 205 430 290
sheep 0.0042 401 185 439 250
sheep 0.0018 320 228 335 242
sheep 0.0014 458 219 474 233
sheep 0.0011 319 206 385 242
cow 0.0248 317 207 386 278
cow 0.0045 401 185 439 250
cow 0.0012 318 203 437 343
bottle 0.0015 345 317 437 345
bottle 0.0013 408 323 436 347
chair 0.0012 0 168 42 375
chair 0.0010 402 186 438 252
pottedplant 0.0086 457 219 474 233
pottedplant 0.0021 437 216 475 233
