person 0.0207 45 250 180 299
person 0.0151 0 89 8 101
person 0.0105 113 256 126 268
person 0.0076 411 254 427 262
person 0.0071 413 253 435 262
person 0.0068 110 257 123 270
person 0.0066 127 254 138 266
person 0.0056 458 243 469 258
person 0.0055 121 254 134 267
person 0.0045 446 247 471 261
person 0.0041 132 255 145 266
person 0.0040 402 254 416 262
person 0.0035 464 241 469 250
person 0.0031 49 252 100 268
person 0.0031 106 260 118 269
person 0.0030 299 235 303 244
person 0.0028 420 264 438 281
person 0.0028 481 247 500 269
person 0.0028 232 252 298 276
person 0.0025 299 239 306 248
person 0.0024 123 235 132 249
person 0.0024 418 251 442 261
person 0.0021 359 255 420 284
person 0.0020 330 245 343 254
person 0.0019 281 249 315 267
person 0.0019 0 287 8 369
person 0.0018 471 251 483 262
person 0.0018 303 251 371 283
person 0.0016 334 245 351 254
person 0.0016 89 253 142 272
person 0.0016 351 252 396 282
person 0.0015 379 257 399 283
person 0.0014 253 254 272 273
person 0.0014 67 247 77 253
person 0.0014 383 256 412 277
person 0.0014 473 249 488 261
person 0.0013 389 257 404 275
person 0.0013 300 233 304 243
person 0.0013 357 245 374 258
person 0.0012 326 247 387 267
person 0.0012 428 246 470 264
person 0.0012 107 255 130 268
person 0.0011 347 244 383 259
person 0.0011 219 248 274 276
person 0.0011 416 253 440 270
person 0.0011 0 251 38 280
person 0.0011 401 248 414 262
person 0.0011 188 251 224 273
person 0.0011 412 256 432 267
person 0.0011 115 252 143 266
person 0.0010 72 249 81 254
bicycle 0.0173 421 265 435 282
bicycle 0.0047 415 251 442 265
bicycle 0.0039 426 263 458 279
bicycle 0.0025 430 266 451 281
bicycle 0.0024 438 270 458 280
bicycle 0.0010 403 262 435 282
car 0.8910 48 251 177 299
car 0.8739 14 250 98 292
car 0.8383 234 252 301 277
car 0.8383 0 252 39 283
car 0.8158 480 248 499 269
car 0.7555 188 251 225 274
car 0.7309 276 248 314 266
car 0.6886 208 248 271 276
car 0.4658 304 252 366 282
car 0.4272 472 251 484 261
car 0.3413 415 251 443 261
car 0.3059 352 253 398 281
car 0.1873 435 247 471 262
car 0.0960 304 253 352 272
car 0.0806 449 248 481 262
car 0.0544 347 237 405 278
car 0.0508 320 245 386 270
car 0.0472 330 245 355 255
car 0.0384 334 246 370 259
car 0.0308 353 229 416 260
car 0.0295 439 249 471 273
car 0.0266 426 237 471 261
car 0.0252 414 251 461 263
car 0.0250 389 259 434 281
car 0.0247 354 253 401 263
car 0.0215 205 252 244 275
car 0.0207 415 253 441 270
car 0.0198 412 245 472 274
car 0.0198 411 254 427 263
car 0.0193 364 253 392 272
car 0.0189 300 252 335 269
car 0.0179 420 264 436 280
car 0.0167 328 242 380 257
car 0.0162 423 254 471 277
car 0.0147 410 255 434 268
car 0.0138 216 247 273 262
car 0.0109 44 251 107 284
car 0.0101 354 252 423 267
car 0.0088 370 256 395 282
car 0.0082 458 243 469 258
car 0.0082 427 252 448 262
car 0.0075 253 254 272 273
car 0.0073 304 252 338 262
car 0.0072 258 253 294 272
car 0.0071 39 252 98 270
car 0.0071 354 259 381 283
car 0.0067 325 247 349 256
car 0.0063 342 251 364 264
car 0.0058 237 253 267 275
car 0.0056 332 247 344 254
car 0.0054 400 257 432 274
car 0.0053 377 256 417 278
car 0.0050 338 248 375 265
car 0.0045 340 243 365 256
car 0.0041 0 250 30 273
car 0.0040 302 237 387 284
car 0.0039 464 241 469 250
car 0.0039 0 255 19 283
car 0.0039 376 268 393 283
car 0.0038 426 263 458 279
car 0.0038 338 234 395 256
car 0.0038 273 248 303 261
car 0.0037 0 267 16 284
car 0.0035 227 250 253 273
car 0.0034 190 239 266 272
car 0.0031 207 244 272 257
car 0.0031 409 253 422 261
car 0.0030 347 244 383 259
car 0.0029 482 245 498 259
car 0.0029 332 257 390 283
car 0.0028 331 254 370 279
car 0.0027 359 264 396 283
car 0.0027 430 257 452 276
car 0.0027 435 262 472 280
car 0.0027 380 252 410 265
car 0.0025 0 287 8 369
car 0.0025 347 249 386 271
car 0.0024 413 248 447 281
car 0.0023 42 255 87 291
car 0.0023 348 228 390 242
car 0.0022 463 240 471 255
car 0.0022 380 255 399 277
car 0.0022 390 253 417 264
car 0.0021 254 251 285 262
car 0.0021 235 249 295 262
car 0.0021 330 238 365 251
car 0.0021 208 234 300 282
car 0.0020 313 243 357 258
car 0.0019 276 246 316 257
car 0.0018 339 251 358 268
car 0.0018 293 250 322 268
car 0.0018 370 240 419 260
car 0.0018 408 258 425 272
car 0.0018 356 228 378 235
car 0.0017 343 254 362 278
car 0.0016 0 272 9 285
car 0.0015 473 255 485 265
car 0.0015 378 232 431 266
car 0.0014 189 248 217 267
car 0.0014 271 251 289 261
motorbike 0.0019 420 264 436 281
motorbike 0.0011 389 261 421 285
motorbike 0.0011 417 266 430 282
motorbike 0.0010 415 251 442 265
motorbike 0.0010 403 262 435 282
aeroplane 0.0111 0 89 8 101
aeroplane 0.0013 351 229 418 260
bus 0.0571 433 243 470 262
bus 0.0378 424 236 471 259
bus 0.0150 353 229 418 259
bus 0.0044 352 253 396 282
bus 0.0042 413 246 456 261
bus 0.0038 335 235 384 257
bus 0.0035 304 249 377 282
bus 0.0030 415 251 445 261
bus 0.0025 320 245 386 270
bus 0.0024 481 247 500 269
bus 0.0022 464 241 469 250
bus 0.0022 463 240 471 255
bus 0.0022 347 237 405 278
bus 0.0020 449 248 481 262
bus 0.0014 451 242 469 255
bus 0.0014 45 250 180 299
bus 0.0012 208 247 270 276
bus 0.0012 343 228 395 254
bus 0.0011 0 89 8 101
train 0.0014 424 236 471 259
boat 0.0015 0 89 8 101
bird 0.0038 0 89 8 100
chair 0.0029 420 264 436 281
chair 0.0013 426 262 458 280
chair 0.0013 415 251 442 265
chair 0.0013 438 249 471 273
chair 0.0012 390 260 422 282
chair 0.0012 439 270 457 280
chair 0.0010 353 262 381 284
chair 0.0010 417 252 472 279
chair 0.0010 430 266 451 281
