person 0.8333 127 76 280 350
person 0.5058 169 67 197 129
person 0.2247 141 168 246 369
person 0.0244 72 4 191 182
person 0.0161 126 79 280 186
person 0.0107 148 68 201 174
person 0.0104 120 0 179 35
person 0.0092 143 173 230 288
person 0.0069 170 64 195 94
person 0.0057 179 74 198 108
person 0.0045 155 0 179 28
person 0.0038 131 143 265 263
person 0.0036 171 95 198 132
person 0.0034 117 54 197 180
person 0.0028 107 0 179 64
person 0.0026 159 37 197 133
person 0.0025 135 0 188 58
person 0.0023 167 52 190 117
person 0.0023 106 9 231 164
person 0.0022 169 79 195 111
person 0.0020 166 86 194 143
person 0.0020 144 78 269 132
person 0.0019 156 0 183 54
person 0.0019 202 66 279 347
person 0.0014 171 51 190 81
person 0.0014 176 74 209 129
person 0.0013 179 68 197 91
person 0.0013 181 73 196 87
person 0.0010 128 115 280 223
bicycle 0.0031 139 195 235 390
motorbike 0.7142 142 167 248 383
motorbike 0.0648 133 91 279 363
motorbike 0.0065 144 222 207 380
motorbike 0.0054 180 168 272 365
motorbike 0.0035 169 67 197 129
motorbike 0.0024 148 68 201 174
motorbike 0.0017 123 79 276 241
motorbike 0.0014 143 211 242 327
motorbike 0.0013 125 70 230 186
motorbike 0.0012 122 157 169 185
horse 0.0066 143 216 228 384
horse 0.0016 139 169 273 381
