person 0.4713 320 110 347 199
person 0.4310 28 110 47 184
person 0.3757 44 109 65 186
person 0.0380 35 108 55 185
person 0.0123 27 109 45 151
person 0.0084 48 108 64 151
person 0.0081 23 109 64 184
person 0.0032 50 107 61 122
person 0.0030 301 168 327 200
person 0.0027 18 111 40 181
person 0.0019 30 111 44 135
person 0.0018 36 115 51 154
person 0.0010 326 170 346 199
bicycle 0.0010 50 185 194 420
bottle 0.0030 26 107 47 184
bottle 0.0027 327 184 345 198
bottle 0.0025 340 174 347 198
bottle 0.0020 331 173 346 198
bottle 0.0017 301 167 325 199
chair 0.7913 50 179 193 415
chair 0.1968 56 179 156 260
chair 0.0156 91 216 154 262
chair 0.0149 59 180 93 210
chair 0.0092 126 182 230 384
chair 0.0067 124 177 195 333
chair 0.0046 26 109 45 186
chair 0.0034 76 224 165 274
chair 0.0030 82 173 198 290
chair 0.0029 98 236 155 261
chair 0.0026 89 189 143 240
chair 0.0022 122 185 355 443
chair 0.0020 63 180 92 196
chair 0.0020 28 145 45 184
chair 0.0018 301 166 325 198
chair 0.0018 122 183 198 261
chair 0.0018 50 175 131 236
chair 0.0016 123 184 348 263
chair 0.0015 159 216 202 424
chair 0.0015 35 152 161 324
chair 0.0013 57 185 95 226
chair 0.0013 327 184 345 198
chair 0.0012 44 107 65 187
chair 0.0012 78 241 194 322
chair 0.0010 154 236 196 297
chair 0.0010 57 180 263 490
sofa 0.0025 55 179 157 261
sofa 0.0021 44 177 192 414
pottedplant 0.3385 301 166 324 198
pottedplant 0.0893 318 109 347 201
pottedplant 0.0279 326 173 346 199
pottedplant 0.0059 309 185 326 198
pottedplant 0.0051 297 156 332 200
pottedplant 0.0040 302 176 316 198
pottedplant 0.0037 301 173 332 208
pottedplant 0.0033 340 174 347 198
pottedplant 0.0020 286 165 318 196
pottedplant 0.0013 314 171 341 198
pottedplant 0.0012 323 143 345 198
diningtable 0.2251 123 183 347 228
diningtable 0.1323 120 170 356 469
diningtable 0.0305 123 184 343 278
diningtable 0.0192 119 184 204 418
diningtable 0.0186 50 182 194 417
diningtable 0.0062 215 217 346 294
diningtable 0.0051 208 215 345 251
diningtable 0.0044 56 181 157 260
diningtable 0.0043 125 178 282 395
diningtable 0.0039 180 198 355 258
diningtable 0.0033 202 198 346 234
diningtable 0.0033 167 206 347 323
diningtable 0.0032 127 186 199 293
diningtable 0.0029 57 180 263 490
diningtable 0.0026 126 183 259 212
diningtable 0.0019 102 182 237 288
diningtable 0.0016 326 182 345 199
diningtable 0.0014 28 110 46 187
diningtable 0.0013 44 107 65 187
