person 0.8940 1 69 201 371
person 0.1611 460 295 499 372
person 0.0180 80 0 105 18
person 0.0064 0 77 398 341
person 0.0063 143 75 166 114
person 0.0061 32 1 99 21
person 0.0041 445 120 500 374
person 0.0034 58 146 272 235
person 0.0022 458 207 500 374
person 0.0019 95 162 226 202
person 0.0017 29 174 109 255
person 0.0017 135 79 157 116
person 0.0016 14 144 97 293
person 0.0014 133 68 170 123
person 0.0010 220 3 236 73
person 0.0010 349 95 390 113
person 0.0010 223 40 235 71
bicycle 0.0011 1 69 201 371
car 0.0027 461 294 499 373
car 0.0011 32 0 102 19
aeroplane 0.0017 10 71 222 368
aeroplane 0.0011 3 76 442 344
bus 0.0016 -16 -2 498 258
train 0.0071 -16 -2 498 258
train 0.0016 24 -5 500 138
boat 0.0037 461 294 499 373
cat 0.0030 460 294 499 373
dog 0.0146 461 294 499 373
horse 0.0011 460 295 499 373
sheep 0.0010 461 294 499 373
bottle 0.0013 475 22 500 71
chair 0.0236 461 294 499 373
chair 0.0032 404 49 437 92
chair 0.0024 399 5 432 96
chair 0.0024 405 54 458 98
chair 0.0019 474 133 499 159
chair 0.0018 4 217 80 261
chair 0.0018 471 102 499 159
chair 0.0017 416 103 493 152
chair 0.0017 427 61 500 154
chair 0.0014 445 62 498 89
chair 0.0012 -3 70 166 372
chair 0.0012 9 200 122 297
chair 0.0011 414 82 470 99
sofa 0.0972 461 294 499 373
diningtable 0.1197 461 295 499 371
diningtable 0.0029 6 81 479 342
tvmonitor 0.0103 352 56 390 93
tvmonitor 0.0065 477 24 500 65
tvmonitor 0.0030 345 18 410 95
tvmonitor 0.0023 475 44 499 72
tvmonitor 0.0023 481 27 500 52
tvmonitor 0.0013 479 36 499 57
tvmonitor 0.0012 465 30 500 76
tvmonitor 0.0011 340 94 394 116
tvmonitor 0.0010 353 0 413 33
tvmonitor 0.0010 419 104 491 149
