person 0.0030 0 29 17 56
person 0.0014 0 10 27 57
bird 0.7773 123 102 309 325
bird 0.0217 0 29 17 56
bird 0.0162 224 256 259 348
bird 0.0119 126 264 256 363
bird 0.0085 0 10 27 56
bird 0.0056 146 218 276 357
bird 0.0054 234 259 253 280
bird 0.0054 156 4 475 212
bird 0.0045 310 37 360 169
bird 0.0042 42 104 291 386
bird 0.0034 306 47 397 207
bird 0.0033 192 102 308 278
bird 0.0028 107 119 220 329
bird 0.0023 0 0 44 54
bird 0.0020 201 236 264 357
bird 0.0017 0 209 15 235
bird 0.0016 219 250 257 290
bird 0.0015 231 234 255 313
bird 0.0014 71 309 164 368
bird 0.0013 0 211 8 229
bird 0.0012 386 301 498 370
bird 0.0011 122 158 265 385
bird 0.0011 65 287 207 368
bird 0.0010 324 133 396 168
