person 0.0131 294 220 310 239
person 0.0056 262 180 287 208
person 0.0027 269 217 324 246
person 0.0021 36 252 46 263
person 0.0016 2 195 163 462
person 0.0012 272 230 332 300
person 0.0011 258 202 315 241
person 0.0010 260 226 332 250
person 0.0010 282 219 311 243
bicycle 0.0074 178 210 320 469
bicycle 0.0010 2 195 163 462
car 0.0025 261 177 288 209
car 0.0021 5 260 47 308
car 0.0019 -15 65 335 500
car 0.0010 262 215 328 254
motorbike 0.7983 0 194 163 462
motorbike 0.7500 177 191 332 464
motorbike 0.0271 3 261 45 321
motorbike 0.0220 0 260 42 403
motorbike 0.0149 -3 63 325 499
motorbike 0.0128 268 227 332 357
motorbike 0.0089 0 273 23 358
motorbike 0.0039 0 298 21 406
motorbike 0.0038 0 292 21 338
motorbike 0.0037 1 264 34 303
motorbike 0.0035 287 238 333 328
motorbike 0.0034 289 244 332 290
motorbike 0.0034 243 158 333 381
motorbike 0.0026 181 275 295 456
motorbike 0.0021 9 253 49 291
motorbike 0.0021 267 216 329 261
motorbike 0.0021 265 234 333 297
motorbike 0.0020 3 265 25 327
motorbike 0.0019 0 274 13 304
motorbike 0.0013 5 215 84 364
motorbike 0.0012 301 247 333 361
motorbike 0.0011 4 272 23 305
motorbike 0.0010 4 263 25 294
bus 0.0020 262 178 287 209
bus 0.0010 -13 47 333 482
chair 0.0028 0 470 42 499
chair 0.0011 308 482 332 499
diningtable 0.0015 0 469 40 499
tvmonitor 0.0412 261 181 287 209
tvmonitor 0.0013 246 135 316 265
