bicycle 0.6502 26 51 414 363
bicycle 0.1655 184 26 404 247
bicycle 0.0286 273 129 312 193
bicycle 0.0224 43 185 220 358
bicycle 0.0016 273 27 401 167
bicycle 0.0014 242 115 364 231
motorbike 0.1383 26 51 414 363
bottle 0.1052 273 129 312 193
bottle 0.0763 185 31 401 245
bottle 0.0187 277 148 306 190
bottle 0.0066 283 130 320 178
bottle 0.0054 32 310 50 338
bottle 0.0049 43 185 220 358
bottle 0.0031 295 132 331 177
bottle 0.0019 252 65 374 233
bottle 0.0016 244 114 365 180
chair 0.0013 25 50 418 363
