person 0.5400 196 99 243 156
person 0.1393 207 103 253 169
person 0.0857 129 106 163 160
person 0.0772 212 102 249 145
person 0.0537 196 107 228 148
person 0.0443 177 105 222 159
person 0.0433 200 91 238 138
person 0.0428 289 127 322 186
person 0.0416 91 21 478 321
person 0.0396 281 133 308 183
person 0.0385 194 107 243 196
person 0.0351 201 170 239 206
person 0.0328 287 116 342 178
person 0.0322 137 93 165 147
person 0.0316 491 185 500 201
person 0.0297 369 146 387 172
person 0.0252 106 117 159 163
person 0.0251 226 101 274 168
person 0.0177 405 142 435 173
person 0.0166 415 144 443 173
person 0.0165 268 137 306 192
person 0.0158 206 85 236 123
person 0.0157 481 185 499 202
person 0.0145 476 185 499 227
person 0.0142 138 118 162 149
person 0.0139 188 117 217 158
person 0.0122 289 127 306 168
person 0.0122 221 114 259 176
person 0.0115 124 128 163 168
person 0.0096 412 145 427 173
person 0.0089 163 104 208 160
person 0.0088 245 114 294 173
person 0.0078 406 139 425 167
person 0.0078 148 79 434 248
person 0.0076 406 155 423 173
person 0.0075 186 115 233 172
person 0.0061 230 100 258 157
person 0.0060 140 91 164 120
person 0.0054 192 111 216 144
person 0.0053 403 145 420 172
person 0.0052 364 143 396 175
person 0.0050 170 117 220 183
person 0.0050 196 143 239 202
person 0.0047 210 121 244 180
person 0.0045 254 88 310 184
person 0.0045 238 92 287 139
person 0.0040 107 96 163 152
person 0.0038 104 123 140 157
person 0.0036 139 100 189 158
person 0.0036 492 182 499 188
person 0.0034 201 174 220 198
person 0.0033 138 129 163 158
person 0.0032 171 95 218 141
person 0.0031 243 99 264 131
person 0.0031 128 98 234 212
person 0.0027 282 104 305 171
person 0.0027 203 76 238 109
person 0.0026 268 122 302 173
person 0.0025 288 115 318 167
person 0.0023 365 150 379 171
person 0.0022 214 121 238 153
person 0.0022 209 82 232 104
person 0.0022 227 104 251 140
person 0.0022 257 89 301 149
person 0.0022 212 96 240 127
person 0.0022 101 131 144 166
person 0.0021 219 101 244 134
person 0.0021 136 115 200 173
person 0.0020 241 103 257 127
person 0.0020 286 117 301 165
person 0.0019 436 88 441 101
person 0.0019 282 147 303 179
person 0.0019 147 89 170 130
person 0.0019 237 122 269 170
person 0.0018 258 125 287 169
person 0.0017 102 105 166 208
person 0.0017 99 26 262 306
person 0.0017 369 142 388 162
person 0.0015 285 145 313 195
person 0.0015 195 161 228 200
person 0.0014 153 94 230 170
person 0.0014 449 163 459 175
person 0.0014 484 182 500 187
person 0.0013 380 148 395 172
person 0.0013 148 46 242 284
person 0.0012 198 101 221 134
person 0.0012 219 140 261 186
person 0.0012 495 107 499 119
person 0.0011 429 147 443 171
person 0.0010 382 157 397 171
person 0.0010 233 135 258 168
person 0.0010 288 100 313 147
car 0.8232 477 184 499 229
car 0.0127 490 188 500 201
car 0.0121 492 182 499 188
car 0.0109 478 187 499 209
car 0.0084 484 182 500 187
car 0.0061 488 187 498 221
car 0.0023 492 176 500 185
car 0.0021 481 177 500 196
bus 0.9058 91 25 481 319
bus 0.0093 148 79 434 248
bus 0.0037 196 102 242 157
bus 0.0035 476 185 499 227
bus 0.0031 284 114 335 186
bus 0.0029 192 122 245 206
bus 0.0019 171 106 224 180
bus 0.0012 224 99 277 169
bus 0.0011 99 26 262 306
train 0.0018 90 26 484 318
bird 0.0039 436 89 441 100
