person 0.8631 187 114 282 193
person 0.8419 92 157 268 371
person 0.7269 335 119 433 314
person 0.0130 391 130 439 257
person 0.0075 174 156 230 201
person 0.0068 344 119 430 223
person 0.0067 144 186 371 366
person 0.0055 233 135 446 368
person 0.0046 492 27 500 50
person 0.0043 267 156 298 192
person 0.0036 255 176 271 213
person 0.0034 339 198 454 371
person 0.0031 399 96 427 152
person 0.0029 233 237 258 267
person 0.0024 253 150 302 195
person 0.0022 213 115 246 191
person 0.0021 406 145 428 180
person 0.0019 144 178 265 268
person 0.0018 347 123 376 180
person 0.0017 167 158 312 239
person 0.0017 194 291 323 374
person 0.0017 412 148 439 192
person 0.0016 350 204 361 230
person 0.0015 286 97 346 179
person 0.0014 228 176 243 214
person 0.0014 53 154 182 363
person 0.0014 221 211 348 369
person 0.0014 352 201 369 231
person 0.0013 182 240 334 343
person 0.0012 328 134 412 257
person 0.0012 486 20 500 52
person 0.0011 213 255 274 330
person 0.0011 0 147 11 184
person 0.0011 413 106 428 158
person 0.0011 349 176 380 240
person 0.0011 480 38 500 107
person 0.0011 230 251 259 297
person 0.0011 227 175 244 194
person 0.0010 0 63 12 188
person 0.0010 0 197 81 371
person 0.0010 272 224 295 272
person 0.0010 490 88 500 108
bird 0.0018 334 16 346 30
bottle 0.0057 216 183 232 210
bottle 0.0053 199 192 216 227
bottle 0.0052 233 179 247 220
bottle 0.0040 185 160 203 213
bottle 0.0030 272 223 294 271
bottle 0.0027 132 174 383 374
bottle 0.0025 233 236 258 265
bottle 0.0023 227 178 242 219
bottle 0.0022 255 176 272 213
bottle 0.0021 188 196 204 226
bottle 0.0021 219 182 237 218
bottle 0.0020 247 259 279 306
bottle 0.0019 217 173 227 200
bottle 0.0018 158 106 170 126
bottle 0.0016 181 161 195 195
bottle 0.0016 278 175 297 193
bottle 0.0014 271 164 283 190
bottle 0.0012 186 187 199 216
bottle 0.0012 209 187 226 208
bottle 0.0012 231 252 259 297
bottle 0.0011 354 112 370 128
bottle 0.0010 228 277 255 313
bottle 0.0010 179 159 192 187
chair 0.8939 286 97 346 179
chair 0.8335 0 197 81 372
chair 0.7975 339 199 454 370
chair 0.5868 415 148 439 192
chair 0.5565 400 95 428 150
chair 0.3144 355 112 371 127
chair 0.3132 346 114 375 172
chair 0.1795 406 145 428 180
chair 0.1312 350 111 373 149
chair 0.1047 274 164 297 192
chair 0.0916 205 338 315 374
chair 0.0808 351 203 361 226
chair 0.0731 218 352 306 374
chair 0.0724 269 153 300 191
chair 0.0722 238 298 327 373
chair 0.0663 399 99 434 185
chair 0.0545 68 233 114 371
chair 0.0537 346 114 403 174
chair 0.0498 376 98 428 162
chair 0.0449 123 120 190 165
chair 0.0378 254 174 271 207
chair 0.0346 264 153 285 190
chair 0.0274 196 361 250 375
chair 0.0263 78 312 98 374
chair 0.0260 350 204 359 235
chair 0.0254 415 153 440 228
chair 0.0227 405 146 419 169
chair 0.0213 271 164 283 190
chair 0.0185 391 130 439 257
chair 0.0181 413 106 428 158
chair 0.0178 405 113 427 175
chair 0.0176 430 196 447 239
chair 0.0175 347 124 371 157
chair 0.0175 192 114 286 193
chair 0.0167 280 176 297 193
chair 0.0167 265 153 280 178
chair 0.0164 421 148 446 260
chair 0.0140 224 215 346 371
chair 0.0137 352 121 436 295
chair 0.0131 401 94 429 119
chair 0.0130 425 156 441 192
chair 0.0119 466 304 499 354
chair 0.0118 181 159 205 200
chair 0.0109 68 170 138 372
chair 0.0107 416 119 427 147
chair 0.0105 190 272 318 372
chair 0.0097 284 126 304 186
chair 0.0096 174 156 230 201
chair 0.0095 264 151 278 167
chair 0.0093 421 199 441 281
chair 0.0084 142 127 207 167
chair 0.0081 426 200 443 255
chair 0.0080 350 118 429 217
chair 0.0076 367 168 377 193
chair 0.0076 353 124 382 175
chair 0.0075 299 136 345 177
chair 0.0073 148 127 189 156
chair 0.0073 404 118 427 144
chair 0.0071 259 167 295 199
chair 0.0070 183 137 206 163
chair 0.0069 186 162 205 184
chair 0.0067 368 106 424 144
chair 0.0064 341 122 366 165
chair 0.0062 195 135 209 149
chair 0.0062 312 97 415 333
chair 0.0062 66 234 219 372
chair 0.0059 178 159 192 188
chair 0.0055 165 135 205 160
chair 0.0052 352 201 369 231
chair 0.0051 347 123 364 147
chair 0.0050 364 167 385 196
chair 0.0049 255 150 280 184
chair 0.0047 376 112 413 132
chair 0.0047 372 116 401 128
chair 0.0046 201 137 208 145
chair 0.0043 400 116 419 173
chair 0.0040 91 220 326 372
chair 0.0038 189 143 216 166
chair 0.0037 431 195 447 219
chair 0.0037 184 136 223 178
chair 0.0036 351 113 382 130
chair 0.0036 19 190 124 373
chair 0.0035 231 148 284 197
chair 0.0035 266 169 288 193
chair 0.0035 247 296 318 339
chair 0.0034 0 213 18 368
chair 0.0034 408 99 428 132
chair 0.0034 405 94 428 102
chair 0.0034 359 126 376 155
chair 0.0034 362 144 380 194
chair 0.0033 117 127 205 200
chair 0.0033 104 155 190 256
chair 0.0032 125 118 166 157
chair 0.0032 219 122 282 178
chair 0.0032 409 198 463 363
chair 0.0030 273 131 337 192
chair 0.0030 0 204 40 372
chair 0.0029 257 143 277 163
chair 0.0029 290 178 300 194
chair 0.0029 203 305 231 325
sofa 0.0164 399 96 427 152
sofa 0.0059 287 97 346 179
sofa 0.0055 -1 195 83 371
sofa 0.0044 123 120 190 165
sofa 0.0022 119 180 348 368
sofa 0.0021 188 114 281 193
sofa 0.0016 181 159 205 200
sofa 0.0016 267 156 298 192
sofa 0.0016 339 198 454 371
sofa 0.0015 142 127 207 167
sofa 0.0014 376 98 428 162
sofa 0.0011 174 156 230 201
sofa 0.0010 45 189 125 373
pottedplant 0.0125 162 1 209 45
pottedplant 0.0108 334 16 347 30
pottedplant 0.0102 248 11 286 47
pottedplant 0.0074 199 3 281 54
pottedplant 0.0072 164 2 254 53
pottedplant 0.0061 173 10 209 34
pottedplant 0.0051 243 3 273 46
pottedplant 0.0044 230 15 266 49
pottedplant 0.0044 158 0 187 24
pottedplant 0.0039 168 2 200 29
pottedplant 0.0034 246 20 267 46
pottedplant 0.0032 202 4 247 61
pottedplant 0.0031 182 0 210 21
pottedplant 0.0023 175 11 195 30
pottedplant 0.0020 183 15 208 47
pottedplant 0.0018 254 0 279 27
pottedplant 0.0017 238 17 258 46
pottedplant 0.0015 158 106 170 126
pottedplant 0.0013 199 189 218 225
pottedplant 0.0012 254 9 278 37
pottedplant 0.0011 216 183 232 210
pottedplant 0.0010 209 187 226 208
pottedplant 0.0010 181 0 220 34
pottedplant 0.0010 347 125 377 174
diningtable 0.3326 154 177 365 329
diningtable 0.1227 346 114 375 173
diningtable 0.1111 233 239 257 268
diningtable 0.1032 93 161 321 371
diningtable 0.0584 272 223 296 272
diningtable 0.0539 346 114 403 174
diningtable 0.0398 350 111 373 149
diningtable 0.0326 286 98 347 180
diningtable 0.0266 376 98 428 162
diningtable 0.0211 183 212 341 370
diningtable 0.0149 400 95 428 150
diningtable 0.0107 256 216 276 267
diningtable 0.0074 352 109 382 162
diningtable 0.0071 144 178 265 268
diningtable 0.0067 254 175 271 213
diningtable 0.0061 191 168 326 232
diningtable 0.0059 354 112 370 127
diningtable 0.0058 0 191 121 370
diningtable 0.0056 411 148 439 192
diningtable 0.0053 361 118 422 187
diningtable 0.0053 365 115 414 133
diningtable 0.0049 406 147 425 172
diningtable 0.0048 368 106 424 144
diningtable 0.0046 159 133 201 157
diningtable 0.0046 334 110 438 378
diningtable 0.0044 254 261 278 306
diningtable 0.0043 145 126 192 157
diningtable 0.0042 324 106 427 182
diningtable 0.0042 188 114 281 193
diningtable 0.0039 376 115 403 127
diningtable 0.0037 190 272 318 372
diningtable 0.0035 347 124 371 157
diningtable 0.0034 51 150 329 264
diningtable 0.0034 195 191 224 244
diningtable 0.0032 182 162 207 210
diningtable 0.0030 230 293 337 373
diningtable 0.0029 399 99 434 185
diningtable 0.0029 55 234 282 375
diningtable 0.0027 355 115 382 139
diningtable 0.0026 161 134 187 150
diningtable 0.0024 117 156 268 241
diningtable 0.0023 267 156 298 192
diningtable 0.0021 196 247 322 335
diningtable 0.0020 232 236 260 295
diningtable 0.0020 249 241 282 298
diningtable 0.0019 347 123 364 147
diningtable 0.0018 344 119 430 223
diningtable 0.0018 341 122 366 165
diningtable 0.0016 359 123 376 145
diningtable 0.0016 465 304 500 357
diningtable 0.0016 207 204 283 268
diningtable 0.0015 123 120 190 165
diningtable 0.0014 227 176 242 214
diningtable 0.0014 254 210 274 243
diningtable 0.0012 185 161 203 195
diningtable 0.0012 248 211 323 315
diningtable 0.0012 361 121 377 133
diningtable 0.0011 174 156 230 201
diningtable 0.0011 159 124 191 147
diningtable 0.0011 0 204 40 372
diningtable 0.0010 104 154 191 256
diningtable 0.0010 197 352 304 375
diningtable 0.0010 256 251 275 285
diningtable 0.0010 400 116 419 173
diningtable 0.0010 414 110 426 149
diningtable 0.0010 213 255 274 330
diningtable 0.0010 207 219 225 248
tvmonitor 0.0111 0 62 12 183
