person 0.0462 95 142 104 159
person 0.0368 106 142 112 152
person 0.0157 94 132 105 162
person 0.0136 333 183 358 240
person 0.0134 98 140 104 155
person 0.0093 342 186 359 226
person 0.0075 323 180 349 239
person 0.0066 88 124 104 164
person 0.0064 108 140 119 151
person 0.0047 104 145 112 158
person 0.0043 165 143 174 157
person 0.0041 93 146 103 161
person 0.0035 121 128 130 140
person 0.0034 94 141 106 170
person 0.0033 331 150 354 223
person 0.0027 330 181 349 222
person 0.0027 113 137 126 150
person 0.0023 104 130 127 161
person 0.0021 30 124 36 132
person 0.0021 87 147 95 158
person 0.0020 312 128 356 240
person 0.0018 134 10 498 274
person 0.0016 196 153 207 173
person 0.0015 25 150 42 182
person 0.0012 112 140 129 154
person 0.0010 111 127 130 152
person 0.0010 185 158 196 177
person 0.0010 268 191 281 231
person 0.0010 110 128 121 147
car 0.0014 359 41 502 272
car 0.0012 87 147 95 158
bus 0.0152 122 6 495 268
bus 0.0124 359 41 502 272
train 0.8641 123 5 493 273
train 0.1788 0 105 70 173
train 0.0651 13 130 80 180
train 0.0377 0 114 37 173
train 0.0226 94 132 105 162
train 0.0214 24 150 43 183
train 0.0204 88 124 104 164
train 0.0166 49 146 68 166
train 0.0161 359 41 502 272
train 0.0148 94 141 103 159
train 0.0132 83 117 107 171
train 0.0124 93 140 139 188
train 0.0111 52 107 118 178
train 0.0089 42 130 81 169
train 0.0087 92 121 110 168
train 0.0086 74 113 96 170
train 0.0085 26 150 60 182
train 0.0080 22 117 104 178
train 0.0063 0 107 41 148
train 0.0053 87 146 95 158
train 0.0053 92 135 114 184
train 0.0047 51 134 74 165
train 0.0046 104 130 127 161
train 0.0045 94 141 106 170
train 0.0043 0 105 76 137
train 0.0035 0 88 153 190
train 0.0029 106 142 116 152
train 0.0029 101 123 135 171
train 0.0027 24 114 82 160
train 0.0027 108 125 146 190
train 0.0027 50 111 90 161
train 0.0023 25 138 69 167
train 0.0023 43 7 348 278
train 0.0022 0 102 109 150
train 0.0020 114 122 139 175
train 0.0020 23 131 43 170
train 0.0019 79 144 94 157
train 0.0018 38 146 69 177
train 0.0018 56 145 69 159
train 0.0017 109 126 131 153
train 0.0016 74 117 86 157
train 0.0015 0 104 42 128
train 0.0015 1 146 28 177
train 0.0014 107 139 121 151
train 0.0014 46 125 74 148
train 0.0013 2 150 45 186
train 0.0012 0 115 23 160
train 0.0012 72 143 86 157
train 0.0012 2 116 74 147
train 0.0012 1 109 27 134
train 0.0012 103 125 116 151
train 0.0011 83 114 96 153
train 0.0010 111 139 130 156
train 0.0010 126 115 160 197
train 0.0010 47 145 62 163
boat 0.0014 359 41 502 272
boat 0.0012 0 114 37 173
chair 0.0308 26 153 51 185
chair 0.0249 50 146 68 167
chair 0.0157 44 149 64 174
chair 0.0153 25 151 43 175
chair 0.0074 29 149 68 180
chair 0.0073 1 110 69 182
chair 0.0054 93 145 103 161
chair 0.0046 92 153 105 186
chair 0.0044 87 147 95 158
chair 0.0032 93 140 139 188
chair 0.0027 95 150 107 166
chair 0.0026 96 142 104 158
chair 0.0019 323 180 349 239
chair 0.0019 333 183 358 240
chair 0.0017 34 148 60 168
chair 0.0015 28 149 49 168
chair 0.0013 2 150 45 186
chair 0.0013 48 146 60 162
chair 0.0013 23 149 38 168
chair 0.0013 93 152 117 189
diningtable 0.0026 26 151 52 185
diningtable 0.0016 25 151 43 175
diningtable 0.0013 50 146 68 167
diningtable 0.0010 29 149 68 180
