person 0.8681 314 89 383 245
person 0.3144 208 169 223 193
person 0.0162 193 169 222 197
person 0.0142 252 80 266 87
person 0.0139 195 171 214 192
person 0.0120 133 98 303 278
person 0.0043 243 129 252 136
person 0.0038 254 83 276 92
person 0.0032 206 172 222 211
person 0.0032 285 7 401 254
person 0.0031 159 151 288 217
person 0.0021 178 171 244 206
person 0.0021 190 174 207 193
person 0.0016 181 167 215 189
person 0.0016 315 95 378 175
person 0.0013 207 165 223 181
person 0.0012 246 151 261 177
person 0.0012 208 166 237 199
person 0.0010 232 146 262 174
person 0.0010 195 65 203 71
car 0.0018 360 81 382 88
car 0.0011 465 80 491 87
boat 0.5839 126 -2 311 265
boat 0.1965 2 53 30 88
boat 0.1733 0 79 20 87
boat 0.1221 134 137 308 277
boat 0.1210 3 80 26 88
boat 0.1195 55 63 66 88
boat 0.1126 107 58 121 88
boat 0.1091 252 80 266 87
boat 0.0872 0 70 27 87
boat 0.0871 84 63 94 87
boat 0.0809 103 59 116 88
boat 0.0774 254 83 276 92
boat 0.0673 26 82 42 87
boat 0.0590 111 59 127 88
boat 0.0564 45 70 62 88
boat 0.0517 31 80 47 87
boat 0.0504 99 62 110 88
boat 0.0473 260 85 278 92
boat 0.0463 103 72 114 89
boat 0.0449 57 67 70 89
boat 0.0419 38 72 52 88
boat 0.0406 35 67 47 87
boat 0.0403 87 63 101 87
boat 0.0354 47 64 67 89
boat 0.0341 79 73 94 88
boat 0.0334 30 68 55 88
boat 0.0320 76 82 94 88
boat 0.0292 0 81 11 87
boat 0.0290 90 83 105 89
boat 0.0285 47 79 61 88
boat 0.0279 251 78 278 90
boat 0.0261 81 81 98 88
boat 0.0252 23 73 47 88
boat 0.0240 51 81 67 88
boat 0.0232 12 55 40 88
boat 0.0218 114 81 128 89
boat 0.0210 113 74 131 89
boat 0.0203 95 83 110 90
boat 0.0196 22 80 38 88
boat 0.0185 105 73 124 89
boat 0.0179 99 75 111 88
boat 0.0176 263 83 284 90
boat 0.0164 38 80 53 87
boat 0.0162 60 63 73 87
boat 0.0156 29 64 74 89
boat 0.0148 58 81 70 88
boat 0.0147 83 63 90 82
boat 0.0146 71 84 88 88
boat 0.0142 107 82 122 90
boat 0.0141 30 64 43 87
boat 0.0128 82 60 133 90
boat 0.0117 252 63 277 86
boat 0.0114 260 81 280 89
boat 0.0099 61 73 75 88
boat 0.0097 119 79 133 87
boat 0.0092 258 81 292 91
boat 0.0088 207 167 222 193
boat 0.0085 63 83 79 88
boat 0.0081 76 62 95 89
boat 0.0081 360 81 382 88
boat 0.0077 265 82 316 92
boat 0.0076 251 51 280 92
boat 0.0065 120 72 133 85
boat 0.0065 70 76 88 87
boat 0.0058 87 1 263 211
boat 0.0058 251 -15 417 270
boat 0.0055 242 -10 364 155
boat 0.0045 109 54 118 81
boat 0.0044 0 73 12 84
boat 0.0044 90 86 105 90
boat 0.0044 244 56 287 103
boat 0.0041 102 86 116 90
boat 0.0040 159 151 288 217
boat 0.0039 40 61 51 86
boat 0.0039 70 64 89 87
boat 0.0037 125 76 132 85
boat 0.0034 25 86 44 91
boat 0.0031 252 87 270 91
boat 0.0031 240 16 310 131
boat 0.0024 313 89 382 246
boat 0.0024 453 86 466 91
boat 0.0023 418 87 424 91
boat 0.0023 14 67 57 93
boat 0.0022 178 171 244 206
boat 0.0022 380 84 398 89
boat 0.0021 3 85 25 90
boat 0.0021 418 83 437 89
boat 0.0019 66 66 109 93
boat 0.0018 21 79 46 91
boat 0.0018 245 1 283 93
boat 0.0018 269 83 294 90
boat 0.0017 257 60 289 87
boat 0.0017 81 86 99 90
boat 0.0017 20 62 36 88
boat 0.0016 381 83 412 91
boat 0.0016 74 86 95 91
boat 0.0016 417 84 425 89
boat 0.0015 26 53 46 89
boat 0.0014 262 59 276 85
boat 0.0014 253 68 346 102
bird 0.0035 195 65 203 71
bird 0.0020 482 17 486 22
