person 0.0089 320 458 330 499
person 0.0028 -7 199 164 365
boat 0.0022 1 297 336 497
bird 0.0032 0 204 132 400
cat 0.5485 0 206 152 396
cat 0.0098 48 217 160 358
cat 0.0040 0 56 157 434
cat 0.0022 -1 188 124 322
cat 0.0020 14 296 182 399
dog 0.0652 0 208 129 397
dog 0.0015 31 218 161 360
horse 0.0027 -7 199 164 365
sheep 0.0010 0 208 129 397
cow 0.0018 -1 204 129 381
bottle 0.0140 320 458 330 499
chair 0.0089 37 210 168 358
chair 0.0028 0 56 157 434
chair 0.0025 320 458 330 499
chair 0.0019 -1 163 126 344
chair 0.0011 -3 218 149 405
sofa 0.0047 -7 199 164 365
sofa 0.0011 -35 38 353 482
pottedplant 0.0769 -4 2 325 458
pottedplant 0.0338 0 202 151 365
pottedplant 0.0156 0 59 158 429
pottedplant 0.0060 41 173 187 377
pottedplant 0.0050 -1 21 306 262
pottedplant 0.0025 -2 114 256 354
pottedplant 0.0011 4 111 99 215
pottedplant 0.0010 0 69 152 257
pottedplant 0.0010 319 456 330 499
diningtable 0.0298 0 306 328 495
diningtable 0.0039 0 354 206 498
diningtable 0.0030 7 119 336 510
diningtable 0.0017 -4 221 164 408
tvmonitor 0.0081 2 307 330 497
tvmonitor 0.0016 17 207 165 364
tvmonitor 0.0010 0 353 206 498
