car 0.0013 -6 180 387 481
bird 0.0032 69 30 388 443
cat 0.0905 69 30 388 443
dog 0.4303 64 29 385 444
dog 0.0011 239 214 394 370
sheep 0.0034 69 30 388 443
chair 0.0113 285 175 356 238
chair 0.0086 63 39 380 453
chair 0.0035 274 106 360 237
chair 0.0021 270 163 362 263
sofa 0.0187 62 28 385 444
pottedplant 0.0637 0 18 85 272
pottedplant 0.0104 279 102 363 225
pottedplant 0.0059 257 21 370 231
pottedplant 0.0043 292 147 359 234
pottedplant 0.0026 280 177 357 246
pottedplant 0.0010 295 76 398 288
pottedplant 0.0010 0 0 77 122
pottedplant 0.0010 0 45 89 458
