person 0.1100 210 110 235 139
person 0.0151 156 128 186 141
person 0.0059 243 112 275 136
person 0.0049 77 87 85 104
person 0.0037 146 125 177 142
person 0.0025 15 51 479 239
person 0.0023 74 87 86 115
person 0.0022 148 117 186 141
person 0.0019 447 133 498 182
person 0.0018 156 114 221 140
person 0.0017 253 112 303 135
person 0.0010 275 114 301 135
person 0.0010 188 115 231 141
car 0.7846 0 86 497 247
car 0.0027 441 133 497 182
car 0.0013 205 111 235 138
car 0.0013 6 143 483 294
car 0.0011 68 74 124 128
aeroplane 0.0012 0 86 497 247
bus 0.0016 0 86 497 247
boat 0.0014 0 86 497 247
dog 0.0028 156 128 186 141
dog 0.0026 210 110 236 138
sofa 0.0017 1 86 497 249
