cat 0.0020 14 -7 329 453
bottle 0.0011 124 378 292 499
chair 0.0020 14 -12 329 457
pottedplant 0.5333 14 -7 329 453
pottedplant 0.0223 124 378 292 499
pottedplant 0.0205 30 32 201 439
pottedplant 0.0203 74 198 287 502
pottedplant 0.0116 166 5 332 462
pottedplant 0.0114 72 0 334 126
pottedplant 0.0081 71 7 203 126
pottedplant 0.0077 137 347 284 453
pottedplant 0.0071 149 375 275 426
pottedplant 0.0067 67 160 231 429
pottedplant 0.0041 64 -1 338 241
pottedplant 0.0034 30 129 300 397
pottedplant 0.0027 34 89 136 223
pottedplant 0.0021 1 219 151 507
pottedplant 0.0013 41 75 202 252
pottedplant 0.0013 7 332 302 500
pottedplant 0.0012 246 -5 333 443
pottedplant 0.0012 134 0 322 88
diningtable 0.0031 10 5 320 457
