person 0.0018 496 173 500 196
dog 0.0013 469 256 499 291
sheep 0.9449 147 270 285 373
sheep 0.9326 0 280 154 373
sheep 0.9100 190 216 249 280
sheep 0.9017 409 268 499 369
sheep 0.8775 27 204 105 257
sheep 0.8188 355 234 449 294
sheep 0.7773 0 219 46 253
sheep 0.7242 0 247 68 298
sheep 0.7157 442 233 500 273
sheep 0.6335 469 256 499 290
sheep 0.0559 0 249 69 351
sheep 0.0445 453 247 500 288
sheep 0.0305 34 244 70 285
sheep 0.0175 458 234 500 256
sheep 0.0173 475 238 500 257
sheep 0.0164 381 234 496 294
sheep 0.0146 423 242 502 291
sheep 0.0074 443 232 498 249
sheep 0.0069 470 247 500 275
sheep 0.0066 480 253 499 266
sheep 0.0063 485 256 499 289
sheep 0.0058 490 254 500 266
sheep 0.0056 451 275 498 364
sheep 0.0049 479 236 499 246
sheep 0.0041 -8 226 73 287
sheep 0.0038 489 240 500 260
sheep 0.0034 -4 213 87 257
sheep 0.0028 447 256 487 286
sheep 0.0027 0 366 17 375
sheep 0.0025 420 238 472 277
sheep 0.0024 489 254 500 277
sheep 0.0024 0 235 44 281
sheep 0.0023 0 253 38 293
sheep 0.0023 405 240 460 295
sheep 0.0022 466 250 499 329
sheep 0.0021 496 177 500 197
sheep 0.0021 1 276 154 309
sheep 0.0020 490 236 500 244
sheep 0.0020 428 234 471 259
sheep 0.0020 0 254 45 324
sheep 0.0019 482 233 499 243
sheep 0.0019 441 232 467 249
sheep 0.0014 -14 228 109 329
sheep 0.0014 492 232 500 242
sheep 0.0013 404 267 462 300
sheep 0.0013 0 223 25 255
sheep 0.0012 0 250 18 257
sheep 0.0011 414 262 504 322
sheep 0.0011 464 259 481 288
sheep 0.0011 0 364 9 374
sheep 0.0010 469 232 496 243
cow 0.0026 190 216 248 280
cow 0.0021 469 256 499 291
cow 0.0021 -1 280 154 373
cow 0.0018 0 219 46 253
cow 0.0017 27 204 105 257
cow 0.0016 410 268 499 368
cow 0.0015 150 271 287 371
cow 0.0014 442 233 500 273
cow 0.0014 355 233 446 294
cow 0.0010 0 247 68 294
