person 0.3885 0 86 65 322
person 0.0695 0 84 30 165
person 0.0570 14 0 49 52
person 0.0540 437 22 500 153
person 0.0376 352 1 499 152
person 0.0374 -1 78 57 184
person 0.0276 0 84 38 222
person 0.0161 0 0 54 163
person 0.0144 0 56 85 217
person 0.0139 1 6 260 331
person 0.0116 21 1 47 37
person 0.0113 11 108 81 264
person 0.0111 0 93 26 326
person 0.0107 0 0 19 21
person 0.0084 0 124 17 167
person 0.0067 3 74 157 329
person 0.0060 148 265 202 332
person 0.0043 0 -1 47 95
person 0.0041 0 127 9 163
person 0.0036 0 223 61 330
person 0.0032 1 120 50 249
person 0.0030 0 120 7 147
person 0.0030 30 0 47 30
person 0.0029 1 0 45 24
person 0.0029 29 9 48 41
person 0.0029 0 112 23 200
person 0.0028 31 181 244 328
person 0.0028 291 175 342 332
person 0.0027 1 0 170 246
person 0.0027 3 121 76 196
person 0.0024 358 0 500 54
person 0.0021 244 26 499 325
person 0.0020 16 129 67 171
person 0.0019 23 15 53 64
person 0.0019 0 101 8 153
person 0.0018 2 88 51 150
person 0.0018 41 176 146 327
person 0.0017 479 71 499 153
person 0.0017 17 0 47 17
person 0.0016 5 -2 97 169
person 0.0016 467 64 500 167
person 0.0015 0 45 22 155
person 0.0014 14 150 59 290
person 0.0014 0 83 22 133
person 0.0014 16 1 68 62
person 0.0014 0 263 33 330
person 0.0013 29 0 101 29
person 0.0012 455 5 500 113
person 0.0012 357 0 500 25
person 0.0012 289 160 342 231
person 0.0011 33 0 46 13
person 0.0011 0 111 41 174
person 0.0010 12 -1 100 88
bicycle 0.0019 352 1 499 152
car 0.0742 0 0 19 21
car 0.0179 9 0 47 32
car 0.0141 11 0 51 60
car 0.0074 265 4 495 149
car 0.0073 0 0 17 9
car 0.0025 37 0 144 25
car 0.0022 0 0 36 17
car 0.0015 29 0 101 29
car 0.0014 0 0 14 5
car 0.0010 235 0 316 59
motorbike 0.0015 14 0 49 52
bus 0.0054 265 4 495 149
bus 0.0016 241 0 494 79
train 0.0022 265 4 495 149
train 0.0011 234 1 324 60
boat 0.0192 346 1 499 146
boat 0.0025 444 34 500 157
boat 0.0015 256 13 499 193
bird 0.0010 246 22 501 331
cat 0.0037 246 22 501 331
dog 0.9106 247 23 501 328
dog 0.0941 0 4 264 325
dog 0.0044 328 106 497 327
dog 0.0023 0 84 23 163
dog 0.0022 337 10 499 157
horse 0.7612 1 2 262 329
horse 0.0077 0 84 32 166
horse 0.0041 -1 78 57 184
horse 0.0040 2 28 82 290
horse 0.0032 33 180 245 329
horse 0.0023 246 22 501 331
horse 0.0022 3 74 157 329
horse 0.0014 0 84 38 222
horse 0.0010 352 1 499 152
sheep 0.0042 251 22 498 329
sheep 0.0022 0 4 264 325
cow 0.0247 0 2 263 328
cow 0.0211 246 22 501 331
cow 0.0025 384 7 502 152
cow 0.0019 0 84 30 162
cow 0.0010 -1 78 57 184
bottle 0.0016 15 0 51 62
bottle 0.0010 27 0 48 40
chair 0.0082 346 1 499 147
chair 0.0021 358 0 500 54
chair 0.0017 438 22 500 153
sofa 0.0024 352 1 499 152
sofa 0.0018 251 22 498 329
tvmonitor 0.0022 352 0 497 54
tvmonitor 0.0017 346 1 498 143
tvmonitor 0.0014 352 0 485 22
