person 0.0735 210 132 232 148
person 0.0186 271 137 299 156
person 0.0169 177 119 193 147
person 0.0154 202 126 235 151
person 0.0086 13 93 421 250
person 0.0081 359 84 377 112
person 0.0074 174 111 217 147
person 0.0059 189 119 231 148
person 0.0040 209 118 240 148
person 0.0033 342 90 376 112
person 0.0028 218 131 245 150
person 0.0026 124 100 281 149
person 0.0015 173 105 196 138
person 0.0011 267 136 288 154
car 0.4214 14 92 416 250
car 0.0473 407 172 450 204
car 0.0340 408 172 499 212
car 0.0071 450 178 499 217
car 0.0029 410 182 436 204
car 0.0017 386 170 439 201
car 0.0010 356 159 450 202
car 0.0010 405 161 479 203
motorbike 0.0014 14 92 416 250
aeroplane 0.0031 14 92 416 250
bus 0.2087 14 92 416 250
train 0.0029 14 92 416 250
boat 0.0090 14 92 416 250
cat 0.0015 270 135 297 155
dog 0.0118 271 137 299 156
chair 0.0092 332 94 354 111
chair 0.0026 342 90 376 112
chair 0.0014 339 97 366 112
chair 0.0011 329 89 366 116
