person 0.6222 7 22 381 505
person 0.0225 68 46 370 272
person 0.0117 26 242 373 502
person 0.0091 256 18 374 504
person 0.0050 11 0 150 21
person 0.0040 -3 19 132 504
person 0.0023 133 327 370 495
person 0.0020 0 241 136 491
person 0.0016 35 172 267 456
person 0.0014 212 14 374 270
person 0.0012 299 51 374 277
person 0.0011 119 166 374 451
person 0.0010 354 0 374 7
cat 0.0075 48 246 237 488
cat 0.0028 24 225 372 498
dog 0.0019 56 239 252 491
dog 0.0018 20 210 375 482
bottle 0.3522 48 246 237 488
bottle 0.0084 21 207 373 484
bottle 0.0035 94 248 235 372
chair 0.0286 135 0 255 29
chair 0.0237 29 0 156 23
chair 0.0197 158 0 336 34
chair 0.0166 284 0 363 26
chair 0.0059 202 0 295 33
chair 0.0057 8 21 381 507
chair 0.0050 6 0 374 103
chair 0.0049 52 -1 337 47
chair 0.0038 6 0 59 8
chair 0.0033 3 0 121 15
chair 0.0031 153 0 217 25
chair 0.0017 138 0 155 23
chair 0.0016 127 0 162 23
chair 0.0015 351 0 374 7
chair 0.0015 -1 -1 381 242
chair 0.0011 48 0 119 20
chair 0.0011 108 0 191 22
chair 0.0010 302 50 374 281
sofa 0.0840 1 25 384 503
sofa 0.0058 4 5 374 279
sofa 0.0036 5 0 138 18
sofa 0.0021 158 0 336 34
sofa 0.0017 295 37 375 279
sofa 0.0016 0 5 375 143
sofa 0.0014 6 0 59 8
sofa 0.0013 0 240 114 490
sofa 0.0012 135 0 255 29
sofa 0.0010 284 0 363 26
sofa 0.0010 -4 25 118 500
sofa 0.0010 121 203 376 497
diningtable 0.0020 141 0 314 33
diningtable 0.0015 -7 -4 369 90
diningtable 0.0013 116 4 371 127
tvmonitor 0.0016 11 0 150 21
