person 0.0961 276 176 285 186
person 0.0557 17 175 22 184
person 0.0329 27 179 31 186
person 0.0217 266 177 277 187
person 0.0125 38 175 46 185
person 0.0098 272 171 289 196
person 0.0085 270 175 281 188
person 0.0060 98 178 108 187
person 0.0060 96 177 103 185
person 0.0056 54 176 59 185
person 0.0044 102 178 111 185
person 0.0044 264 176 280 194
person 0.0032 25 178 33 186
person 0.0030 287 153 322 215
person 0.0026 26 177 31 194
person 0.0026 15 174 24 188
person 0.0023 239 175 247 188
person 0.0020 265 166 296 205
person 0.0018 0 154 14 205
person 0.0016 75 177 85 187
person 0.0015 264 175 273 189
person 0.0014 8 165 23 190
person 0.0014 186 176 198 189
person 0.0013 254 152 320 212
person 0.0010 257 172 283 196
person 0.0010 178 177 189 187
bus 0.0028 0 156 320 218
train 0.8807 0 156 320 218
train 0.0020 288 152 321 215
