person 0.2477 0 187 31 229
person 0.0944 11 188 30 212
person 0.0067 0 187 30 278
person 0.0051 227 193 279 226
person 0.0030 383 174 393 184
person 0.0024 0 191 24 216
person 0.0011 235 194 313 227
person 0.0011 206 192 252 230
person 0.0011 0 218 89 284
person 0.0010 14 192 30 223
person 0.0010 0 200 5 217
aeroplane 0.0014 0 187 31 231
boat 0.0022 0 188 31 235
bird 0.1446 13 188 30 213
bird 0.1115 0 186 30 230
bird 0.0026 382 174 393 184
bird 0.0021 272 170 285 186
bird 0.0015 0 191 24 216
bird 0.0010 0 187 30 278
cat 0.0067 13 188 30 213
cat 0.0066 1 188 31 230
dog 0.0265 1 188 31 230
dog 0.0174 13 188 30 213
dog 0.0013 206 192 252 230
dog 0.0010 228 194 317 227
horse 0.0126 1 188 31 230
horse 0.0043 13 188 30 213
horse 0.0028 206 192 252 230
horse 0.0023 228 194 317 227
horse 0.0011 272 170 285 186
sheep 0.0061 206 192 252 230
sheep 0.0030 228 194 317 227
sheep 0.0020 13 188 30 213
sheep 0.0020 1 188 31 230
sheep 0.0010 272 170 285 186
cow 0.6448 206 192 260 230
cow 0.6098 235 194 318 226
cow 0.1647 227 193 279 226
cow 0.1234 272 170 285 186
cow 0.0408 239 193 277 212
cow 0.0402 244 195 271 224
cow 0.0158 263 195 307 225
cow 0.0127 235 194 255 225
cow 0.0123 248 194 272 207
cow 0.0100 227 194 265 207
cow 0.0085 243 184 312 213
cow 0.0070 227 194 249 227
cow 0.0066 207 186 309 222
cow 0.0062 1 188 31 230
cow 0.0060 241 194 255 205
cow 0.0055 259 197 281 223
cow 0.0052 13 188 30 213
cow 0.0045 215 192 274 213
cow 0.0045 234 205 275 228
cow 0.0030 253 194 289 215
cow 0.0029 382 174 393 184
cow 0.0025 246 192 306 208
cow 0.0025 255 194 284 206
cow 0.0022 262 176 301 199
cow 0.0021 265 169 287 192
cow 0.0019 268 184 300 198
cow 0.0018 209 195 236 230
cow 0.0016 277 194 320 224
cow 0.0015 268 180 318 221
cow 0.0013 267 198 286 223
cow 0.0013 199 170 300 239
cow 0.0011 171 184 325 259
cow 0.0010 210 187 468 233
cow 0.0010 214 205 253 229
cow 0.0010 270 169 303 188
bottle 0.0039 14 188 30 210
pottedplant 0.0011 13 188 30 213
