person 0.0038 0 7 74 370
person 0.0033 -1 24 31 359
person 0.0018 11 12 177 369
person 0.0015 62 133 209 339
bird 0.0816 342 301 369 368
bird 0.0777 66 151 207 350
bird 0.0645 298 242 329 307
bird 0.0605 275 193 327 234
bird 0.0580 444 265 496 312
bird 0.0444 43 26 228 355
bird 0.0364 92 216 209 291
bird 0.0226 47 24 520 358
bird 0.0211 232 176 348 241
bird 0.0177 483 320 499 351
bird 0.0174 223 176 284 222
bird 0.0149 390 251 422 313
bird 0.0130 447 271 499 340
bird 0.0114 104 141 180 189
bird 0.0101 93 214 220 367
bird 0.0098 119 220 205 266
bird 0.0096 407 261 489 307
bird 0.0083 199 167 321 233
bird 0.0081 64 127 308 370
bird 0.0079 296 240 340 349
bird 0.0072 163 139 240 167
bird 0.0052 91 126 188 208
bird 0.0045 467 72 499 112
bird 0.0040 390 254 493 334
bird 0.0039 444 265 478 294
bird 0.0038 490 171 499 199
bird 0.0030 338 302 404 370
bird 0.0030 53 68 215 253
bird 0.0030 113 144 157 182
bird 0.0029 134 245 275 369
bird 0.0025 67 136 165 200
bird 0.0023 408 328 435 373
bird 0.0023 200 256 270 334
bird 0.0023 489 319 499 343
bird 0.0020 175 101 442 351
bird 0.0020 411 191 500 250
bird 0.0019 215 256 267 308
bird 0.0017 401 174 501 327
bird 0.0016 450 273 479 305
bird 0.0015 89 210 175 328
bird 0.0015 302 249 406 362
bird 0.0014 30 6 490 182
bird 0.0011 284 197 311 231
bird 0.0011 51 0 317 234
bird 0.0011 286 290 378 370
bird 0.0011 257 239 373 359
bird 0.0010 150 219 205 257
bird 0.0010 161 220 315 345
bird 0.0010 60 102 172 226
pottedplant 0.0269 21 -2 450 356
pottedplant 0.0160 46 17 255 363
pottedplant 0.0071 61 132 209 338
pottedplant 0.0066 53 126 376 369
pottedplant 0.0037 220 176 280 218
pottedplant 0.0031 92 194 279 364
pottedplant 0.0029 225 2 496 365
pottedplant 0.0019 56 4 385 198
pottedplant 0.0015 466 73 499 108
pottedplant 0.0014 4 7 120 361
pottedplant 0.0013 199 167 321 233
pottedplant 0.0012 83 212 203 358
pottedplant 0.0010 171 139 237 170
pottedplant 0.0010 232 176 348 241
pottedplant 0.0010 277 191 330 236
tvmonitor 0.0012 17 20 453 366
