person 0.7718 228 154 264 232
person 0.7650 359 134 401 224
person 0.7402 105 139 151 224
person 0.2773 464 223 471 245
person 0.2399 0 211 18 254
person 0.2216 429 224 442 250
person 0.2158 5 213 29 253
person 0.1687 25 210 38 236
person 0.1565 1 209 17 233
person 0.1477 9 209 18 230
person 0.1396 58 158 173 284
person 0.1387 19 213 39 247
person 0.1052 3 209 16 224
person 0.1037 9 211 22 240
person 0.0953 0 208 7 223
person 0.0916 286 148 447 290
person 0.0841 0 209 10 246
person 0.0771 377 144 429 213
person 0.0753 13 215 29 240
person 0.0692 0 207 6 218
person 0.0681 286 157 316 238
person 0.0673 31 214 56 249
person 0.0618 28 211 48 235
person 0.0475 8 217 45 254
person 0.0409 488 225 500 246
person 0.0399 27 209 37 226
person 0.0388 391 153 421 183
person 0.0373 167 197 194 259
person 0.0313 0 222 9 255
person 0.0303 169 164 317 285
person 0.0300 416 156 449 203
person 0.0290 65 222 77 246
person 0.0286 472 223 498 246
person 0.0275 39 213 53 233
person 0.0265 350 140 412 275
person 0.0262 3 208 13 219
person 0.0253 44 216 60 238
person 0.0252 52 215 64 237
person 0.0245 0 230 16 254
person 0.0235 13 212 25 232
person 0.0184 24 222 44 252
person 0.0167 54 210 68 231
person 0.0166 126 135 173 248
person 0.0165 55 220 76 245
person 0.0140 87 225 99 243
person 0.0116 41 222 66 251
person 0.0115 291 104 337 184
person 0.0111 0 233 7 255
person 0.0105 49 218 69 247
person 0.0100 403 154 420 175
person 0.0091 368 154 448 287
person 0.0086 6 208 21 224
person 0.0085 5 233 21 254
person 0.0081 461 221 476 248
person 0.0079 288 152 316 201
person 0.0074 394 156 443 222
person 0.0072 343 132 429 227
person 0.0066 12 232 31 253
person 0.0064 421 157 435 183
person 0.0063 260 168 320 271
person 0.0063 33 211 46 226
person 0.0060 420 156 443 190
person 0.0060 442 233 451 249
person 0.0059 67 217 86 266
person 0.0057 463 220 470 238
person 0.0056 493 199 500 244
person 0.0053 32 231 48 253
person 0.0053 58 209 71 224
person 0.0052 41 210 52 227
person 0.0051 8 207 17 220
person 0.0045 421 158 432 173
person 0.0044 492 223 500 236
person 0.0042 131 141 172 205
person 0.0038 235 239 250 249
person 0.0038 243 155 317 238
person 0.0037 173 203 192 239
person 0.0037 474 203 483 216
person 0.0035 492 233 499 249
person 0.0035 431 234 443 250
person 0.0034 241 240 251 248
person 0.0032 47 211 56 225
person 0.0031 357 133 391 193
person 0.0031 79 143 147 239
person 0.0030 72 210 116 268
person 0.0029 114 234 129 248
person 0.0028 0 198 4 212
person 0.0027 288 162 307 191
person 0.0025 288 200 317 247
person 0.0025 306 104 338 163
person 0.0025 169 200 205 281
person 0.0025 299 177 315 205
person 0.0024 107 234 124 248
person 0.0024 213 235 228 249
person 0.0023 230 153 260 199
person 0.0022 385 149 410 202
person 0.0022 0 205 29 235
person 0.0022 495 210 500 233
person 0.0021 33 205 48 223
person 0.0021 28 205 39 221
person 0.0020 68 216 80 243
bicycle 0.0216 169 166 317 283
bicycle 0.0050 428 224 442 250
bicycle 0.0042 225 155 264 234
bicycle 0.0025 487 226 499 247
bicycle 0.0011 285 169 448 290
car 0.0023 41 226 66 252
car 0.0020 60 169 172 283
car 0.0015 167 165 318 287
car 0.0013 32 222 56 252
motorbike 0.0029 158 158 326 281
motorbike 0.0012 227 153 262 232
motorbike 0.0010 57 160 173 283
bus 0.0012 61 163 172 284
train 0.0014 285 169 448 290
bird 0.0062 487 225 499 246
bird 0.0062 429 224 442 250
bird 0.0032 464 222 471 239
bird 0.0010 431 234 443 250
cat 0.0010 430 225 442 250
dog 0.0335 430 225 442 250
dog 0.0114 487 225 499 246
dog 0.0047 463 223 472 246
dog 0.0041 443 234 452 248
dog 0.0025 169 166 317 283
dog 0.0024 472 223 498 246
dog 0.0016 288 158 449 288
horse 0.8882 59 163 173 283
horse 0.8869 169 163 318 285
horse 0.8817 287 160 451 289
horse 0.1499 227 153 262 232
horse 0.0437 359 135 400 228
horse 0.0297 428 224 442 251
horse 0.0245 287 172 318 250
horse 0.0210 167 199 195 263
horse 0.0198 281 186 397 285
horse 0.0180 341 139 421 276
horse 0.0179 0 218 17 255
horse 0.0172 8 217 45 254
horse 0.0136 260 168 320 271
horse 0.0135 105 139 151 224
horse 0.0132 33 213 65 249
horse 0.0126 384 157 449 284
horse 0.0097 65 222 77 246
horse 0.0090 385 147 431 228
horse 0.0080 389 152 420 186
horse 0.0075 4 213 29 254
horse 0.0067 0 222 9 255
horse 0.0060 275 195 316 257
horse 0.0057 51 207 147 281
horse 0.0054 487 226 499 246
horse 0.0050 55 220 76 245
horse 0.0041 0 233 7 255
horse 0.0038 163 204 185 248
horse 0.0034 416 157 448 204
horse 0.0032 31 223 53 253
horse 0.0031 42 218 62 247
horse 0.0031 114 233 129 248
horse 0.0030 72 210 116 268
horse 0.0029 271 192 358 267
horse 0.0029 67 217 86 266
horse 0.0027 0 209 11 246
horse 0.0026 17 212 39 248
horse 0.0026 107 233 124 249
horse 0.0026 165 218 181 250
horse 0.0025 0 235 15 254
horse 0.0025 131 155 174 278
horse 0.0024 143 191 193 260
horse 0.0024 87 225 99 243
horse 0.0022 216 234 235 249
horse 0.0022 289 215 316 248
horse 0.0021 293 201 321 249
horse 0.0020 227 170 287 275
horse 0.0019 92 233 129 254
horse 0.0018 51 215 64 238
horse 0.0018 60 215 97 278
horse 0.0018 35 210 92 265
horse 0.0018 231 238 249 249
horse 0.0017 202 192 261 271
horse 0.0017 441 228 451 247
horse 0.0014 8 210 22 240
horse 0.0014 290 199 336 259
horse 0.0014 159 197 263 284
horse 0.0014 224 236 244 249
horse 0.0013 45 225 69 250
horse 0.0011 71 230 153 278
horse 0.0011 396 157 447 220
horse 0.0011 376 143 419 200
horse 0.0011 207 233 229 251
horse 0.0010 472 223 498 246
sheep 0.0022 429 224 442 251
sheep 0.0012 487 225 499 246
sheep 0.0010 285 169 448 290
cow 0.0024 428 224 442 251
cow 0.0023 487 225 499 246
cow 0.0019 285 169 448 290
cow 0.0017 59 163 173 283
cow 0.0016 169 167 315 285
chair 0.0886 488 226 500 245
chair 0.0090 430 225 442 250
chair 0.0044 472 223 498 246
chair 0.0039 443 233 452 249
chair 0.0029 492 223 500 236
chair 0.0025 492 233 499 248
chair 0.0023 490 220 500 240
chair 0.0019 488 233 498 248
chair 0.0017 484 147 499 168
chair 0.0015 492 202 499 241
chair 0.0013 473 201 484 217
chair 0.0012 463 223 472 246
chair 0.0011 33 222 56 252
diningtable 0.0011 488 226 500 247
