person 0.0025 1 139 51 373
person 0.0010 42 172 61 234
bottle 0.2053 229 205 240 239
bottle 0.0300 240 220 253 240
bottle 0.0261 230 193 240 222
bottle 0.0139 233 214 247 240
bottle 0.0126 220 214 229 231
bottle 0.0118 231 193 241 210
bottle 0.0094 224 210 238 239
bottle 0.0089 217 220 228 239
bottle 0.0033 81 117 86 125
bottle 0.0032 202 208 233 234
bottle 0.0018 183 215 197 226
bottle 0.0014 214 228 229 240
bottle 0.0012 241 230 306 259
bottle 0.0012 221 202 231 230
bottle 0.0012 187 177 245 258
bottle 0.0011 225 194 237 223
bottle 0.0010 278 171 286 180
chair 0.8265 184 153 244 220
chair 0.3360 44 200 83 298
chair 0.1146 1 142 52 371
chair 0.0163 48 234 85 291
chair 0.0106 249 135 347 204
chair 0.0103 17 139 77 373
chair 0.0079 42 164 74 253
chair 0.0072 47 231 77 258
chair 0.0070 253 165 272 198
chair 0.0067 255 166 265 193
chair 0.0049 187 204 233 219
chair 0.0047 237 134 502 327
chair 0.0042 251 165 308 201
chair 0.0032 44 223 79 364
chair 0.0031 214 181 241 214
chair 0.0028 204 177 249 218
chair 0.0022 189 217 229 229
chair 0.0022 229 193 240 234
chair 0.0022 156 152 189 237
chair 0.0021 246 179 300 201
chair 0.0020 44 232 69 309
chair 0.0019 44 210 77 261
chair 0.0015 246 159 331 211
chair 0.0015 35 198 67 339
chair 0.0014 176 170 272 263
chair 0.0014 241 230 306 259
chair 0.0014 242 172 315 233
chair 0.0013 190 194 268 252
chair 0.0013 259 175 328 206
chair 0.0010 197 203 233 238
chair 0.0010 174 199 236 249
sofa 0.5874 237 134 502 327
sofa 0.0078 0 138 51 374
sofa 0.0030 42 169 78 303
sofa 0.0023 303 235 334 258
sofa 0.0014 184 154 244 222
sofa 0.0012 171 193 455 310
sofa 0.0010 46 229 84 292
diningtable 0.0070 1 142 52 371
diningtable 0.0026 45 233 82 294
diningtable 0.0025 164 189 354 359
diningtable 0.0023 244 231 308 260
diningtable 0.0020 243 242 300 265
diningtable 0.0020 184 153 244 221
diningtable 0.0013 17 139 77 373
diningtable 0.0010 39 166 83 314
diningtable 0.0010 198 209 376 307
tvmonitor 0.0116 0 141 52 371
tvmonitor 0.0042 40 156 78 300
tvmonitor 0.0026 113 63 136 74
tvmonitor 0.0022 40 168 70 241
tvmonitor 0.0010 104 62 116 84
