person 0.0413 195 139 212 152
person 0.0338 258 134 272 147
person 0.0245 200 139 217 156
person 0.0151 238 135 271 154
person 0.0119 237 138 253 155
person 0.0092 202 142 218 163
person 0.0074 264 134 277 146
person 0.0059 189 139 222 164
person 0.0057 114 120 133 140
person 0.0050 188 139 207 159
person 0.0044 205 139 223 151
person 0.0041 213 139 229 150
person 0.0030 224 139 249 154
person 0.0027 185 149 201 163
person 0.0023 200 134 214 151
person 0.0022 138 76 420 259
person 0.0019 192 134 208 152
person 0.0016 256 138 270 154
person 0.0014 216 133 266 160
person 0.0014 269 136 279 147
person 0.0014 203 112 214 121
person 0.0013 153 151 166 178
person 0.0013 152 159 162 178
person 0.0012 250 130 273 156
person 0.0011 182 140 203 162
person 0.0011 203 131 226 150
person 0.0011 205 153 217 163
person 0.0010 449 71 463 79
boat 0.7795 150 114 421 265
boat 0.0084 119 120 169 158
boat 0.0052 270 104 281 110
boat 0.0043 113 120 134 140
boat 0.0036 11 117 427 331
boat 0.0016 236 76 253 82
boat 0.0016 252 76 269 83
boat 0.0012 63 47 419 275
boat 0.0012 239 134 277 154
boat 0.0012 236 75 270 84
bird 0.0029 114 121 133 140
bird 0.0024 449 71 463 79
bird 0.0012 270 104 281 110
bird 0.0011 313 72 323 80
bird 0.0011 236 76 247 82
