person 0.4414 149 40 321 384
person 0.1566 279 142 326 266
person 0.1115 153 44 301 213
person 0.0658 147 63 239 348
person 0.0442 273 102 319 175
person 0.0395 277 119 327 203
person 0.0276 148 169 227 293
person 0.0271 222 74 322 355
person 0.0128 275 113 322 334
person 0.0094 147 183 197 282
person 0.0085 276 102 309 144
person 0.0082 155 152 260 314
person 0.0066 253 160 323 298
person 0.0047 255 96 318 212
person 0.0031 236 135 322 250
person 0.0026 147 92 229 241
person 0.0023 146 130 202 252
person 0.0023 202 57 331 228
person 0.0022 236 159 285 252
person 0.0018 244 126 352 387
person 0.0016 280 154 324 219
person 0.0016 189 165 343 413
person 0.0015 162 121 276 235
person 0.0014 257 113 348 270
person 0.0010 209 69 278 185
person 0.0010 188 137 244 246
bicycle 0.0128 177 257 339 416
bicycle 0.0116 153 139 337 396
bicycle 0.0041 278 145 324 264
bicycle 0.0035 279 140 326 199
bicycle 0.0016 152 42 305 328
bicycle 0.0016 155 152 260 314
bicycle 0.0015 241 117 328 354
bicycle 0.0014 148 169 227 293
bicycle 0.0013 253 160 323 298
car 0.0038 276 102 309 145
car 0.0025 273 102 319 175
car 0.0018 277 102 310 124
car 0.0014 167 55 314 376
car 0.0011 175 189 341 417
motorbike 0.2742 176 190 341 418
motorbike 0.1999 150 74 330 396
motorbike 0.0289 277 144 325 265
motorbike 0.0183 214 114 323 362
motorbike 0.0159 279 140 326 199
motorbike 0.0112 154 157 278 368
motorbike 0.0078 253 160 323 298
motorbike 0.0046 175 239 276 385
motorbike 0.0030 148 169 227 293
motorbike 0.0024 236 69 324 292
motorbike 0.0021 229 155 306 258
motorbike 0.0021 275 141 334 364
motorbike 0.0018 215 71 387 390
motorbike 0.0018 274 100 323 204
motorbike 0.0012 191 267 262 367
motorbike 0.0011 235 198 304 343
motorbike 0.0011 184 248 339 365
motorbike 0.0011 167 48 330 263
dog 0.0016 278 142 324 266
dog 0.0016 147 92 225 339
dog 0.0016 154 61 309 353
dog 0.0010 146 130 195 309
dog 0.0010 280 140 326 208
chair 0.0014 158 79 335 396
