person 0.2809 461 188 467 199
person 0.2335 92 237 97 248
person 0.0537 136 233 144 245
person 0.0309 148 223 154 233
person 0.0236 192 227 201 237
person 0.0104 480 190 484 196
person 0.0089 195 231 200 239
person 0.0088 190 222 199 234
person 0.0083 205 227 213 237
person 0.0075 197 229 211 238
person 0.0061 123 236 128 245
person 0.0061 209 228 219 238
person 0.0053 463 191 469 199
person 0.0049 211 224 222 235
person 0.0045 393 197 396 206
person 0.0044 151 226 158 236
person 0.0043 216 223 232 235
person 0.0042 215 226 228 236
person 0.0041 139 231 169 247
person 0.0039 466 185 472 196
person 0.0033 65 224 71 233
person 0.0032 137 228 156 245
person 0.0032 490 183 495 193
person 0.0030 462 186 466 193
person 0.0030 206 232 213 238
person 0.0029 491 183 497 192
person 0.0028 124 237 130 247
person 0.0027 175 233 190 240
person 0.0026 199 232 208 238
person 0.0024 155 233 162 240
person 0.0020 456 188 469 201
person 0.0020 478 187 484 197
person 0.0019 452 195 463 201
person 0.0018 63 222 71 234
person 0.0018 451 196 459 202
person 0.0018 130 232 142 247
person 0.0018 459 193 468 200
person 0.0018 191 224 205 239
person 0.0016 223 221 235 233
person 0.0016 134 234 149 246
person 0.0015 87 236 97 249
person 0.0015 391 203 396 209
person 0.0015 157 233 169 241
person 0.0014 147 231 169 242
person 0.0013 147 224 157 236
person 0.0011 212 221 220 231
person 0.0011 223 230 231 243
person 0.0011 400 195 406 206
person 0.0011 145 204 182 236
person 0.0010 52 208 73 233
person 0.0010 226 227 237 236
bicycle 0.0057 134 235 144 246
bicycle 0.0013 92 236 97 248
car 0.1186 264 215 284 226
car 0.0783 286 214 312 222
car 0.0538 221 224 234 235
car 0.0364 215 226 228 236
car 0.0279 203 229 213 238
car 0.0231 196 229 211 238
car 0.0200 221 222 235 231
car 0.0195 259 218 280 227
car 0.0182 209 228 219 238
car 0.0165 206 232 213 238
car 0.0148 192 227 201 237
car 0.0126 259 220 271 227
car 0.0100 136 233 180 246
car 0.0095 199 232 208 238
car 0.0082 226 227 237 236
car 0.0072 230 216 250 231
car 0.0068 211 224 222 235
car 0.0061 191 226 216 238
car 0.0060 220 219 245 233
car 0.0058 174 234 189 240
car 0.0053 190 222 199 234
car 0.0050 166 233 191 242
car 0.0049 284 217 295 226
car 0.0044 102 222 116 231
car 0.0038 211 222 231 236
car 0.0036 234 228 247 235
car 0.0035 155 232 185 245
car 0.0033 210 232 218 239
car 0.0032 285 214 299 221
car 0.0031 215 221 226 231
car 0.0027 216 231 228 241
car 0.0025 135 234 144 246
car 0.0024 214 226 231 243
car 0.0020 255 221 268 229
car 0.0019 195 231 200 239
car 0.0017 277 218 290 228
car 0.0016 148 225 155 235
car 0.0015 191 224 205 239
car 0.0015 212 221 220 231
car 0.0015 298 215 313 222
car 0.0014 140 234 164 245
car 0.0013 143 231 174 243
car 0.0013 239 228 250 235
car 0.0013 235 222 251 234
car 0.0010 373 210 382 216
car 0.0010 223 230 231 243
car 0.0010 155 233 162 240
motorbike 0.0021 135 234 144 246
bus 0.0015 231 216 250 231
bus 0.0012 142 193 199 246
bus 0.0010 190 222 199 234
bus 0.0010 191 226 200 237
train 0.0044 140 193 197 245
train 0.0020 141 229 193 245
train 0.0019 157 230 200 242
train 0.0017 48 205 103 230
train 0.0012 50 207 76 231
train 0.0012 138 232 174 247
train 0.0010 174 232 190 240
boat 0.0026 136 233 180 246
bird 0.0126 92 237 97 248
bird 0.0015 460 191 468 201
bird 0.0013 480 190 485 196
dog 0.0032 92 237 97 248
dog 0.0026 331 225 352 234
dog 0.0020 327 229 339 236
dog 0.0013 373 211 382 217
dog 0.0011 460 191 468 201
horse 0.0030 135 234 144 246
horse 0.0022 460 188 468 200
horse 0.0017 330 225 351 234
horse 0.0012 373 211 382 217
horse 0.0011 327 229 339 236
horse 0.0010 286 213 313 224
sheep 0.5798 332 225 352 234
sheep 0.4964 373 211 382 217
sheep 0.3749 327 229 339 236
sheep 0.2998 373 209 385 216
sheep 0.2642 383 207 396 214
sheep 0.2504 265 215 285 226
sheep 0.2119 291 214 313 222
sheep 0.2082 327 227 344 235
sheep 0.1145 460 188 468 200
sheep 0.0446 451 196 459 201
sheep 0.0319 344 226 352 231
sheep 0.0267 452 195 463 201
sheep 0.0242 379 206 397 216
sheep 0.0198 391 203 396 209
sheep 0.0198 283 220 290 227
sheep 0.0176 328 231 338 237
sheep 0.0170 337 224 352 230
sheep 0.0150 259 220 271 227
sheep 0.0122 284 217 295 226
sheep 0.0121 276 218 290 227
sheep 0.0108 260 218 279 227
sheep 0.0105 480 190 485 196
sheep 0.0102 310 233 316 239
sheep 0.0102 393 197 396 206
sheep 0.0069 285 212 314 224
sheep 0.0066 459 193 468 200
sheep 0.0060 372 207 391 217
sheep 0.0057 285 214 299 221
sheep 0.0056 221 224 234 235
sheep 0.0046 247 226 254 233
sheep 0.0044 389 203 397 210
sheep 0.0043 234 228 247 235
sheep 0.0043 255 221 268 229
sheep 0.0042 463 191 469 199
sheep 0.0039 206 232 213 238
sheep 0.0036 231 216 250 233
sheep 0.0035 226 227 237 236
sheep 0.0031 346 227 353 232
sheep 0.0022 239 228 250 235
sheep 0.0020 410 200 416 205
sheep 0.0020 223 230 231 243
sheep 0.0019 492 185 497 193
sheep 0.0018 444 197 457 202
sheep 0.0018 371 336 403 373
sheep 0.0017 199 232 208 238
sheep 0.0015 372 207 383 220
sheep 0.0015 283 215 293 221
sheep 0.0014 386 208 397 215
sheep 0.0014 490 183 495 193
sheep 0.0014 228 231 235 244
sheep 0.0013 236 223 251 234
sheep 0.0013 400 195 406 206
sheep 0.0012 310 232 317 242
sheep 0.0011 466 185 472 196
sheep 0.0010 220 232 232 260
sheep 0.0010 307 215 318 221
sheep 0.0010 216 231 228 241
cow 0.0205 330 225 351 234
cow 0.0128 327 229 339 236
cow 0.0118 373 211 382 217
cow 0.0108 460 191 468 201
cow 0.0096 382 207 396 214
cow 0.0082 451 196 459 202
cow 0.0061 327 227 344 235
cow 0.0052 286 214 312 222
cow 0.0041 373 209 385 216
cow 0.0039 265 215 285 226
cow 0.0032 134 233 173 246
cow 0.0021 217 221 237 235
cow 0.0020 206 232 213 238
cow 0.0019 372 336 399 374
cow 0.0017 230 216 250 231
cow 0.0015 328 231 338 237
cow 0.0013 136 234 147 246
cow 0.0011 221 224 234 235
cow 0.0011 452 195 463 201
cow 0.0011 203 229 213 238
cow 0.0010 461 188 467 198
cow 0.0010 215 226 228 237
cow 0.0010 199 232 208 238
cow 0.0010 234 228 247 235
cow 0.0010 135 236 143 246
chair 0.0017 134 235 143 246
