person 0.0011 1 486 27 500
car 0.0070 0 -11 333 481
car 0.0011 214 301 333 432
bird 0.0056 150 -2 327 320
bird 0.0010 186 63 323 208
chair 0.0347 1 459 99 499
chair 0.0032 4 -4 328 477
chair 0.0031 0 485 26 500
chair 0.0031 0 377 116 498
chair 0.0025 208 169 336 463
chair 0.0022 233 433 331 499
chair 0.0012 100 353 250 501
chair 0.0012 308 494 331 499
sofa 0.0071 5 -3 328 476
sofa 0.0020 216 300 330 447
pottedplant 0.4181 0 -11 333 481
pottedplant 0.0660 100 353 254 496
pottedplant 0.0174 0 330 117 441
pottedplant 0.0155 0 347 108 407
pottedplant 0.0146 188 56 332 484
pottedplant 0.0104 97 236 255 515
pottedplant 0.0073 4 178 251 490
pottedplant 0.0063 0 351 70 395
pottedplant 0.0056 0 263 134 472
pottedplant 0.0033 213 282 334 439
pottedplant 0.0030 1 354 42 388
pottedplant 0.0027 151 6 327 341
pottedplant 0.0020 0 303 15 339
pottedplant 0.0013 0 46 137 429
pottedplant 0.0012 0 335 211 498
pottedplant 0.0012 210 101 338 340
pottedplant 0.0011 6 148 322 375
pottedplant 0.0011 0 299 60 393
diningtable 0.0080 99 353 251 500
diningtable 0.0036 0 61 337 495
diningtable 0.0029 231 434 333 499
diningtable 0.0022 1 461 112 499
diningtable 0.0018 0 381 121 498
diningtable 0.0013 70 418 273 500
tvmonitor 0.0038 232 433 331 499
