person 0.6047 148 16 431 460
person 0.0037 141 143 464 348
person 0.0028 203 137 381 474
person 0.0012 73 23 321 456
bicycle 0.0012 151 172 468 474
car 0.0022 142 137 448 456
boat 0.0027 139 151 450 468
chair 0.3705 147 153 467 467
chair 0.0234 305 161 462 350
chair 0.0074 107 291 411 466
chair 0.0058 115 18 371 462
chair 0.0038 155 250 306 438
chair 0.0033 229 316 398 464
chair 0.0019 284 326 375 462
chair 0.0017 157 310 303 406
chair 0.0013 155 124 426 348
sofa 0.1762 144 139 447 454
sofa 0.0039 138 18 392 373
sofa 0.0020 310 163 460 354
