person 0.1324 463 167 471 178
person 0.1222 317 173 323 188
person 0.1112 323 170 329 187
person 0.0595 336 171 342 188
person 0.0540 319 171 327 188
person 0.0375 348 170 357 188
person 0.0261 165 155 178 187
person 0.0164 341 167 357 188
person 0.0147 476 139 485 149
person 0.0139 136 119 147 136
person 0.0135 158 156 179 197
person 0.0135 306 172 311 188
person 0.0087 160 124 169 142
person 0.0081 494 157 499 176
person 0.0081 346 174 353 187
person 0.0080 83 99 98 114
person 0.0079 353 175 364 188
person 0.0074 310 171 320 188
person 0.0066 424 165 430 179
person 0.0061 494 133 500 148
person 0.0059 323 165 334 186
person 0.0058 463 160 472 177
person 0.0055 490 150 499 176
person 0.0055 433 153 492 179
person 0.0051 153 168 174 201
person 0.0051 334 162 347 186
person 0.0050 132 121 143 134
person 0.0049 302 171 309 187
person 0.0048 461 167 468 178
person 0.0043 288 180 295 186
person 0.0032 226 177 234 193
person 0.0032 490 131 498 148
person 0.0031 474 135 494 169
person 0.0029 114 116 127 129
person 0.0029 98 115 105 122
person 0.0028 379 171 407 187
person 0.0028 162 158 175 177
person 0.0028 426 164 433 180
person 0.0025 56 93 72 108
person 0.0025 475 142 484 154
person 0.0024 484 124 499 165
person 0.0024 464 160 490 178
person 0.0023 139 125 149 137
person 0.0023 112 114 122 126
person 0.0022 117 119 129 130
person 0.0022 168 157 178 175
person 0.0020 50 91 66 107
person 0.0020 317 179 322 189
person 0.0020 79 103 93 115
person 0.0019 294 176 302 187
person 0.0019 123 113 141 132
person 0.0018 475 136 489 149
person 0.0018 357 177 374 187
person 0.0018 79 98 92 111
person 0.0016 471 141 479 150
person 0.0016 4 85 279 203
person 0.0016 444 166 484 179
person 0.0016 83 106 98 118
person 0.0016 88 110 103 122
person 0.0015 52 96 65 106
person 0.0015 414 157 424 168
person 0.0015 108 111 128 132
person 0.0013 121 121 132 131
person 0.0013 414 145 504 183
person 0.0011 102 115 112 124
person 0.0011 486 136 498 153
person 0.0011 313 171 330 188
person 0.0011 80 94 99 109
person 0.0011 313 167 319 186
person 0.0011 460 166 476 179
person 0.0011 157 128 166 146
person 0.0011 161 144 180 184
person 0.0010 284 179 290 186
person 0.0010 490 137 500 168
person 0.0010 336 159 342 186
bicycle 0.0057 494 158 499 176
bicycle 0.0020 490 154 499 176
bicycle 0.0014 463 167 470 178
bicycle 0.0013 353 175 365 188
bicycle 0.0011 150 167 172 194
bicycle 0.0011 376 172 407 188
bicycle 0.0010 348 171 358 188
bicycle 0.0010 356 177 375 187
car 0.1292 378 171 408 187
car 0.0142 374 177 401 188
car 0.0119 359 176 383 186
car 0.0109 369 179 385 186
car 0.0014 494 157 499 176
car 0.0013 412 157 422 167
car 0.0013 360 156 408 188
car 0.0010 387 175 409 189
car 0.0010 365 151 477 181
car 0.0010 353 175 364 188
car 0.0010 380 154 416 184
aeroplane 0.0010 4 -1 265 194
bus 0.0160 378 172 407 188
bus 0.0028 413 134 503 183
bus 0.0019 366 166 407 184
bus 0.0013 352 140 400 189
bus 0.0013 345 126 501 186
bus 0.0012 380 154 416 184
bus 0.0011 360 156 408 188
bus 0.0010 365 151 477 181
train 0.8014 4 7 268 203
train 0.0368 395 123 500 184
train 0.0164 376 169 407 188
train 0.0082 -1 103 273 205
train 0.0080 336 162 342 188
train 0.0077 411 150 501 181
train 0.0060 349 171 357 187
train 0.0053 334 162 347 186
train 0.0051 318 143 415 188
train 0.0044 341 167 357 188
train 0.0040 302 159 383 189
train 0.0036 353 154 387 187
train 0.0035 438 147 453 159
train 0.0035 346 139 398 189
train 0.0031 335 158 343 173
train 0.0031 450 122 499 179
train 0.0030 322 166 374 189
train 0.0027 365 151 477 181
train 0.0023 323 165 334 186
train 0.0023 -22 82 432 209
train 0.0022 354 174 384 187
train 0.0022 378 156 408 180
train 0.0021 434 150 450 163
train 0.0020 319 171 327 188
train 0.0019 360 156 408 188
train 0.0019 463 165 471 179
train 0.0015 490 150 499 176
train 0.0014 375 141 408 185
train 0.0014 471 133 498 172
train 0.0013 333 157 354 174
train 0.0013 356 169 387 183
train 0.0010 346 168 363 189
train 0.0010 284 102 498 202
train 0.0010 412 157 422 167
boat 0.0026 378 172 407 188
boat 0.0023 397 126 501 184
dog 0.0022 463 167 471 177
bottle 0.0011 463 167 470 178
chair 0.0069 52 93 63 105
chair 0.0034 381 172 408 188
chair 0.0023 79 98 92 111
chair 0.0023 136 119 147 136
chair 0.0023 79 103 93 115
chair 0.0021 57 97 71 109
chair 0.0020 83 99 98 114
chair 0.0015 463 167 470 178
chair 0.0013 40 92 54 103
chair 0.0012 65 97 76 112
chair 0.0012 56 94 77 112
chair 0.0011 494 158 499 176
pottedplant 0.0018 463 167 470 178
tvmonitor 0.0014 493 129 500 148
tvmonitor 0.0013 475 136 489 149
tvmonitor 0.0010 474 140 486 149
tvmonitor 0.0010 485 124 496 149
