person 0.4981 312 123 371 188
person 0.1468 375 95 447 265
person 0.0726 74 59 404 292
person 0.0581 291 123 346 183
person 0.0470 288 122 320 166
person 0.0354 383 145 431 199
person 0.0297 304 146 343 191
person 0.0180 277 128 313 179
person 0.0149 388 152 419 191
person 0.0148 294 145 324 191
person 0.0131 263 131 309 194
person 0.0106 322 123 372 162
person 0.0103 340 130 378 186
person 0.0095 388 155 407 186
person 0.0080 196 109 321 205
person 0.0078 251 141 289 194
person 0.0074 281 131 299 164
person 0.0072 146 137 168 167
person 0.0069 167 130 189 164
person 0.0062 220 166 239 198
person 0.0059 325 149 382 188
person 0.0055 309 150 334 183
person 0.0053 251 120 284 172
person 0.0050 162 126 204 171
person 0.0049 150 130 187 165
person 0.0046 241 129 280 182
person 0.0045 296 129 331 176
person 0.0041 303 153 326 181
person 0.0039 271 132 300 173
person 0.0036 219 154 245 189
person 0.0035 221 172 232 198
person 0.0034 393 163 435 194
person 0.0034 315 158 355 196
person 0.0032 181 134 208 173
person 0.0032 326 122 359 149
person 0.0031 384 142 413 182
person 0.0030 294 120 327 155
person 0.0029 226 164 258 198
person 0.0029 241 160 272 200
person 0.0029 139 132 158 163
person 0.0029 387 156 401 177
person 0.0027 299 158 332 194
person 0.0025 169 128 185 153
person 0.0023 209 145 235 192
person 0.0022 287 122 311 153
person 0.0019 135 134 177 167
person 0.0018 493 252 499 262
person 0.0017 249 112 279 153
person 0.0016 189 130 208 163
person 0.0016 190 142 207 176
person 0.0016 163 122 184 146
person 0.0016 392 170 415 192
person 0.0016 258 151 303 202
person 0.0015 348 129 377 165
person 0.0015 312 161 339 189
person 0.0015 146 123 172 152
person 0.0014 349 157 381 188
person 0.0014 190 146 219 187
person 0.0014 331 123 351 146
person 0.0013 284 135 309 168
person 0.0013 143 127 164 156
person 0.0013 300 131 326 162
person 0.0013 254 108 377 231
person 0.0012 338 124 366 156
person 0.0012 403 164 425 193
person 0.0011 346 146 372 183
person 0.0011 80 164 90 178
person 0.0011 412 151 434 192
person 0.0011 154 119 175 144
person 0.0010 97 136 109 161
person 0.0010 179 131 198 163
car 0.0322 379 99 448 264
car 0.0039 388 189 449 262
car 0.0024 444 210 499 262
bus 0.9372 75 61 391 289
bus 0.3889 379 99 448 264
bus 0.0024 444 210 499 263
bus 0.0015 383 145 431 199
bus 0.0011 196 109 321 205
train 0.0012 374 86 448 272
