person 0.9309 396 109 491 333
person 0.7681 89 111 153 179
person 0.5053 488 136 499 260
person 0.2374 315 124 340 154
person 0.1429 485 134 500 172
person 0.1211 103 113 139 172
person 0.0926 480 128 498 252
person 0.0913 489 200 500 258
person 0.0855 -17 6 445 323
person 0.0788 204 143 221 175
person 0.0698 370 134 396 164
person 0.0586 352 124 382 164
person 0.0569 212 144 250 207
person 0.0413 37 121 87 171
person 0.0405 311 121 334 148
person 0.0385 420 120 436 138
person 0.0284 76 94 187 208
person 0.0246 43 124 132 182
person 0.0242 114 139 124 166
person 0.0232 31 89 154 243
person 0.0226 54 74 412 257
person 0.0225 80 152 117 192
person 0.0223 347 125 373 155
person 0.0199 73 135 122 208
person 0.0199 1 19 164 308
person 0.0188 491 174 500 246
person 0.0182 489 136 500 206
person 0.0166 314 131 341 174
person 0.0158 349 127 360 149
person 0.0157 318 124 333 139
person 0.0151 378 140 401 163
person 0.0140 217 52 438 264
person 0.0137 114 133 121 161
person 0.0124 365 131 386 153
person 0.0121 491 162 499 218
person 0.0120 482 207 501 260
person 0.0119 156 130 207 194
person 0.0114 375 135 394 153
person 0.0112 309 120 328 140
person 0.0111 480 182 498 271
person 0.0110 423 117 457 141
person 0.0110 213 153 258 232
person 0.0105 110 132 126 162
person 0.0095 405 119 434 149
person 0.0094 335 124 392 169
person 0.0088 324 126 358 155
person 0.0084 390 131 417 160
person 0.0084 305 123 324 170
person 0.0082 373 147 395 164
person 0.0082 117 84 170 155
person 0.0081 85 140 130 190
person 0.0081 363 123 401 165
person 0.0070 456 118 493 256
person 0.0068 41 123 68 156
person 0.0065 453 117 478 150
person 0.0063 195 143 223 190
person 0.0061 430 118 438 134
person 0.0060 427 119 444 135
person 0.0057 432 114 474 144
person 0.0057 440 110 499 335
person 0.0057 474 140 498 299
person 0.0049 459 127 484 150
person 0.0049 382 136 408 158
person 0.0048 0 277 21 329
person 0.0046 345 127 361 158
person 0.0044 45 115 83 155
person 0.0044 207 143 242 187
person 0.0042 351 113 383 152
person 0.0042 486 127 499 158
person 0.0038 401 128 417 151
person 0.0038 309 125 322 156
person 0.0037 489 125 499 148
person 0.0037 475 168 496 249
person 0.0036 488 147 499 179
person 0.0036 0 241 83 332
person 0.0035 173 145 211 190
person 0.0035 54 115 103 167
person 0.0034 226 157 252 197
person 0.0033 122 86 186 186
person 0.0033 402 126 428 158
person 0.0033 71 110 122 169
person 0.0032 348 119 364 146
person 0.0030 342 138 367 170
person 0.0029 28 124 70 164
person 0.0029 38 135 103 198
person 0.0029 7 170 22 187
person 0.0027 482 137 495 165
person 0.0027 461 123 494 156
person 0.0026 361 132 386 167
person 0.0025 351 125 357 139
person 0.0025 381 117 400 128
person 0.0025 491 206 500 238
person 0.0025 75 119 98 159
person 0.0025 447 113 469 142
person 0.0024 27 54 184 203
person 0.0024 207 143 219 159
person 0.0024 0 155 83 330
person 0.0024 307 116 322 143
person 0.0022 300 117 347 168
person 0.0022 99 85 159 260
bicycle 0.0045 489 206 500 261
car 0.7741 1 241 82 332
car 0.0028 0 273 25 329
car 0.0028 489 206 500 261
car 0.0023 0 155 83 330
car 0.0017 485 134 500 172
car 0.0011 2 3 494 323
motorbike 0.0078 0 242 83 332
motorbike 0.0032 489 206 500 261
bus 0.7713 1 6 449 327
bus 0.0353 54 74 412 257
bus 0.0199 90 110 152 182
bus 0.0107 212 144 250 207
bus 0.0100 1 19 164 308
bus 0.0062 76 94 187 208
bus 0.0054 217 52 438 264
bus 0.0048 313 122 341 160
bus 0.0037 74 150 122 192
bus 0.0036 385 32 500 325
bus 0.0028 0 38 9 104
bus 0.0026 0 48 6 81
bus 0.0018 34 96 149 213
bus 0.0017 0 46 11 82
bus 0.0013 43 124 132 182
bus 0.0012 0 242 82 333
bus 0.0012 28 121 88 195
bus 0.0011 0 63 9 127
bus 0.0011 335 124 392 169
train 0.0025 3 5 498 320
boat 0.0015 367 242 433 334
boat 0.0014 19 2 479 328
chair 0.0488 315 124 340 159
chair 0.0064 474 277 500 313
chair 0.0039 320 129 356 167
chair 0.0030 217 158 256 240
chair 0.0026 307 133 336 174
chair 0.0017 348 127 375 163
chair 0.0014 213 151 250 205
chair 0.0014 470 253 499 308
chair 0.0010 340 132 362 168
diningtable 0.0018 2 3 494 323
