person 0.0017 493 372 499 380
aeroplane 0.0023 486 124 499 148
bird 0.8539 211 121 290 278
bird 0.0949 486 124 499 148
bird 0.0809 279 152 305 269
bird 0.0345 464 147 477 167
bird 0.0267 63 357 84 378
bird 0.0265 464 147 476 157
bird 0.0116 58 179 67 188
bird 0.0087 428 213 453 246
bird 0.0047 483 61 499 70
bird 0.0046 33 110 42 117
bird 0.0043 270 143 315 334
bird 0.0039 25 144 37 153
bird 0.0034 373 77 421 139
bird 0.0032 463 206 498 234
bird 0.0029 422 222 447 253
bird 0.0027 453 184 466 206
bird 0.0027 311 6 354 80
bird 0.0026 235 112 297 346
bird 0.0025 24 144 43 158
bird 0.0024 484 153 487 164
bird 0.0023 179 115 290 342
bird 0.0023 392 76 420 118
bird 0.0022 485 215 500 247
bird 0.0022 433 211 458 235
bird 0.0020 205 121 249 268
bird 0.0020 454 183 464 194
bird 0.0017 413 211 452 253
bird 0.0017 481 210 500 237
bird 0.0016 469 133 498 160
bird 0.0016 51 257 60 268
bird 0.0016 25 145 32 151
bird 0.0016 469 40 477 55
bird 0.0016 484 32 499 50
bird 0.0015 494 234 500 253
bird 0.0015 482 152 488 168
bird 0.0015 0 203 12 212
bird 0.0015 485 231 499 253
bird 0.0015 485 201 499 213
bird 0.0012 0 202 8 210
bird 0.0012 39 93 46 108
bird 0.0012 57 177 69 194
bird 0.0012 476 233 499 251
bird 0.0012 438 108 445 115
bird 0.0012 492 198 499 211
bird 0.0012 467 149 491 178
bird 0.0011 40 78 48 105
bird 0.0011 488 184 500 211
bird 0.0011 450 180 464 198
bird 0.0011 2 231 8 249
bird 0.0011 122 248 135 265
bird 0.0011 40 79 46 91
bird 0.0011 469 36 495 58
bird 0.0010 436 169 455 192
bird 0.0010 459 198 482 221
bird 0.0010 492 219 500 241
