person 0.4741 25 85 118 207
person 0.0064 22 80 193 287
person 0.0017 316 195 354 233
person 0.0015 26 87 88 162
person 0.0015 10 16 51 59
person 0.0013 9 24 33 58
person 0.0011 36 24 465 276
bicycle 0.0135 18 92 287 299
bicycle 0.0078 24 176 206 296
bicycle 0.0023 12 26 442 284
car 0.0142 277 21 495 79
car 0.0120 159 21 430 79
car 0.0075 268 22 393 81
car 0.0041 403 22 499 71
car 0.0021 9 17 142 77
car 0.0018 2 16 438 89
car 0.0016 20 3 442 272
motorbike 0.0011 19 57 432 290
bus 0.0171 159 21 430 79
bus 0.0110 277 21 495 79
bus 0.0077 403 22 499 71
bus 0.0063 9 18 142 78
bus 0.0036 2 16 438 89
dog 0.0023 19 57 432 290
horse 0.5802 15 54 443 286
horse 0.0069 252 102 291 149
horse 0.0054 23 91 203 299
horse 0.0028 201 25 461 276
horse 0.0012 313 202 359 233
