person 0.0144 385 28 401 40
person 0.0030 163 -1 400 372
person 0.0011 390 50 499 366
car 0.0027 372 0 387 4
car 0.0023 378 0 389 4
car 0.0020 0 56 39 167
car 0.0018 396 0 409 5
car 0.0014 364 0 379 4
car 0.0012 382 0 395 4
bus 0.0024 0 54 40 165
train 0.0072 0 54 40 165
boat 0.0083 384 27 402 43
boat 0.0020 396 0 409 5
boat 0.0014 378 0 389 4
boat 0.0013 372 0 387 4
boat 0.0013 384 16 398 41
bird 0.0274 385 28 401 40
bird 0.0030 145 155 152 161
bird 0.0021 384 22 402 51
bird 0.0019 432 300 452 328
bird 0.0011 396 0 409 5
horse 0.7853 163 -2 400 372
horse 0.0186 390 50 499 366
horse 0.0117 264 36 500 367
horse 0.0031 282 51 357 79
horse 0.0019 384 28 401 47
horse 0.0018 10 236 461 372
horse 0.0016 302 40 410 370
horse 0.0016 182 74 400 276
horse 0.0010 148 -5 305 257
cow 0.0141 390 50 499 366
cow 0.0024 168 -3 401 374
chair 0.0010 0 56 39 168
tvmonitor 0.0024 0 56 40 168
