person 0.1260 92 177 367 441
person 0.1115 187 260 235 299
person 0.0318 183 271 219 301
person 0.0231 129 227 301 346
person 0.0146 185 272 203 299
person 0.0113 171 258 288 301
person 0.0101 198 255 246 290
person 0.0081 303 262 343 288
person 0.0049 175 263 227 309
person 0.0041 197 264 223 292
person 0.0037 319 262 340 286
person 0.0036 433 302 438 312
person 0.0036 312 269 331 288
person 0.0035 283 262 325 288
person 0.0034 360 288 366 303
person 0.0033 308 265 325 287
person 0.0024 419 291 428 305
person 0.0021 210 263 249 298
person 0.0020 259 35 264 47
person 0.0019 169 266 195 303
person 0.0018 287 265 309 287
person 0.0016 315 274 329 287
person 0.0015 374 33 381 41
person 0.0014 67 276 74 287
person 0.0012 299 263 329 278
person 0.0011 313 86 326 95
person 0.0011 359 286 367 308
person 0.0011 278 262 305 290
person 0.0010 208 265 233 291
car 0.0033 41 265 58 275
car 0.0015 0 309 7 326
car 0.0014 0 290 7 325
car 0.0013 426 291 435 300
car 0.0011 0 303 10 328
bus 0.0017 0 287 8 326
bus 0.0013 91 178 369 440
train 0.9006 92 177 368 443
train 0.1539 0 280 98 331
train 0.0235 129 227 301 346
train 0.0181 181 257 242 307
train 0.0123 0 287 8 328
train 0.0112 0 270 96 290
train 0.0065 3 255 96 282
train 0.0059 171 258 288 301
train 0.0048 1 301 11 329
train 0.0044 41 265 59 275
train 0.0040 52 270 96 288
train 0.0034 2 285 45 328
train 0.0033 24 264 94 280
train 0.0032 12 270 121 303
train 0.0028 6 246 71 272
train 0.0023 0 309 7 326
train 0.0023 14 260 81 277
train 0.0021 12 280 92 292
train 0.0016 60 276 79 289
train 0.0014 65 276 74 288
train 0.0013 35 269 86 286
train 0.0012 40 276 104 299
train 0.0010 22 278 98 311
train 0.0010 3 240 97 302
train 0.0010 -3 285 19 329
bird 0.0021 186 7 200 41
bird 0.0010 374 33 381 42
