person 0.7382 89 165 123 232
person 0.0937 43 188 71 226
person 0.0563 43 188 50 214
person 0.0371 43 188 62 213
person 0.0264 0 200 20 320
person 0.0201 90 194 124 240
person 0.0171 51 186 70 212
person 0.0166 95 165 122 207
person 0.0155 188 160 197 174
person 0.0149 77 179 118 235
person 0.0137 57 189 68 209
person 0.0124 53 200 86 239
person 0.0118 54 194 74 232
person 0.0073 88 206 104 232
person 0.0065 61 201 101 242
person 0.0064 189 154 202 174
person 0.0054 96 202 124 226
person 0.0053 42 188 49 202
person 0.0052 97 178 145 234
person 0.0052 57 196 123 249
person 0.0050 196 153 208 174
person 0.0048 80 205 106 237
person 0.0039 489 164 499 184
person 0.0039 61 205 77 236
person 0.0035 84 165 115 213
person 0.0033 44 199 50 220
person 0.0032 200 160 207 175
person 0.0031 56 193 71 216
person 0.0024 61 189 104 218
person 0.0023 22 61 41 115
person 0.0022 0 202 14 282
person 0.0021 190 143 212 173
person 0.0020 46 99 180 261
person 0.0020 188 154 218 190
person 0.0020 59 200 82 224
person 0.0019 107 208 124 226
person 0.0019 139 174 152 183
person 0.0019 20 101 80 285
person 0.0017 0 110 26 307
person 0.0015 104 165 130 224
person 0.0015 45 220 79 243
person 0.0015 188 169 198 176
person 0.0015 484 165 499 192
person 0.0015 37 155 133 249
person 0.0014 103 165 119 195
person 0.0014 0 212 56 301
person 0.0012 0 189 24 263
person 0.0012 0 141 17 282
person 0.0012 104 206 150 236
person 0.0012 435 177 465 230
person 0.0011 58 179 74 206
person 0.0011 7 208 74 248
person 0.0011 176 142 196 200
person 0.0011 89 193 107 207
person 0.0011 92 175 105 202
person 0.0010 41 195 135 289
person 0.0010 64 204 76 219
bicycle 0.0056 95 202 124 226
bicycle 0.0022 89 165 123 233
bicycle 0.0013 43 188 71 226
bicycle 0.0013 90 203 113 229
bicycle 0.0012 58 202 119 241
bicycle 0.0011 61 197 102 230
bicycle 0.0010 107 208 124 226
car 0.0572 43 188 70 220
car 0.0189 57 189 68 209
car 0.0118 139 174 152 183
car 0.0087 139 174 154 190
car 0.0086 45 184 69 206
car 0.0078 61 189 105 218
car 0.0068 43 188 50 214
car 0.0053 53 187 89 214
car 0.0049 58 179 74 206
car 0.0033 61 197 102 230
car 0.0031 88 164 123 233
car 0.0022 44 199 50 220
car 0.0019 54 182 69 202
car 0.0018 40 195 55 223
car 0.0016 59 199 85 216
car 0.0015 7 208 74 248
car 0.0015 64 191 77 210
car 0.0013 141 181 155 194
car 0.0013 15 216 75 234
car 0.0013 43 187 80 235
car 0.0012 59 181 98 209
car 0.0012 65 179 74 202
car 0.0011 0 202 25 319
car 0.0011 65 202 78 212
car 0.0010 435 176 465 225
car 0.0010 53 200 86 239
motorbike 0.0030 88 164 123 233
motorbike 0.0028 45 187 73 233
motorbike 0.0014 53 200 86 239
train 0.0012 32 10 500 335
boat 0.0015 45 222 78 243
boat 0.0015 0 200 20 320
boat 0.0012 32 10 500 335
bird 0.0066 0 202 18 290
horse 0.0015 0 201 25 319
horse 0.0014 435 176 465 225
bottle 0.0049 201 161 207 175
bottle 0.0024 87 165 122 234
bottle 0.0019 43 191 50 219
bottle 0.0014 92 187 106 204
bottle 0.0014 239 248 245 265
bottle 0.0012 188 162 199 175
chair 0.2055 435 177 465 230
chair 0.1783 207 174 229 209
chair 0.0431 187 173 227 209
chair 0.0335 210 185 234 209
chair 0.0309 89 165 123 233
chair 0.0229 89 204 124 236
chair 0.0223 212 174 240 211
chair 0.0155 103 206 124 224
chair 0.0147 0 202 25 319
chair 0.0113 45 222 67 231
chair 0.0105 88 206 104 232
chair 0.0098 43 237 139 300
chair 0.0097 137 218 252 282
chair 0.0091 98 186 126 232
chair 0.0088 215 192 243 220
chair 0.0082 137 207 343 272
chair 0.0071 194 161 260 220
chair 0.0070 438 195 464 266
chair 0.0069 44 199 73 234
chair 0.0066 80 205 106 237
chair 0.0064 140 191 155 224
chair 0.0060 214 172 236 197
chair 0.0053 0 200 19 275
chair 0.0052 109 208 130 223
chair 0.0051 61 202 101 241
chair 0.0051 92 218 134 242
chair 0.0046 45 222 78 243
chair 0.0046 0 273 13 328
chair 0.0042 465 171 500 211
chair 0.0040 444 203 500 240
chair 0.0039 96 216 123 236
chair 0.0039 440 218 462 245
chair 0.0036 56 212 130 246
chair 0.0036 97 210 147 238
chair 0.0036 439 205 494 274
chair 0.0036 53 200 86 239
chair 0.0035 199 173 224 194
chair 0.0034 0 225 14 338
chair 0.0033 0 213 70 330
chair 0.0033 226 194 242 224
chair 0.0032 189 154 202 174
chair 0.0031 436 180 493 241
chair 0.0029 187 153 221 192
chair 0.0029 10 218 102 301
chair 0.0027 251 208 343 264
chair 0.0026 97 178 145 234
chair 0.0024 44 191 69 224
chair 0.0024 189 157 196 174
chair 0.0024 56 203 75 235
chair 0.0022 51 186 70 212
chair 0.0022 139 177 155 194
chair 0.0022 8 219 37 298
chair 0.0022 90 203 113 229
chair 0.0022 197 153 208 174
chair 0.0021 190 143 212 173
chair 0.0020 57 189 68 209
chair 0.0019 186 175 205 209
chair 0.0018 203 171 226 184
chair 0.0018 175 174 200 210
chair 0.0018 201 161 207 175
chair 0.0017 100 197 123 218
chair 0.0017 9 221 26 241
chair 0.0016 213 179 258 217
chair 0.0016 43 190 50 221
chair 0.0016 40 221 239 287
chair 0.0016 1 280 80 333
chair 0.0016 133 228 209 285
chair 0.0015 188 169 198 176
chair 0.0015 61 189 105 218
chair 0.0015 88 208 181 248
chair 0.0014 2 219 69 249
chair 0.0014 431 183 459 251
chair 0.0014 56 193 71 216
chair 0.0013 13 228 27 287
chair 0.0012 214 170 229 190
chair 0.0012 109 208 166 236
chair 0.0012 2 214 59 279
chair 0.0012 196 167 223 187
chair 0.0012 469 209 500 229
chair 0.0012 495 204 499 213
chair 0.0011 177 223 250 273
chair 0.0011 15 216 75 234
chair 0.0011 87 178 110 231
chair 0.0011 493 205 499 216
chair 0.0011 35 223 79 270
chair 0.0010 453 216 496 233
chair 0.0010 1 282 24 331
chair 0.0010 83 218 109 243
chair 0.0010 103 196 149 229
chair 0.0010 478 207 500 224
chair 0.0010 27 217 93 251
chair 0.0010 43 215 65 227
sofa 0.1713 435 177 465 230
sofa 0.0010 454 202 500 243
sofa 0.0010 415 176 462 241
pottedplant 0.0680 436 175 466 222
pottedplant 0.0496 480 172 500 199
pottedplant 0.0419 484 165 499 192
pottedplant 0.0245 466 169 500 207
pottedplant 0.0199 489 164 499 184
pottedplant 0.0152 435 144 467 182
pottedplant 0.0108 0 201 25 319
pottedplant 0.0095 82 34 193 256
pottedplant 0.0073 139 182 156 223
pottedplant 0.0069 456 175 493 215
pottedplant 0.0042 1 28 64 317
pottedplant 0.0040 138 173 155 193
pottedplant 0.0040 436 156 459 180
pottedplant 0.0036 85 77 165 137
pottedplant 0.0036 42 187 71 227
pottedplant 0.0034 139 179 155 203
pottedplant 0.0034 467 201 500 229
pottedplant 0.0033 495 204 499 213
pottedplant 0.0028 437 158 466 190
pottedplant 0.0028 0 83 35 307
pottedplant 0.0026 472 184 499 215
pottedplant 0.0026 462 174 486 200
pottedplant 0.0025 0 197 19 279
pottedplant 0.0024 486 175 499 208
pottedplant 0.0024 44 17 237 317
pottedplant 0.0022 191 143 216 170
pottedplant 0.0022 476 168 497 185
pottedplant 0.0020 0 122 21 299
pottedplant 0.0020 435 174 464 193
pottedplant 0.0020 89 34 178 141
pottedplant 0.0019 454 202 500 243
pottedplant 0.0018 439 135 497 185
pottedplant 0.0017 478 207 500 225
pottedplant 0.0016 477 197 497 215
pottedplant 0.0015 58 202 119 241
pottedplant 0.0015 0 164 10 212
pottedplant 0.0015 436 180 493 241
pottedplant 0.0015 435 162 450 178
pottedplant 0.0014 440 165 464 182
pottedplant 0.0014 441 114 499 163
pottedplant 0.0014 0 212 56 301
pottedplant 0.0013 491 190 499 214
pottedplant 0.0013 63 208 100 245
pottedplant 0.0012 97 178 145 234
pottedplant 0.0012 467 177 488 209
pottedplant 0.0012 493 205 499 216
pottedplant 0.0012 494 194 499 211
pottedplant 0.0011 90 135 162 239
pottedplant 0.0011 127 77 183 216
pottedplant 0.0011 88 164 123 233
pottedplant 0.0011 447 191 499 266
pottedplant 0.0011 436 183 463 249
pottedplant 0.0010 149 123 186 222
pottedplant 0.0010 7 208 74 248
pottedplant 0.0010 477 190 500 227
diningtable 0.1818 43 237 139 300
diningtable 0.1137 186 174 227 210
diningtable 0.0364 206 174 229 209
diningtable 0.0229 136 215 250 281
diningtable 0.0204 58 202 119 241
diningtable 0.0172 42 219 143 278
diningtable 0.0172 88 164 123 233
diningtable 0.0160 40 221 240 286
diningtable 0.0130 200 173 224 194
diningtable 0.0104 61 197 102 230
diningtable 0.0100 44 188 74 233
diningtable 0.0099 45 222 67 231
diningtable 0.0097 90 194 124 240
diningtable 0.0086 88 208 181 248
diningtable 0.0080 80 205 106 237
diningtable 0.0075 44 240 123 252
diningtable 0.0073 88 204 104 228
diningtable 0.0073 70 191 113 224
diningtable 0.0059 210 185 234 209
diningtable 0.0056 187 153 221 192
diningtable 0.0052 104 220 216 244
diningtable 0.0051 91 221 126 240
diningtable 0.0041 63 208 100 245
diningtable 0.0034 103 206 151 236
diningtable 0.0034 129 226 205 283
diningtable 0.0033 133 208 350 273
diningtable 0.0032 197 166 223 188
diningtable 0.0032 0 212 56 301
diningtable 0.0032 8 220 75 246
diningtable 0.0032 87 178 110 231
diningtable 0.0032 189 165 214 182
diningtable 0.0032 179 174 207 210
diningtable 0.0031 461 209 500 231
diningtable 0.0030 45 222 78 243
diningtable 0.0030 177 169 219 194
diningtable 0.0028 188 170 201 176
diningtable 0.0026 10 219 102 301
diningtable 0.0026 108 208 124 226
diningtable 0.0026 62 135 307 283
diningtable 0.0025 62 235 132 249
diningtable 0.0024 56 197 89 218
diningtable 0.0023 89 193 107 207
diningtable 0.0023 15 216 75 234
diningtable 0.0021 72 177 113 215
diningtable 0.0020 118 217 196 237
diningtable 0.0019 200 160 207 175
diningtable 0.0019 53 200 86 239
diningtable 0.0019 62 190 102 215
diningtable 0.0018 88 195 105 216
diningtable 0.0017 97 178 145 234
diningtable 0.0016 26 220 73 231
diningtable 0.0015 0 205 24 271
diningtable 0.0015 141 222 192 236
diningtable 0.0015 49 206 73 229
diningtable 0.0015 188 155 198 176
diningtable 0.0014 84 197 99 217
diningtable 0.0014 183 168 203 194
diningtable 0.0014 203 173 243 217
diningtable 0.0013 40 210 68 231
diningtable 0.0013 83 218 109 243
diningtable 0.0013 202 170 218 181
diningtable 0.0013 139 174 154 189
diningtable 0.0013 44 218 91 279
diningtable 0.0013 112 188 211 237
diningtable 0.0013 435 176 463 202
diningtable 0.0012 54 237 139 262
diningtable 0.0012 99 213 124 236
diningtable 0.0011 79 215 132 273
diningtable 0.0011 196 168 207 177
diningtable 0.0011 165 201 249 249
diningtable 0.0011 83 230 125 245
diningtable 0.0010 27 217 93 251
diningtable 0.0010 65 202 78 212
diningtable 0.0010 49 186 70 212
diningtable 0.0010 86 196 99 207
diningtable 0.0010 95 202 124 226
diningtable 0.0010 59 200 82 224
diningtable 0.0010 43 215 65 227
tvmonitor 0.0028 436 178 464 225
