person 0.9100 319 4 501 363
person 0.7297 288 1 427 160
person 0.6707 0 163 114 372
person 0.3489 67 11 248 181
person 0.2295 41 18 252 365
person 0.1529 0 135 62 220
person 0.0757 0 158 61 197
person 0.0720 0 24 91 323
person 0.0386 0 4 5 62
person 0.0372 180 131 217 253
person 0.0277 0 9 27 167
person 0.0270 46 84 107 228
person 0.0243 0 10 12 151
person 0.0220 325 52 396 178
person 0.0211 65 134 102 203
person 0.0203 398 102 430 161
person 0.0184 452 1 500 112
person 0.0178 0 0 56 161
person 0.0165 1 26 180 326
person 0.0145 53 114 78 170
person 0.0139 369 65 449 270
person 0.0130 350 92 375 163
person 0.0128 0 -1 37 265
person 0.0116 0 182 36 206
person 0.0090 13 195 86 288
person 0.0089 0 170 51 210
person 0.0085 26 75 107 332
person 0.0082 396 96 434 216
person 0.0069 0 28 4 59
person 0.0069 476 76 495 105
person 0.0067 0 4 8 106
person 0.0064 314 23 441 284
person 0.0064 31 221 78 271
person 0.0062 4 342 116 372
person 0.0060 4 265 129 372
person 0.0051 0 168 43 283
person 0.0048 0 157 17 185
person 0.0045 326 101 378 178
person 0.0043 387 84 460 214
person 0.0041 350 104 386 185
person 0.0039 459 66 499 113
person 0.0038 1 159 97 275
person 0.0038 0 1 110 158
person 0.0035 406 6 499 353
person 0.0034 36 227 69 255
person 0.0034 30 89 83 181
person 0.0030 335 53 416 233
person 0.0029 332 104 476 245
person 0.0029 6 141 204 367
person 0.0028 185 16 440 378
person 0.0028 420 74 498 231
person 0.0027 51 119 123 264
person 0.0022 76 71 356 334
person 0.0022 22 230 78 257
person 0.0020 0 137 62 300
person 0.0020 -2 6 185 191
person 0.0020 374 31 505 217
person 0.0019 0 40 17 188
person 0.0019 0 1 12 64
person 0.0019 137 34 249 281
person 0.0018 444 34 498 148
person 0.0018 351 95 369 135
person 0.0017 13 217 84 255
person 0.0016 -2 77 97 210
person 0.0015 320 97 372 147
person 0.0015 28 244 51 259
person 0.0014 0 35 5 81
person 0.0014 0 16 4 49
person 0.0014 0 254 63 366
person 0.0012 0 256 16 294
person 0.0011 9 229 92 275
person 0.0010 484 83 499 115
person 0.0010 69 84 244 172
aeroplane 0.0012 214 240 280 265
bottle 0.8928 180 132 216 253
bottle 0.8085 65 134 102 204
bottle 0.7070 54 115 73 170
bottle 0.6207 401 98 429 157
bottle 0.5525 351 93 374 149
bottle 0.1770 345 96 376 180
bottle 0.0856 292 3 425 158
bottle 0.0587 321 73 395 219
bottle 0.0537 396 96 432 211
bottle 0.0380 266 -28 514 348
bottle 0.0326 53 112 83 188
bottle 0.0267 52 118 69 194
bottle 0.0235 46 84 107 228
bottle 0.0196 319 104 375 177
bottle 0.0166 -18 54 118 309
bottle 0.0161 347 81 382 216
bottle 0.0108 347 94 367 139
bottle 0.0084 292 -1 439 315
bottle 0.0079 0 151 62 192
bottle 0.0069 76 71 356 334
bottle 0.0068 0 17 180 378
bottle 0.0066 182 133 210 205
bottle 0.0058 20 87 125 263
bottle 0.0057 58 115 73 142
bottle 0.0053 353 95 371 130
bottle 0.0045 64 137 82 164
bottle 0.0034 58 130 76 159
bottle 0.0032 345 50 447 246
bottle 0.0031 133 134 271 311
bottle 0.0030 63 118 87 180
bottle 0.0030 390 99 452 159
bottle 0.0029 321 99 370 145
bottle 0.0029 320 21 503 235
bottle 0.0027 375 77 466 184
bottle 0.0026 -2 45 63 277
bottle 0.0026 35 135 109 215
bottle 0.0025 186 119 223 170
bottle 0.0024 30 89 83 181
bottle 0.0023 340 97 409 188
bottle 0.0022 13 195 86 288
bottle 0.0021 361 96 379 145
bottle 0.0021 345 98 364 123
bottle 0.0021 55 134 71 164
bottle 0.0020 39 124 71 202
bottle 0.0018 196 269 219 288
bottle 0.0015 4 90 208 257
bottle 0.0015 54 64 118 317
bottle 0.0015 351 118 374 145
bottle 0.0015 10 93 84 222
bottle 0.0014 34 227 71 255
bottle 0.0013 410 99 429 135
bottle 0.0012 361 97 433 196
bottle 0.0012 62 111 102 268
bottle 0.0011 137 34 249 281
bottle 0.0011 0 135 62 220
bottle 0.0011 353 95 367 118
chair 0.1482 4 342 116 372
chair 0.0339 0 163 104 372
chair 0.0102 0 262 118 371
chair 0.0070 2 314 116 374
chair 0.0048 227 256 398 372
chair 0.0042 21 64 139 372
chair 0.0038 13 195 86 288
chair 0.0036 41 229 77 258
chair 0.0033 45 94 113 338
chair 0.0027 53 114 78 170
chair 0.0026 0 258 15 293
chair 0.0026 37 213 84 280
chair 0.0020 0 160 62 197
chair 0.0019 393 100 439 181
chair 0.0016 180 132 217 254
chair 0.0016 41 91 383 370
chair 0.0015 0 24 83 186
chair 0.0013 291 117 497 371
chair 0.0012 54 190 100 319
chair 0.0011 65 134 102 203
chair 0.0011 58 269 137 372
chair 0.0011 59 208 97 277
chair 0.0010 58 115 72 140
chair 0.0010 0 135 62 220
sofa 0.0058 0 160 95 370
sofa 0.0024 0 160 62 197
sofa 0.0021 0 24 83 186
sofa 0.0018 3 341 116 374
sofa 0.0016 -6 13 186 386
sofa 0.0015 -3 89 90 295
sofa 0.0012 53 114 78 170
sofa 0.0010 0 256 16 294
sofa 0.0010 231 261 394 372
sofa 0.0010 0 135 62 220
diningtable 0.2424 86 121 373 374
diningtable 0.0552 212 238 279 265
diningtable 0.0259 181 131 217 253
diningtable 0.0221 136 193 337 304
diningtable 0.0161 1 42 109 368
diningtable 0.0142 202 127 418 371
diningtable 0.0102 -6 13 186 386
diningtable 0.0100 0 160 62 197
diningtable 0.0071 233 1 509 377
diningtable 0.0063 316 31 471 346
diningtable 0.0063 228 257 396 369
diningtable 0.0049 0 135 62 220
diningtable 0.0047 133 134 271 311
diningtable 0.0037 65 134 102 203
diningtable 0.0025 50 12 256 361
diningtable 0.0023 188 260 237 298
diningtable 0.0021 211 165 272 195
diningtable 0.0021 146 104 340 250
diningtable 0.0020 1 235 119 372
diningtable 0.0018 0 170 51 210
diningtable 0.0015 13 195 86 288
diningtable 0.0015 350 94 373 148
diningtable 0.0015 -2 45 63 277
diningtable 0.0015 293 3 423 157
diningtable 0.0013 20 87 125 263
diningtable 0.0012 151 35 431 335
diningtable 0.0012 55 115 74 169
diningtable 0.0011 0 157 31 186
