person 0.0071 1 5 490 364
person 0.0051 -1 17 155 367
person 0.0033 10 235 487 368
person 0.0023 0 9 117 196
person 0.0023 1 177 197 367
person 0.0011 0 87 126 247
cat 0.2988 79 1 493 295
cat 0.0103 70 0 348 196
cat 0.0057 15 7 315 366
cat 0.0037 -11 121 498 370
cat 0.0037 262 9 501 269
cat 0.0025 0 178 214 366
cat 0.0018 195 228 497 369
cat 0.0015 16 -9 507 170
dog 0.0127 79 1 493 295
dog 0.0016 195 228 497 369
dog 0.0014 75 -2 344 193
dog 0.0013 7 128 497 371
bottle 0.0015 195 228 497 369
chair 0.0120 0 15 135 340
chair 0.0091 36 0 467 355
chair 0.0084 0 12 119 197
chair 0.0056 0 137 121 198
chair 0.0042 0 87 126 247
chair 0.0011 10 235 487 368
chair 0.0010 1 163 160 369
sofa 0.0618 1 5 490 364
sofa 0.0223 0 15 135 340
sofa 0.0154 0 12 119 196
sofa 0.0125 10 235 487 368
sofa 0.0075 0 137 121 198
sofa 0.0065 0 87 126 247
sofa 0.0048 1 163 160 369
diningtable 0.0021 47 6 494 347
diningtable 0.0015 195 228 497 369
