person 0.8724 188 133 236 232
person 0.0660 192 133 217 218
person 0.0262 192 139 208 190
person 0.0197 357 163 370 196
person 0.0161 195 136 208 169
person 0.0152 205 151 252 217
person 0.0090 291 172 299 186
person 0.0082 198 161 209 184
person 0.0071 0 12 47 342
person 0.0065 399 119 441 217
person 0.0065 199 153 214 200
person 0.0057 352 164 359 192
person 0.0056 198 169 208 192
person 0.0052 197 137 209 154
person 0.0049 195 149 209 178
person 0.0045 195 133 238 184
person 0.0038 353 159 364 194
person 0.0037 224 174 254 212
person 0.0026 165 133 267 234
person 0.0021 198 146 212 172
person 0.0020 208 139 241 200
person 0.0017 419 129 442 212
person 0.0016 367 139 400 197
person 0.0015 188 167 205 193
person 0.0014 493 289 500 368
person 0.0012 213 142 238 173
person 0.0012 180 143 211 177
person 0.0011 362 159 373 197
person 0.0011 197 133 235 161
car 0.0090 225 170 255 208
car 0.0030 191 129 238 229
car 0.0017 200 142 238 189
train 0.0037 360 133 434 205
train 0.0034 358 140 403 200
train 0.0021 0 12 47 342
train 0.0012 224 174 254 212
train 0.0012 188 132 237 233
train 0.0011 56 67 515 244
train 0.0010 302 134 442 190
boat 0.0016 223 173 255 209
chair 0.0053 463 181 499 252
chair 0.0045 224 174 255 210
chair 0.0038 490 273 499 371
chair 0.0025 358 163 370 196
chair 0.0018 189 130 239 229
chair 0.0018 469 141 499 180
chair 0.0015 493 304 500 375
chair 0.0012 258 165 280 188
chair 0.0011 207 152 253 217
sofa 0.0051 464 180 499 254
sofa 0.0047 223 173 255 209
sofa 0.0010 190 130 237 228
pottedplant 0.0099 0 322 54 364
pottedplant 0.0038 257 165 281 189
pottedplant 0.0012 0 323 25 359
pottedplant 0.0012 224 165 271 204
diningtable 0.0013 464 180 499 254
tvmonitor 0.0347 469 141 500 176
tvmonitor 0.0221 224 174 254 212
tvmonitor 0.0093 466 137 499 202
tvmonitor 0.0065 195 133 238 184
tvmonitor 0.0061 365 129 442 209
tvmonitor 0.0055 190 130 237 228
tvmonitor 0.0043 394 125 441 179
tvmonitor 0.0033 197 133 235 161
tvmonitor 0.0027 106 177 152 277
tvmonitor 0.0022 109 158 126 175
tvmonitor 0.0019 208 130 234 148
tvmonitor 0.0018 156 147 186 170
tvmonitor 0.0016 213 131 229 143
tvmonitor 0.0014 196 136 209 163
tvmonitor 0.0013 464 181 500 252
tvmonitor 0.0012 211 140 239 175
