person 0.4891 391 295 401 311
person 0.2078 116 114 134 132
person 0.0583 96 113 110 126
person 0.0394 109 116 125 129
person 0.0331 83 113 111 127
person 0.0269 114 112 131 127
person 0.0235 2 68 9 73
person 0.0171 106 112 142 134
person 0.0126 0 129 7 140
person 0.0101 139 115 154 132
person 0.0073 184 109 205 131
person 0.0073 0 128 16 140
person 0.0051 120 120 134 134
person 0.0049 149 62 157 69
person 0.0040 411 222 426 230
person 0.0035 8 128 22 140
person 0.0022 82 116 101 128
person 0.0021 404 223 413 230
person 0.0021 96 79 110 84
person 0.0018 442 181 455 189
person 0.0017 437 222 444 227
person 0.0016 0 62 20 72
person 0.0015 107 107 127 128
person 0.0015 447 180 459 187
person 0.0014 99 115 116 129
person 0.0012 389 290 402 315
person 0.0011 0 65 6 72
person 0.0011 134 30 145 37
person 0.0010 112 104 133 135
person 0.0010 79 115 94 127
car 0.0431 158 58 179 68
car 0.0417 96 79 111 85
car 0.0311 161 56 191 69
car 0.0259 2 68 9 73
car 0.0227 121 56 148 68
car 0.0162 134 30 145 37
car 0.0111 469 36 497 56
car 0.0083 403 44 460 56
car 0.0042 174 56 190 66
car 0.0036 100 59 113 67
car 0.0036 416 0 435 15
car 0.0034 157 53 219 70
car 0.0032 0 62 20 72
car 0.0032 470 29 496 48
car 0.0027 149 61 172 69
car 0.0027 471 32 495 41
car 0.0025 0 65 6 72
car 0.0025 0 129 7 140
car 0.0023 149 62 156 68
car 0.0021 0 56 29 71
car 0.0020 0 127 25 141
car 0.0016 398 40 481 58
car 0.0015 425 46 453 56
car 0.0012 175 61 190 69
car 0.0012 394 0 471 55
car 0.0011 71 64 82 70
car 0.0011 1 67 8 75
car 0.0010 403 16 499 57
car 0.0010 95 75 112 86
car 0.0010 88 113 111 127
car 0.0010 143 62 155 69
aeroplane 0.8340 11 47 518 267
aeroplane 0.0546 354 2 468 57
aeroplane 0.0392 401 44 462 57
aeroplane 0.0307 27 -8 495 143
aeroplane 0.0273 471 37 495 56
aeroplane 0.0233 396 15 489 58
aeroplane 0.0207 416 35 501 58
aeroplane 0.0076 351 13 413 56
aeroplane 0.0071 167 50 245 72
aeroplane 0.0052 214 49 240 65
aeroplane 0.0049 16 145 500 307
aeroplane 0.0048 0 127 25 141
aeroplane 0.0040 419 46 458 56
aeroplane 0.0039 157 53 219 70
aeroplane 0.0028 460 36 489 56
aeroplane 0.0028 197 46 258 67
aeroplane 0.0026 392 2 451 54
aeroplane 0.0021 158 56 189 69
aeroplane 0.0015 0 128 9 140
aeroplane 0.0015 416 0 435 16
aeroplane 0.0015 216 40 316 64
aeroplane 0.0013 96 79 111 85
aeroplane 0.0010 0 57 30 71
bus 0.0019 0 56 29 71
bus 0.0014 121 56 148 68
bus 0.0010 0 62 24 72
train 0.0035 0 127 25 141
train 0.0029 0 57 30 71
train 0.0014 96 79 110 84
train 0.0010 0 62 24 72
train 0.0010 9 128 22 140
boat 0.0106 385 0 472 60
boat 0.0032 416 0 435 16
boat 0.0025 398 18 458 59
boat 0.0024 400 43 463 57
boat 0.0022 96 79 111 85
boat 0.0022 471 37 493 56
boat 0.0019 352 5 450 57
boat 0.0013 158 58 179 68
boat 0.0012 351 13 412 56
boat 0.0012 2 68 9 73
boat 0.0011 407 30 497 58
bird 0.0017 391 295 401 311
bird 0.0010 95 79 109 84
dog 0.0012 391 295 401 311
horse 0.0082 8 128 23 140
horse 0.0066 96 79 110 84
horse 0.0048 0 128 17 140
horse 0.0037 0 128 8 140
sheep 0.0516 96 79 110 84
sheep 0.0095 0 128 8 140
sheep 0.0084 8 128 22 140
sheep 0.0080 0 128 16 140
cow 0.0847 96 79 110 84
cow 0.0202 2 128 23 140
cow 0.0126 0 129 7 140
cow 0.0074 0 127 14 141
cow 0.0039 12 128 22 140
chair 0.0080 469 36 497 56
chair 0.0061 416 35 501 58
chair 0.0022 403 16 499 57
chair 0.0018 464 36 486 56
chair 0.0017 380 2 479 57
chair 0.0014 470 29 496 48
chair 0.0013 351 13 412 56
chair 0.0011 450 34 492 56
