bird 0.0699 343 271 348 277
bird 0.0413 290 271 303 280
bird 0.0185 334 293 345 302
bird 0.0048 359 297 367 304
bird 0.0026 327 292 346 304
bird 0.0015 344 271 350 277
bird 0.0014 342 273 347 280
bird 0.0010 399 277 404 282
horse 0.0012 190 134 324 280
sheep 0.9328 189 134 325 282
sheep 0.0744 290 272 303 280
sheep 0.0232 343 271 348 277
sheep 0.0099 359 297 367 304
sheep 0.0077 334 293 345 302
sheep 0.0037 342 273 347 280
sheep 0.0020 327 292 346 304
sheep 0.0010 279 269 303 281
cow 0.0037 189 135 325 281
cow 0.0018 290 272 303 280
cow 0.0013 334 293 345 302
