person 0.4410 87 17 273 319
person 0.2716 41 10 467 312
person 0.0518 247 0 452 150
person 0.0247 106 -2 462 191
person 0.0039 44 131 238 295
person 0.0018 148 8 357 159
person 0.0011 251 44 465 276
person 0.0010 123 98 253 310
car 0.0011 27 16 462 313
bird 0.0013 387 2 452 51
cat 0.0015 79 115 153 174
dog 0.0050 79 115 153 174
chair 0.0157 40 10 467 311
chair 0.0046 26 139 188 281
chair 0.0039 76 102 269 314
chair 0.0022 134 104 477 275
sofa 0.4104 38 24 474 309
sofa 0.0239 24 171 477 310
sofa 0.0132 59 97 306 313
sofa 0.0080 134 104 477 275
sofa 0.0030 26 139 188 281
sofa 0.0025 116 26 352 285
sofa 0.0014 34 3 446 169
