person 0.7710 450 140 473 199
person 0.7697 471 137 497 207
person 0.6973 419 137 437 198
person 0.3198 416 137 431 190
person 0.1017 446 139 461 196
person 0.0815 429 137 451 197
person 0.0752 436 138 454 186
person 0.0738 488 138 500 204
person 0.0721 415 137 424 188
person 0.0693 469 143 478 161
person 0.0649 200 106 232 141
person 0.0453 462 138 470 150
person 0.0411 446 139 456 164
person 0.0400 454 138 462 149
person 0.0393 467 140 477 155
person 0.0391 417 138 427 173
person 0.0373 471 152 485 172
person 0.0371 465 140 480 202
person 0.0367 469 146 480 170
person 0.0328 419 138 426 149
person 0.0312 212 112 233 140
person 0.0306 441 137 454 165
person 0.0290 471 140 481 155
person 0.0286 471 141 487 162
person 0.0285 443 139 455 179
person 0.0264 434 141 447 182
person 0.0239 479 140 491 154
person 0.0211 466 138 473 149
person 0.0182 480 150 498 179
person 0.0179 398 137 410 153
person 0.0164 476 140 492 162
person 0.0160 419 139 434 174
person 0.0135 422 137 430 147
person 0.0107 490 151 500 176
person 0.0106 420 137 430 153
person 0.0104 464 142 472 156
person 0.0099 473 139 480 150
person 0.0089 428 138 442 168
person 0.0089 416 129 429 165
person 0.0082 423 140 439 182
person 0.0082 405 136 417 169
person 0.0080 443 137 461 161
person 0.0079 448 135 459 149
person 0.0075 481 138 496 157
person 0.0073 488 136 496 150
person 0.0064 474 147 493 172
person 0.0063 223 112 235 143
person 0.0061 493 135 499 156
person 0.0059 444 134 452 153
person 0.0058 467 165 478 192
person 0.0057 422 139 475 200
person 0.0056 417 138 423 154
person 0.0055 463 140 481 159
person 0.0052 437 136 447 160
person 0.0051 492 138 499 167
person 0.0048 452 140 464 157
person 0.0043 416 139 423 167
person 0.0035 412 127 446 173
person 0.0029 384 114 460 181
person 0.0029 462 133 467 145
person 0.0027 399 125 420 181
person 0.0027 426 136 439 158
person 0.0027 458 132 485 173
person 0.0026 426 135 434 148
person 0.0026 415 171 422 182
person 0.0024 415 136 423 147
person 0.0022 408 136 420 192
person 0.0022 491 159 500 204
person 0.0021 218 106 236 134
person 0.0020 196 104 217 141
person 0.0020 95 72 336 214
person 0.0019 394 129 412 161
person 0.0018 455 133 462 144
person 0.0014 422 158 436 191
person 0.0014 416 160 424 183
person 0.0014 438 135 446 151
person 0.0013 456 127 483 147
person 0.0013 424 134 431 144
person 0.0013 471 160 486 201
person 0.0011 434 163 449 188
person 0.0010 71 47 419 296
person 0.0010 450 131 466 147
train 0.6867 65 47 437 306
train 0.4099 0 65 104 325
train 0.0134 448 141 473 201
train 0.0123 417 137 442 196
train 0.0078 435 138 455 186
train 0.0059 416 139 429 188
train 0.0049 -4 65 203 326
train 0.0045 405 123 454 179
train 0.0042 438 135 455 167
train 0.0030 95 72 336 214
train 0.0025 196 109 238 144
train 0.0025 6 88 91 249
train 0.0022 416 129 429 165
train 0.0022 471 139 499 206
train 0.0021 377 109 459 164
train 0.0020 390 114 450 194
train 0.0018 384 114 424 175
train 0.0018 394 129 412 161
train 0.0017 421 137 433 164
train 0.0015 0 70 19 295
train 0.0014 470 141 489 162
train 0.0014 377 108 491 197
train 0.0013 -1 62 35 332
train 0.0011 398 127 422 183
train 0.0011 458 116 497 144
train 0.0010 397 135 408 155
train 0.0010 454 126 488 148
train 0.0010 443 137 461 161
