person 0.8935 12 88 233 367
person 0.6719 270 73 498 372
person 0.0528 0 292 69 372
person 0.0198 129 340 217 374
person 0.0082 268 144 419 371
person 0.0057 -1 122 78 174
person 0.0029 78 187 244 370
person 0.0021 385 71 499 372
person 0.0020 298 200 504 374
person 0.0014 277 195 367 367
person 0.0012 243 297 273 372
person 0.0012 269 112 343 380
person 0.0012 0 126 114 365
person 0.0011 0 155 5 186
person 0.0011 274 164 320 377
bicycle 0.0041 0 291 69 373
bicycle 0.0023 0 278 238 375
bicycle 0.0013 207 188 265 370
bicycle 0.0011 0 124 108 297
car 0.0343 418 33 499 86
car 0.0218 0 122 80 185
car 0.0128 448 44 499 76
car 0.0109 0 122 106 285
car 0.0085 424 1 500 75
car 0.0037 410 22 499 150
car 0.0034 459 0 500 22
car 0.0033 456 1 500 47
car 0.0023 17 89 238 368
car 0.0020 417 34 461 80
car 0.0017 62 184 108 216
car 0.0017 421 1 478 53
car 0.0014 446 25 499 70
car 0.0014 442 0 466 24
car 0.0014 451 0 484 22
car 0.0013 418 29 488 66
car 0.0011 464 63 499 92
car 0.0011 455 52 499 85
car 0.0010 475 64 499 83
car 0.0010 474 3 499 20
motorbike 0.0012 0 293 69 373
motorbike 0.0011 0 278 238 375
bus 0.0022 0 124 108 297
bus 0.0011 0 122 80 185
boat 0.0013 279 156 497 374
boat 0.0011 17 89 238 368
bird 0.0010 0 292 69 372
cat 0.0130 0 293 69 372
cat 0.0019 280 159 498 372
dog 0.6903 279 158 498 373
dog 0.3538 0 292 69 372
dog 0.0039 321 255 440 338
dog 0.0023 292 178 470 309
dog 0.0014 274 81 392 379
dog 0.0011 125 339 218 374
dog 0.0011 326 282 430 330
horse 0.0487 0 292 69 372
sheep 0.0205 0 293 69 372
cow 0.0431 0 293 69 372
bottle 0.0030 129 340 217 374
bottle 0.0021 0 155 5 186
bottle 0.0019 326 282 430 330
bottle 0.0010 444 0 463 24
bottle 0.0010 359 298 473 371
chair 0.5949 201 186 266 374
chair 0.2447 110 185 269 373
chair 0.0924 277 162 490 373
chair 0.0868 0 291 69 373
chair 0.0408 22 219 243 372
chair 0.0286 176 177 202 189
chair 0.0204 127 340 216 373
chair 0.0194 256 185 398 375
chair 0.0173 0 122 83 181
chair 0.0168 69 276 94 363
chair 0.0153 62 188 109 214
chair 0.0132 6 86 229 354
chair 0.0120 231 190 298 373
chair 0.0116 0 123 106 284
chair 0.0106 147 242 239 371
chair 0.0094 243 298 270 373
chair 0.0093 276 198 316 371
chair 0.0077 219 186 261 331
chair 0.0074 208 253 257 372
chair 0.0071 49 278 119 372
chair 0.0065 0 307 234 374
chair 0.0058 111 185 470 378
chair 0.0055 83 169 235 208
chair 0.0054 274 233 372 368
chair 0.0038 119 169 214 191
chair 0.0035 152 269 473 371
chair 0.0034 8 249 99 370
chair 0.0031 74 308 93 349
chair 0.0031 195 185 259 286
chair 0.0029 183 187 341 375
chair 0.0028 45 144 125 267
chair 0.0027 41 142 232 214
chair 0.0025 211 299 264 369
chair 0.0024 157 169 261 324
chair 0.0022 103 157 206 198
chair 0.0021 29 106 152 337
chair 0.0020 195 187 258 235
chair 0.0017 76 264 97 318
chair 0.0017 65 175 104 210
chair 0.0017 66 311 92 366
chair 0.0016 50 186 112 243
chair 0.0014 19 283 86 364
chair 0.0013 83 264 227 373
chair 0.0012 196 187 252 205
chair 0.0012 61 193 83 213
chair 0.0012 47 215 118 347
chair 0.0012 299 262 506 372
chair 0.0012 81 332 228 373
chair 0.0012 73 189 113 206
chair 0.0011 271 313 469 371
chair 0.0011 209 261 233 307
sofa 0.0133 276 163 491 373
sofa 0.0036 10 180 253 368
sofa 0.0024 0 292 69 372
sofa 0.0021 0 122 83 181
sofa 0.0015 0 123 106 284
sofa 0.0011 258 185 395 375
pottedplant 0.0248 39 80 115 172
pottedplant 0.0225 0 121 90 187
pottedplant 0.0139 48 75 124 136
pottedplant 0.0129 2 34 114 172
pottedplant 0.0116 485 230 499 277
pottedplant 0.0078 68 0 217 87
pottedplant 0.0048 75 82 122 125
pottedplant 0.0039 -6 -11 224 206
pottedplant 0.0029 492 227 499 269
pottedplant 0.0025 16 66 197 191
pottedplant 0.0017 93 3 218 188
pottedplant 0.0016 43 81 88 151
pottedplant 0.0015 8 100 118 208
pottedplant 0.0013 477 216 500 280
pottedplant 0.0012 472 214 500 348
pottedplant 0.0010 125 0 218 64
diningtable 0.0027 0 307 234 374
diningtable 0.0025 75 195 242 372
diningtable 0.0020 65 190 111 213
diningtable 0.0020 123 339 214 373
diningtable 0.0020 111 185 470 378
diningtable 0.0019 209 185 267 372
diningtable 0.0018 176 178 202 188
diningtable 0.0015 256 185 398 375
diningtable 0.0011 7 84 235 369
diningtable 0.0010 0 124 108 297
diningtable 0.0010 231 190 298 373
tvmonitor 0.0169 1 122 79 178
