person 0.0012 50 252 373 499
person 0.0011 328 410 399 500
car 0.0148 44 18 378 191
car 0.0069 231 26 395 177
car 0.0015 238 96 393 179
bus 0.0145 226 18 398 178
bus 0.0079 30 6 387 184
horse 0.5721 49 49 372 503
horse 0.0125 110 43 280 378
horse 0.0027 295 238 399 426
cow 0.0029 30 152 366 498
chair 0.0176 298 245 398 419
chair 0.0120 329 411 399 500
chair 0.0023 308 245 397 309
sofa 0.0012 297 245 399 419
pottedplant 0.0014 312 247 401 498
diningtable 0.0406 329 411 399 500
diningtable 0.0020 301 246 400 415
diningtable 0.0018 308 245 397 309
diningtable 0.0015 331 472 398 498
