person 0.0033 129 6 362 372
person 0.0022 399 1 499 41
person 0.0016 0 1 44 53
person 0.0014 454 1 499 39
person 0.0013 -1 28 144 200
person 0.0010 281 10 498 371
bird 0.0013 -3 20 149 200
bird 0.0010 130 7 361 371
cat 0.7595 0 12 140 199
cat 0.6184 128 7 390 368
cat 0.0062 456 0 499 38
cat 0.0025 399 1 499 41
cat 0.0020 0 12 36 182
cat 0.0013 0 2 224 368
cat 0.0013 0 11 37 67
cat 0.0010 234 5 493 365
dog 0.1243 130 7 361 371
dog 0.0390 0 14 141 200
dog 0.0014 457 0 500 37
cow 0.0012 -3 20 149 200
bottle 0.0112 390 1 490 46
bottle 0.0024 334 84 380 120
bottle 0.0014 407 10 458 76
chair 0.0012 130 7 361 371
chair 0.0011 282 11 498 371
chair 0.0011 7 0 157 76
sofa 0.0045 281 10 498 371
sofa 0.0015 107 70 507 376
diningtable 0.0011 108 7 507 365
