person 0.0171 443 3 500 70
bird 0.0873 443 3 500 69
bird 0.0073 443 3 490 42
bird 0.0018 445 10 472 40
bird 0.0015 69 50 372 300
cat 0.0020 443 3 500 69
dog 0.0330 443 3 499 76
dog 0.0271 69 51 373 302
dog 0.0033 440 6 499 259
dog 0.0014 233 85 373 308
dog 0.0012 443 5 493 46
horse 0.0226 443 2 499 71
horse 0.0017 440 6 499 259
horse 0.0014 69 51 373 302
sheep 0.9076 70 50 373 303
sheep 0.0289 443 4 499 76
sheep 0.0034 233 85 373 308
sheep 0.0021 447 2 501 42
sheep 0.0015 440 4 499 182
cow 0.0324 443 3 499 76
cow 0.0032 70 51 373 301
cow 0.0013 440 4 499 182
