person 0.8053 179 154 229 261
person 0.8001 336 135 396 193
person 0.7770 224 184 307 303
person 0.7660 402 161 491 285
person 0.7479 305 182 405 316
person 0.7346 238 143 289 211
person 0.7346 282 130 336 197
person 0.6371 477 120 500 171
person 0.5406 454 114 486 166
person 0.5382 313 125 339 168
person 0.4141 418 140 496 214
person 0.1390 303 126 345 184
person 0.1325 442 121 497 189
person 0.1153 441 129 482 167
person 0.0995 313 244 411 328
person 0.0630 303 112 319 146
person 0.0624 425 139 468 185
person 0.0611 436 140 470 167
person 0.0481 412 147 461 218
person 0.0411 151 193 209 296
person 0.0386 212 255 301 328
person 0.0328 472 144 499 197
person 0.0292 160 159 251 270
person 0.0264 479 190 499 211
person 0.0262 279 132 374 208
person 0.0233 475 150 500 177
person 0.0203 289 125 328 175
person 0.0202 409 174 449 229
person 0.0198 254 184 422 276
person 0.0191 477 174 499 194
person 0.0163 317 148 349 194
person 0.0146 215 145 325 242
person 0.0137 323 182 410 262
person 0.0135 477 175 499 211
person 0.0132 464 114 488 154
person 0.0123 279 150 322 196
person 0.0118 324 134 355 181
person 0.0112 391 155 452 213
person 0.0111 295 134 426 221
person 0.0106 328 122 361 159
person 0.0105 388 163 433 200
person 0.0100 287 178 431 238
person 0.0094 484 125 499 162
person 0.0091 480 119 499 147
person 0.0086 306 133 328 169
person 0.0085 457 136 500 185
person 0.0080 481 195 499 224
person 0.0078 346 182 417 233
person 0.0077 420 142 449 208
person 0.0076 402 202 497 325
person 0.0072 273 161 291 197
person 0.0068 308 125 326 159
person 0.0067 204 156 251 233
person 0.0066 483 195 500 248
person 0.0062 348 66 363 98
person 0.0060 328 154 347 191
person 0.0058 491 123 500 155
person 0.0055 248 193 334 287
person 0.0053 299 126 322 157
person 0.0052 123 79 305 297
person 0.0051 324 141 343 184
person 0.0050 453 133 477 161
person 0.0048 231 167 394 250
person 0.0046 240 128 342 203
person 0.0045 429 149 474 213
person 0.0044 347 89 363 113
person 0.0041 468 116 495 145
person 0.0040 335 171 501 329
person 0.0040 471 161 500 184
person 0.0039 492 121 500 142
person 0.0038 181 104 349 235
person 0.0038 463 154 498 180
person 0.0037 433 141 451 170
person 0.0036 235 148 264 199
person 0.0034 455 158 493 203
person 0.0033 425 148 446 188
person 0.0032 481 41 499 120
person 0.0032 487 134 500 174
person 0.0030 384 174 448 256
person 0.0029 221 217 328 326
person 0.0029 326 156 342 180
person 0.0028 271 208 281 229
person 0.0028 489 198 500 226
person 0.0027 164 187 235 304
person 0.0027 333 184 373 223
person 0.0026 339 62 355 93
person 0.0026 236 164 251 201
person 0.0026 222 162 267 223
person 0.0026 414 163 442 214
person 0.0023 328 169 341 194
person 0.0023 311 139 334 194
person 0.0022 235 178 293 220
person 0.0022 315 124 353 153
person 0.0022 0 219 13 259
person 0.0021 255 201 294 240
person 0.0021 308 194 318 221
person 0.0021 449 118 477 156
person 0.0020 344 189 360 211
person 0.0020 269 212 319 268
person 0.0020 327 145 340 167
train 0.0017 33 12 385 299
boat 0.0131 0 126 93 324
boat 0.0073 0 207 71 325
boat 0.0037 -2 -11 162 333
boat 0.0019 111 251 143 274
boat 0.0016 33 12 385 299
boat 0.0011 110 251 160 308
bird 0.0010 339 59 346 82
bottle 0.6139 309 193 318 222
bottle 0.3049 283 190 294 223
bottle 0.0763 293 193 304 222
bottle 0.0683 325 196 337 225
bottle 0.0511 273 207 282 225
bottle 0.0293 292 190 304 210
bottle 0.0251 347 189 360 209
bottle 0.0246 296 202 307 224
bottle 0.0226 354 188 363 206
bottle 0.0213 328 169 341 194
bottle 0.0192 326 169 335 194
bottle 0.0168 285 187 295 205
bottle 0.0157 323 153 344 193
bottle 0.0157 283 204 296 228
bottle 0.0147 270 211 280 225
bottle 0.0138 338 60 347 88
bottle 0.0135 343 183 353 194
bottle 0.0133 331 179 344 194
bottle 0.0108 325 181 333 195
bottle 0.0103 274 199 283 219
bottle 0.0099 325 192 334 212
bottle 0.0099 308 194 317 209
bottle 0.0097 290 187 301 204
bottle 0.0094 314 126 340 172
bottle 0.0091 311 197 322 223
bottle 0.0072 356 188 363 199
bottle 0.0070 295 193 307 209
bottle 0.0064 308 205 316 225
bottle 0.0059 335 134 397 195
bottle 0.0055 290 189 316 220
bottle 0.0054 338 168 381 207
bottle 0.0050 324 161 337 190
bottle 0.0048 328 154 340 171
bottle 0.0047 277 164 298 197
bottle 0.0046 326 156 342 180
bottle 0.0041 346 196 358 210
bottle 0.0041 345 187 362 201
bottle 0.0039 238 144 290 213
bottle 0.0035 287 181 302 198
bottle 0.0033 331 158 346 189
bottle 0.0033 326 184 337 197
bottle 0.0031 281 176 299 198
bottle 0.0029 327 145 340 167
bottle 0.0029 112 252 151 282
bottle 0.0029 290 154 350 210
bottle 0.0026 323 135 342 177
bottle 0.0026 231 167 394 250
bottle 0.0026 340 174 352 191
bottle 0.0025 267 215 273 224
bottle 0.0024 282 130 341 200
bottle 0.0024 266 214 276 227
bottle 0.0023 477 191 499 206
bottle 0.0022 270 196 280 217
bottle 0.0021 218 200 226 217
bottle 0.0020 213 202 224 219
bottle 0.0019 342 183 364 213
bottle 0.0019 295 209 305 226
bottle 0.0019 361 167 369 180
bottle 0.0019 322 158 336 177
bottle 0.0018 180 154 243 264
bottle 0.0016 273 193 283 212
bottle 0.0016 310 191 319 202
bottle 0.0015 349 155 380 189
bottle 0.0015 319 153 336 170
bottle 0.0014 476 179 499 204
bottle 0.0014 265 195 343 240
bottle 0.0014 274 162 289 196
bottle 0.0014 295 190 305 202
bottle 0.0013 326 161 392 215
bottle 0.0013 309 212 317 227
bottle 0.0013 326 97 332 111
bottle 0.0013 348 64 362 98
bottle 0.0012 285 201 323 230
bottle 0.0012 478 193 486 204
bottle 0.0012 339 62 355 93
bottle 0.0011 320 186 331 198
bottle 0.0011 353 194 362 209
bottle 0.0011 346 172 357 187
bottle 0.0010 417 139 463 212
bottle 0.0010 319 181 330 195
bottle 0.0010 328 205 340 225
chair 0.9096 396 225 494 329
chair 0.8975 211 254 301 328
chair 0.8355 313 244 412 328
chair 0.7741 151 194 207 296
chair 0.1851 483 203 499 274
chair 0.0906 274 158 289 193
chair 0.0830 151 193 188 255
chair 0.0814 415 180 444 218
chair 0.0763 345 126 361 153
chair 0.0745 480 192 499 219
chair 0.0674 238 144 289 211
chair 0.0500 164 183 227 266
chair 0.0495 270 157 285 173
chair 0.0481 489 202 500 260
chair 0.0475 279 150 322 196
chair 0.0457 479 175 499 208
chair 0.0454 277 164 298 197
chair 0.0447 0 207 71 325
chair 0.0444 336 135 396 192
chair 0.0413 414 166 461 223
chair 0.0379 281 129 335 196
chair 0.0357 472 160 500 179
chair 0.0342 417 139 475 216
chair 0.0315 474 173 499 193
chair 0.0282 477 154 500 174
chair 0.0276 491 206 500 235
chair 0.0275 485 196 499 238
chair 0.0273 303 115 318 145
chair 0.0259 313 127 341 168
chair 0.0250 477 191 499 206
chair 0.0225 325 121 362 149
chair 0.0224 325 140 353 172
chair 0.0220 276 157 289 179
chair 0.0218 470 124 500 184
chair 0.0203 0 127 91 324
chair 0.0203 393 167 430 201
chair 0.0194 412 176 434 212
chair 0.0175 403 161 490 279
chair 0.0173 309 181 406 315
chair 0.0168 329 156 349 179
chair 0.0164 478 201 499 316
chair 0.0150 472 151 500 190
chair 0.0150 275 172 289 196
chair 0.0148 335 146 357 158
chair 0.0147 111 252 162 318
chair 0.0136 394 169 444 226
chair 0.0132 476 169 499 184
chair 0.0129 348 125 361 142
chair 0.0128 281 157 293 182
chair 0.0125 489 198 500 226
chair 0.0119 239 171 248 192
chair 0.0116 323 153 344 193
chair 0.0109 222 166 363 247
chair 0.0109 282 189 293 215
chair 0.0105 347 121 371 151
chair 0.0086 341 134 362 158
chair 0.0080 439 140 501 209
chair 0.0076 472 182 500 268
chair 0.0075 327 172 347 194
chair 0.0075 323 133 341 179
chair 0.0074 417 148 450 213
chair 0.0074 236 164 251 201
chair 0.0068 482 42 499 120
chair 0.0068 281 176 299 199
chair 0.0065 308 221 332 272
chair 0.0065 268 153 289 181
chair 0.0064 175 196 206 265
chair 0.0061 249 152 287 182
chair 0.0059 152 193 181 231
chair 0.0059 327 145 340 167
chair 0.0057 328 154 340 171
chair 0.0057 156 224 195 295
chair 0.0053 332 159 345 189
chair 0.0052 447 122 495 187
chair 0.0051 477 141 499 169
chair 0.0047 335 149 353 171
chair 0.0045 159 195 241 312
chair 0.0045 232 159 257 206
chair 0.0045 283 274 299 294
chair 0.0044 345 133 384 155
chair 0.0044 327 161 341 192
chair 0.0043 238 181 248 200
chair 0.0043 391 174 422 196
chair 0.0043 180 154 250 271
chair 0.0042 386 174 397 191
chair 0.0042 332 104 368 143
chair 0.0042 239 193 249 204
chair 0.0041 312 298 345 328
chair 0.0040 316 125 351 152
chair 0.0040 417 171 439 206
chair 0.0040 295 192 307 215
chair 0.0039 220 182 300 307
chair 0.0039 170 192 186 199
chair 0.0039 308 124 326 161
chair 0.0038 331 179 345 194
chair 0.0038 409 185 448 233
chair 0.0038 336 146 362 165
chair 0.0038 345 248 386 328
chair 0.0037 386 170 405 194
chair 0.0037 479 198 498 249
sofa 0.0036 314 126 344 166
sofa 0.0024 480 192 499 219
sofa 0.0023 482 42 499 120
sofa 0.0022 237 143 289 207
sofa 0.0019 396 225 494 329
sofa 0.0019 477 177 499 205
sofa 0.0017 210 253 300 328
sofa 0.0017 150 194 206 296
sofa 0.0015 313 244 411 328
sofa 0.0012 325 120 362 149
sofa 0.0010 336 135 396 192
sofa 0.0010 478 175 499 192
pottedplant 0.0261 388 166 427 196
pottedplant 0.0127 348 96 361 112
pottedplant 0.0094 481 42 499 123
pottedplant 0.0090 345 95 368 117
pottedplant 0.0063 325 120 362 149
pottedplant 0.0058 268 77 286 104
pottedplant 0.0055 336 134 397 199
pottedplant 0.0050 344 101 364 124
pottedplant 0.0050 344 91 373 128
pottedplant 0.0042 346 78 365 113
pottedplant 0.0035 391 155 452 213
pottedplant 0.0034 387 164 422 184
pottedplant 0.0031 351 90 378 115
pottedplant 0.0028 350 97 378 146
pottedplant 0.0028 332 104 369 143
pottedplant 0.0026 403 170 424 193
pottedplant 0.0023 404 167 425 182
pottedplant 0.0021 111 251 143 274
pottedplant 0.0019 290 132 363 200
pottedplant 0.0019 326 100 364 128
pottedplant 0.0018 335 86 364 114
pottedplant 0.0018 314 126 344 166
pottedplant 0.0016 407 166 435 197
pottedplant 0.0015 327 172 347 194
pottedplant 0.0015 362 93 378 116
pottedplant 0.0014 110 251 160 308
pottedplant 0.0013 344 72 377 116
pottedplant 0.0011 477 51 500 166
pottedplant 0.0010 303 112 319 146
diningtable 0.2254 478 175 499 192
diningtable 0.2126 234 186 382 270
diningtable 0.1885 309 181 407 311
diningtable 0.0972 287 178 431 238
diningtable 0.0917 479 175 499 208
diningtable 0.0845 325 121 361 149
diningtable 0.0829 224 185 309 304
diningtable 0.0685 439 140 501 209
diningtable 0.0685 314 126 344 166
diningtable 0.0671 350 180 419 231
diningtable 0.0552 336 134 397 199
diningtable 0.0458 472 152 499 190
diningtable 0.0426 479 190 499 211
diningtable 0.0397 324 197 338 227
diningtable 0.0355 472 160 500 179
diningtable 0.0331 408 145 495 254
diningtable 0.0299 222 166 363 247
diningtable 0.0297 344 125 362 151
diningtable 0.0273 384 194 420 229
diningtable 0.0263 321 183 420 262
diningtable 0.0251 388 165 427 196
diningtable 0.0248 394 169 444 226
diningtable 0.0247 248 193 334 287
diningtable 0.0238 265 195 343 240
diningtable 0.0229 282 199 297 230
diningtable 0.0222 281 129 335 196
diningtable 0.0221 326 112 366 127
diningtable 0.0201 285 201 323 230
diningtable 0.0197 476 165 499 186
diningtable 0.0184 481 195 499 224
diningtable 0.0178 237 143 290 218
diningtable 0.0170 308 196 320 225
diningtable 0.0169 281 216 331 274
diningtable 0.0165 327 113 350 123
diningtable 0.0163 282 202 324 256
diningtable 0.0147 321 110 357 135
diningtable 0.0141 273 148 361 216
diningtable 0.0137 283 209 304 249
diningtable 0.0137 387 209 416 228
diningtable 0.0127 325 140 353 172
diningtable 0.0119 306 221 332 271
diningtable 0.0114 477 122 500 175
diningtable 0.0114 318 151 348 194
diningtable 0.0110 332 147 355 163
diningtable 0.0106 417 139 475 216
diningtable 0.0104 477 151 500 173
diningtable 0.0103 180 152 252 261
diningtable 0.0101 303 126 345 184
diningtable 0.0095 411 177 441 217
diningtable 0.0093 291 198 345 267
diningtable 0.0092 466 168 493 196
diningtable 0.0090 332 104 368 143
diningtable 0.0089 289 230 308 245
diningtable 0.0084 227 179 290 224
diningtable 0.0078 323 170 346 195
diningtable 0.0077 456 116 499 173
diningtable 0.0075 384 166 471 281
diningtable 0.0070 409 168 434 209
diningtable 0.0069 269 156 285 173
diningtable 0.0065 453 157 500 229
diningtable 0.0058 295 204 309 226
diningtable 0.0057 332 124 353 147
diningtable 0.0055 348 125 361 142
diningtable 0.0054 327 161 341 192
diningtable 0.0054 489 198 500 226
diningtable 0.0052 295 134 426 221
diningtable 0.0052 294 194 307 220
diningtable 0.0052 332 119 358 129
diningtable 0.0051 206 157 250 231
diningtable 0.0051 340 110 364 134
diningtable 0.0050 206 179 278 236
diningtable 0.0045 383 164 413 182
diningtable 0.0043 326 205 342 225
diningtable 0.0043 338 158 423 210
diningtable 0.0042 344 189 361 209
diningtable 0.0041 329 156 349 180
diningtable 0.0040 342 113 363 125
diningtable 0.0038 293 218 311 240
diningtable 0.0038 284 219 297 237
diningtable 0.0037 314 244 411 328
diningtable 0.0037 319 179 408 214
diningtable 0.0037 390 188 428 215
diningtable 0.0036 337 187 387 208
diningtable 0.0036 296 210 307 230
diningtable 0.0035 342 116 362 128
diningtable 0.0034 273 205 280 224
diningtable 0.0034 471 173 487 190
diningtable 0.0033 228 164 260 220
diningtable 0.0033 289 225 300 242
diningtable 0.0032 267 204 283 225
diningtable 0.0031 268 154 288 165
diningtable 0.0031 333 184 373 223
diningtable 0.0031 329 111 347 121
diningtable 0.0030 321 205 340 250
diningtable 0.0029 290 189 316 220
diningtable 0.0029 279 126 386 202
diningtable 0.0029 417 159 448 215
diningtable 0.0029 483 195 500 248
diningtable 0.0028 238 181 248 201
diningtable 0.0027 284 232 300 247
tvmonitor 0.0073 0 207 70 326
tvmonitor 0.0049 482 42 499 120
tvmonitor 0.0016 486 43 499 90
