person 0.1147 482 19 500 163
person 0.0752 490 28 499 52
person 0.0467 490 139 500 163
person 0.0086 114 91 127 112
person 0.0061 490 117 500 166
person 0.0048 482 29 499 53
person 0.0039 158 78 200 97
person 0.0034 423 47 428 55
person 0.0027 488 79 499 168
person 0.0024 0 45 10 52
person 0.0024 141 79 194 107
person 0.0018 95 64 110 101
person 0.0016 464 31 499 57
person 0.0014 92 62 119 105
person 0.0014 484 67 499 204
person 0.0013 104 79 133 108
person 0.0012 489 37 499 55
person 0.0011 490 10 500 100
person 0.0011 456 36 463 46
person 0.0011 423 42 430 55
person 0.0011 139 73 172 102
person 0.0011 97 73 124 109
person 0.0010 110 86 126 107
bicycle 0.0010 490 139 500 162
car 0.6827 54 34 460 304
car 0.0213 0 44 8 52
car 0.0181 490 29 499 53
car 0.0024 472 32 500 56
car 0.0017 0 39 16 53
car 0.0011 0 48 5 54
motorbike 0.0023 490 139 500 163
bus 0.0154 52 35 451 305
boat 0.0018 490 29 499 53
bird 0.0037 490 139 500 163
bird 0.0014 490 29 499 53
cat 0.0012 490 139 500 162
dog 0.0061 490 139 500 162
dog 0.0011 490 29 499 53
horse 0.0049 490 29 499 53
horse 0.0011 490 139 500 163
sheep 0.0035 490 28 499 52
sheep 0.0016 490 139 500 163
sheep 0.0013 482 19 500 163
cow 0.0038 490 139 500 163
cow 0.0023 490 29 499 53
bottle 0.0013 490 139 500 163
chair 0.0012 490 30 499 53
chair 0.0010 490 139 500 163
