person 0.0257 0 23 12 58
person 0.0091 81 0 107 26
person 0.0049 490 25 499 43
person 0.0042 0 20 12 144
person 0.0040 0 0 15 15
person 0.0019 0 15 22 165
person 0.0015 0 21 35 242
person 0.0011 10 1 55 19
person 0.0011 0 0 36 19
bicycle 0.0029 14 0 505 115
bicycle 0.0014 8 2 497 357
car 0.1921 0 0 15 13
car 0.0769 10 1 55 18
car 0.0762 0 22 13 58
car 0.0319 490 25 499 41
car 0.0140 0 0 37 19
car 0.0105 80 0 107 26
car 0.0103 0 -3 15 36
car 0.0091 12 1 97 23
car 0.0068 485 22 499 44
car 0.0061 259 0 485 43
car 0.0053 20 2 45 18
car 0.0053 0 -2 14 8
car 0.0051 479 6 499 48
car 0.0045 268 1 488 95
car 0.0026 473 8 499 77
car 0.0025 0 129 37 235
car 0.0024 273 0 422 20
car 0.0022 100 1 218 102
car 0.0017 -8 -1 27 21
car 0.0016 487 2 500 42
car 0.0016 3 0 474 133
car 0.0015 486 23 499 68
car 0.0014 474 0 498 33
car 0.0013 68 0 207 42
car 0.0012 462 0 500 44
car 0.0011 268 14 492 171
car 0.0011 0 18 10 41
car 0.0011 116 -1 501 79
car 0.0010 490 28 499 60
motorbike 0.6754 8 2 497 357
motorbike 0.0595 268 1 487 95
motorbike 0.0445 14 0 505 115
motorbike 0.0315 272 -2 488 43
motorbike 0.0196 0 131 35 237
motorbike 0.0141 0 103 116 242
motorbike 0.0135 248 11 494 174
motorbike 0.0077 0 70 176 334
motorbike 0.0074 46 0 430 71
motorbike 0.0063 0 17 60 238
motorbike 0.0060 224 20 505 289
motorbike 0.0059 103 1 232 96
motorbike 0.0056 0 23 12 58
motorbike 0.0038 28 0 239 241
motorbike 0.0037 31 76 156 241
motorbike 0.0036 138 0 339 61
motorbike 0.0031 41 96 102 171
motorbike 0.0028 79 2 296 114
motorbike 0.0023 490 21 499 44
motorbike 0.0020 0 119 65 234
motorbike 0.0019 -5 207 496 373
motorbike 0.0019 0 110 98 342
motorbike 0.0019 374 0 415 8
motorbike 0.0017 288 0 428 21
motorbike 0.0017 297 71 478 261
motorbike 0.0015 131 2 233 53
motorbike 0.0015 314 0 458 13
motorbike 0.0015 80 0 107 26
motorbike 0.0013 2 161 84 239
motorbike 0.0013 46 97 114 217
bus 0.0015 0 22 13 58
boat 0.0012 0 0 15 11
chair 0.0026 490 21 499 44
chair 0.0021 481 0 499 43
chair 0.0017 0 23 13 58
pottedplant 0.0017 491 28 499 42
diningtable 0.0014 0 7 499 376
