person 0.0779 349 103 410 149
person 0.0205 373 118 414 149
person 0.0190 281 93 340 147
person 0.0189 331 107 383 152
person 0.0178 296 101 375 151
person 0.0096 214 153 228 183
person 0.0078 340 95 399 138
person 0.0042 0 173 4 188
person 0.0042 78 20 461 306
person 0.0039 292 109 347 161
person 0.0036 320 112 362 147
person 0.0036 268 95 319 135
person 0.0034 291 102 327 143
person 0.0028 295 89 360 137
person 0.0024 437 124 453 185
person 0.0023 231 80 376 218
person 0.0020 269 107 320 166
person 0.0013 128 48 134 54
person 0.0012 217 48 301 281
person 0.0012 0 183 4 200
person 0.0012 341 115 365 145
person 0.0012 263 102 309 150
person 0.0012 388 125 412 147
person 0.0011 144 171 153 182
person 0.0011 188 25 347 302
person 0.0011 384 121 428 152
person 0.0011 383 61 396 69
person 0.0010 367 124 424 161
car 0.0171 474 121 500 137
car 0.0052 489 93 500 116
car 0.0045 0 173 4 188
car 0.0038 0 194 6 210
car 0.0024 0 183 4 200
car 0.0023 463 118 501 143
car 0.0017 0 203 6 211
car 0.0016 474 108 499 134
car 0.0015 455 124 499 153
car 0.0014 478 116 500 128
car 0.0014 0 198 11 211
car 0.0012 437 128 454 187
car 0.0010 0 191 13 210
car 0.0010 486 122 500 130
bus 0.9378 80 25 446 305
bus 0.0015 84 25 236 300
bus 0.0012 489 93 500 116
bus 0.0011 1 136 82 223
tvmonitor 0.0160 490 94 499 115
