person 0.0223 0 275 59 326
person 0.0076 0 212 95 311
person 0.0025 0 275 15 305
bus 0.0025 359 132 390 167
train 0.0015 359 132 390 167
bird 0.0041 74 122 94 138
bird 0.0028 69 100 97 145
bird 0.0019 271 97 287 112
bird 0.0016 76 126 93 147
bird 0.0013 52 88 104 150
bird 0.0010 74 119 90 133
dog 0.0019 0 276 60 328
bottle 0.0081 172 159 187 180
bottle 0.0017 179 160 190 180
bottle 0.0014 272 159 285 166
bottle 0.0010 179 169 193 181
chair 0.4990 245 161 273 206
chair 0.4236 0 276 60 328
chair 0.2887 160 268 293 329
chair 0.1411 0 218 91 317
chair 0.1229 266 165 287 201
chair 0.0903 256 165 285 211
chair 0.0860 252 231 337 283
chair 0.0471 117 207 220 280
chair 0.0464 1 308 60 330
chair 0.0313 246 158 286 174
chair 0.0301 264 174 283 207
chair 0.0295 316 159 367 170
chair 0.0224 248 160 288 193
chair 0.0219 276 170 287 217
chair 0.0128 274 164 288 191
chair 0.0104 274 159 287 166
chair 0.0097 248 178 269 214
chair 0.0091 359 135 390 169
chair 0.0067 290 161 301 167
chair 0.0062 236 162 308 220
chair 0.0056 284 159 300 167
chair 0.0055 0 275 15 305
chair 0.0052 273 158 283 164
chair 0.0034 354 161 370 168
chair 0.0031 268 178 287 221
chair 0.0029 249 159 277 169
chair 0.0028 275 160 288 170
chair 0.0025 244 161 264 180
chair 0.0023 1 168 195 244
chair 0.0021 271 161 301 202
chair 0.0020 277 158 287 163
chair 0.0020 251 159 320 184
chair 0.0020 245 172 280 222
chair 0.0018 242 158 264 195
chair 0.0017 242 229 349 323
chair 0.0017 269 159 286 171
chair 0.0016 258 159 283 167
chair 0.0016 310 158 348 169
chair 0.0016 285 157 296 163
chair 0.0016 256 158 295 171
chair 0.0016 269 158 310 171
chair 0.0015 290 119 305 165
chair 0.0015 304 155 364 166
chair 0.0014 171 159 187 179
chair 0.0014 291 157 301 164
chair 0.0012 2 316 48 331
chair 0.0011 297 116 324 164
chair 0.0011 159 246 351 332
chair 0.0010 243 160 254 178
chair 0.0010 177 173 188 183
sofa 0.6180 1 168 195 244
sofa 0.1728 160 268 293 329
sofa 0.1556 0 276 60 329
sofa 0.1318 0 215 95 301
sofa 0.0741 116 206 220 281
sofa 0.0067 0 309 58 330
sofa 0.0051 245 159 283 203
sofa 0.0044 359 132 390 167
sofa 0.0042 0 275 23 298
sofa 0.0026 252 231 337 283
sofa 0.0025 314 159 365 171
sofa 0.0024 247 159 287 175
sofa 0.0023 -12 157 151 315
sofa 0.0011 0 250 89 323
sofa 0.0010 170 159 188 180
pottedplant 0.2439 171 159 187 179
pottedplant 0.0145 271 98 288 113
pottedplant 0.0093 169 157 191 192
pottedplant 0.0080 177 163 188 182
pottedplant 0.0076 170 167 182 182
pottedplant 0.0058 12 88 173 151
pottedplant 0.0033 58 91 103 150
pottedplant 0.0031 292 116 314 163
pottedplant 0.0027 73 101 95 144
pottedplant 0.0022 179 169 192 181
pottedplant 0.0015 481 87 499 115
pottedplant 0.0015 481 88 501 308
pottedplant 0.0014 174 169 196 196
pottedplant 0.0013 268 92 291 158
pottedplant 0.0012 75 121 95 145
pottedplant 0.0011 170 158 181 174
pottedplant 0.0010 172 174 186 182
pottedplant 0.0010 359 134 389 168
pottedplant 0.0010 177 173 188 183
diningtable 0.2654 246 159 287 197
diningtable 0.1971 246 158 286 175
diningtable 0.0989 265 165 287 201
diningtable 0.0426 252 231 336 282
diningtable 0.0200 317 159 367 171
diningtable 0.0172 116 206 220 281
diningtable 0.0166 255 165 285 211
diningtable 0.0163 274 163 287 192
diningtable 0.0131 279 162 492 262
diningtable 0.0124 256 158 295 171
diningtable 0.0099 160 269 294 329
diningtable 0.0094 236 162 308 220
diningtable 0.0085 0 215 95 301
diningtable 0.0077 271 159 287 166
diningtable 0.0077 273 159 290 172
diningtable 0.0076 244 162 272 205
diningtable 0.0074 137 154 483 243
diningtable 0.0065 214 157 409 197
diningtable 0.0060 251 159 320 184
diningtable 0.0052 181 198 497 328
diningtable 0.0050 265 145 321 180
diningtable 0.0049 111 141 507 305
diningtable 0.0043 245 227 345 316
diningtable 0.0041 201 229 400 330
diningtable 0.0040 254 159 282 169
diningtable 0.0040 289 160 302 168
diningtable 0.0039 257 162 285 189
diningtable 0.0033 276 169 287 202
diningtable 0.0031 257 157 286 164
diningtable 0.0027 247 153 424 183
diningtable 0.0027 0 276 59 329
diningtable 0.0022 356 138 389 172
diningtable 0.0019 169 163 188 187
diningtable 0.0018 279 160 301 170
diningtable 0.0018 176 173 188 183
diningtable 0.0017 257 128 329 190
diningtable 0.0015 273 158 283 164
diningtable 0.0013 313 119 363 164
diningtable 0.0012 172 174 186 182
diningtable 0.0010 296 115 332 163
diningtable 0.0010 0 311 57 330
tvmonitor 0.1203 359 132 390 167
tvmonitor 0.0026 422 115 460 170
tvmonitor 0.0022 311 120 361 162
tvmonitor 0.0014 309 121 332 161
tvmonitor 0.0011 295 115 322 162
tvmonitor 0.0010 293 116 307 162
tvmonitor 0.0010 386 116 453 172
