person 0.0256 0 22 86 139
person 0.0108 -4 247 498 367
person 0.0079 29 5 507 255
person 0.0056 229 1 479 155
person 0.0028 9 3 491 120
person 0.0014 447 1 499 160
person 0.0011 0 17 91 273
person 0.0011 455 159 499 237
car 0.0018 -4 247 498 367
cat 0.4244 6 89 487 256
cat 0.0163 -4 247 498 367
cat 0.0047 3 141 495 345
cat 0.0045 -5 103 230 281
cat 0.0016 312 140 498 268
dog 0.0614 8 87 492 255
dog 0.0084 -4 247 498 367
dog 0.0023 3 141 495 345
chair 0.0179 0 5 497 255
chair 0.0102 -4 247 498 367
chair 0.0068 449 0 499 163
chair 0.0052 0 24 87 140
chair 0.0040 228 0 481 156
chair 0.0019 9 3 491 120
chair 0.0011 38 2 281 119
sofa 0.1874 0 5 497 255
sofa 0.1041 -4 247 498 367
sofa 0.0273 9 3 491 120
sofa 0.0184 0 19 86 142
sofa 0.0173 448 0 499 163
sofa 0.0123 229 1 479 155
sofa 0.0065 3 141 495 345
sofa 0.0032 38 2 281 119
sofa 0.0031 0 19 96 288
sofa 0.0018 430 -1 503 244
sofa 0.0013 454 159 500 231
sofa 0.0010 258 0 517 290
diningtable 0.0020 1 241 500 366
diningtable 0.0016 449 -1 500 163
