person 0.8309 250 163 282 220
person 0.1297 275 182 328 242
person 0.0649 202 166 349 273
person 0.0121 273 184 293 225
person 0.0098 248 175 271 229
person 0.0080 274 185 290 204
person 0.0073 232 169 288 236
person 0.0070 261 166 285 201
person 0.0050 276 201 317 250
person 0.0049 272 205 294 230
person 0.0042 272 184 306 234
person 0.0034 251 172 276 206
person 0.0032 270 171 290 210
person 0.0026 268 168 283 192
person 0.0022 274 190 288 213
person 0.0020 176 162 324 231
person 0.0014 250 171 262 196
person 0.0013 247 182 259 209
car 0.0024 159 167 352 271
motorbike 0.0032 159 167 352 271
aeroplane 0.0014 159 167 352 271
bus 0.0013 159 167 352 271
train 0.0024 159 167 352 271
boat 0.7791 161 167 350 275
boat 0.2925 250 163 283 223
boat 0.0186 275 182 326 236
boat 0.0095 321 216 357 248
boat 0.0078 232 169 288 236
boat 0.0041 311 215 358 269
boat 0.0023 202 206 358 284
boat 0.0015 272 184 296 225
boat 0.0014 169 163 329 231
boat 0.0012 248 175 271 229
bird 0.0010 470 130 484 138
dog 0.0279 274 183 327 237
dog 0.0050 275 185 298 211
dog 0.0043 249 163 280 219
dog 0.0019 272 204 294 229
dog 0.0016 274 185 290 204
horse 0.0040 275 182 326 236
sheep 0.0013 274 183 327 237
cow 0.0054 275 182 326 236
chair 0.0061 275 182 326 236
sofa 0.0010 163 165 344 275
diningtable 0.0012 159 167 352 271
