person 0.0224 389 0 500 45
person 0.0070 480 0 500 31
person 0.0061 148 1 317 45
person 0.0051 0 17 44 106
person 0.0017 239 0 325 35
person 0.0016 205 0 290 44
person 0.0015 0 346 9 372
person 0.0011 278 0 319 32
car 0.0016 148 1 317 45
car 0.0013 389 0 500 45
bird 0.0316 480 0 500 31
bird 0.0030 391 0 498 44
bird 0.0025 0 17 44 106
bird 0.0013 475 0 500 52
cat 0.0175 0 17 44 110
cat 0.0041 480 0 499 31
cat 0.0040 0 346 9 372
cat 0.0038 0 241 83 369
cat 0.0022 -1 61 341 373
cat 0.0012 0 11 81 343
cat 0.0010 391 0 498 44
dog 0.8028 -5 67 345 370
dog 0.0257 0 243 79 367
dog 0.0164 479 0 499 31
dog 0.0080 0 17 44 110
dog 0.0042 0 346 9 372
dog 0.0035 167 74 339 361
dog 0.0029 0 11 117 347
dog 0.0027 0 140 80 357
dog 0.0024 391 0 498 44
dog 0.0014 1 257 78 321
dog 0.0011 475 0 500 53
horse 0.0034 480 0 500 31
horse 0.0015 -1 61 341 373
sheep 0.0471 480 0 500 31
sheep 0.0073 0 349 8 374
sheep 0.0050 390 0 499 46
sheep 0.0031 0 22 44 107
sheep 0.0024 -3 68 344 369
sheep 0.0023 0 243 79 367
cow 0.0082 480 0 500 31
cow 0.0046 -3 68 344 369
cow 0.0023 391 0 498 44
cow 0.0013 0 17 44 106
chair 0.0031 388 0 502 44
chair 0.0029 -1 61 341 373
sofa 0.0054 -1 61 341 373
sofa 0.0015 0 243 82 369
