person 0.0014 123 72 366 354
bird 0.0045 188 46 275 91
bird 0.0027 123 72 366 354
cat 0.0069 189 46 277 92
cat 0.0019 132 36 375 285
dog 0.2030 125 76 366 366
dog 0.0118 184 46 274 90
dog 0.0018 18 12 417 357
horse 0.0090 125 76 366 366
sheep 0.2046 124 74 365 353
sheep 0.0362 190 47 279 91
sheep 0.0124 18 12 417 357
sheep 0.0044 119 47 317 261
sheep 0.0019 156 187 463 366
sheep 0.0012 201 0 243 20
cow 0.0053 125 76 366 366
cow 0.0021 184 46 274 90
chair 0.0035 111 24 377 352
sofa 0.0030 25 11 411 356
diningtable 0.0045 18 12 417 357
diningtable 0.0011 123 72 366 354
