person 0.8360 167 205 176 230
person 0.6092 201 244 211 268
person 0.5088 113 264 127 294
person 0.4904 377 193 394 227
person 0.3931 103 267 113 292
person 0.0525 382 193 394 210
person 0.0431 110 255 125 289
person 0.0361 198 245 205 265
person 0.0243 194 240 213 269
person 0.0235 204 242 212 262
person 0.0234 102 252 115 291
person 0.0234 229 213 241 226
person 0.0190 100 257 109 288
person 0.0182 375 194 387 238
person 0.0167 225 214 240 232
person 0.0154 224 215 234 231
person 0.0136 231 212 240 223
person 0.0120 87 239 157 290
person 0.0115 218 211 252 255
person 0.0114 184 238 211 262
person 0.0108 193 243 205 258
person 0.0106 480 127 485 132
person 0.0100 386 193 395 222
person 0.0098 226 210 244 239
person 0.0097 110 273 123 293
person 0.0089 382 199 395 231
person 0.0083 479 127 488 133
person 0.0081 98 249 133 289
person 0.0079 167 235 227 266
person 0.0078 234 212 243 223
person 0.0077 35 237 181 295
person 0.0071 207 242 214 257
person 0.0060 96 261 107 285
person 0.0059 116 269 128 289
person 0.0056 484 127 499 133
person 0.0056 98 269 110 290
person 0.0055 377 196 385 209
person 0.0050 218 210 233 237
person 0.0050 201 243 209 255
person 0.0042 216 217 229 232
person 0.0041 168 207 175 216
person 0.0040 462 299 500 330
person 0.0036 100 267 132 298
person 0.0034 203 253 210 269
person 0.0029 215 217 230 251
person 0.0028 378 191 393 206
person 0.0027 223 211 235 224
person 0.0025 387 195 395 207
person 0.0023 38 241 52 275
person 0.0022 99 246 106 259
person 0.0022 375 198 392 249
person 0.0020 209 240 218 254
person 0.0018 162 236 209 259
person 0.0018 386 208 399 229
person 0.0018 277 247 289 274
person 0.0017 199 241 216 263
person 0.0017 223 217 231 244
person 0.0017 38 249 47 276
person 0.0016 9 220 257 296
person 0.0016 101 249 114 259
person 0.0016 488 175 498 181
person 0.0016 98 240 112 290
person 0.0015 111 249 121 259
person 0.0015 76 268 130 292
person 0.0013 42 243 62 273
person 0.0012 206 245 214 263
person 0.0012 372 196 382 229
person 0.0011 178 210 265 259
person 0.0011 382 221 406 280
person 0.0011 104 226 143 284
person 0.0011 37 262 45 279
person 0.0011 43 243 60 254
person 0.0010 97 237 105 253
person 0.0010 38 259 51 280
person 0.0010 116 260 129 281
person 0.0010 212 241 225 256
person 0.0010 379 210 405 258
bicycle 0.0010 462 307 500 332
car 0.0076 488 128 499 133
car 0.0035 162 234 210 262
car 0.0033 479 127 488 133
car 0.0026 480 127 485 132
car 0.0021 490 175 498 180
car 0.0018 9 222 173 296
car 0.0015 491 126 499 133
car 0.0014 482 126 498 134
car 0.0012 11 217 320 282
car 0.0012 330 124 340 129
motorbike 0.0012 159 234 213 261
aeroplane 0.4333 157 87 403 265
aeroplane 0.0949 27 54 461 263
aeroplane 0.0228 15 219 314 286
aeroplane 0.0119 13 225 463 335
aeroplane 0.0109 0 1 31 102
aeroplane 0.0092 483 127 498 133
aeroplane 0.0087 474 150 499 160
aeroplane 0.0065 476 111 500 133
aeroplane 0.0056 478 126 488 133
aeroplane 0.0052 394 147 413 171
aeroplane 0.0052 5 225 159 293
aeroplane 0.0048 153 78 486 201
aeroplane 0.0048 196 22 506 237
aeroplane 0.0042 97 234 270 279
aeroplane 0.0038 341 124 359 130
aeroplane 0.0034 205 207 287 263
aeroplane 0.0031 491 153 499 158
aeroplane 0.0031 476 120 500 144
aeroplane 0.0029 0 1 52 138
aeroplane 0.0029 160 233 211 266
aeroplane 0.0026 0 13 87 182
aeroplane 0.0024 0 -1 40 272
aeroplane 0.0022 39 216 191 281
aeroplane 0.0019 394 146 411 159
aeroplane 0.0019 147 123 507 315
aeroplane 0.0019 0 4 114 298
aeroplane 0.0018 483 112 499 121
aeroplane 0.0017 476 113 496 123
aeroplane 0.0016 401 151 412 171
aeroplane 0.0016 371 189 398 230
aeroplane 0.0014 472 150 498 168
aeroplane 0.0014 151 164 367 271
aeroplane 0.0013 491 126 499 133
aeroplane 0.0013 478 124 484 132
aeroplane 0.0013 492 112 500 120
aeroplane 0.0012 480 127 485 132
aeroplane 0.0012 87 239 157 290
aeroplane 0.0011 106 174 261 241
aeroplane 0.0011 489 111 499 124
aeroplane 0.0011 494 152 499 157
aeroplane 0.0010 384 145 412 176
aeroplane 0.0010 328 123 344 129
aeroplane 0.0010 37 197 396 297
aeroplane 0.0010 486 175 498 182
bus 0.0039 9 222 173 296
bus 0.0027 159 234 213 261
bus 0.0011 0 0 30 103
train 0.0058 0 0 29 101
train 0.0014 9 222 173 296
boat 0.0035 0 1 31 107
boat 0.0021 9 222 173 296
boat 0.0011 491 176 499 181
dog 0.0021 113 268 127 294
chair 0.0023 376 193 393 230
chair 0.0016 160 234 211 257
chair 0.0015 379 210 405 258
sofa 0.0033 160 234 211 257
