person 0.0078 143 188 213 237
person 0.0030 181 221 192 236
person 0.0026 157 216 204 238
person 0.0020 204 223 223 239
person 0.0013 162 220 191 236
person 0.0013 193 221 216 239
person 0.0011 69 184 393 271
person 0.0010 186 208 218 237
bicycle 0.0014 145 189 215 223
car 0.0012 64 182 430 276
boat 0.7692 69 185 416 273
boat 0.0079 74 181 243 264
boat 0.0047 417 201 462 213
boat 0.0034 60 123 459 257
boat 0.0032 91 171 225 231
boat 0.0017 146 189 215 234
boat 0.0013 153 187 207 213
bird 0.0035 180 145 184 149
bird 0.0021 161 157 165 162
bird 0.0012 313 84 328 93
chair 0.0044 143 189 212 237
