bird 0.2155 268 137 308 229
bird 0.0731 273 137 409 249
bird 0.0196 0 139 9 159
bird 0.0126 227 136 314 261
bird 0.0095 10 126 95 168
bird 0.0060 0 134 23 183
bird 0.0045 0 138 15 166
bird 0.0041 1 129 80 192
bird 0.0039 467 161 499 206
bird 0.0038 0 138 8 177
bird 0.0031 348 54 379 86
bird 0.0031 0 329 31 367
bird 0.0026 0 107 15 157
bird 0.0026 286 155 473 271
bird 0.0025 374 118 415 151
bird 0.0025 208 133 312 354
bird 0.0023 23 134 106 194
bird 0.0020 0 141 33 255
bird 0.0020 0 102 32 145
bird 0.0019 0 118 27 169
bird 0.0018 174 211 189 231
bird 0.0017 261 138 347 241
bird 0.0016 0 121 39 190
bird 0.0016 18 137 68 168
bird 0.0015 18 145 74 183
bird 0.0015 282 137 312 207
bird 0.0015 0 146 30 210
bird 0.0015 22 169 136 243
bird 0.0014 0 330 56 372
bird 0.0013 486 124 500 155
bird 0.0013 294 180 434 255
bird 0.0013 321 120 442 246
bird 0.0012 -1 97 94 177
bird 0.0011 479 149 499 190
bird 0.0011 376 119 438 168
bird 0.0011 0 124 12 159
bird 0.0011 467 136 499 195
bird 0.0011 -1 107 64 163
bird 0.0010 455 160 499 236
bird 0.0010 0 335 5 343
bird 0.0010 181 111 310 248
