person 0.0023 110 127 221 192
person 0.0012 45 161 281 292
person 0.0010 224 176 296 244
bicycle 0.8897 47 161 281 292
bicycle 0.0224 224 175 296 244
bicycle 0.0112 196 128 302 210
bicycle 0.0072 169 144 296 261
bicycle 0.0067 133 126 270 243
bicycle 0.0031 237 195 294 258
bicycle 0.0016 114 156 176 186
bicycle 0.0016 117 129 227 195
bicycle 0.0015 215 207 283 269
motorbike 0.0028 45 160 281 293
motorbike 0.0010 196 128 302 210
boat 0.0017 112 101 176 116
boat 0.0015 36 99 169 116
cat 0.0012 225 173 273 207
bottle 0.0015 137 171 196 208
chair 0.2237 225 177 296 243
chair 0.0538 214 133 303 206
chair 0.0473 253 189 296 241
chair 0.0358 291 101 317 146
chair 0.0137 221 170 284 212
chair 0.0086 272 197 294 241
chair 0.0062 160 125 227 182
chair 0.0057 116 132 225 194
chair 0.0053 261 174 285 196
chair 0.0039 160 126 303 242
chair 0.0038 202 125 228 158
chair 0.0036 197 170 293 265
chair 0.0028 192 123 232 179
chair 0.0027 256 166 294 198
chair 0.0026 294 100 318 127
chair 0.0021 237 195 294 258
chair 0.0020 149 157 224 212
chair 0.0017 69 129 265 280
chair 0.0011 165 162 207 175
chair 0.0010 141 171 214 204
pottedplant 0.6261 200 129 304 201
pottedplant 0.0523 212 151 294 209
pottedplant 0.0370 160 125 303 244
pottedplant 0.0255 219 170 296 247
pottedplant 0.0182 222 171 280 207
pottedplant 0.0141 261 174 284 196
pottedplant 0.0056 196 125 230 180
pottedplant 0.0051 245 134 303 195
pottedplant 0.0049 186 126 255 184
pottedplant 0.0041 256 166 294 198
pottedplant 0.0036 163 126 233 208
pottedplant 0.0033 274 136 316 155
pottedplant 0.0025 289 100 317 148
pottedplant 0.0025 248 185 295 240
pottedplant 0.0018 194 136 259 222
pottedplant 0.0014 241 128 304 162
pottedplant 0.0013 202 125 228 158
pottedplant 0.0012 48 161 278 293
pottedplant 0.0012 269 110 316 150
pottedplant 0.0011 270 134 300 151
pottedplant 0.0010 267 134 309 180
diningtable 0.0088 226 178 296 242
diningtable 0.0047 33 98 178 120
diningtable 0.0026 214 133 303 205
diningtable 0.0013 222 171 280 207
diningtable 0.0013 45 161 281 293
diningtable 0.0011 221 162 294 220
diningtable 0.0010 110 101 177 116
