person 0.0067 315 181 497 352
person 0.0052 2 214 94 293
person 0.0052 336 196 495 291
person 0.0046 172 67 181 81
person 0.0040 76 157 135 219
person 0.0034 179 66 188 81
person 0.0033 0 212 121 341
person 0.0021 350 217 452 284
person 0.0019 0 203 3 214
person 0.0018 183 66 193 82
person 0.0017 172 65 188 83
person 0.0016 222 117 231 131
person 0.0016 219 117 227 131
person 0.0011 477 240 500 271
person 0.0010 217 72 227 89
car 0.0012 78 158 135 220
cat 0.0028 0 203 3 214
cat 0.0028 477 240 500 271
cat 0.0027 0 208 120 336
cat 0.0022 1 215 92 291
bottle 0.0100 477 240 499 269
bottle 0.0016 0 202 3 213
bottle 0.0014 464 187 477 204
chair 0.8745 0 212 120 341
chair 0.1945 304 201 497 373
chair 0.0374 2 214 94 293
chair 0.0143 -1 213 66 331
chair 0.0131 160 213 283 306
chair 0.0084 58 218 91 245
chair 0.0070 0 217 47 286
chair 0.0056 477 240 500 271
chair 0.0047 0 209 73 268
chair 0.0040 425 251 499 325
chair 0.0038 450 243 485 261
chair 0.0025 0 267 10 283
chair 0.0023 334 192 496 300
chair 0.0020 33 215 97 268
chair 0.0017 350 217 452 284
chair 0.0016 0 213 21 279
chair 0.0016 447 238 494 272
chair 0.0014 0 266 45 319
chair 0.0013 0 203 3 214
chair 0.0012 426 209 454 221
chair 0.0011 407 222 502 344
chair 0.0011 0 207 41 258
chair 0.0010 14 222 51 261
chair 0.0010 420 192 495 295
chair 0.0010 423 224 492 270
chair 0.0010 366 199 464 266
sofa 0.5228 304 188 497 375
sofa 0.0849 0 210 122 342
sofa 0.0325 318 201 485 305
sofa 0.0217 425 251 499 323
sofa 0.0146 461 241 499 269
sofa 0.0127 407 222 502 344
sofa 0.0085 363 213 493 281
sofa 0.0083 422 228 499 300
sofa 0.0043 76 158 136 221
sofa 0.0030 160 213 283 306
sofa 0.0027 449 244 486 263
sofa 0.0025 2 214 94 293
sofa 0.0020 0 217 47 286
sofa 0.0018 428 200 498 251
sofa 0.0017 306 273 484 374
sofa 0.0013 464 248 500 282
sofa 0.0012 382 214 446 246
sofa 0.0012 213 216 243 234
sofa 0.0012 209 216 226 228
sofa 0.0012 -1 213 66 331
sofa 0.0010 177 211 279 250
sofa 0.0010 423 224 492 270
pottedplant 0.0020 477 240 500 271
diningtable 0.2114 425 252 499 324
diningtable 0.0290 474 241 500 271
diningtable 0.0172 160 213 283 306
diningtable 0.0062 463 261 499 283
diningtable 0.0058 440 246 498 296
diningtable 0.0048 407 222 502 344
diningtable 0.0039 209 216 226 228
diningtable 0.0035 428 267 500 376
diningtable 0.0034 166 213 284 243
diningtable 0.0027 99 209 423 308
diningtable 0.0023 156 186 281 268
diningtable 0.0020 235 216 276 229
diningtable 0.0016 0 212 120 342
diningtable 0.0014 448 243 487 263
diningtable 0.0012 183 214 338 262
diningtable 0.0010 213 216 243 234
diningtable 0.0010 183 217 233 240
tvmonitor 0.8806 74 157 136 220
tvmonitor 0.0113 160 169 245 234
tvmonitor 0.0028 209 216 225 229
tvmonitor 0.0014 477 240 500 271
tvmonitor 0.0012 -4 212 115 290
