person 0.9048 0 110 106 372
person 0.8965 249 65 442 366
person 0.8298 143 87 284 368
person 0.7570 64 174 83 228
person 0.7003 84 168 107 230
person 0.3415 78 175 91 227
person 0.0411 0 317 21 374
person 0.0390 141 198 152 219
person 0.0318 119 196 160 268
person 0.0316 99 167 114 227
person 0.0303 134 196 154 225
person 0.0295 91 182 109 229
person 0.0258 54 200 66 216
person 0.0253 41 144 122 279
person 0.0222 121 225 148 268
person 0.0211 66 176 82 204
person 0.0192 85 177 98 195
person 0.0186 93 172 107 195
person 0.0183 117 135 230 328
person 0.0177 98 177 107 194
person 0.0174 146 198 156 216
person 0.0151 79 175 90 196
person 0.0143 84 172 103 203
person 0.0134 95 197 110 228
person 0.0133 81 186 91 200
person 0.0128 71 173 92 197
person 0.0126 94 266 146 307
person 0.0120 104 169 119 223
person 0.0118 45 201 61 216
person 0.0115 100 175 111 195
person 0.0108 97 174 108 203
person 0.0101 484 272 499 373
person 0.0100 109 176 127 232
person 0.0084 0 213 26 371
person 0.0083 49 193 68 223
person 0.0079 71 171 82 188
person 0.0077 105 218 150 281
person 0.0075 99 204 108 229
person 0.0074 108 187 118 221
person 0.0069 116 185 137 229
person 0.0067 56 168 92 234
person 0.0063 0 190 9 208
person 0.0060 86 167 103 189
person 0.0058 55 177 71 219
person 0.0056 138 197 148 215
person 0.0056 26 118 156 368
person 0.0056 109 197 118 212
person 0.0054 63 174 74 205
person 0.0053 99 185 147 251
person 0.0052 101 203 114 228
person 0.0051 124 157 169 305
person 0.0050 64 163 78 177
person 0.0049 248 62 343 379
person 0.0049 118 87 399 368
person 0.0048 109 200 121 231
person 0.0043 103 194 116 225
person 0.0041 75 140 166 301
person 0.0040 70 167 80 180
person 0.0039 66 167 81 185
person 0.0038 322 59 496 371
person 0.0038 92 167 103 177
person 0.0035 150 197 158 209
person 0.0033 72 187 85 224
person 0.0033 118 193 154 235
person 0.0033 105 171 143 289
person 0.0032 116 173 128 220
person 0.0032 76 171 90 187
person 0.0032 76 197 90 227
person 0.0032 95 165 108 178
person 0.0031 0 197 77 359
person 0.0030 113 196 126 235
person 0.0030 126 45 135 59
person 0.0029 87 71 244 371
person 0.0027 104 182 119 210
person 0.0027 494 334 500 374
person 0.0026 94 166 112 187
person 0.0025 89 178 154 327
person 0.0023 101 91 179 326
person 0.0022 140 193 160 240
person 0.0022 488 271 499 319
person 0.0020 114 209 132 242
person 0.0019 82 182 99 210
person 0.0018 115 264 148 288
person 0.0017 62 161 73 175
person 0.0017 0 107 19 359
person 0.0017 491 312 500 372
person 0.0017 83 200 94 227
person 0.0016 129 42 135 54
person 0.0016 148 196 160 218
person 0.0015 87 166 98 180
person 0.0014 118 176 126 206
person 0.0014 114 248 149 296
person 0.0014 103 191 114 213
person 0.0013 0 110 37 368
person 0.0013 101 184 112 209
person 0.0013 116 36 272 251
person 0.0013 54 167 69 205
person 0.0013 130 196 145 225
person 0.0012 123 243 147 267
person 0.0012 0 264 16 372
car 0.0063 103 0 480 354
car 0.0032 81 169 103 229
car 0.0016 0 190 8 207
car 0.0014 50 198 66 217
car 0.0014 256 32 500 319
car 0.0013 234 161 269 206
car 0.0011 93 172 107 195
car 0.0011 45 200 62 216
aeroplane 0.0029 98 18 502 345
aeroplane 0.0018 107 -3 498 197
bus 0.0302 103 0 480 354
bus 0.0068 114 1 496 162
bus 0.0016 249 59 448 366
bus 0.0011 119 -1 357 246
train 0.1599 104 -5 496 198
train 0.0160 100 63 482 358
train 0.0097 114 0 323 245
train 0.0062 264 19 498 281
train 0.0051 93 67 289 362
train 0.0031 117 40 196 270
train 0.0022 119 2 493 85
train 0.0017 364 46 499 359
train 0.0016 101 91 179 326
train 0.0015 249 64 442 367
train 0.0012 126 4 292 154
train 0.0011 415 108 499 351
boat 0.0097 98 18 502 345
boat 0.0059 264 19 498 281
boat 0.0040 249 64 442 367
boat 0.0027 107 -3 498 197
boat 0.0023 406 301 500 353
boat 0.0010 369 77 500 359
bird 0.0012 45 201 56 217
horse 0.0010 251 66 498 366
cow 0.0020 422 212 499 336
cow 0.0017 484 272 499 373
cow 0.0010 352 54 502 362
bottle 0.0409 91 269 147 307
bottle 0.0056 89 280 113 308
bottle 0.0014 54 204 67 216
bottle 0.0014 45 203 57 216
chair 0.0011 0 320 21 374
diningtable 0.0020 84 260 127 271
diningtable 0.0015 0 320 22 373
