person 0.0644 274 12 280 24
person 0.0266 279 10 286 22
person 0.0078 283 11 290 23
person 0.0070 273 10 283 26
person 0.0043 273 15 279 31
person 0.0037 278 10 290 24
person 0.0032 303 9 310 22
person 0.0028 284 13 292 24
person 0.0028 143 7 149 15
person 0.0026 275 9 281 19
person 0.0017 327 16 334 25
person 0.0017 329 17 337 24
car 0.0074 168 7 182 15
car 0.0043 151 5 179 14
car 0.0015 144 7 161 14
car 0.0010 47 13 55 24
bird 0.0012 215 86 318 223
dog 0.0081 214 84 319 222
sheep 0.9262 214 86 318 227
sheep 0.9186 81 75 166 187
sheep 0.8752 152 123 244 283
sheep 0.8278 76 163 211 395
sheep 0.0121 113 111 238 355
sheep 0.0016 47 15 55 24
sheep 0.0014 78 79 247 198
sheep 0.0010 9 35 15 50
cow 0.0054 214 86 318 227
cow 0.0038 81 75 167 186
cow 0.0013 153 124 244 281
cow 0.0013 76 159 213 384
