person 0.0284 6 394 214 499
person 0.0109 -2 271 326 493
person 0.0094 269 251 289 276
person 0.0069 12 470 195 499
person 0.0049 268 251 325 313
person 0.0031 268 247 323 281
person 0.0022 154 132 210 252
person 0.0017 165 185 183 205
person 0.0013 176 162 188 174
bicycle 0.0011 11 435 207 502
car 0.0024 269 249 329 273
car 0.0021 270 215 330 266
car 0.0014 155 132 210 253
car 0.0011 165 185 183 205
car 0.0010 161 180 191 215
bus 0.0134 148 119 216 262
train 0.0016 148 119 216 262
bird 0.0043 12 470 195 499
bird 0.0036 -3 268 325 491
bird 0.0035 11 435 207 502
bird 0.0017 269 251 289 275
bird 0.0012 65 495 83 499
cat 0.0074 -3 270 327 493
dog 0.6923 -4 261 325 492
dog 0.0107 8 391 216 497
dog 0.0043 12 470 195 499
dog 0.0031 269 251 289 276
dog 0.0015 268 252 329 319
dog 0.0010 266 252 321 277
horse 0.0711 -2 262 324 493
horse 0.0011 11 435 207 502
sheep 0.0032 -4 261 325 492
cow 0.0160 -4 261 325 492
