person 0.1007 316 414 375 499
person 0.0515 0 253 53 326
person 0.0394 86 155 374 495
person 0.0204 348 417 374 494
person 0.0144 319 461 375 500
person 0.0110 276 392 374 501
person 0.0091 0 150 104 431
person 0.0075 332 388 375 484
person 0.0044 269 484 300 500
person 0.0039 286 449 378 500
person 0.0037 361 417 375 489
person 0.0036 1 277 60 374
person 0.0028 45 492 99 499
person 0.0023 268 480 322 500
person 0.0018 0 256 26 326
person 0.0018 1 306 58 348
person 0.0014 203 103 234 178
person 0.0013 -2 213 82 375
person 0.0011 258 81 292 147
person 0.0010 173 396 378 498
person 0.0010 -1 155 56 327
person 0.0010 1 320 68 388
bicycle 0.0035 205 56 251 121
bird 0.0010 272 80 298 142
cat 0.0010 274 80 299 141
dog 0.0010 0 256 53 329
bottle 0.5342 259 82 280 148
bottle 0.1278 204 104 233 179
bottle 0.0763 218 90 241 132
bottle 0.0653 267 80 298 144
bottle 0.0392 231 104 246 134
bottle 0.0390 206 68 247 136
bottle 0.0316 225 101 242 132
bottle 0.0234 187 100 198 126
bottle 0.0232 183 99 200 139
bottle 0.0216 215 100 237 161
bottle 0.0147 215 101 235 131
bottle 0.0140 0 437 17 499
bottle 0.0113 255 91 271 139
bottle 0.0084 228 131 260 167
bottle 0.0074 246 97 259 133
bottle 0.0073 185 469 216 499
bottle 0.0065 181 431 221 500
bottle 0.0057 233 98 243 125
bottle 0.0057 176 104 202 148
bottle 0.0053 184 89 239 141
bottle 0.0053 0 468 17 499
bottle 0.0052 199 103 225 139
bottle 0.0042 204 88 242 121
bottle 0.0042 209 102 224 132
bottle 0.0038 259 98 278 131
bottle 0.0036 136 143 218 197
bottle 0.0034 199 121 212 146
bottle 0.0031 209 109 232 145
bottle 0.0031 232 119 246 133
bottle 0.0029 9 395 87 492
bottle 0.0028 204 57 250 110
bottle 0.0024 0 394 23 499
bottle 0.0018 273 102 297 145
bottle 0.0018 119 81 162 150
bottle 0.0017 173 88 201 128
bottle 0.0017 199 112 220 167
bottle 0.0017 191 93 217 125
bottle 0.0017 0 456 25 500
bottle 0.0016 210 91 233 117
bottle 0.0014 219 111 233 139
bottle 0.0014 160 90 202 144
bottle 0.0013 226 80 248 130
bottle 0.0012 0 420 13 485
bottle 0.0012 11 462 43 499
bottle 0.0012 314 192 374 237
bottle 0.0011 0 457 16 489
bottle 0.0011 0 256 53 329
bottle 0.0010 217 86 240 106
bottle 0.0010 108 153 133 186
chair 0.1564 0 171 111 444
chair 0.1002 0 256 53 328
chair 0.0305 6 395 93 497
chair 0.0239 5 159 106 326
chair 0.0151 0 293 72 381
chair 0.0113 45 492 99 499
chair 0.0111 270 484 304 499
chair 0.0094 0 283 86 449
chair 0.0064 -2 213 82 375
chair 0.0050 86 155 374 495
chair 0.0049 0 156 60 329
chair 0.0049 204 56 251 132
chair 0.0047 27 436 102 500
chair 0.0042 1 306 58 348
chair 0.0034 69 369 274 499
chair 0.0029 6 107 180 441
chair 0.0029 161 421 227 500
chair 0.0029 3 335 115 494
chair 0.0022 37 471 99 500
chair 0.0021 273 483 330 499
chair 0.0018 22 369 169 500
chair 0.0016 21 485 96 499
chair 0.0015 55 421 116 498
chair 0.0014 78 426 108 476
chair 0.0014 121 81 161 144
chair 0.0013 290 464 378 499
chair 0.0013 0 157 34 276
chair 0.0013 4 453 46 500
chair 0.0012 177 405 256 499
chair 0.0012 0 463 17 499
chair 0.0011 293 175 374 445
chair 0.0010 59 425 240 499
chair 0.0010 317 414 375 499
sofa 0.0745 0 253 53 326
sofa 0.0337 0 171 111 444
sofa 0.0082 80 130 377 499
sofa 0.0055 293 175 374 445
sofa 0.0050 -2 213 82 375
sofa 0.0036 0 303 60 383
sofa 0.0019 2 307 58 346
sofa 0.0010 45 492 99 499
pottedplant 0.0034 205 55 252 129
pottedplant 0.0021 258 81 280 146
pottedplant 0.0014 258 80 300 146
diningtable 0.0188 0 308 90 464
diningtable 0.0116 9 395 82 471
diningtable 0.0113 0 321 67 387
diningtable 0.0099 3 162 127 460
diningtable 0.0029 0 256 53 329
diningtable 0.0024 -1 263 72 394
diningtable 0.0021 3 103 233 475
diningtable 0.0018 1 306 58 348
diningtable 0.0013 12 435 102 500
diningtable 0.0011 5 161 105 345
diningtable 0.0010 3 61 326 367
