person 0.0126 0 2 38 209
person 0.0025 0 130 9 212
person 0.0023 0 102 12 232
person 0.0018 0 5 71 286
person 0.0010 0 42 20 269
car 0.0047 22 0 404 300
car 0.0019 23 0 406 94
cat 0.7484 42 28 234 296
cat 0.0390 21 22 402 299
cat 0.0120 0 4 42 209
cat 0.0020 -1 0 78 293
cat 0.0016 0 126 9 212
cat 0.0011 -3 0 394 166
dog 0.0082 41 28 235 295
dog 0.0031 0 6 44 282
bottle 0.0015 0 126 9 212
chair 0.0132 21 22 402 299
chair 0.0119 0 6 44 282
chair 0.0039 0 126 9 212
chair 0.0018 210 11 399 296
chair 0.0010 42 31 231 293
sofa 0.0050 21 22 402 299
sofa 0.0030 0 6 44 282
sofa 0.0013 42 31 231 293
pottedplant 0.0011 0 3 40 224
diningtable 0.0023 0 6 44 282
diningtable 0.0017 22 0 404 300
tvmonitor 0.0035 22 0 404 300
tvmonitor 0.0032 0 130 9 212
tvmonitor 0.0012 0 4 42 209
