person 0.8777 0 239 47 373
person 0.2057 471 0 499 134
person 0.0881 467 2 499 239
person 0.0277 485 0 500 80
person 0.0099 33 246 51 285
person 0.0085 23 231 64 368
person 0.0074 466 110 499 259
person 0.0066 47 218 89 371
person 0.0056 0 254 8 270
person 0.0047 0 250 9 280
person 0.0040 17 231 54 286
person 0.0033 0 260 9 298
person 0.0029 257 282 483 373
person 0.0029 459 54 499 331
person 0.0024 0 258 11 273
person 0.0021 33 255 81 372
person 0.0020 0 257 9 333
person 0.0020 468 183 499 248
person 0.0018 428 4 490 255
person 0.0018 473 67 500 136
person 0.0017 468 97 499 189
person 0.0015 0 234 40 304
person 0.0013 405 -1 501 352
person 0.0012 37 254 52 295
person 0.0012 0 354 4 374
person 0.0011 0 272 7 319
person 0.0010 0 240 9 265
person 0.0010 0 242 13 291
person 0.0010 5 229 93 373
bicycle 0.0011 250 286 475 372
bird 0.0019 121 158 496 370
bird 0.0012 257 282 483 373
cat 0.0118 257 282 483 373
cat 0.0072 87 157 493 368
cat 0.0011 232 206 498 371
dog 0.0860 89 153 490 369
dog 0.0077 257 282 483 373
dog 0.0014 233 207 499 371
dog 0.0011 349 288 469 372
horse 0.0080 257 282 483 373
horse 0.0069 117 155 500 368
sheep 0.3771 119 158 497 370
sheep 0.1250 259 283 484 372
sheep 0.0113 350 288 469 372
sheep 0.0111 253 208 499 369
sheep 0.0016 93 155 292 373
sheep 0.0013 167 302 440 374
cow 0.0120 89 153 490 369
cow 0.0070 257 282 483 373
cow 0.0012 349 288 469 372
cow 0.0010 233 207 499 371
bottle 0.0018 0 250 6 267
chair 0.0035 257 282 483 373
chair 0.0032 242 321 359 372
chair 0.0014 87 157 493 368
chair 0.0014 468 106 499 241
chair 0.0012 152 318 432 371
sofa 0.0013 257 282 483 373
pottedplant 0.0067 9 193 58 262
pottedplant 0.0037 21 220 59 262
pottedplant 0.0020 2 150 64 262
pottedplant 0.0019 0 216 13 237
pottedplant 0.0014 46 226 94 372
pottedplant 0.0011 64 271 103 372
pottedplant 0.0010 23 184 68 318
tvmonitor 0.0195 0 215 12 235
tvmonitor 0.0026 0 147 42 236
tvmonitor 0.0011 0 235 10 266
