person 0.0070 0 212 12 247
person 0.0064 0 216 41 274
person 0.0040 32 131 37 135
person 0.0034 6 30 322 378
person 0.0032 0 213 20 256
bicycle 0.0036 5 30 323 377
bicycle 0.0010 0 214 41 274
aeroplane 0.0018 3 21 321 367
boat 0.0192 5 30 323 377
boat 0.0049 0 215 42 274
boat 0.0045 -1 213 112 273
boat 0.0021 0 247 40 275
boat 0.0014 0 232 46 300
boat 0.0014 0 160 192 331
boat 0.0012 0 203 127 367
bird 0.0854 5 30 323 377
bird 0.0032 32 131 37 135
bird 0.0018 0 215 41 274
bird 0.0017 0 212 12 247
bird 0.0013 100 113 110 118
bird 0.0011 79 190 89 196
bird 0.0010 0 244 41 273
cat 0.0011 150 35 313 275
dog 0.4187 9 39 323 374
dog 0.0550 9 199 222 373
dog 0.0280 163 37 335 269
dog 0.0025 0 214 41 274
dog 0.0014 4 210 114 372
dog 0.0014 0 212 12 247
horse 0.1892 7 30 329 375
horse 0.0091 150 35 313 275
sheep 0.0017 5 30 323 377
cow 0.0079 5 30 323 377
bottle 0.0024 0 212 12 247
