person 0.5064 262 151 290 185
person 0.2416 236 157 271 195
person 0.1551 242 153 284 189
person 0.0935 136 177 146 186
person 0.0893 235 166 248 199
person 0.0660 43 186 51 214
person 0.0631 206 141 289 230
person 0.0469 135 173 148 187
person 0.0455 83 171 94 184
person 0.0417 258 163 283 186
person 0.0379 172 143 336 234
person 0.0356 52 107 385 278
person 0.0220 150 177 158 186
person 0.0193 184 165 194 186
person 0.0185 257 149 279 185
person 0.0164 96 170 109 184
person 0.0139 227 178 247 201
person 0.0124 358 169 376 207
person 0.0101 139 175 148 191
person 0.0099 81 193 90 214
person 0.0097 128 172 145 185
person 0.0094 134 163 147 186
person 0.0091 472 194 493 236
person 0.0086 149 191 162 228
person 0.0082 475 192 496 269
person 0.0079 140 173 160 187
person 0.0076 279 161 304 187
person 0.0070 318 164 342 201
person 0.0070 121 172 133 186
person 0.0069 484 228 499 263
person 0.0067 151 177 165 186
person 0.0064 224 161 247 196
person 0.0061 479 212 498 256
person 0.0054 39 187 49 220
person 0.0052 295 167 316 189
person 0.0049 249 152 271 186
person 0.0046 102 167 113 183
person 0.0045 109 173 120 185
person 0.0045 253 164 278 198
person 0.0044 117 172 129 186
person 0.0039 343 165 377 209
person 0.0038 158 177 169 186
person 0.0037 232 152 252 194
person 0.0035 268 155 315 191
person 0.0034 483 222 495 245
person 0.0033 149 177 163 201
person 0.0030 489 234 499 259
person 0.0030 321 165 358 202
person 0.0030 270 161 294 185
person 0.0029 142 165 160 185
person 0.0028 110 167 125 185
person 0.0027 72 193 79 211
person 0.0027 289 165 305 187
person 0.0026 44 184 52 199
person 0.0026 285 163 333 191
person 0.0026 361 170 374 189
person 0.0026 76 190 90 212
person 0.0025 480 230 499 283
person 0.0025 218 166 237 195
person 0.0023 491 223 499 247
person 0.0021 26 188 39 217
person 0.0021 198 139 209 152
person 0.0021 40 186 48 208
person 0.0020 122 164 136 186
person 0.0018 488 236 500 282
person 0.0017 41 184 54 222
person 0.0017 472 193 487 220
person 0.0017 24 194 31 207
person 0.0014 105 149 172 213
person 0.0014 446 137 459 158
person 0.0013 399 175 408 184
person 0.0013 75 124 206 257
person 0.0013 241 160 276 214
person 0.0013 466 169 497 245
person 0.0013 184 160 200 187
person 0.0012 258 140 356 230
person 0.0012 153 173 170 187
person 0.0012 103 175 116 185
person 0.0012 293 160 311 188
person 0.0012 303 162 321 191
person 0.0011 232 146 261 183
person 0.0010 146 192 159 221
person 0.0010 197 137 209 163
person 0.0010 482 206 495 239
person 0.0010 126 160 145 186
bicycle 0.0019 485 231 499 261
bicycle 0.0012 480 230 499 282
car 0.0035 485 234 499 283
car 0.0021 481 227 499 264
car 0.0016 489 234 499 259
car 0.0012 489 243 499 274
car 0.0011 50 107 388 278
car 0.0010 0 141 8 158
bus 0.8819 41 109 386 279
bus 0.0775 206 141 289 230
bus 0.0569 233 155 272 192
bus 0.0214 172 143 336 234
bus 0.0031 247 153 291 188
bus 0.0014 437 133 495 238
train 0.0036 50 107 388 278
bird 0.0014 170 20 174 31
bird 0.0013 408 110 415 119
bird 0.0012 80 35 85 43
bird 0.0011 79 39 85 44
