person 0.0069 418 192 427 198
person 0.0026 374 148 382 157
person 0.0023 403 187 416 198
person 0.0021 430 193 439 198
person 0.0019 403 193 408 208
person 0.0017 406 190 428 199
person 0.0017 402 187 409 203
person 0.0014 435 194 444 198
person 0.0013 422 193 434 198
person 0.0010 320 146 331 155
car 0.0554 415 192 427 198
car 0.0382 406 190 428 199
car 0.0286 430 193 439 198
car 0.0286 437 192 453 197
car 0.0208 468 192 480 197
car 0.0182 443 192 461 198
car 0.0180 451 193 464 198
car 0.0178 435 194 444 198
car 0.0143 467 193 476 198
car 0.0124 422 193 434 198
car 0.0084 450 192 479 198
car 0.0080 457 192 472 198
car 0.0072 478 191 487 197
car 0.0070 482 192 494 197
car 0.0066 415 189 427 197
car 0.0053 437 187 454 196
car 0.0039 403 188 427 204
car 0.0034 468 190 477 196
car 0.0031 492 192 499 197
car 0.0031 434 186 468 197
car 0.0028 469 190 486 197
car 0.0025 403 187 413 195
car 0.0024 426 180 437 194
car 0.0023 481 190 488 196
car 0.0021 433 182 450 193
car 0.0019 452 190 464 196
car 0.0019 426 181 457 195
car 0.0018 403 187 418 199
car 0.0016 445 189 473 197
car 0.0014 479 193 491 198
car 0.0011 493 193 499 199
car 0.0011 409 183 445 199
car 0.0010 486 194 497 199
aeroplane 0.7648 31 62 438 204
aeroplane 0.0051 420 181 468 197
aeroplane 0.0049 437 186 456 196
aeroplane 0.0038 241 140 422 201
aeroplane 0.0034 86 135 459 205
aeroplane 0.0026 404 188 427 198
aeroplane 0.0019 430 181 453 195
aeroplane 0.0017 417 180 446 197
aeroplane 0.0015 416 184 492 202
aeroplane 0.0015 427 182 464 191
aeroplane 0.0011 403 175 487 199
aeroplane 0.0010 425 181 441 192
bus 0.0011 437 192 453 198
boat 0.0602 460 53 492 64
boat 0.0200 458 43 493 66
boat 0.0020 468 192 480 197
boat 0.0014 458 47 494 86
boat 0.0010 478 191 487 197
diningtable 0.0016 22 60 438 202
