person 0.0705 0 91 60 371
person 0.0182 55 274 171 371
person 0.0112 -2 62 220 372
person 0.0035 488 60 500 87
person 0.0035 -1 94 122 372
person 0.0027 283 -6 498 333
person 0.0011 283 0 497 167
person 0.0011 468 58 499 155
person 0.0011 484 59 499 152
person 0.0011 479 59 500 96
person 0.0011 2 74 479 323
bicycle 0.0011 20 2 484 319
car 0.0035 8 2 481 312
bus 0.0013 8 2 481 312
train 0.0011 100 82 467 324
bird 0.0034 0 95 60 369
bird 0.0018 2 74 479 323
bird 0.0012 488 60 500 87
bird 0.0011 197 111 489 338
cat 0.0393 0 92 59 371
cat 0.0144 2 74 479 323
cat 0.0085 197 111 489 338
cat 0.0031 178 103 364 320
cat 0.0015 372 129 498 358
cat 0.0012 0 72 118 369
cat 0.0010 488 60 499 88
dog 0.0879 0 92 59 371
dog 0.0751 197 111 489 338
dog 0.0516 2 74 479 323
dog 0.0068 178 103 364 320
dog 0.0046 9 58 220 275
dog 0.0040 372 129 498 358
dog 0.0034 0 72 118 369
dog 0.0012 488 60 499 88
horse 0.0503 21 10 491 335
horse 0.0353 197 111 489 339
horse 0.0144 0 91 60 371
horse 0.0097 372 130 498 358
horse 0.0079 9 58 220 275
horse 0.0021 8 2 499 118
horse 0.0021 -3 63 138 373
horse 0.0020 489 62 499 88
horse 0.0015 115 84 414 317
sheep 0.0851 6 18 488 336
sheep 0.0646 11 57 219 274
sheep 0.0634 197 111 489 339
sheep 0.0274 0 91 60 371
sheep 0.0149 372 130 498 358
sheep 0.0066 115 84 414 317
sheep 0.0024 -1 82 174 368
sheep 0.0021 206 141 366 328
sheep 0.0014 310 -2 498 356
cow 0.0583 197 111 489 339
cow 0.0276 0 88 60 368
cow 0.0221 21 10 491 335
cow 0.0069 372 130 498 358
cow 0.0028 9 58 220 275
cow 0.0027 178 103 364 320
cow 0.0019 0 72 118 369
chair 0.0014 20 2 484 319
diningtable 0.0014 2 74 479 323
