person 0.5839 15 18 499 366
person 0.0492 247 155 331 251
person 0.0398 10 26 244 328
person 0.0161 207 143 503 366
person 0.0077 450 297 499 332
person 0.0053 18 226 485 370
person 0.0048 0 73 62 384
person 0.0044 0 26 119 353
person 0.0021 458 190 499 277
person 0.0020 54 76 368 323
person 0.0020 455 325 499 373
person 0.0019 445 293 499 371
person 0.0019 321 40 506 357
person 0.0018 249 171 304 238
person 0.0017 387 276 499 365
person 0.0016 10 48 41 86
person 0.0015 6 295 488 376
person 0.0015 281 158 448 300
person 0.0013 26 30 106 82
person 0.0013 430 72 499 177
person 0.0012 453 68 499 143
person 0.0011 0 31 43 314
car 0.0036 15 18 499 366
car 0.0010 450 291 499 331
motorbike 0.0012 15 18 499 366
aeroplane 0.0012 15 18 499 366
bus 0.0048 15 18 499 366
train 0.0023 15 18 499 366
cat 0.0033 447 288 500 331
cat 0.0013 5 23 243 325
bottle 0.0465 425 115 468 177
bottle 0.0398 467 163 500 201
bottle 0.0353 424 109 498 182
bottle 0.0248 449 141 500 202
bottle 0.0233 425 121 452 170
bottle 0.0188 448 95 497 151
bottle 0.0096 462 164 499 231
bottle 0.0081 447 153 499 256
bottle 0.0075 476 65 500 117
bottle 0.0064 433 112 459 162
bottle 0.0044 448 293 499 332
bottle 0.0040 459 68 500 135
bottle 0.0032 438 112 477 167
bottle 0.0031 426 63 500 155
bottle 0.0030 415 64 499 234
bottle 0.0030 457 183 499 281
bottle 0.0027 426 124 444 158
bottle 0.0025 440 124 463 156
bottle 0.0024 438 122 454 149
bottle 0.0020 455 118 499 187
bottle 0.0019 468 175 492 204
bottle 0.0018 479 79 500 179
bottle 0.0017 423 140 468 189
bottle 0.0011 261 169 324 245
bottle 0.0011 431 116 453 140
bottle 0.0010 456 170 495 210
chair 0.0037 457 183 499 281
chair 0.0034 377 192 499 348
chair 0.0032 448 293 499 333
chair 0.0031 435 188 499 340
chair 0.0023 385 272 498 348
chair 0.0020 10 26 244 328
chair 0.0017 218 35 282 114
chair 0.0016 445 293 499 371
chair 0.0016 394 170 499 288
chair 0.0012 0 73 62 384
chair 0.0011 387 274 421 316
sofa 0.0016 448 293 499 333
sofa 0.0015 445 319 500 372
sofa 0.0014 7 26 229 346
sofa 0.0011 0 73 62 384
sofa 0.0010 387 276 499 365
sofa 0.0010 9 46 484 372
pottedplant 0.0585 477 66 499 118
pottedplant 0.0396 462 66 499 135
pottedplant 0.0124 478 66 499 94
pottedplant 0.0107 445 76 499 159
pottedplant 0.0055 420 63 500 189
pottedplant 0.0036 477 75 500 155
pottedplant 0.0035 480 83 500 129
pottedplant 0.0022 437 108 499 185
pottedplant 0.0021 450 111 496 147
pottedplant 0.0017 489 93 499 122
pottedplant 0.0014 487 80 499 113
pottedplant 0.0013 449 141 500 202
pottedplant 0.0012 467 163 499 201
diningtable 0.0017 457 183 499 281
diningtable 0.0014 15 18 499 366
tvmonitor 0.0318 456 187 499 279
tvmonitor 0.0269 216 34 279 113
tvmonitor 0.0153 192 1 279 104
tvmonitor 0.0074 222 42 304 136
tvmonitor 0.0035 66 13 491 352
tvmonitor 0.0025 272 7 492 284
tvmonitor 0.0022 423 190 501 293
tvmonitor 0.0015 190 2 252 76
tvmonitor 0.0013 448 295 500 332
tvmonitor 0.0012 262 173 323 246
