person 0.1255 33 223 40 234
person 0.0838 33 223 46 235
person 0.0673 34 226 59 241
person 0.0302 325 249 338 284
person 0.0226 58 241 72 253
person 0.0203 35 231 52 242
person 0.0178 175 273 178 278
person 0.0157 314 247 328 278
person 0.0155 327 253 336 265
person 0.0149 199 237 209 247
person 0.0148 52 227 62 239
person 0.0148 342 241 368 273
person 0.0136 199 237 222 249
person 0.0132 433 186 440 197
person 0.0128 318 248 343 284
person 0.0114 153 279 164 305
person 0.0095 207 238 230 250
person 0.0084 112 221 131 232
person 0.0083 225 256 230 261
person 0.0083 232 269 240 275
person 0.0083 174 272 181 278
person 0.0082 314 247 324 266
person 0.0076 55 227 60 234
person 0.0076 189 271 193 277
person 0.0075 91 240 98 248
person 0.0071 79 241 98 251
person 0.0062 217 232 241 248
person 0.0062 366 248 374 274
person 0.0061 319 243 369 288
person 0.0058 50 231 70 241
person 0.0056 36 220 43 229
person 0.0050 333 242 363 281
person 0.0048 343 243 354 272
person 0.0047 43 226 60 235
person 0.0045 314 248 322 258
person 0.0040 120 224 133 232
person 0.0039 175 272 193 278
person 0.0038 199 235 203 245
person 0.0035 320 245 343 267
person 0.0032 360 242 374 271
person 0.0031 200 221 203 226
person 0.0030 67 244 94 260
person 0.0030 94 239 99 244
person 0.0029 205 231 237 250
person 0.0027 27 226 36 235
person 0.0027 324 250 353 287
person 0.0024 34 220 39 229
person 0.0024 220 196 235 203
person 0.0023 32 228 41 239
person 0.0023 301 245 329 279
person 0.0022 319 258 338 290
person 0.0021 156 236 160 241
person 0.0021 254 228 267 239
person 0.0020 429 184 442 199
person 0.0020 156 279 164 296
person 0.0019 208 241 222 250
person 0.0018 108 288 115 303
person 0.0017 0 245 19 269
person 0.0016 199 236 204 247
person 0.0015 29 224 36 232
person 0.0015 292 244 333 294
person 0.0015 382 197 390 205
person 0.0014 352 243 372 267
person 0.0014 223 235 240 247
person 0.0014 1 183 41 203
person 0.0014 316 253 331 284
person 0.0013 329 255 346 282
person 0.0013 380 195 387 202
person 0.0013 470 199 474 206
person 0.0013 248 226 264 237
person 0.0012 365 246 375 261
person 0.0011 370 195 378 202
person 0.0011 218 196 228 203
person 0.0011 124 226 134 231
person 0.0011 326 260 342 288
person 0.0011 200 220 205 227
person 0.0011 356 247 375 279
person 0.0010 184 271 193 278
person 0.0010 330 264 349 287
person 0.0010 419 206 500 282
car 0.1341 58 242 72 253
car 0.1121 113 222 131 232
car 0.0564 65 244 95 260
car 0.0309 76 243 97 252
car 0.0283 120 224 133 232
car 0.0185 59 243 85 256
car 0.0160 33 227 64 242
car 0.0130 140 259 156 266
car 0.0106 34 193 48 200
car 0.0059 36 231 52 242
car 0.0054 33 223 47 235
car 0.0053 124 226 134 231
car 0.0046 0 245 19 269
car 0.0045 61 241 95 254
car 0.0040 64 250 88 261
car 0.0038 33 224 39 234
car 0.0035 198 237 224 248
car 0.0029 91 240 98 248
car 0.0026 339 241 371 282
car 0.0026 197 232 237 249
car 0.0021 25 193 42 201
car 0.0021 231 268 241 275
car 0.0017 94 239 99 244
car 0.0015 55 197 76 206
car 0.0015 214 231 241 248
car 0.0015 0 183 44 203
car 0.0014 8 176 77 201
car 0.0013 57 284 133 309
car 0.0013 3 193 45 203
car 0.0012 43 288 121 331
car 0.0012 207 238 230 250
car 0.0010 461 301 499 332
car 0.0010 174 272 181 278
car 0.0010 175 272 193 278
aeroplane 0.3733 96 148 473 274
aeroplane 0.3101 30 172 80 192
aeroplane 0.3009 0 171 75 198
aeroplane 0.2951 0 183 38 203
aeroplane 0.1876 1 176 42 197
aeroplane 0.1832 45 171 105 193
aeroplane 0.0582 64 173 118 192
aeroplane 0.0563 49 178 81 191
aeroplane 0.0558 112 174 155 190
aeroplane 0.0522 92 173 144 190
aeroplane 0.0415 69 170 149 193
aeroplane 0.0407 3 166 40 190
aeroplane 0.0335 3 175 30 191
aeroplane 0.0318 0 181 26 198
aeroplane 0.0303 118 179 148 189
aeroplane 0.0293 124 170 157 187
aeroplane 0.0289 78 175 113 189
aeroplane 0.0283 3 193 45 203
aeroplane 0.0220 97 176 132 187
aeroplane 0.0205 32 192 51 200
aeroplane 0.0203 201 227 247 251
aeroplane 0.0183 130 176 157 189
aeroplane 0.0172 94 173 125 185
aeroplane 0.0164 49 182 106 208
aeroplane 0.0161 0 189 24 203
aeroplane 0.0157 57 171 80 190
aeroplane 0.0155 14 178 50 194
aeroplane 0.0152 54 199 103 212
aeroplane 0.0139 17 190 52 201
aeroplane 0.0133 129 169 151 183
aeroplane 0.0133 20 174 63 192
aeroplane 0.0126 176 177 204 190
aeroplane 0.0122 0 158 5 162
aeroplane 0.0117 111 178 135 186
aeroplane 0.0116 -1 159 49 204
aeroplane 0.0114 416 202 499 255
aeroplane 0.0112 118 169 188 194
aeroplane 0.0110 80 179 111 194
aeroplane 0.0109 485 180 499 198
aeroplane 0.0107 13 174 37 191
aeroplane 0.0104 94 179 125 191
aeroplane 0.0104 67 183 142 209
aeroplane 0.0102 113 169 146 186
aeroplane 0.0100 172 178 195 186
aeroplane 0.0100 205 155 329 225
aeroplane 0.0099 86 200 100 211
aeroplane 0.0098 15 143 376 243
aeroplane 0.0096 73 173 97 190
aeroplane 0.0095 134 165 227 210
aeroplane 0.0091 433 186 440 197
aeroplane 0.0089 179 183 202 192
aeroplane 0.0085 6 161 104 207
aeroplane 0.0082 100 181 159 200
aeroplane 0.0082 103 180 139 192
aeroplane 0.0082 112 222 131 232
aeroplane 0.0082 140 150 349 237
aeroplane 0.0078 130 174 171 193
aeroplane 0.0076 0 168 23 188
aeroplane 0.0074 93 176 116 187
aeroplane 0.0073 251 150 272 194
aeroplane 0.0072 23 180 41 193
aeroplane 0.0072 88 191 104 198
aeroplane 0.0070 36 179 57 192
aeroplane 0.0069 103 183 127 194
aeroplane 0.0068 78 173 103 185
aeroplane 0.0067 143 175 195 195
aeroplane 0.0065 119 224 133 232
aeroplane 0.0065 76 166 258 229
aeroplane 0.0065 79 199 125 211
aeroplane 0.0062 96 173 112 183
aeroplane 0.0061 132 168 148 177
aeroplane 0.0061 30 179 52 194
aeroplane 0.0058 162 177 185 187
aeroplane 0.0056 60 191 108 199
aeroplane 0.0051 13 166 54 189
aeroplane 0.0051 58 194 97 208
aeroplane 0.0050 107 167 160 194
aeroplane 0.0049 145 154 273 224
aeroplane 0.0048 137 181 226 203
aeroplane 0.0048 115 183 194 203
aeroplane 0.0048 32 223 66 243
aeroplane 0.0044 64 241 98 261
aeroplane 0.0042 89 193 102 204
aeroplane 0.0041 23 193 44 201
aeroplane 0.0040 7 163 32 184
aeroplane 0.0039 12 194 38 202
aeroplane 0.0039 480 180 499 211
aeroplane 0.0039 66 171 90 190
aeroplane 0.0038 78 193 240 217
aeroplane 0.0037 123 180 160 198
aeroplane 0.0036 47 171 72 186
aeroplane 0.0036 168 179 188 190
aeroplane 0.0036 52 186 78 198
aeroplane 0.0035 102 199 125 207
aeroplane 0.0035 485 182 500 238
aeroplane 0.0034 82 197 150 213
aeroplane 0.0033 106 188 124 197
aeroplane 0.0033 0 158 7 183
aeroplane 0.0033 138 180 161 193
aeroplane 0.0033 25 72 492 258
bus 0.0295 0 245 19 269
bus 0.0208 112 221 131 232
bus 0.0086 33 227 64 242
bus 0.0026 33 223 47 235
bus 0.0023 65 243 96 260
bus 0.0019 198 237 224 248
bus 0.0018 58 242 72 253
bus 0.0017 200 230 230 250
bus 0.0013 36 231 52 242
bus 0.0012 419 206 498 254
bus 0.0011 206 237 234 250
bus 0.0010 33 224 39 234
bus 0.0010 75 242 97 252
train 0.0044 422 200 498 249
train 0.0017 0 245 19 269
train 0.0015 419 206 499 282
train 0.0012 472 195 499 249
train 0.0010 113 222 131 232
boat 0.0047 34 230 63 242
boat 0.0027 0 245 19 269
boat 0.0014 33 223 47 235
