person 0.4108 182 211 194 236
person 0.3135 196 212 210 236
person 0.2008 209 212 230 238
person 0.0240 78 153 426 276
person 0.0116 90 188 99 202
person 0.0098 358 186 386 219
person 0.0083 145 193 153 203
person 0.0076 182 220 191 238
person 0.0064 139 191 149 202
person 0.0063 381 195 399 217
person 0.0057 353 187 371 221
person 0.0056 248 191 262 201
person 0.0050 367 196 387 217
person 0.0045 312 196 324 221
person 0.0041 172 190 181 200
person 0.0039 357 198 374 222
person 0.0038 367 188 398 218
person 0.0032 387 196 410 216
person 0.0023 351 178 365 213
person 0.0022 142 188 151 201
person 0.0018 189 213 223 240
person 0.0017 244 186 261 203
person 0.0017 375 197 394 216
person 0.0017 187 195 266 236
person 0.0016 180 209 191 231
person 0.0015 210 209 222 232
person 0.0014 351 198 367 224
person 0.0014 379 190 406 218
person 0.0013 192 211 201 228
person 0.0013 93 190 108 203
person 0.0010 89 187 104 203
person 0.0010 352 178 362 202
bus 0.8808 79 152 425 276
bus 0.0015 202 209 228 241
bus 0.0013 226 139 261 159
train 0.0014 75 153 428 275
pottedplant 0.0248 228 138 259 159
pottedplant 0.0041 227 144 247 159
pottedplant 0.0023 0 43 5 54
pottedplant 0.0014 183 140 210 162
