person 0.0135 445 10 499 140
person 0.0057 0 1 118 31
person 0.0013 378 0 497 82
bicycle 0.0023 443 10 499 139
car 0.0020 0 1 118 31
motorbike 0.0014 443 9 499 140
bird 0.0117 445 10 500 140
cat 0.0150 444 10 499 141
cat 0.0066 168 0 309 91
cat 0.0019 134 7 375 370
cat 0.0010 0 1 108 30
dog 0.6415 133 7 377 371
dog 0.0313 168 0 309 91
dog 0.0129 444 10 499 141
dog 0.0020 119 118 496 366
dog 0.0018 119 1 344 194
dog 0.0011 27 3 404 255
dog 0.0010 138 109 302 374
horse 0.0023 444 10 499 141
sheep 0.0160 167 1 306 89
sheep 0.0019 148 0 217 17
sheep 0.0014 134 7 375 370
sheep 0.0011 151 0 292 29
cow 0.0022 445 10 500 140
bottle 0.0017 447 12 500 142
chair 0.0021 132 7 378 373
chair 0.0017 282 6 384 78
chair 0.0015 445 10 500 140
chair 0.0010 0 1 118 31
sofa 0.0024 29 5 405 367
pottedplant 0.0642 445 10 500 140
pottedplant 0.0028 463 4 499 98
pottedplant 0.0023 478 9 499 51
