person 0.7122 185 14 346 343
person 0.0795 169 12 212 28
person 0.0568 194 11 211 28
person 0.0206 264 29 367 329
person 0.0131 459 0 471 22
person 0.0096 195 17 208 29
person 0.0093 169 15 193 27
person 0.0084 447 1 455 13
person 0.0065 457 0 468 14
person 0.0052 460 0 470 10
person 0.0051 211 16 222 29
person 0.0032 202 14 223 30
person 0.0032 181 0 188 10
person 0.0023 443 0 457 18
person 0.0020 456 0 465 10
person 0.0019 198 5 209 17
person 0.0015 195 0 221 20
person 0.0015 158 3 221 30
person 0.0015 184 16 210 29
person 0.0014 179 12 201 26
person 0.0013 197 17 217 29
person 0.0013 154 13 194 29
person 0.0013 154 3 174 28
person 0.0011 404 0 426 9
person 0.0011 199 0 221 6
person 0.0010 257 79 344 272
bicycle 0.0227 193 11 214 29
bicycle 0.0167 168 13 212 28
bicycle 0.0046 200 15 223 30
bicycle 0.0025 211 16 221 29
bicycle 0.0018 190 8 224 30
bicycle 0.0014 195 17 209 29
bicycle 0.0010 196 0 221 20
car 0.3797 162 15 195 28
car 0.1574 168 13 212 28
car 0.0843 154 4 194 29
car 0.0653 400 0 424 6
car 0.0575 204 0 225 6
car 0.0530 193 11 214 29
car 0.0298 200 0 217 5
car 0.0265 213 0 223 5
car 0.0232 198 -1 224 11
car 0.0177 155 3 175 28
car 0.0171 196 0 221 20
car 0.0137 0 0 20 12
car 0.0120 200 15 223 30
car 0.0106 155 0 188 20
car 0.0092 311 13 396 30
car 0.0087 190 8 224 30
car 0.0080 307 4 424 28
car 0.0073 85 32 112 50
car 0.0072 195 17 209 29
car 0.0071 91 26 115 47
car 0.0068 84 27 125 54
car 0.0046 194 4 213 18
car 0.0040 177 14 198 27
car 0.0034 0 0 13 7
car 0.0033 198 5 209 17
car 0.0030 0 1 21 21
car 0.0029 211 16 221 29
car 0.0024 158 3 221 30
car 0.0023 50 0 57 7
car 0.0022 86 2 182 49
car 0.0022 181 0 188 10
car 0.0018 176 3 219 21
car 0.0018 399 -2 426 10
car 0.0016 213 0 226 9
car 0.0015 155 0 181 13
car 0.0015 411 0 427 9
car 0.0014 198 18 216 29
car 0.0014 97 27 112 38
car 0.0012 86 25 156 57
car 0.0012 460 0 470 10
car 0.0010 325 18 382 29
car 0.0010 380 22 400 28
car 0.0010 112 1 178 29
car 0.0010 49 0 58 15
motorbike 0.7983 111 116 378 368
motorbike 0.0536 175 15 357 351
motorbike 0.0379 194 10 210 29
motorbike 0.0112 168 13 212 28
motorbike 0.0042 264 29 367 329
motorbike 0.0025 200 15 223 30
motorbike 0.0021 211 16 221 29
motorbike 0.0013 183 3 227 30
motorbike 0.0010 254 123 399 311
bus 0.0148 307 2 429 29
bus 0.0015 155 6 214 30
bus 0.0012 311 13 396 30
bus 0.0011 160 11 197 28
train 0.0027 307 4 424 28
boat 0.0011 168 13 212 28
boat 0.0010 307 4 424 28
chair 0.0031 84 27 125 54
chair 0.0030 169 12 212 28
chair 0.0019 91 26 115 47
chair 0.0016 169 15 193 27
chair 0.0013 192 12 208 28
chair 0.0011 85 32 112 50
pottedplant 0.0152 211 16 221 29
pottedplant 0.0098 179 0 187 11
pottedplant 0.0088 4 42 172 142
pottedplant 0.0040 200 15 223 30
pottedplant 0.0038 195 12 211 28
pottedplant 0.0033 157 0 198 20
pottedplant 0.0022 0 7 21 22
pottedplant 0.0018 90 26 114 47
pottedplant 0.0014 155 6 214 30
pottedplant 0.0012 83 29 119 52
pottedplant 0.0011 184 44 224 58
