person 0.2196 0 4 487 385
person 0.0889 294 3 487 245
person 0.0420 175 48 484 345
person 0.0372 307 105 470 252
person 0.0206 29 -3 485 210
person 0.0191 16 41 290 325
person 0.0178 -2 216 482 369
person 0.0168 328 0 501 145
person 0.0104 -3 17 179 369
person 0.0094 19 72 155 261
person 0.0082 409 0 499 77
person 0.0064 0 3 129 227
person 0.0039 392 253 497 368
person 0.0024 424 89 459 124
person 0.0023 126 120 404 332
person 0.0021 324 90 491 364
person 0.0021 137 26 389 272
person 0.0017 152 95 322 265
person 0.0016 416 -18 502 368
person 0.0015 229 179 490 371
person 0.0013 398 84 462 163
person 0.0013 301 119 423 213
person 0.0011 458 100 500 341
cat 0.1245 16 41 290 325
cat 0.1158 115 108 463 349
cat 0.0742 18 84 149 235
cat 0.0539 307 108 471 247
cat 0.0345 -6 9 504 377
cat 0.0113 246 9 488 340
cat 0.0106 9 39 136 310
cat 0.0059 85 105 329 295
cat 0.0034 301 122 433 212
cat 0.0031 264 166 398 295
cat 0.0028 -2 216 482 369
cat 0.0022 382 99 466 257
cat 0.0022 8 2 202 248
cat 0.0019 172 73 305 274
cat 0.0015 29 -3 485 210
cat 0.0014 149 23 430 268
dog 0.1125 8 74 281 312
dog 0.0944 -6 9 504 377
dog 0.0813 115 108 463 349
dog 0.0294 307 108 471 247
dog 0.0148 18 84 149 235
dog 0.0104 -2 216 482 369
dog 0.0092 149 10 484 291
dog 0.0048 9 39 136 310
dog 0.0037 269 99 493 363
dog 0.0029 294 3 488 246
dog 0.0024 103 94 319 270
dog 0.0019 301 122 433 212
dog 0.0016 0 0 471 203
dog 0.0011 382 99 466 257
dog 0.0011 180 112 301 294
dog 0.0011 12 7 202 251
chair 0.0094 6 5 502 364
chair 0.0035 387 0 500 80
chair 0.0022 330 -2 502 137
chair 0.0013 390 264 497 371
chair 0.0013 77 -2 484 199
chair 0.0012 307 107 469 249
chair 0.0011 412 127 501 370
chair 0.0010 303 0 487 222
sofa 0.1389 0 4 487 385
sofa 0.0312 29 -3 485 210
sofa 0.0093 -2 216 482 369
sofa 0.0073 388 0 500 79
sofa 0.0063 412 127 501 370
sofa 0.0062 303 0 490 223
sofa 0.0058 330 -2 502 137
sofa 0.0053 390 264 497 371
sofa 0.0050 305 113 473 253
sofa 0.0048 243 6 490 344
sofa 0.0027 324 112 497 372
sofa 0.0026 -3 17 179 369
sofa 0.0025 116 107 462 353
sofa 0.0024 13 49 133 292
sofa 0.0021 149 23 430 268
sofa 0.0021 15 38 292 329
sofa 0.0018 112 0 360 171
sofa 0.0012 58 1 500 117
sofa 0.0010 424 89 459 124
diningtable 0.0058 390 264 497 371
diningtable 0.0053 412 127 501 370
diningtable 0.0016 2 2 476 385
diningtable 0.0014 458 100 500 341
tvmonitor 0.0019 381 0 498 73
