person 0.0013 38 44 408 263
person 0.0011 -12 12 481 372
car 0.0013 -4 22 516 372
boat 0.0021 -4 22 516 372
cat 0.0028 40 45 305 249
cat 0.0015 144 63 397 256
dog 0.4046 52 53 411 256
dog 0.1521 7 27 518 316
dog 0.0052 253 60 406 232
dog 0.0029 191 56 371 256
dog 0.0014 42 122 328 263
dog 0.0010 1 187 484 363
chair 0.0109 -12 12 481 372
chair 0.0035 38 44 408 263
chair 0.0031 311 71 497 367
chair 0.0028 486 334 500 373
chair 0.0024 1 187 484 363
chair 0.0012 320 285 499 374
sofa 0.1553 -4 22 516 372
sofa 0.0089 311 71 497 367
sofa 0.0080 108 44 445 293
sofa 0.0024 13 12 469 151
sofa 0.0023 1 187 484 363
sofa 0.0018 38 18 334 244
sofa 0.0017 191 70 410 260
diningtable 0.0040 -4 22 516 372
