bicycle 0.6664 18 56 494 342
bicycle 0.0081 13 50 260 322
bicycle 0.0068 296 144 477 332
bicycle 0.0032 233 65 486 317
bicycle 0.0010 22 -2 494 220
car 0.0027 31 1 490 271
motorbike 0.0054 18 56 494 342
motorbike 0.0013 296 144 477 332
aeroplane 0.0011 22 -2 494 220
bus 0.0010 8 0 466 268
boat 0.0039 22 -2 494 220
boat 0.0012 11 45 481 341
bottle 0.0053 247 239 263 268
bottle 0.0040 467 282 494 315
bottle 0.0014 490 302 500 319
bottle 0.0010 477 293 498 319
chair 0.0011 18 56 494 342
diningtable 0.0012 18 56 494 342
