person 0.0049 0 49 39 130
person 0.0045 34 45 152 120
person 0.0042 51 44 106 118
person 0.0038 0 58 79 126
person 0.0028 0 110 18 125
bicycle 0.7661 26 8 492 344
bicycle 0.0487 30 92 192 362
bicycle 0.0261 0 58 79 126
bicycle 0.0174 22 50 105 125
bicycle 0.0065 36 78 77 123
bicycle 0.0058 0 53 39 127
bicycle 0.0053 42 49 156 122
bicycle 0.0035 35 46 288 337
bicycle 0.0018 259 13 494 326
bicycle 0.0010 2 71 123 137
car 0.0135 34 45 152 120
car 0.0040 6 56 96 126
car 0.0031 64 47 120 116
car 0.0026 0 0 51 14
car 0.0017 0 86 78 125
car 0.0012 60 66 145 123
car 0.0011 42 59 101 119
motorbike 0.0126 3 56 97 125
motorbike 0.0081 33 59 83 124
motorbike 0.0077 20 47 159 125
motorbike 0.0055 30 92 192 362
motorbike 0.0042 35 8 489 330
motorbike 0.0020 0 53 39 127
motorbike 0.0018 0 86 78 125
motorbike 0.0013 51 44 106 118
train 0.0010 25 19 477 371
bird 0.0048 33 340 46 347
bird 0.0013 494 315 499 321
chair 0.0010 24 3 490 367
