person 0.0023 3 92 169 332
person 0.0017 0 91 32 326
person 0.0010 19 95 263 232
cat 0.8031 20 98 263 229
cat 0.0053 3 92 169 332
cat 0.0028 3 94 122 249
cat 0.0022 0 90 50 331
dog 0.0296 21 98 188 228
dog 0.0021 11 91 267 319
chair 0.0138 0 94 33 329
chair 0.0056 3 92 169 332
chair 0.0056 268 2 444 121
chair 0.0025 0 85 21 278
chair 0.0018 0 243 26 330
chair 0.0016 0 87 84 330
chair 0.0011 19 95 263 232
sofa 0.0032 3 92 169 332
sofa 0.0012 19 95 263 232
sofa 0.0010 268 2 444 121
diningtable 0.0015 -7 50 494 312
diningtable 0.0012 4 102 269 320
tvmonitor 0.0036 0 83 20 265
tvmonitor 0.0015 0 91 32 326
