person 0.6603 219 105 258 143
person 0.0989 284 96 320 138
person 0.0185 223 105 246 135
person 0.0151 211 101 245 142
person 0.0051 208 94 314 142
person 0.0046 162 75 275 144
person 0.0028 204 80 235 138
person 0.0025 133 91 154 152
person 0.0023 173 12 477 302
person 0.0023 134 92 146 109
person 0.0017 135 87 175 151
person 0.0014 134 78 217 148
person 0.0012 290 98 371 140
person 0.0010 257 102 313 141
car 0.5165 134 76 221 146
car 0.5067 179 41 477 299
car 0.0374 214 104 255 143
car 0.0080 134 89 186 149
car 0.0051 173 117 209 149
car 0.0048 210 93 317 141
car 0.0043 136 55 272 147
car 0.0040 281 96 321 139
car 0.0032 191 7 498 181
car 0.0019 133 90 160 152
car 0.0016 144 105 210 147
car 0.0012 176 102 214 143
car 0.0012 132 59 203 119
car 0.0011 183 117 207 140
car 0.0010 169 68 267 131
motorbike 0.0047 179 42 477 300
bus 0.0501 175 13 480 303
bus 0.0021 134 75 223 147
pottedplant 0.0069 0 57 57 254
pottedplant 0.0022 0 175 32 248
pottedplant 0.0017 0 143 39 270
