person 0.0016 359 258 499 341
person 0.0011 -11 4 473 344
person 0.0010 196 101 330 341
boat 0.0013 360 258 499 343
cat 0.0012 195 99 330 341
bottle 0.5823 195 101 331 342
chair 0.0013 359 258 499 341
pottedplant 0.0053 199 98 330 342
pottedplant 0.0028 0 22 471 339
diningtable 0.0117 4 8 434 341
diningtable 0.0115 199 98 330 342
diningtable 0.0046 86 214 478 341
diningtable 0.0037 359 258 499 341
diningtable 0.0019 113 91 502 343
diningtable 0.0015 156 191 371 345
tvmonitor 0.0015 359 257 499 343
