person 0.5305 16 0 320 237
person 0.0366 156 0 213 43
person 0.0291 140 0 309 176
person 0.0116 292 0 323 19
person 0.0079 178 0 211 31
person 0.0071 171 423 373 499
person 0.0063 1 0 17 70
person 0.0060 84 8 354 476
person 0.0042 172 0 278 73
person 0.0038 241 0 273 13
person 0.0037 252 0 303 16
person 0.0034 99 103 290 234
person 0.0033 224 0 323 67
person 0.0032 1 21 78 247
person 0.0029 1 0 29 80
person 0.0027 179 0 260 36
person 0.0027 256 11 374 466
person 0.0027 213 0 327 119
person 0.0026 234 0 282 21
person 0.0025 277 0 313 22
person 0.0023 161 119 283 214
person 0.0021 241 0 319 23
person 0.0021 292 0 308 17
person 0.0020 -4 2 123 277
person 0.0019 161 2 222 84
person 0.0017 251 0 277 18
person 0.0017 8 0 31 56
person 0.0016 270 0 322 46
person 0.0015 156 0 187 17
person 0.0014 19 44 228 280
person 0.0013 45 1 315 97
person 0.0013 195 0 216 33
person 0.0012 268 0 282 11
person 0.0012 156 0 176 13
person 0.0012 113 0 268 263
person 0.0012 2 0 16 34
person 0.0010 216 -8 314 220
bird 0.0074 172 423 373 499
dog 0.0044 171 423 373 499
sheep 0.0033 171 423 373 499
bottle 0.0070 253 0 274 16
bottle 0.0069 292 0 323 19
bottle 0.0068 241 0 273 13
bottle 0.0033 252 0 271 9
bottle 0.0026 242 0 266 8
bottle 0.0026 292 0 308 17
bottle 0.0025 266 0 282 10
bottle 0.0023 256 0 301 16
bottle 0.0019 260 0 283 15
bottle 0.0016 307 0 322 17
bottle 0.0011 282 0 310 21
chair 0.3731 16 93 218 326
chair 0.1882 19 -4 281 308
chair 0.1578 113 218 327 479
chair 0.0521 0 66 349 491
chair 0.0435 1 15 76 246
chair 0.0427 172 423 373 499
chair 0.0370 72 41 234 265
chair 0.0325 1 0 16 82
chair 0.0313 68 122 263 246
chair 0.0283 197 136 267 195
chair 0.0243 138 137 264 225
chair 0.0195 264 82 374 463
chair 0.0111 5 15 153 251
chair 0.0100 298 191 373 443
chair 0.0097 4 0 23 58
chair 0.0089 101 15 327 252
chair 0.0089 2 77 119 326
chair 0.0080 9 0 311 159
chair 0.0076 0 0 25 108
chair 0.0067 189 0 214 39
chair 0.0060 8 82 162 448
chair 0.0054 132 67 269 248
chair 0.0050 8 0 34 61
chair 0.0049 190 17 364 493
chair 0.0048 81 140 225 222
chair 0.0039 164 0 214 47
chair 0.0036 43 318 346 499
chair 0.0035 2 0 47 84
chair 0.0030 2 0 16 34
chair 0.0030 76 127 190 303
chair 0.0029 176 37 310 229
chair 0.0029 190 80 272 215
chair 0.0028 201 0 218 37
chair 0.0023 132 146 220 212
chair 0.0020 294 0 323 19
chair 0.0020 216 219 375 497
chair 0.0020 162 1 336 178
chair 0.0016 244 0 375 333
chair 0.0016 174 338 376 501
chair 0.0013 18 196 299 438
chair 0.0013 179 0 260 36
chair 0.0012 172 0 278 73
chair 0.0011 122 0 278 143
chair 0.0011 180 358 309 448
chair 0.0011 15 0 36 44
chair 0.0011 234 0 282 21
chair 0.0011 4 0 77 112
chair 0.0010 15 0 181 133
chair 0.0010 225 112 286 208
sofa 0.0120 171 422 374 498
sofa 0.0063 301 194 375 442
sofa 0.0032 264 82 374 463
diningtable 0.0785 239 14 375 432
diningtable 0.0630 0 66 349 491
diningtable 0.0232 115 185 329 460
diningtable 0.0114 298 191 373 443
diningtable 0.0106 241 -15 375 239
diningtable 0.0069 171 422 374 498
diningtable 0.0054 19 221 296 487
diningtable 0.0033 270 47 375 192
diningtable 0.0031 181 3 319 208
diningtable 0.0027 310 107 372 136
diningtable 0.0023 176 66 364 502
diningtable 0.0023 48 0 321 253
diningtable 0.0018 18 70 266 348
diningtable 0.0015 17 94 149 324
diningtable 0.0012 241 0 273 13
