person 0.0974 -2 4 494 360
person 0.0257 215 230 498 369
person 0.0087 0 2 124 151
person 0.0076 0 4 180 366
person 0.0038 456 296 500 372
person 0.0034 173 81 496 370
person 0.0019 0 271 491 369
person 0.0013 0 316 222 371
person 0.0011 320 7 506 380
car 0.0011 -5 4 491 362
bird 0.0036 -2 4 494 360
bird 0.0023 214 230 499 369
bird 0.0012 0 2 124 151
cat 0.3030 -5 4 491 362
cat 0.0156 214 220 500 368
cat 0.0020 0 1 124 151
cat 0.0018 171 81 498 371
cat 0.0017 0 4 180 366
cat 0.0015 0 318 220 370
cat 0.0011 2 0 482 140
dog 0.4989 -5 4 491 362
dog 0.0081 214 230 499 369
dog 0.0021 2 0 482 140
dog 0.0016 0 1 124 151
dog 0.0015 0 4 181 365
dog 0.0013 173 81 496 370
horse 0.0034 -5 4 491 362
sheep 0.0082 214 229 498 369
sheep 0.0014 -5 4 491 362
cow 0.0037 -5 4 491 362
cow 0.0019 214 230 499 369
chair 0.0062 -2 4 494 360
sofa 0.0613 -5 4 491 362
sofa 0.0040 216 233 495 368
sofa 0.0018 0 316 222 371
diningtable 0.0046 -5 4 491 362
