person 0.1319 235 83 270 125
person 0.0763 125 202 248 319
person 0.0386 7 93 31 144
person 0.0299 0 95 15 152
person 0.0185 244 84 266 117
person 0.0113 7 94 24 123
person 0.0107 198 251 210 269
person 0.0076 2 88 25 134
person 0.0050 198 249 215 276
person 0.0032 99 154 122 188
person 0.0026 180 238 207 279
person 0.0025 0 95 13 129
person 0.0024 1 84 19 115
person 0.0022 221 248 229 271
person 0.0020 201 50 265 134
person 0.0020 186 230 216 287
person 0.0019 210 243 231 277
person 0.0019 99 95 140 132
person 0.0017 195 241 229 288
person 0.0016 191 246 210 281
person 0.0013 194 245 207 269
car 0.0015 248 182 270 192
car 0.0010 241 182 258 193
bus 0.0015 125 201 247 319
bird 0.0018 99 95 140 132
cat 0.0030 99 95 140 132
bottle 0.0146 98 96 141 132
bottle 0.0043 110 96 127 130
bottle 0.0017 170 84 214 132
bottle 0.0013 98 154 124 189
sofa 0.0011 126 202 248 320
pottedplant 0.4063 167 40 226 133
pottedplant 0.0787 98 96 141 132
pottedplant 0.0679 170 83 218 134
pottedplant 0.0020 189 42 259 133
pottedplant 0.0012 98 154 125 189
tvmonitor 0.9267 128 204 245 315
tvmonitor 0.0026 132 162 232 188
tvmonitor 0.0013 143 220 224 300
