person 0.0430 4 42 489 357
person 0.0012 -1 5 514 183
boat 0.0010 4 42 489 357
bird 0.0089 4 42 489 357
cat 0.0051 18 130 485 363
cat 0.0022 12 39 173 238
dog 0.2714 18 130 485 363
dog 0.0681 12 39 173 238
dog 0.0171 218 31 493 367
dog 0.0159 329 125 464 367
dog 0.0041 9 44 214 348
dog 0.0015 209 257 370 362
dog 0.0012 0 26 490 290
horse 0.0035 2 68 493 365
sheep 0.0027 18 130 485 363
cow 0.0110 18 130 485 363
bottle 0.0034 153 35 496 364
chair 0.0048 18 130 485 363
sofa 0.0328 2 68 493 365
sofa 0.0026 -16 -5 502 197
