person 0.0079 24 20 29 27
person 0.0068 171 34 179 44
person 0.0042 59 61 64 69
person 0.0028 28 5 35 13
person 0.0026 29 6 39 15
person 0.0024 208 35 213 39
person 0.0023 5 14 14 22
person 0.0022 7 15 18 24
person 0.0021 318 49 324 56
person 0.0020 0 70 7 80
person 0.0017 13 0 19 7
person 0.0016 15 0 23 8
person 0.0016 172 31 180 42
person 0.0016 4 14 10 19
person 0.0016 210 35 216 40
person 0.0015 42 5 49 14
person 0.0014 42 61 53 74
person 0.0014 314 48 321 55
person 0.0013 288 41 294 51
person 0.0013 68 14 76 20
person 0.0012 313 45 319 55
person 0.0011 206 153 260 242
person 0.0011 13 1 18 10
person 0.0011 102 1 115 10
person 0.0010 24 0 32 8
person 0.0010 321 49 327 56
car 0.0045 29 6 39 15
car 0.0039 102 0 117 7
car 0.0036 75 1 91 7
car 0.0032 172 26 183 31
car 0.0030 30 0 49 7
car 0.0027 30 4 48 15
car 0.0026 97 1 113 8
car 0.0025 0 70 7 80
car 0.0023 40 2 49 8
car 0.0021 42 5 49 14
car 0.0021 27 1 42 8
car 0.0021 167 26 179 31
car 0.0019 172 31 180 42
car 0.0018 81 1 95 7
car 0.0018 108 0 119 6
car 0.0012 74 2 84 10
car 0.0012 28 5 35 13
car 0.0011 174 26 187 32
car 0.0011 77 3 93 12
car 0.0010 98 2 111 10
boat 0.0011 0 70 7 81
bird 0.0012 206 153 260 241
cat 0.0057 206 153 260 241
dog 0.8923 206 153 260 242
dog 0.0025 230 169 261 238
horse 0.0047 0 70 7 80
horse 0.0029 42 61 53 75
horse 0.0021 206 153 260 241
horse 0.0018 24 19 29 27
horse 0.0015 171 34 179 44
horse 0.0014 5 14 16 23
sheep 0.0192 24 20 29 27
sheep 0.0117 0 70 7 80
sheep 0.0077 65 75 78 82
sheep 0.0055 19 43 27 51
sheep 0.0036 42 61 53 75
sheep 0.0036 171 34 179 44
sheep 0.0028 5 14 14 22
sheep 0.0023 59 61 64 69
sheep 0.0022 209 35 214 40
sheep 0.0016 206 153 260 242
sheep 0.0014 7 15 18 24
sheep 0.0012 37 49 45 55
sheep 0.0011 77 85 86 93
sheep 0.0010 172 31 180 42
cow 0.1792 0 70 7 80
cow 0.0618 24 20 29 27
cow 0.0384 42 61 53 75
cow 0.0259 5 14 16 23
cow 0.0117 19 43 27 51
cow 0.0087 65 75 78 82
cow 0.0079 0 95 4 104
cow 0.0074 37 49 45 55
cow 0.0071 59 62 64 71
cow 0.0065 31 9 39 15
cow 0.0059 47 28 66 37
cow 0.0054 171 34 179 44
cow 0.0048 4 14 10 19
cow 0.0044 23 19 30 27
cow 0.0037 206 153 260 241
cow 0.0031 0 34 5 42
cow 0.0028 35 49 42 55
cow 0.0022 35 11 47 16
cow 0.0020 0 98 13 105
cow 0.0018 40 66 49 74
cow 0.0016 89 53 100 61
cow 0.0016 26 20 31 26
cow 0.0014 72 33 85 44
cow 0.0014 40 11 48 17
cow 0.0012 -1 69 12 81
cow 0.0012 4 15 22 26
cow 0.0011 37 50 43 58
cow 0.0010 42 56 51 64
