person 0.0042 17 0 337 200
person 0.0025 359 0 374 18
person 0.0017 145 194 311 495
car 0.0830 0 46 19 55
aeroplane 0.0033 20 0 370 197
bus 0.0014 0 46 18 55
boat 0.0014 20 0 370 197
bird 0.0010 20 0 369 196
cat 0.0048 140 195 307 497
cat 0.0012 20 0 369 196
dog 0.9200 136 197 310 500
dog 0.0123 20 0 369 196
dog 0.0022 134 200 303 294
horse 0.0016 20 0 369 196
horse 0.0011 139 194 310 499
sheep 0.0014 139 194 310 499
cow 0.0010 139 194 310 499
bottle 0.0053 19 0 275 198
chair 0.0316 345 10 374 166
chair 0.0049 17 -1 369 197
chair 0.0032 251 0 370 169
chair 0.0015 360 0 374 19
chair 0.0012 318 -4 376 172
sofa 0.0045 18 0 368 197
pottedplant 0.0014 20 0 370 197
diningtable 0.0024 347 11 375 168
diningtable 0.0012 20 0 369 196
