bird 0.0010 16 94 104 154
dog 0.0052 183 87 238 127
dog 0.0025 156 110 221 149
dog 0.0011 17 95 100 155
horse 0.0010 227 134 318 287
sheep 0.9156 17 95 100 155
sheep 0.8694 119 148 185 241
sheep 0.8551 168 158 233 260
sheep 0.8472 230 135 319 289
sheep 0.7045 156 110 223 149
sheep 0.6128 183 87 238 126
sheep 0.0619 160 87 231 138
sheep 0.0408 183 87 221 113
sheep 0.0211 181 138 301 285
sheep 0.0135 226 140 273 277
sheep 0.0058 129 144 234 248
sheep 0.0052 394 4 401 14
sheep 0.0045 471 0 500 21
sheep 0.0034 179 91 215 145
sheep 0.0032 154 117 198 144
sheep 0.0030 182 98 245 152
sheep 0.0028 212 17 225 30
sheep 0.0024 445 46 454 65
sheep 0.0022 157 92 201 144
sheep 0.0021 146 97 236 190
sheep 0.0020 201 150 262 265
sheep 0.0018 193 98 241 132
sheep 0.0018 395 10 403 21
sheep 0.0018 395 13 408 23
sheep 0.0016 410 10 419 21
sheep 0.0016 383 4 398 15
sheep 0.0015 180 88 270 142
sheep 0.0014 378 4 391 14
sheep 0.0014 185 98 209 121
sheep 0.0014 403 4 416 19
sheep 0.0013 136 117 285 265
sheep 0.0012 319 4 337 19
sheep 0.0012 153 86 219 115
sheep 0.0011 161 82 289 166
sheep 0.0011 137 110 212 163
cow 0.0037 17 95 100 155
cow 0.0027 230 134 320 290
cow 0.0025 471 0 500 21
cow 0.0023 119 148 186 241
cow 0.0023 183 87 238 127
cow 0.0019 167 159 233 260
cow 0.0017 157 110 224 147
