person 0.0024 327 232 355 256
person 0.0022 183 194 201 201
person 0.0020 235 234 254 253
person 0.0018 14 152 471 289
person 0.0014 208 194 220 204
person 0.0013 250 151 385 216
person 0.0013 274 151 333 201
person 0.0013 166 118 459 241
person 0.0010 322 233 339 247
bicycle 0.0021 18 153 489 327
car 0.0699 18 153 489 327
car 0.0037 431 173 498 235
car 0.0031 2 215 66 248
car 0.0026 9 253 481 330
car 0.0025 2 201 135 265
car 0.0019 399 174 497 274
motorbike 0.0332 9 150 480 292
aeroplane 0.2636 18 147 493 328
aeroplane 0.0138 59 118 488 254
aeroplane 0.0038 16 168 374 265
aeroplane 0.0026 432 174 497 235
aeroplane 0.0018 9 50 496 233
aeroplane 0.0016 168 146 410 216
aeroplane 0.0015 235 145 491 271
aeroplane 0.0010 -3 192 257 268
bus 0.0370 18 147 493 328
train 0.0101 18 147 493 328
boat 0.0080 18 147 493 328
diningtable 0.0010 18 147 493 328
