person 0.0015 390 243 394 247
person 0.0013 335 226 344 233
car 0.0048 417 230 434 241
car 0.0015 471 221 489 228
car 0.0010 473 223 484 229
aeroplane 0.7008 25 105 483 247
aeroplane 0.5713 14 198 87 225
aeroplane 0.2010 0 211 30 226
aeroplane 0.0413 0 203 66 226
aeroplane 0.0242 43 196 106 225
aeroplane 0.0206 27 201 70 222
aeroplane 0.0128 1 185 100 231
aeroplane 0.0082 -1 200 35 227
aeroplane 0.0071 34 32 482 207
aeroplane 0.0061 64 201 122 225
aeroplane 0.0061 34 203 58 220
aeroplane 0.0039 416 229 436 242
aeroplane 0.0038 46 200 74 220
aeroplane 0.0037 55 199 83 223
aeroplane 0.0030 113 169 472 244
aeroplane 0.0029 0 212 14 224
aeroplane 0.0024 25 181 132 228
aeroplane 0.0018 0 208 10 221
aeroplane 0.0016 23 205 44 221
aeroplane 0.0014 22 167 110 186
aeroplane 0.0014 64 197 86 219
aeroplane 0.0013 1 204 28 218
aeroplane 0.0012 0 215 25 234
aeroplane 0.0011 24 167 129 202
aeroplane 0.0010 32 195 95 216
aeroplane 0.0010 416 227 472 244
boat 0.0045 0 211 30 226
