person 0.3990 463 170 474 194
person 0.1793 462 172 485 194
person 0.1472 218 121 241 160
person 0.1015 239 123 265 150
person 0.0614 61 65 356 263
person 0.0529 216 117 251 151
person 0.0467 219 141 236 158
person 0.0388 225 125 262 162
person 0.0353 223 119 241 146
person 0.0314 247 131 270 159
person 0.0136 257 133 270 157
person 0.0099 228 118 258 144
person 0.0090 470 179 487 194
person 0.0064 215 130 233 160
person 0.0061 465 169 475 178
person 0.0053 86 140 96 152
person 0.0047 91 141 100 152
person 0.0043 189 119 214 151
person 0.0042 171 129 194 152
person 0.0042 218 118 233 141
person 0.0042 256 141 273 165
person 0.0041 253 112 275 143
person 0.0041 73 141 81 153
person 0.0040 295 125 321 163
person 0.0034 276 140 290 156
person 0.0034 268 136 291 162
person 0.0033 190 128 222 164
person 0.0032 81 141 88 153
person 0.0031 281 130 306 164
person 0.0031 265 111 293 158
person 0.0031 235 114 273 157
person 0.0031 221 143 244 165
person 0.0029 226 139 255 168
person 0.0028 97 139 107 151
person 0.0027 249 115 270 138
person 0.0027 468 171 488 188
person 0.0027 70 144 77 154
person 0.0026 300 118 328 157
person 0.0024 182 124 207 164
person 0.0024 259 129 277 159
person 0.0022 243 118 264 141
person 0.0021 236 132 258 166
person 0.0019 295 137 316 167
person 0.0018 103 137 112 150
person 0.0018 278 106 312 162
person 0.0018 458 173 469 192
person 0.0016 207 129 227 161
person 0.0015 250 147 268 166
person 0.0015 290 100 304 113
person 0.0014 229 147 250 166
person 0.0014 212 139 236 169
person 0.0014 169 128 187 146
person 0.0014 275 142 292 165
person 0.0013 261 127 301 161
person 0.0013 105 131 114 150
person 0.0013 145 97 297 157
person 0.0013 217 143 231 161
person 0.0012 258 113 281 151
person 0.0012 191 111 205 144
person 0.0012 482 170 491 195
person 0.0011 477 167 490 189
person 0.0010 87 134 98 152
person 0.0010 484 162 492 192
person 0.0010 177 123 200 152
bicycle 0.3997 468 178 487 194
bicycle 0.1271 462 171 476 194
bicycle 0.0198 459 172 488 195
bicycle 0.0050 481 179 491 194
bicycle 0.0028 463 181 472 196
bicycle 0.0012 464 171 474 186
car 0.0064 468 177 487 194
car 0.0032 462 171 476 194
motorbike 0.0870 465 176 486 194
motorbike 0.0554 462 171 476 194
motorbike 0.0013 475 178 489 194
bus 0.9569 62 70 356 268
bird 0.0075 6 47 13 55
chair 0.0029 166 127 190 148
chair 0.0029 241 126 268 156
chair 0.0026 162 127 181 146
chair 0.0022 243 148 263 167
chair 0.0018 245 138 269 166
chair 0.0018 468 177 487 194
chair 0.0010 251 134 270 160
pottedplant 0.0014 463 174 489 195
pottedplant 0.0011 462 171 475 194
