person 0.0018 61 80 71 95
person 0.0015 332 144 379 164
aeroplane 0.8798 331 144 379 164
aeroplane 0.0130 331 146 341 157
aeroplane 0.0016 332 146 351 159
aeroplane 0.0016 344 146 374 161
bus 0.0015 6 60 169 300
train 0.0371 6 58 170 304
train 0.0069 13 68 65 97
train 0.0035 6 53 169 174
train 0.0034 0 177 37 249
train 0.0026 16 82 36 97
train 0.0020 15 65 40 96
train 0.0017 0 115 14 162
train 0.0016 28 74 73 96
train 0.0013 14 64 53 85
train 0.0013 24 68 79 89
train 0.0012 18 65 38 77
train 0.0011 330 143 381 164
boat 0.0054 2 45 174 291
boat 0.0022 14 68 72 96
boat 0.0015 5 59 161 192
boat 0.0011 329 143 381 164
bird 0.0041 330 143 381 164
bird 0.0012 63 82 70 95
horse 0.0043 0 175 37 250
horse 0.0023 8 57 157 319
horse 0.0013 0 179 55 320
cow 0.0054 0 176 37 260
cow 0.0016 8 57 157 319
cow 0.0010 0 179 55 320
