person 0.9325 306 144 408 369
person 0.9084 198 60 263 137
person 0.8960 325 62 399 171
person 0.8707 158 66 201 136
person 0.8471 259 50 329 175
person 0.8332 78 59 176 323
person 0.5250 71 50 129 297
person 0.1934 2 257 155 371
person 0.1028 74 46 128 152
person 0.0662 73 283 153 370
person 0.0374 124 335 293 372
person 0.0366 151 64 169 98
person 0.0296 159 68 171 98
person 0.0193 42 285 291 371
person 0.0160 131 64 169 96
person 0.0105 162 66 192 102
person 0.0065 112 60 173 114
person 0.0050 140 71 166 107
person 0.0048 376 135 433 180
person 0.0047 161 73 176 104
person 0.0046 133 64 189 113
person 0.0043 429 132 469 183
person 0.0035 210 70 247 120
person 0.0035 154 65 167 85
person 0.0031 74 51 159 184
person 0.0026 219 76 243 114
person 0.0025 137 65 240 138
person 0.0023 102 60 121 120
person 0.0018 84 152 116 303
person 0.0017 209 85 254 132
person 0.0016 80 66 179 125
person 0.0016 72 76 103 303
person 0.0015 161 59 201 218
person 0.0014 130 144 483 364
person 0.0013 1 301 96 374
person 0.0012 264 126 327 178
person 0.0010 89 50 127 122
bicycle 0.0035 4 285 155 372
bicycle 0.0029 0 301 93 375
bicycle 0.0016 77 286 154 370
bicycle 0.0010 2 342 88 374
car 0.0073 0 258 93 372
motorbike 0.0262 0 258 93 372
motorbike 0.0063 4 285 155 372
motorbike 0.0024 2 338 88 374
cat 0.0043 120 336 295 373
dog 0.0451 120 337 290 373
dog 0.0015 49 297 310 372
dog 0.0010 -2 251 159 373
horse 0.0015 124 335 293 372
sheep 0.0016 124 335 293 372
cow 0.0023 124 335 293 372
bottle 0.0229 323 353 343 372
bottle 0.0167 0 253 94 372
bottle 0.0060 238 237 249 273
bottle 0.0029 230 244 240 274
bottle 0.0026 241 255 250 274
bottle 0.0025 325 150 341 185
bottle 0.0025 248 255 257 275
bottle 0.0025 17 251 75 290
bottle 0.0025 252 259 259 280
bottle 0.0014 234 252 245 276
bottle 0.0014 241 236 256 270
bottle 0.0011 232 224 240 243
bottle 0.0010 4 250 81 312
chair 0.0626 120 336 295 373
chair 0.0090 256 45 328 186
chair 0.0051 375 138 392 178
chair 0.0036 431 131 470 179
chair 0.0033 260 120 275 136
chair 0.0031 261 121 325 176
chair 0.0027 325 150 341 185
chair 0.0027 248 130 261 136
chair 0.0025 113 290 378 371
chair 0.0024 317 123 335 164
chair 0.0024 376 135 433 181
chair 0.0022 325 62 400 191
chair 0.0021 -2 261 160 375
chair 0.0019 0 322 13 374
chair 0.0017 324 145 389 179
chair 0.0016 317 118 330 150
chair 0.0015 97 330 403 375
chair 0.0013 325 147 345 170
chair 0.0012 305 141 409 378
chair 0.0011 0 301 93 375
chair 0.0010 252 124 273 136
chair 0.0010 322 142 350 179
chair 0.0010 258 128 274 137
chair 0.0010 487 194 499 250
chair 0.0010 289 136 318 179
chair 0.0010 209 135 316 196
sofa 0.0300 120 336 295 373
sofa 0.0070 101 279 392 372
sofa 0.0027 97 330 403 375
sofa 0.0018 305 141 409 378
sofa 0.0010 429 130 469 178
sofa 0.0010 376 135 433 181
diningtable 0.0060 211 137 316 198
diningtable 0.0037 -2 261 160 375
diningtable 0.0029 387 180 473 204
diningtable 0.0025 385 182 491 237
diningtable 0.0020 121 126 497 284
diningtable 0.0020 124 335 293 372
diningtable 0.0017 395 183 458 194
diningtable 0.0016 313 159 504 271
diningtable 0.0013 223 177 314 195
diningtable 0.0011 376 134 433 180
diningtable 0.0011 428 132 467 179
tvmonitor 0.7641 375 135 433 181
tvmonitor 0.4544 431 131 469 178
tvmonitor 0.0311 210 136 317 199
tvmonitor 0.0228 385 132 476 180
tvmonitor 0.0105 375 138 392 178
tvmonitor 0.0041 369 132 461 208
tvmonitor 0.0029 456 135 471 154
tvmonitor 0.0029 454 134 470 173
tvmonitor 0.0028 436 142 463 174
tvmonitor 0.0023 397 133 436 173
tvmonitor 0.0019 447 141 468 179
tvmonitor 0.0018 0 252 93 375
tvmonitor 0.0016 88 117 358 230
tvmonitor 0.0013 160 136 259 204
tvmonitor 0.0010 422 132 448 176
