person 0.8815 218 120 261 268
person 0.2475 249 130 289 210
person 0.1997 294 106 315 128
person 0.1460 341 127 366 156
person 0.1206 257 134 289 184
person 0.0843 352 125 367 155
person 0.0731 172 99 362 264
person 0.0674 247 133 264 160
person 0.0467 343 139 363 157
person 0.0409 355 125 367 144
person 0.0380 247 134 277 190
person 0.0282 205 124 297 265
person 0.0248 274 153 287 183
person 0.0230 183 142 225 173
person 0.0186 254 164 278 188
person 0.0151 215 126 288 195
person 0.0145 210 130 223 154
person 0.0124 467 134 499 168
person 0.0122 63 54 490 211
person 0.0107 259 154 283 185
person 0.0101 271 132 290 183
person 0.0099 248 133 266 180
person 0.0092 121 123 385 191
person 0.0090 258 157 281 205
person 0.0087 231 126 275 165
person 0.0085 250 146 280 257
person 0.0082 250 186 262 212
person 0.0077 271 122 290 162
person 0.0074 248 162 274 199
person 0.0070 241 119 290 167
person 0.0069 266 137 289 166
person 0.0068 174 141 183 147
person 0.0062 176 140 186 146
person 0.0054 249 131 278 162
person 0.0052 347 146 361 158
person 0.0041 300 112 320 129
person 0.0037 276 130 290 158
person 0.0036 225 124 264 155
person 0.0034 269 160 284 183
person 0.0034 201 123 223 160
person 0.0033 212 132 225 166
person 0.0031 230 65 484 253
person 0.0031 268 105 337 131
person 0.0030 279 116 292 152
person 0.0028 140 70 484 151
person 0.0027 215 125 255 215
person 0.0027 261 131 286 160
person 0.0027 326 104 384 156
person 0.0024 41 100 516 279
person 0.0023 337 133 352 155
person 0.0023 348 119 368 147
person 0.0022 206 119 254 157
person 0.0021 0 137 17 142
person 0.0020 333 123 354 153
person 0.0020 248 172 282 216
person 0.0019 280 126 291 149
person 0.0018 248 183 261 201
person 0.0017 239 130 261 157
person 0.0017 290 113 309 130
person 0.0016 295 104 310 120
person 0.0016 219 129 231 155
person 0.0016 235 122 257 151
person 0.0015 384 131 410 149
person 0.0015 105 138 114 145
person 0.0014 181 138 193 147
person 0.0014 215 121 238 153
person 0.0013 206 136 218 154
person 0.0013 102 138 110 147
person 0.0013 327 111 358 154
person 0.0013 460 137 487 166
person 0.0013 280 146 291 180
person 0.0012 395 135 414 150
person 0.0012 251 196 264 227
person 0.0012 210 144 224 171
person 0.0012 282 117 291 136
person 0.0012 186 130 218 163
person 0.0012 203 143 230 172
person 0.0012 274 108 297 138
person 0.0012 247 167 263 188
person 0.0011 249 151 272 184
person 0.0011 280 126 291 175
person 0.0011 284 107 301 129
person 0.0010 22 137 34 142
person 0.0010 219 116 262 169
car 0.0295 22 137 34 142
car 0.0198 1 137 15 141
car 0.0141 464 133 499 167
car 0.0125 6 136 36 142
car 0.0090 0 138 7 142
car 0.0043 106 138 116 144
car 0.0026 49 137 57 143
car 0.0019 207 124 295 199
car 0.0013 445 160 498 195
car 0.0012 99 112 410 265
car 0.0011 248 130 289 217
aeroplane 0.2315 -16 42 499 205
aeroplane 0.1925 52 71 513 289
aeroplane 0.1533 246 133 292 186
aeroplane 0.1413 172 99 362 264
aeroplane 0.1316 183 142 225 173
aeroplane 0.1113 230 96 498 321
aeroplane 0.0765 1 54 316 240
aeroplane 0.0433 290 105 320 130
aeroplane 0.0320 121 123 385 191
aeroplane 0.0310 219 121 261 267
aeroplane 0.0190 340 132 368 157
aeroplane 0.0139 217 127 285 189
aeroplane 0.0125 464 133 499 167
aeroplane 0.0101 140 70 484 151
aeroplane 0.0068 241 119 290 167
aeroplane 0.0068 249 134 288 255
aeroplane 0.0032 184 115 225 163
aeroplane 0.0027 222 86 496 124
aeroplane 0.0025 268 105 337 131
aeroplane 0.0024 200 112 273 164
aeroplane 0.0022 442 163 500 193
aeroplane 0.0022 1 136 29 142
aeroplane 0.0019 187 102 228 126
aeroplane 0.0019 374 116 500 176
aeroplane 0.0017 208 128 225 159
aeroplane 0.0015 326 104 384 156
aeroplane 0.0013 274 101 491 217
aeroplane 0.0012 247 133 263 157
aeroplane 0.0012 441 119 499 169
bus 0.0018 65 67 496 251
bus 0.0018 252 119 499 325
bus 0.0012 248 130 289 217
train 0.0036 52 71 513 289
train 0.0022 99 112 410 265
train 0.0014 248 130 289 217
boat 0.0310 52 71 513 289
boat 0.0271 231 117 500 324
boat 0.0151 184 143 223 173
boat 0.0080 172 99 362 264
boat 0.0024 467 134 499 168
boat 0.0022 246 133 292 186
boat 0.0018 -16 42 499 205
bird 0.0049 184 143 223 173
cow 0.0012 230 117 501 325
chair 0.0010 184 142 223 174
