person 0.0649 67 131 101 230
person 0.0587 141 159 184 223
person 0.0300 102 128 202 274
person 0.0214 0 322 27 372
person 0.0136 29 54 287 300
person 0.0125 0 32 17 107
person 0.0076 120 153 189 252
person 0.0075 148 148 172 197
person 0.0054 70 136 96 197
person 0.0046 42 61 133 254
person 0.0035 485 232 499 306
person 0.0029 0 21 32 107
person 0.0027 168 154 192 189
person 0.0023 124 84 231 268
person 0.0022 0 28 9 92
person 0.0018 11 13 463 341
person 0.0015 147 141 189 203
person 0.0014 79 59 214 283
person 0.0012 0 273 96 372
person 0.0012 171 71 193 103
person 0.0011 69 133 91 174
person 0.0011 0 29 9 59
person 0.0010 175 67 233 99
person 0.0010 348 0 439 54
person 0.0010 0 131 12 169
person 0.0010 155 150 166 163
car 0.0052 45 2 213 27
car 0.0046 173 66 235 101
car 0.0045 484 232 499 304
car 0.0038 385 6 500 192
car 0.0032 269 291 485 374
car 0.0018 11 13 463 341
car 0.0012 412 83 493 168
car 0.0011 428 94 490 146
boat 0.0071 -17 36 490 357
boat 0.0056 0 131 40 250
boat 0.0016 0 208 37 239
boat 0.0011 0 158 33 225
boat 0.0010 269 291 485 374
bird 0.0017 68 134 102 232
bird 0.0015 0 320 24 370
cat 0.0050 118 220 227 351
cat 0.0039 0 319 26 372
cat 0.0022 192 92 416 320
dog 0.9106 192 90 415 319
dog 0.8178 118 221 226 350
dog 0.0101 75 69 463 332
dog 0.0050 102 128 202 274
dog 0.0032 68 108 259 288
dog 0.0022 21 42 295 312
dog 0.0019 195 -16 496 318
dog 0.0015 170 305 216 344
dog 0.0013 106 131 234 349
dog 0.0012 0 320 24 371
dog 0.0010 486 233 499 306
sheep 0.0012 192 90 414 319
sheep 0.0010 118 220 226 351
cow 0.0012 123 221 227 350
bottle 0.0300 0 320 25 371
bottle 0.0026 0 273 96 372
bottle 0.0016 485 233 499 306
bottle 0.0015 73 150 102 229
bottle 0.0014 346 0 432 56
bottle 0.0012 0 128 13 171
bottle 0.0010 283 2 336 51
chair 0.0174 215 -3 499 304
chair 0.0073 35 9 476 342
chair 0.0040 270 290 485 375
chair 0.0028 276 1 414 118
chair 0.0022 0 320 24 370
chair 0.0022 0 273 96 371
chair 0.0014 487 237 499 305
chair 0.0012 11 10 286 293
chair 0.0011 0 127 14 170
chair 0.0010 0 106 17 133
sofa 0.0574 11 13 463 341
sofa 0.0087 195 -16 496 318
sofa 0.0036 276 1 414 118
sofa 0.0020 0 273 96 371
sofa 0.0016 63 38 301 323
sofa 0.0015 389 3 499 221
sofa 0.0014 486 236 499 307
sofa 0.0014 0 319 26 372
sofa 0.0011 270 290 485 375
pottedplant 0.0021 0 28 5 55
pottedplant 0.0016 0 24 14 101
pottedplant 0.0016 0 133 32 225
pottedplant 0.0011 40 0 211 30
diningtable 0.0086 0 273 97 372
diningtable 0.0062 35 9 476 342
diningtable 0.0014 0 319 27 374
diningtable 0.0013 269 291 485 374
diningtable 0.0012 0 241 20 283
tvmonitor 0.0282 11 10 286 293
tvmonitor 0.0040 389 3 499 221
tvmonitor 0.0027 0 121 44 250
tvmonitor 0.0027 46 1 212 24
tvmonitor 0.0018 68 108 259 288
tvmonitor 0.0015 167 64 240 112
tvmonitor 0.0015 0 0 49 59
tvmonitor 0.0015 13 36 423 362
tvmonitor 0.0014 268 2 501 254
tvmonitor 0.0011 0 319 26 372
tvmonitor 0.0010 265 290 482 374
tvmonitor 0.0010 0 273 96 372
