person 0.0157 455 118 499 192
person 0.0021 477 188 499 227
person 0.0018 460 164 499 233
person 0.0016 0 120 159 295
person 0.0013 426 139 498 262
person 0.0012 393 121 500 225
person 0.0010 321 117 499 308
car 0.8994 312 119 499 311
car 0.8097 0 120 158 296
car 0.0025 391 120 499 225
car 0.0011 314 215 498 309
motorbike 0.0029 0 120 159 302
aeroplane 0.0045 0 120 160 300
aeroplane 0.0014 318 121 496 309
bus 0.0144 0 115 158 301
bus 0.0019 313 118 498 311
train 0.0091 0 115 158 301
train 0.0022 316 123 495 313
boat 0.0251 0 120 160 300
boat 0.0146 318 121 496 309
dog 0.0081 456 119 499 188
bottle 0.0010 0 120 158 296
chair 0.0010 0 120 159 295
tvmonitor 0.0026 0 120 158 296
