person 0.0044 0 0 116 81
person 0.0015 295 257 498 371
bird 0.0437 295 256 497 371
bird 0.0343 0 1 116 81
bird 0.0047 109 54 368 371
bird 0.0026 0 6 26 52
bird 0.0011 0 40 9 54
cat 0.0154 295 256 497 371
cat 0.0054 0 1 116 80
dog 0.0582 297 256 497 371
dog 0.0184 0 1 116 80
dog 0.0115 109 40 372 376
horse 0.0763 109 54 368 371
horse 0.0109 297 256 497 371
horse 0.0094 0 1 116 80
sheep 0.6689 109 39 372 377
sheep 0.3805 0 0 116 81
sheep 0.2439 296 256 497 371
sheep 0.0034 0 5 27 52
sheep 0.0024 0 40 9 54
sheep 0.0016 69 2 362 252
sheep 0.0013 0 3 113 39
sheep 0.0012 0 32 23 54
sheep 0.0012 -10 -2 348 137
cow 0.0725 109 40 372 376
cow 0.0429 0 0 116 80
cow 0.0258 295 256 497 371
chair 0.0012 0 0 115 81
