person 0.0045 0 160 18 197
person 0.0018 0 98 28 202
person 0.0015 0 159 34 211
person 0.0013 397 137 457 304
person 0.0011 204 102 248 264
person 0.0011 220 139 288 319
person 0.0011 23 75 500 307
car 0.0089 0 160 18 197
car 0.0012 0 159 34 211
motorbike 0.0010 397 134 457 309
bird 0.0068 397 134 457 309
bird 0.0038 0 97 25 122
bird 0.0020 0 95 7 114
bird 0.0013 0 90 28 179
bird 0.0013 0 77 30 138
bird 0.0011 0 159 18 189
cat 0.0016 0 98 28 202
cat 0.0014 168 96 224 306
cat 0.0013 0 71 33 137
cat 0.0012 0 34 35 119
cat 0.0011 0 89 50 186
bottle 0.8732 168 96 225 298
bottle 0.0224 217 142 286 319
bottle 0.0114 252 139 305 300
bottle 0.0109 278 130 358 285
bottle 0.0109 88 97 328 331
bottle 0.0096 183 87 249 292
bottle 0.0060 220 176 235 271
bottle 0.0042 223 204 235 260
bottle 0.0032 149 87 208 304
bottle 0.0031 207 123 244 296
bottle 0.0030 133 35 154 106
bottle 0.0023 7 82 439 357
bottle 0.0018 166 152 190 242
bottle 0.0013 397 138 459 299
bottle 0.0011 179 120 228 228
bottle 0.0010 343 196 372 271
bottle 0.0010 125 90 173 301
chair 0.0043 475 316 499 332
chair 0.0032 0 159 19 201
chair 0.0029 169 95 223 300
chair 0.0028 279 128 358 274
chair 0.0014 479 270 499 331
chair 0.0011 397 137 457 304
chair 0.0011 43 275 298 328
chair 0.0010 217 141 286 319
sofa 0.0010 7 82 439 357
pottedplant 0.0418 454 138 500 261
pottedplant 0.0329 0 95 178 285
pottedplant 0.0269 351 204 431 274
pottedplant 0.0216 431 151 499 291
pottedplant 0.0122 432 219 498 286
pottedplant 0.0107 44 97 173 204
pottedplant 0.0105 -1 9 175 210
pottedplant 0.0084 0 159 39 211
pottedplant 0.0060 1 111 111 204
pottedplant 0.0057 350 156 434 299
pottedplant 0.0053 58 177 171 284
pottedplant 0.0052 1 163 127 303
pottedplant 0.0047 0 163 17 217
pottedplant 0.0046 311 145 401 289
pottedplant 0.0039 0 98 28 202
pottedplant 0.0037 0 199 72 312
pottedplant 0.0036 480 229 499 264
pottedplant 0.0036 230 133 491 311
pottedplant 0.0033 411 77 499 286
pottedplant 0.0032 0 268 32 318
pottedplant 0.0030 0 89 50 186
pottedplant 0.0029 85 95 174 277
pottedplant 0.0025 397 138 459 299
pottedplant 0.0022 95 100 173 185
pottedplant 0.0021 0 173 42 290
pottedplant 0.0019 0 283 19 317
pottedplant 0.0018 342 194 377 277
pottedplant 0.0018 0 71 33 137
pottedplant 0.0015 477 230 500 287
pottedplant 0.0015 446 58 499 257
pottedplant 0.0015 0 159 18 189
pottedplant 0.0013 2 6 130 149
pottedplant 0.0013 9 128 154 238
pottedplant 0.0012 0 34 35 119
pottedplant 0.0011 466 205 500 271
pottedplant 0.0010 2 119 80 180
diningtable 0.2533 31 221 492 328
diningtable 0.2149 111 145 405 323
diningtable 0.0874 217 142 294 323
diningtable 0.0729 36 270 443 328
diningtable 0.0433 167 192 385 301
diningtable 0.0253 7 82 439 357
diningtable 0.0217 277 133 360 282
diningtable 0.0189 169 95 223 300
diningtable 0.0093 247 142 317 288
diningtable 0.0080 229 262 498 328
diningtable 0.0045 278 218 361 286
diningtable 0.0040 235 180 486 326
diningtable 0.0036 397 138 459 299
diningtable 0.0030 256 196 304 292
diningtable 0.0029 354 211 441 276
diningtable 0.0024 127 92 297 303
diningtable 0.0022 486 269 499 289
diningtable 0.0022 270 232 457 303
diningtable 0.0018 475 316 499 332
diningtable 0.0016 369 149 489 332
diningtable 0.0015 480 263 500 331
diningtable 0.0015 33 187 309 331
diningtable 0.0014 38 277 267 328
diningtable 0.0013 0 159 18 186
diningtable 0.0011 302 226 355 275
tvmonitor 0.0011 427 8 500 198
