person 0.0234 0 247 93 294
person 0.0019 157 159 167 199
person 0.0012 0 157 14 179
bicycle 0.0022 40 46 139 259
car 0.6874 200 186 253 204
car 0.1220 216 188 252 200
car 0.0263 199 185 224 202
car 0.0143 250 199 277 207
car 0.0088 0 249 94 293
car 0.0074 0 153 17 177
car 0.0065 159 190 167 199
car 0.0059 212 188 273 202
car 0.0036 243 194 279 208
car 0.0026 250 188 284 207
car 0.0023 6 165 94 208
car 0.0023 7 87 103 229
car 0.0022 238 199 269 208
car 0.0021 179 186 235 205
car 0.0020 245 200 262 207
car 0.0017 122 138 309 234
car 0.0016 119 186 341 254
car 0.0015 7 112 81 204
car 0.0014 46 103 66 109
car 0.0013 227 189 258 201
car 0.0012 0 122 19 161
car 0.0012 47 98 382 282
car 0.0012 258 85 373 209
car 0.0012 236 177 311 207
car 0.0011 217 183 285 208
car 0.0010 154 231 219 250
car 0.0010 201 177 253 198
motorbike 0.0013 46 46 145 251
bird 0.0015 49 89 129 249
bird 0.0011 190 231 245 294
cat 0.0029 -2 254 94 294
cat 0.0029 192 231 243 294
cat 0.0013 189 232 315 296
dog 0.0029 0 247 92 295
bottle 0.0091 190 229 242 292
bottle 0.0026 189 232 315 296
bottle 0.0017 66 186 119 247
bottle 0.0017 12 163 58 208
bottle 0.0016 270 168 313 207
bottle 0.0013 150 71 165 110
bottle 0.0012 293 237 331 276
bottle 0.0010 54 153 124 247
chair 0.0448 481 274 499 291
chair 0.0217 0 154 16 180
chair 0.0162 0 247 92 295
chair 0.0123 469 273 500 295
chair 0.0102 406 253 431 277
chair 0.0060 401 257 471 292
chair 0.0044 12 163 58 208
chair 0.0037 432 269 499 295
chair 0.0037 405 254 446 284
chair 0.0036 292 237 331 277
chair 0.0030 0 159 12 189
chair 0.0027 288 257 477 296
chair 0.0023 270 167 313 206
chair 0.0020 -1 159 26 205
chair 0.0016 66 186 119 247
chair 0.0015 193 233 315 295
chair 0.0013 0 171 16 201
chair 0.0012 200 185 255 206
chair 0.0012 469 286 499 296
chair 0.0010 472 263 499 288
sofa 0.0116 0 247 93 294
sofa 0.0014 475 273 499 292
pottedplant 0.7066 46 20 159 254
pottedplant 0.5754 259 58 366 206
pottedplant 0.2572 313 58 370 206
pottedplant 0.2232 12 164 61 208
pottedplant 0.1659 51 139 127 248
pottedplant 0.1334 270 165 314 205
pottedplant 0.0980 255 80 324 208
pottedplant 0.0347 322 162 364 205
pottedplant 0.0318 12 122 104 218
pottedplant 0.0305 320 119 368 205
pottedplant 0.0218 66 186 119 247
pottedplant 0.0076 -1 158 28 205
pottedplant 0.0064 48 156 94 207
pottedplant 0.0062 214 74 342 219
pottedplant 0.0054 -1 136 66 208
pottedplant 0.0051 45 151 103 233
pottedplant 0.0049 0 177 16 200
pottedplant 0.0045 269 131 317 207
pottedplant 0.0043 92 160 124 192
pottedplant 0.0041 68 95 141 253
pottedplant 0.0037 16 61 125 249
pottedplant 0.0037 0 154 16 179
pottedplant 0.0034 44 112 154 192
pottedplant 0.0031 1 105 86 191
pottedplant 0.0029 360 0 484 286
pottedplant 0.0026 319 55 364 116
pottedplant 0.0026 78 142 131 213
pottedplant 0.0024 0 72 17 105
pottedplant 0.0022 23 173 97 204
pottedplant 0.0021 320 27 403 230
pottedplant 0.0021 0 144 39 198
pottedplant 0.0020 84 45 161 216
pottedplant 0.0019 45 177 91 199
pottedplant 0.0019 348 50 365 83
pottedplant 0.0019 36 33 438 250
pottedplant 0.0017 71 6 164 161
pottedplant 0.0017 327 55 364 88
pottedplant 0.0017 190 231 245 294
pottedplant 0.0017 257 126 349 201
pottedplant 0.0015 183 89 398 259
pottedplant 0.0014 0 149 90 244
pottedplant 0.0014 96 137 480 283
pottedplant 0.0014 189 232 315 296
pottedplant 0.0013 92 119 135 229
pottedplant 0.0013 283 94 357 200
pottedplant 0.0011 46 141 94 177
pottedplant 0.0011 351 4 426 287
pottedplant 0.0011 236 177 311 207
pottedplant 0.0010 3 162 19 203
diningtable 0.0754 240 235 315 294
diningtable 0.0594 285 260 471 295
diningtable 0.0569 185 232 324 296
diningtable 0.0420 0 246 92 294
diningtable 0.0202 41 219 388 298
diningtable 0.0148 292 236 332 278
diningtable 0.0110 178 241 426 289
diningtable 0.0096 190 232 240 294
diningtable 0.0090 163 234 269 293
diningtable 0.0088 1 237 214 294
diningtable 0.0066 481 274 499 291
diningtable 0.0049 62 249 269 295
diningtable 0.0043 139 230 230 282
diningtable 0.0043 259 245 358 284
diningtable 0.0043 410 264 497 294
diningtable 0.0037 90 263 232 295
diningtable 0.0036 159 217 309 266
diningtable 0.0030 0 153 16 180
diningtable 0.0029 270 167 314 209
diningtable 0.0022 173 228 257 266
diningtable 0.0020 34 156 493 285
diningtable 0.0020 469 273 499 294
diningtable 0.0014 443 272 499 295
diningtable 0.0013 0 153 17 168
diningtable 0.0012 253 225 495 296
diningtable 0.0012 200 185 255 206
diningtable 0.0010 395 252 439 284
diningtable 0.0010 149 231 217 255
tvmonitor 0.0032 479 274 499 292
tvmonitor 0.0024 0 249 94 293
