person 0.0066 385 160 405 169
person 0.0042 378 157 416 168
person 0.0041 366 158 437 172
person 0.0039 374 159 395 170
person 0.0034 376 156 390 168
person 0.0026 471 245 488 318
person 0.0023 393 159 411 167
person 0.0022 261 146 284 160
person 0.0020 229 160 253 175
person 0.0018 221 157 244 166
person 0.0015 218 160 240 171
person 0.0014 264 142 283 156
person 0.0013 402 161 415 167
person 0.0011 253 142 285 163
person 0.0010 343 166 363 174
person 0.0010 433 150 444 167
person 0.0010 169 164 254 181
car 0.0021 472 245 488 317
car 0.0012 349 321 359 325
aeroplane 0.0029 413 148 446 172
aeroplane 0.0020 296 166 445 206
aeroplane 0.0019 370 149 446 175
aeroplane 0.0015 92 183 255 223
aeroplane 0.0011 472 245 488 317
aeroplane 0.0011 427 150 443 168
boat 0.7259 296 167 444 205
boat 0.5316 90 189 256 231
boat 0.3815 219 112 288 178
boat 0.3764 472 245 488 316
boat 0.3079 171 164 261 188
boat 0.1356 220 147 288 175
boat 0.1183 309 156 450 179
boat 0.0834 301 213 437 241
boat 0.0701 218 162 289 179
boat 0.0547 294 193 446 238
boat 0.0511 370 149 446 175
boat 0.0442 172 168 285 197
boat 0.0440 252 178 287 194
boat 0.0433 240 142 290 169
boat 0.0414 361 158 433 172
boat 0.0386 251 113 284 167
boat 0.0368 251 173 289 183
boat 0.0271 240 158 290 174
boat 0.0235 206 120 264 178
boat 0.0227 170 148 295 181
boat 0.0226 351 224 381 236
boat 0.0217 166 116 272 190
boat 0.0207 215 159 256 175
boat 0.0195 226 171 293 184
boat 0.0187 243 165 290 177
boat 0.0182 187 162 265 179
boat 0.0175 248 165 290 187
boat 0.0169 221 122 252 175
boat 0.0167 245 136 286 160
boat 0.0164 95 150 258 239
boat 0.0149 330 239 375 247
boat 0.0147 126 247 234 268
boat 0.0145 116 164 262 206
boat 0.0142 91 148 123 156
boat 0.0141 187 166 229 174
boat 0.0124 203 157 292 187
boat 0.0117 324 232 373 247
boat 0.0116 158 191 248 217
boat 0.0110 171 182 256 212
boat 0.0106 374 159 407 171
boat 0.0102 219 156 251 167
boat 0.0099 169 176 260 200
boat 0.0099 208 168 284 182
boat 0.0093 472 244 487 284
boat 0.0090 344 218 390 234
boat 0.0089 264 142 283 156
boat 0.0087 261 146 284 160
boat 0.0084 420 150 445 170
boat 0.0080 94 207 253 256
boat 0.0079 171 165 240 176
boat 0.0076 218 154 263 170
boat 0.0075 229 163 265 177
boat 0.0075 139 253 216 269
boat 0.0072 473 164 496 312
boat 0.0072 264 113 283 157
boat 0.0070 316 221 445 248
boat 0.0063 120 119 265 214
boat 0.0061 228 175 292 191
boat 0.0058 429 150 443 167
boat 0.0050 341 161 428 176
boat 0.0048 201 166 212 173
boat 0.0046 345 228 378 243
boat 0.0044 324 164 372 177
boat 0.0044 349 321 359 325
boat 0.0044 216 159 242 172
boat 0.0040 99 229 248 271
boat 0.0040 143 184 153 190
boat 0.0040 265 132 279 152
boat 0.0040 218 135 242 172
boat 0.0039 169 165 180 170
boat 0.0038 185 185 276 204
boat 0.0035 340 240 366 246
boat 0.0033 304 164 414 179
boat 0.0033 385 160 405 169
boat 0.0033 304 165 391 188
boat 0.0030 222 163 248 176
boat 0.0030 327 228 363 241
boat 0.0029 374 156 395 169
boat 0.0029 371 153 419 169
boat 0.0029 352 166 412 185
boat 0.0029 346 237 379 246
boat 0.0029 382 155 444 170
boat 0.0028 476 246 495 319
boat 0.0028 235 184 286 196
boat 0.0027 477 246 487 270
boat 0.0026 364 160 397 171
boat 0.0025 220 168 260 181
boat 0.0024 297 177 388 203
boat 0.0024 320 223 372 239
boat 0.0024 121 148 160 156
boat 0.0022 221 142 244 163
boat 0.0021 142 155 245 183
boat 0.0021 151 151 214 174
boat 0.0021 332 206 441 228
boat 0.0021 259 150 291 168
boat 0.0020 253 146 279 164
boat 0.0020 300 136 449 210
boat 0.0020 169 149 185 155
boat 0.0019 12 149 33 156
boat 0.0017 335 164 431 192
bird 0.0032 471 245 488 318
bird 0.0026 143 184 152 189
bird 0.0018 140 260 155 268
