person 0.8812 0 0 67 265
person 0.8030 263 0 352 235
person 0.7915 152 0 178 58
person 0.6438 288 2 375 278
person 0.5437 172 0 267 120
person 0.3498 176 1 279 253
person 0.0554 254 0 274 80
person 0.0449 141 3 162 55
person 0.0445 197 105 259 256
person 0.0308 209 178 247 252
person 0.0220 257 17 311 235
person 0.0212 263 0 272 12
person 0.0177 367 0 375 8
person 0.0157 325 5 375 126
person 0.0136 57 0 329 427
person 0.0134 260 0 272 39
person 0.0123 173 0 223 49
person 0.0119 237 0 272 107
person 0.0115 116 35 284 335
person 0.0114 361 0 375 9
person 0.0106 264 2 279 76
person 0.0105 -1 1 29 263
person 0.0092 349 0 373 14
person 0.0090 174 0 183 18
person 0.0086 207 90 296 249
person 0.0076 210 0 268 69
person 0.0072 256 0 271 16
person 0.0072 49 54 72 101
person 0.0068 175 0 202 44
person 0.0048 163 0 183 57
person 0.0042 252 0 270 39
person 0.0041 141 108 274 254
person 0.0040 348 0 360 10
person 0.0037 266 0 287 17
person 0.0035 261 76 290 132
person 0.0033 269 42 278 61
person 0.0031 331 3 376 273
person 0.0031 257 0 267 12
person 0.0028 266 0 293 41
person 0.0027 24 4 85 257
person 0.0027 346 0 369 22
person 0.0027 49 65 65 103
person 0.0027 215 13 269 119
person 0.0026 1 0 26 107
person 0.0026 176 0 186 10
person 0.0024 151 10 174 44
person 0.0023 262 47 303 184
person 0.0023 164 0 181 20
person 0.0022 272 42 284 61
person 0.0022 149 7 159 38
person 0.0022 329 159 373 273
person 0.0021 203 34 323 280
person 0.0021 153 0 179 22
person 0.0020 267 34 278 66
person 0.0020 276 0 364 94
person 0.0020 150 0 159 21
person 0.0020 268 0 284 11
person 0.0019 326 73 373 132
person 0.0019 0 121 32 291
person 0.0019 280 99 360 263
person 0.0019 0 74 20 144
person 0.0018 312 5 322 37
person 0.0018 356 0 374 23
person 0.0018 14 0 64 90
person 0.0017 144 11 159 45
person 0.0017 1 2 59 152
person 0.0017 35 46 72 104
person 0.0016 264 82 296 227
person 0.0016 225 31 260 101
person 0.0016 21 217 54 246
person 0.0015 142 21 182 60
person 0.0015 166 158 249 256
person 0.0015 140 17 156 55
person 0.0015 194 52 275 207
person 0.0014 0 98 52 314
person 0.0014 265 37 283 73
person 0.0014 277 42 286 61
person 0.0013 303 25 372 169
person 0.0013 347 0 355 7
person 0.0012 261 74 283 113
person 0.0012 270 0 320 39
person 0.0012 0 89 18 124
person 0.0012 235 0 246 11
person 0.0012 42 0 57 18
person 0.0012 150 2 166 26
person 0.0011 46 7 73 102
person 0.0011 278 0 295 16
person 0.0010 238 0 252 10
person 0.0010 72 2 287 232
person 0.0010 264 0 278 28
person 0.0010 31 16 229 376
bicycle 0.3680 141 19 160 56
bicycle 0.1739 149 0 178 57
bicycle 0.0081 137 13 153 56
bicycle 0.0069 44 106 245 437
bicycle 0.0050 259 75 285 124
bicycle 0.0048 144 0 159 51
bicycle 0.0039 140 17 173 60
bicycle 0.0019 142 31 183 57
bicycle 0.0017 147 33 167 54
bicycle 0.0015 255 41 297 200
bicycle 0.0013 210 30 297 215
car 0.0035 49 55 72 101
car 0.0031 141 2 163 56
car 0.0021 150 0 180 57
car 0.0012 174 0 186 16
motorbike 0.6943 44 90 249 435
motorbike 0.0735 176 1 279 253
motorbike 0.0275 194 60 296 226
motorbike 0.0244 140 12 162 57
motorbike 0.0235 149 0 180 58
motorbike 0.0091 197 105 259 256
motorbike 0.0091 245 46 303 223
motorbike 0.0090 201 105 289 198
motorbike 0.0061 86 18 298 355
motorbike 0.0037 113 60 273 279
motorbike 0.0030 261 74 283 113
motorbike 0.0025 255 86 293 199
motorbike 0.0022 237 8 340 253
motorbike 0.0016 65 53 153 289
motorbike 0.0016 31 36 177 393
motorbike 0.0016 213 71 295 169
motorbike 0.0014 172 0 268 117
motorbike 0.0010 144 0 159 51
bottle 0.0481 311 1 322 32
bottle 0.0029 238 58 249 86
bottle 0.0024 354 89 374 120
bottle 0.0024 303 5 320 42
bottle 0.0016 303 2 317 25
bottle 0.0015 312 0 319 6
bottle 0.0011 327 75 375 125
chair 0.0017 141 19 160 56
