person 0.5893 282 15 448 175
person 0.0420 279 34 436 284
person 0.0351 461 4 499 293
person 0.0086 259 128 426 242
person 0.0085 469 115 499 287
person 0.0029 480 -1 500 280
person 0.0022 417 1 499 294
person 0.0020 383 104 448 172
train 0.0065 283 13 461 201
train 0.0022 456 1 500 295
train 0.0011 383 104 448 172
bird 0.0097 72 180 83 186
bottle 0.0011 488 108 500 129
chair 0.0046 469 112 499 286
chair 0.0024 291 179 423 231
chair 0.0014 258 145 426 231
chair 0.0011 390 104 446 170
sofa 0.0010 469 115 499 287
diningtable 0.0086 296 182 421 231
diningtable 0.0066 244 147 422 229
diningtable 0.0051 261 93 427 256
diningtable 0.0012 215 144 436 294
tvmonitor 0.0016 469 116 499 290
