car 0.0051 1 50 475 334
car 0.0011 117 227 507 372
train 0.0043 80 228 509 372
boat 0.0018 -4 236 476 372
bird 0.0027 128 76 446 290
cat 0.8377 127 74 444 287
cat 0.0098 8 40 468 345
cat 0.0011 78 187 504 386
dog 0.0167 129 76 444 290
dog 0.0011 8 40 468 345
chair 0.0084 117 227 507 372
chair 0.0040 1 50 475 334
chair 0.0038 441 39 499 225
chair 0.0023 0 -3 153 357
chair 0.0020 335 218 498 370
chair 0.0016 -4 231 334 371
chair 0.0014 123 79 440 286
chair 0.0012 11 16 453 187
chair 0.0011 339 217 502 258
sofa 0.0083 1 50 475 334
sofa 0.0043 117 226 508 372
diningtable 0.0110 1 50 475 334
diningtable 0.0034 -4 236 476 372
tvmonitor 0.0102 442 43 499 228
tvmonitor 0.0031 -4 231 334 371
tvmonitor 0.0030 16 44 467 314
tvmonitor 0.0012 117 226 508 372
