person 0.8545 144 22 292 222
person 0.4013 205 65 444 294
person 0.0472 181 62 360 255
person 0.0400 29 44 486 366
person 0.0163 224 149 289 201
person 0.0154 227 63 340 209
person 0.0117 280 67 354 166
person 0.0103 414 196 499 309
person 0.0091 494 44 500 62
person 0.0089 143 123 356 225
person 0.0056 226 126 300 215
person 0.0038 234 63 420 185
person 0.0031 489 44 500 66
person 0.0026 154 29 407 195
person 0.0025 234 15 300 178
person 0.0023 139 35 228 215
person 0.0022 206 35 306 224
person 0.0021 298 101 440 326
person 0.0017 223 167 266 202
person 0.0015 186 161 281 203
person 0.0015 144 144 475 373
person 0.0012 481 45 499 68
person 0.0012 456 3 500 80
person 0.0011 255 28 328 185
person 0.0011 328 77 499 316
person 0.0010 273 81 336 237
person 0.0010 163 154 299 216
bicycle 0.0114 377 0 498 188
bicycle 0.0071 395 291 500 369
bicycle 0.0029 412 332 500 373
bicycle 0.0025 419 0 498 90
bicycle 0.0017 416 353 500 374
bicycle 0.0016 16 188 488 377
bicycle 0.0013 443 0 500 63
car 0.0653 376 5 498 206
car 0.0555 2 63 477 381
car 0.0048 379 101 497 201
car 0.0026 203 71 439 322
car 0.0022 162 136 499 368
car 0.0011 143 28 290 227
car 0.0010 409 297 499 372
car 0.0010 1 135 282 369
car 0.0010 143 123 356 225
car 0.0010 225 159 283 203
motorbike 0.5888 377 -1 498 201
motorbike 0.0587 401 290 499 369
motorbike 0.0116 412 332 500 373
motorbike 0.0067 163 139 500 367
motorbike 0.0056 379 101 497 201
motorbike 0.0056 0 44 476 369
motorbike 0.0038 416 353 500 374
motorbike 0.0033 331 259 500 360
motorbike 0.0031 371 319 476 373
motorbike 0.0019 220 242 495 370
motorbike 0.0016 416 210 498 311
motorbike 0.0015 358 282 506 342
motorbike 0.0013 278 9 499 223
motorbike 0.0013 441 344 499 372
motorbike 0.0011 406 289 499 332
motorbike 0.0011 352 38 499 312
motorbike 0.0011 433 0 499 82
motorbike 0.0011 438 290 498 321
motorbike 0.0010 432 5 499 185
motorbike 0.0010 466 107 499 207
motorbike 0.0010 385 330 451 374
motorbike 0.0010 321 148 500 346
aeroplane 0.0024 2 63 477 381
aeroplane 0.0022 376 5 498 206
bus 0.0098 0 44 476 369
bus 0.0053 374 10 499 220
train 0.0442 0 44 476 369
train 0.0116 376 5 498 206
train 0.0018 203 66 438 291
train 0.0010 143 28 290 227
boat 0.0512 0 44 476 369
boat 0.0132 376 22 499 268
boat 0.0075 203 71 439 322
boat 0.0026 422 172 499 303
boat 0.0024 76 180 479 376
boat 0.0016 143 123 356 225
boat 0.0014 376 94 497 202
boat 0.0012 143 21 292 222
dog 0.0020 224 157 280 203
dog 0.0010 6 34 467 376
horse 0.0016 217 85 496 358
cow 0.0011 273 102 497 350
chair 0.0033 9 175 488 374
chair 0.0022 421 172 499 306
chair 0.0020 376 94 497 202
chair 0.0015 373 11 501 219
sofa 0.0037 2 63 477 381
diningtable 0.0024 9 175 488 374
