person 0.0093 15 9 421 492
person 0.0019 110 0 413 38
person 0.0017 -10 0 417 118
person 0.0016 154 0 187 34
person 0.0015 1 218 57 433
person 0.0014 0 378 45 479
person 0.0010 22 0 434 64
car 0.0019 5 153 98 241
car 0.0010 0 378 45 479
bird 0.0064 29 13 421 491
cat 0.3492 29 13 421 491
dog 0.4794 30 8 420 489
dog 0.0027 16 263 433 498
horse 0.0063 27 9 421 494
sheep 0.0049 27 9 421 494
cow 0.0069 29 8 419 491
bottle 0.0011 0 378 45 479
chair 0.0062 30 8 420 489
chair 0.0042 142 0 425 60
chair 0.0040 4 153 98 241
chair 0.0040 0 221 65 410
chair 0.0029 1 130 100 403
chair 0.0027 0 409 43 476
chair 0.0012 14 0 433 114
chair 0.0011 20 323 430 498
chair 0.0010 19 70 109 148
sofa 0.0233 30 8 420 489
sofa 0.0113 1 220 68 410
sofa 0.0062 1 130 100 403
sofa 0.0061 142 0 425 60
sofa 0.0024 4 153 98 241
sofa 0.0023 14 0 433 114
sofa 0.0020 19 367 426 498
diningtable 0.0029 4 407 146 497
diningtable 0.0017 15 10 421 490
tvmonitor 0.0260 5 0 172 68
tvmonitor 0.0061 145 0 423 47
tvmonitor 0.0049 15 154 97 239
tvmonitor 0.0038 22 0 434 64
tvmonitor 0.0019 108 0 180 54
tvmonitor 0.0017 154 0 187 34
tvmonitor 0.0014 60 10 120 71
tvmonitor 0.0012 74 1 262 61
tvmonitor 0.0011 20 8 132 88
