person 0.6065 366 121 390 144
person 0.5478 219 132 234 153
person 0.4991 203 136 215 154
person 0.4978 233 140 246 155
person 0.3241 259 132 268 152
person 0.2534 277 132 286 154
person 0.2199 204 136 226 154
person 0.1572 171 137 184 152
person 0.1543 258 132 280 153
person 0.1388 254 132 266 154
person 0.1341 190 137 202 153
person 0.0824 72 142 133 172
person 0.0726 178 138 188 152
person 0.0687 184 138 195 153
person 0.0609 181 142 189 153
person 0.0573 259 133 267 143
person 0.0539 278 131 296 151
person 0.0519 112 145 127 154
person 0.0451 199 134 209 153
person 0.0450 272 130 288 155
person 0.0371 112 145 120 155
person 0.0310 309 125 321 152
person 0.0265 135 87 423 219
person 0.0239 296 124 305 142
person 0.0230 301 126 319 150
person 0.0227 250 137 260 154
person 0.0201 364 120 377 145
person 0.0191 116 149 132 169
person 0.0161 288 129 302 149
person 0.0160 255 132 265 142
person 0.0153 108 137 114 144
person 0.0144 161 144 168 152
person 0.0141 313 125 321 142
person 0.0135 307 136 324 154
person 0.0132 304 137 316 154
person 0.0124 264 141 281 153
person 0.0118 118 146 131 156
person 0.0105 178 128 187 141
person 0.0101 202 141 212 154
person 0.0098 32 151 46 162
person 0.0095 109 144 131 163
person 0.0082 23 151 43 163
person 0.0079 313 126 324 154
person 0.0079 313 139 326 155
person 0.0074 216 139 231 153
person 0.0068 103 148 132 171
person 0.0067 251 129 260 143
person 0.0065 200 133 242 154
person 0.0064 145 154 151 164
person 0.0059 154 141 166 152
person 0.0056 294 137 310 155
person 0.0056 122 143 130 152
person 0.0055 99 140 107 148
person 0.0055 14 150 37 164
person 0.0053 327 141 342 156
person 0.0053 157 145 166 152
person 0.0052 252 141 265 153
person 0.0049 201 129 218 156
person 0.0043 104 146 118 164
person 0.0041 37 152 57 161
person 0.0037 273 130 284 144
person 0.0035 259 141 271 153
person 0.0034 239 135 247 151
person 0.0034 290 140 303 154
person 0.0033 289 122 305 143
person 0.0032 92 145 102 154
person 0.0030 90 145 111 168
person 0.0030 154 135 162 151
person 0.0029 151 141 160 152
person 0.0029 481 125 490 142
person 0.0028 365 117 379 135
person 0.0028 164 142 176 152
person 0.0027 324 132 342 153
person 0.0026 318 140 333 154
person 0.0024 41 148 63 161
person 0.0024 231 128 248 159
person 0.0024 205 144 215 156
person 0.0023 138 152 148 164
person 0.0021 222 125 241 150
person 0.0020 95 140 109 150
person 0.0019 43 139 84 161
person 0.0019 375 118 393 142
person 0.0019 282 127 297 146
person 0.0019 145 151 150 161
person 0.0018 297 144 309 155
person 0.0018 264 130 281 145
person 0.0017 209 136 268 156
person 0.0016 0 150 6 166
person 0.0016 189 128 204 156
person 0.0015 169 129 178 143
person 0.0014 170 127 186 154
person 0.0014 151 133 160 150
person 0.0014 56 154 74 161
person 0.0013 288 127 331 161
person 0.0011 59 144 80 161
person 0.0011 4 151 23 164
person 0.0011 150 146 157 154
person 0.0010 13 137 19 148
person 0.0010 226 142 244 161
person 0.0010 73 150 88 156
car 0.8447 73 144 134 171
car 0.6659 14 150 40 164
car 0.1648 32 151 46 162
car 0.1425 54 153 76 161
car 0.1220 37 152 57 161
car 0.0771 42 139 84 161
car 0.0623 117 153 132 170
car 0.0358 40 147 68 161
car 0.0336 25 149 43 163
car 0.0292 29 150 54 163
car 0.0236 103 148 131 171
car 0.0091 4 151 25 164
car 0.0083 122 160 132 170
car 0.0079 34 155 43 163
car 0.0061 21 154 42 164
car 0.0058 56 143 81 161
car 0.0058 123 155 135 171
car 0.0046 14 149 26 162
car 0.0035 69 151 86 162
car 0.0035 58 155 73 162
car 0.0034 112 145 127 155
car 0.0033 117 146 131 157
car 0.0026 73 150 88 156
car 0.0025 109 144 132 163
car 0.0025 116 145 136 171
car 0.0024 42 155 61 162
car 0.0024 64 149 91 164
car 0.0020 0 150 6 166
car 0.0019 11 142 41 176
car 0.0018 138 152 148 164
car 0.0017 127 152 149 168
car 0.0017 92 145 102 154
car 0.0016 75 146 111 162
car 0.0015 1 149 16 164
car 0.0014 131 90 425 227
car 0.0014 481 126 491 141
car 0.0013 10 153 24 165
car 0.0012 145 154 151 164
motorbike 0.0014 32 151 46 162
bus 0.9430 131 88 426 224
bus 0.4966 40 138 82 161
bus 0.0711 72 145 133 172
bus 0.0249 40 147 68 161
bus 0.0103 56 143 81 161
bus 0.0083 22 99 46 133
bus 0.0057 57 138 80 155
bus 0.0054 36 150 59 161
bus 0.0039 37 131 72 151
bus 0.0032 44 137 65 160
bus 0.0021 33 150 46 162
bus 0.0020 25 132 73 161
bus 0.0019 14 150 41 164
bus 0.0015 42 152 76 161
bus 0.0012 34 115 83 164
bus 0.0010 44 133 63 148
train 0.0068 40 138 83 161
train 0.0032 131 90 425 227
boat 0.0025 39 138 83 161
bird 0.0015 299 19 318 28
chair 0.0029 263 133 283 154
chair 0.0020 267 140 285 155
chair 0.0019 259 132 268 153
chair 0.0010 275 131 288 154
pottedplant 0.0010 416 71 437 83
