person 0.0143 0 0 36 38
person 0.0079 259 316 271 330
person 0.0056 250 314 276 330
person 0.0049 247 324 252 333
person 0.0048 338 0 374 55
person 0.0015 262 317 276 331
person 0.0015 143 281 147 286
person 0.0010 131 282 135 287
car 0.0151 35 318 58 328
car 0.0115 22 317 38 324
car 0.0067 41 320 61 330
car 0.0063 249 314 277 330
car 0.0051 274 306 320 321
car 0.0049 4 321 237 498
car 0.0038 39 356 45 360
car 0.0034 20 315 55 327
car 0.0030 339 0 374 51
car 0.0026 248 308 310 329
car 0.0018 249 302 320 323
car 0.0015 0 0 36 38
car 0.0011 259 316 271 330
car 0.0010 304 309 322 321
aeroplane 0.6722 137 244 328 324
aeroplane 0.2523 5 316 361 496
aeroplane 0.0346 5 236 345 383
aeroplane 0.0134 164 253 317 301
aeroplane 0.0117 132 266 268 328
aeroplane 0.0097 234 272 261 287
aeroplane 0.0066 39 256 347 333
aeroplane 0.0025 280 303 324 320
aeroplane 0.0024 4 317 237 434
aeroplane 0.0016 250 314 275 329
aeroplane 0.0015 254 304 323 325
aeroplane 0.0012 213 273 269 289
aeroplane 0.0011 212 299 217 303
aeroplane 0.0010 240 312 282 332
aeroplane 0.0010 249 254 325 319
train 0.0035 8 276 127 321
train 0.0015 0 268 50 284
train 0.0010 9 271 246 325
bird 0.0015 39 356 44 360
bird 0.0011 0 0 36 38
chair 0.0015 2 0 37 37
chair 0.0010 339 0 374 51
