person 0.0023 331 15 497 248
person 0.0012 332 116 362 143
bird 0.0226 333 18 489 167
bird 0.0051 230 26 501 348
bird 0.0014 258 79 472 222
bird 0.0012 0 74 489 355
bird 0.0012 326 8 498 282
cat 0.0297 234 59 499 345
cat 0.0161 334 11 497 233
cat 0.0150 5 65 488 354
cat 0.0020 336 20 451 161
cat 0.0010 138 202 480 347
dog 0.0296 333 16 496 253
dog 0.0109 5 65 488 354
dog 0.0102 264 15 498 346
dog 0.0032 326 17 465 165
horse 0.0101 264 15 498 346
horse 0.0066 333 16 496 253
horse 0.0025 5 65 488 354
sheep 0.3562 -4 63 313 361
sheep 0.3360 235 63 497 344
sheep 0.1003 98 137 482 357
sheep 0.0400 129 212 279 346
sheep 0.0335 125 207 417 347
sheep 0.0209 333 16 499 182
sheep 0.0103 8 314 474 372
sheep 0.0103 258 79 472 222
sheep 0.0067 13 46 508 277
sheep 0.0052 354 13 500 349
sheep 0.0051 291 102 395 184
sheep 0.0014 18 337 308 373
sheep 0.0011 70 160 307 338
sheep 0.0010 129 308 187 350
cow 0.0099 0 74 489 355
cow 0.0092 230 26 501 348
cow 0.0045 334 11 497 233
sofa 0.0078 0 74 489 355
diningtable 0.0012 0 74 489 355
