person 0.0014 150 151 260 221
car 0.0011 191 51 493 265
bird 0.0020 178 0 194 10
chair 0.0083 367 40 490 86
chair 0.0050 0 64 224 315
chair 0.0024 150 151 260 221
chair 0.0023 197 51 498 262
chair 0.0017 0 67 6 84
sofa 0.8782 -1 61 223 312
sofa 0.7547 184 51 497 260
sofa 0.0287 -2 47 387 265
sofa 0.0134 147 151 262 221
sofa 0.0065 49 126 404 314
sofa 0.0023 79 53 461 194
sofa 0.0015 97 140 368 234
sofa 0.0014 -6 133 153 319
sofa 0.0010 331 89 496 263
sofa 0.0010 131 225 186 266
pottedplant 0.0010 175 0 193 12
diningtable 0.0514 367 40 490 86
diningtable 0.0208 92 158 377 301
diningtable 0.0125 150 151 261 220
diningtable 0.0024 -7 102 393 336
diningtable 0.0010 64 134 393 239
tvmonitor 0.0062 150 151 261 220
