person 0.5440 0 313 50 373
person 0.0239 389 264 500 372
person 0.0079 0 238 50 379
person 0.0038 216 338 335 374
person 0.0027 0 292 47 355
person 0.0014 79 25 112 52
person 0.0011 192 277 504 372
person 0.0010 0 125 67 372
car 0.0023 0 314 50 371
car 0.0018 258 42 362 79
car 0.0014 433 17 465 49
car 0.0013 343 68 355 83
car 0.0011 389 263 499 372
car 0.0010 210 4 372 83
car 0.0010 356 69 367 80
motorbike 0.0011 216 338 335 374
bird 0.0057 344 68 356 83
bird 0.0047 230 67 241 80
bird 0.0027 357 69 367 79
bird 0.0013 50 54 61 69
cat 0.0055 343 67 356 83
cat 0.0016 230 67 241 80
cat 0.0012 0 314 50 371
dog 0.0035 0 314 50 371
dog 0.0021 343 68 355 83
dog 0.0018 391 265 500 372
dog 0.0013 357 69 367 79
cow 0.0012 389 263 499 372
bottle 0.0025 77 36 90 56
bottle 0.0024 0 75 4 88
bottle 0.0018 78 28 95 54
bottle 0.0016 76 23 111 53
bottle 0.0014 32 63 44 75
bottle 0.0013 0 314 50 373
bottle 0.0010 50 55 62 69
chair 0.4640 389 264 499 371
chair 0.0111 0 314 50 373
chair 0.0025 220 338 336 374
sofa 0.2941 389 264 499 372
sofa 0.0064 0 314 50 371
sofa 0.0032 95 132 500 372
pottedplant 0.3753 76 23 111 54
pottedplant 0.0289 78 28 95 54
pottedplant 0.0250 79 0 116 50
pottedplant 0.0160 344 68 356 83
pottedplant 0.0113 77 36 90 56
pottedplant 0.0097 87 34 102 51
pottedplant 0.0073 75 40 86 57
pottedplant 0.0058 50 55 62 69
pottedplant 0.0046 32 64 44 75
pottedplant 0.0043 48 49 68 68
pottedplant 0.0042 34 36 76 70
pottedplant 0.0039 230 67 241 80
pottedplant 0.0029 38 55 62 73
pottedplant 0.0028 356 68 367 80
pottedplant 0.0024 80 37 101 53
pottedplant 0.0023 82 15 111 45
pottedplant 0.0019 14 68 27 83
pottedplant 0.0017 69 36 87 59
pottedplant 0.0016 32 59 50 76
pottedplant 0.0016 0 75 5 88
pottedplant 0.0011 100 31 111 49
pottedplant 0.0011 22 23 86 74
diningtable 0.0039 391 265 500 372
diningtable 0.0029 0 314 50 371
tvmonitor 0.0024 96 117 112 162
