person 0.0281 29 0 49 16
person 0.0053 4 0 48 15
person 0.0029 8 0 19 9
person 0.0022 11 1 32 13
person 0.0017 8 0 24 12
bird 0.0013 30 0 49 15
dog 0.0044 29 0 49 16
dog 0.0026 397 36 499 275
dog 0.0011 4 0 48 15
horse 0.0042 29 0 49 16
horse 0.0025 4 0 48 15
horse 0.0019 397 36 499 275
sheep 0.9153 401 37 499 271
sheep 0.8458 111 15 354 199
sheep 0.7662 118 96 328 331
sheep 0.1224 29 0 49 16
sheep 0.0443 4 0 48 15
sheep 0.0088 424 35 496 66
sheep 0.0064 11 1 32 13
sheep 0.0043 8 0 21 10
sheep 0.0043 398 34 493 98
sheep 0.0042 2 0 23 14
sheep 0.0040 114 23 351 113
sheep 0.0040 4 0 17 9
sheep 0.0025 458 36 492 68
sheep 0.0022 492 248 499 270
sheep 0.0019 194 44 362 232
sheep 0.0017 13 -1 51 24
sheep 0.0011 448 45 499 276
cow 0.0063 29 0 49 16
cow 0.0043 397 36 499 275
cow 0.0027 4 0 48 15
