person 0.0032 290 101 356 162
person 0.0015 368 230 497 332
person 0.0013 79 59 90 73
person 0.0013 144 12 152 25
bicycle 0.0040 96 103 162 154
car 0.0011 291 102 355 166
boat 0.0014 291 102 355 166
bird 0.0019 75 59 93 75
bird 0.0014 67 58 79 75
bird 0.0014 87 58 104 73
bird 0.0011 180 0 187 6
bird 0.0010 66 49 78 62
cat 0.0029 66 139 88 149
dog 0.0018 66 139 88 149
bottle 0.0046 152 108 166 124
bottle 0.0029 145 15 153 27
bottle 0.0024 88 75 97 87
bottle 0.0021 122 14 129 28
bottle 0.0017 70 79 79 87
bottle 0.0013 68 59 81 74
bottle 0.0013 91 58 105 70
bottle 0.0013 97 73 107 86
bottle 0.0012 79 59 90 73
bottle 0.0012 186 186 197 204
bottle 0.0012 73 50 81 61
bottle 0.0012 186 177 196 195
bottle 0.0010 81 59 103 71
chair 0.5565 91 90 159 153
chair 0.4005 91 89 135 139
chair 0.1484 25 134 197 281
chair 0.0818 108 108 166 155
chair 0.0795 123 86 174 143
chair 0.0521 107 89 133 105
chair 0.0433 472 223 500 252
chair 0.0406 144 97 168 130
chair 0.0393 294 232 501 330
chair 0.0352 77 96 114 136
chair 0.0349 95 90 134 112
chair 0.0348 77 105 100 136
chair 0.0312 93 101 118 137
chair 0.0274 123 86 161 116
chair 0.0251 109 87 152 108
chair 0.0200 137 97 180 155
chair 0.0183 152 105 166 127
chair 0.0181 117 87 152 145
chair 0.0144 106 91 133 123
chair 0.0129 136 88 168 124
chair 0.0119 103 85 206 155
chair 0.0116 175 103 211 154
chair 0.0085 90 88 117 110
chair 0.0065 78 105 94 128
chair 0.0062 128 122 163 153
chair 0.0061 140 198 252 258
chair 0.0046 0 85 7 133
chair 0.0043 297 269 373 332
chair 0.0038 145 211 244 244
chair 0.0032 79 86 114 120
chair 0.0030 145 87 160 118
chair 0.0030 103 112 125 137
chair 0.0030 117 92 132 107
chair 0.0028 145 133 162 154
chair 0.0026 128 86 155 105
chair 0.0024 128 118 193 155
chair 0.0022 92 76 116 101
chair 0.0017 122 107 144 124
chair 0.0017 117 104 136 124
chair 0.0016 164 207 221 236
chair 0.0016 0 108 10 135
chair 0.0014 240 137 271 182
chair 0.0014 76 104 91 116
chair 0.0012 185 144 197 154
chair 0.0012 145 87 159 104
chair 0.0012 198 104 215 151
chair 0.0012 117 111 139 130
chair 0.0011 122 93 146 122
chair 0.0011 105 125 119 136
chair 0.0011 69 98 93 116
chair 0.0010 215 193 246 216
chair 0.0010 111 112 133 138
chair 0.0010 181 84 217 147
sofa 0.7779 25 132 194 277
sofa 0.4102 294 232 501 330
sofa 0.0092 174 89 213 152
sofa 0.0043 376 211 498 326
sofa 0.0041 122 86 177 148
sofa 0.0038 473 223 499 252
sofa 0.0026 140 198 252 258
sofa 0.0025 148 96 171 129
sofa 0.0021 92 88 162 153
sofa 0.0020 299 269 378 332
sofa 0.0017 151 102 167 124
sofa 0.0014 144 95 176 150
sofa 0.0014 145 211 244 244
sofa 0.0012 103 85 206 155
sofa 0.0012 134 88 169 125
sofa 0.0010 121 85 162 115
pottedplant 0.6727 175 104 211 154
pottedplant 0.1136 308 10 344 37
pottedplant 0.0158 184 142 199 156
pottedplant 0.0133 180 118 201 154
pottedplant 0.0104 176 90 201 110
pottedplant 0.0085 176 80 215 146
pottedplant 0.0051 175 89 206 128
pottedplant 0.0045 139 88 223 155
pottedplant 0.0044 89 57 105 70
pottedplant 0.0039 119 89 186 154
pottedplant 0.0038 97 73 107 87
pottedplant 0.0031 67 57 79 76
pottedplant 0.0022 178 61 209 126
pottedplant 0.0021 75 59 93 75
pottedplant 0.0020 185 139 205 153
pottedplant 0.0020 71 75 91 88
pottedplant 0.0019 94 66 108 85
pottedplant 0.0014 144 95 176 150
pottedplant 0.0014 89 75 99 87
pottedplant 0.0013 269 27 286 35
pottedplant 0.0013 86 59 105 77
pottedplant 0.0012 308 10 336 26
pottedplant 0.0011 198 110 215 151
pottedplant 0.0010 178 108 205 135
pottedplant 0.0010 166 99 192 153
pottedplant 0.0010 324 12 345 36
pottedplant 0.0010 92 76 116 101
pottedplant 0.0010 171 131 184 146
pottedplant 0.0010 90 51 102 67
diningtable 0.0237 134 193 254 253
diningtable 0.0179 94 92 162 155
diningtable 0.0099 137 97 180 155
diningtable 0.0067 118 86 168 144
diningtable 0.0059 152 105 166 128
diningtable 0.0055 91 89 135 139
diningtable 0.0043 215 193 246 216
diningtable 0.0038 145 211 244 244
diningtable 0.0026 175 103 211 154
diningtable 0.0023 97 88 134 107
diningtable 0.0023 184 142 199 156
diningtable 0.0023 143 131 162 151
diningtable 0.0022 103 85 206 155
diningtable 0.0021 138 113 164 151
diningtable 0.0019 128 118 193 155
diningtable 0.0016 125 102 165 155
diningtable 0.0015 367 228 496 331
diningtable 0.0015 145 134 236 249
diningtable 0.0014 162 141 219 201
diningtable 0.0014 157 187 237 240
diningtable 0.0013 109 87 152 108
diningtable 0.0012 173 152 198 162
diningtable 0.0012 472 223 499 252
diningtable 0.0011 140 91 170 136
diningtable 0.0010 25 132 194 277
tvmonitor 0.8719 289 103 356 166
tvmonitor 0.0300 472 223 500 252
tvmonitor 0.0013 307 10 342 36
tvmonitor 0.0013 215 193 246 216
tvmonitor 0.0010 135 188 257 251
