person 0.1753 228 146 258 171
person 0.1446 12 76 123 205
person 0.1211 369 99 376 114
person 0.1106 69 120 89 142
person 0.0943 170 79 345 260
person 0.0720 198 127 297 205
person 0.0638 282 156 300 191
person 0.0559 0 126 3 153
person 0.0552 473 158 479 169
person 0.0533 226 157 243 171
person 0.0517 0 119 7 147
person 0.0457 73 120 99 140
person 0.0393 161 92 166 99
person 0.0338 227 152 244 180
person 0.0329 251 176 264 188
person 0.0322 1 117 12 140
person 0.0306 266 71 285 87
person 0.0257 242 174 261 187
person 0.0247 157 92 167 100
person 0.0232 362 99 377 114
person 0.0214 245 163 265 189
person 0.0212 66 124 80 142
person 0.0203 231 165 262 187
person 0.0197 42 106 100 174
person 0.0196 283 170 298 190
person 0.0195 290 152 311 189
person 0.0190 59 129 71 142
person 0.0167 265 73 273 86
person 0.0159 258 75 272 94
person 0.0150 249 170 274 187
person 0.0140 240 155 265 171
person 0.0136 250 158 267 171
person 0.0133 224 142 277 175
person 0.0132 173 90 181 102
person 0.0108 284 149 303 179
person 0.0107 356 102 374 115
person 0.0105 91 123 109 142
person 0.0104 46 125 58 142
person 0.0102 264 85 285 99
person 0.0098 150 94 157 101
person 0.0097 415 168 420 183
person 0.0094 119 94 127 105
person 0.0091 57 42 72 63
person 0.0091 58 134 67 143
person 0.0090 366 95 375 104
person 0.0089 296 161 315 190
person 0.0079 228 161 247 186
person 0.0075 45 122 66 140
person 0.0075 84 120 104 141
person 0.0072 341 101 370 116
person 0.0071 319 166 329 190
person 0.0068 284 67 295 85
person 0.0068 52 126 66 141
person 0.0065 24 131 33 144
person 0.0063 250 150 279 186
person 0.0061 352 103 368 116
person 0.0060 40 118 57 141
person 0.0060 231 174 250 187
person 0.0060 235 177 247 186
person 0.0054 228 170 242 186
person 0.0051 304 165 328 190
person 0.0051 99 130 107 143
person 0.0049 75 117 90 136
person 0.0046 63 130 75 143
person 0.0045 364 94 371 102
person 0.0041 208 164 309 196
person 0.0039 301 170 314 191
person 0.0038 470 154 480 167
person 0.0038 24 126 36 143
person 0.0037 349 83 355 91
person 0.0035 285 76 294 85
person 0.0035 232 120 328 211
person 0.0032 232 175 242 186
person 0.0032 233 172 280 194
person 0.0031 248 76 266 93
person 0.0029 80 118 101 134
person 0.0029 36 42 66 66
person 0.0028 0 143 2 153
person 0.0028 244 80 260 91
person 0.0024 257 80 279 98
person 0.0024 292 150 309 173
person 0.0024 292 65 310 85
person 0.0024 42 108 55 137
person 0.0024 2 127 11 145
person 0.0024 42 112 66 137
person 0.0023 93 130 104 142
person 0.0022 42 108 53 118
person 0.0022 341 99 354 115
person 0.0020 229 79 240 85
person 0.0019 262 174 278 189
person 0.0019 211 127 221 136
person 0.0019 273 61 292 85
person 0.0019 401 165 406 180
person 0.0018 221 80 234 86
person 0.0018 32 126 45 142
person 0.0018 461 154 483 165
person 0.0018 224 158 239 186
person 0.0017 235 177 258 192
person 0.0017 265 67 274 79
person 0.0017 69 127 85 144
bicycle 0.0053 341 102 370 116
bicycle 0.0045 369 101 377 113
bicycle 0.0018 362 99 377 114
bicycle 0.0016 352 103 368 116
bicycle 0.0016 341 101 356 116
bicycle 0.0016 0 117 9 149
bicycle 0.0014 356 102 374 115
bicycle 0.0014 0 131 3 153
bicycle 0.0011 0 143 2 153
car 0.4833 266 86 285 100
car 0.4547 167 112 176 136
car 0.4145 268 72 286 88
car 0.3807 236 79 256 91
car 0.1719 292 65 310 85
car 0.1636 1 117 12 140
car 0.1390 271 68 289 86
car 0.1053 248 78 286 99
car 0.1030 239 78 277 94
car 0.0755 247 76 268 93
car 0.0660 221 80 234 86
car 0.0612 294 76 309 86
car 0.0460 244 80 260 91
car 0.0450 0 119 7 147
car 0.0353 172 90 182 103
car 0.0292 258 75 272 94
car 0.0264 275 63 310 82
car 0.0252 235 79 247 86
car 0.0220 0 126 3 153
car 0.0212 224 79 252 89
car 0.0201 265 73 273 86
car 0.0197 259 70 293 95
car 0.0192 285 76 294 85
car 0.0174 284 67 295 85
car 0.0147 149 94 156 100
car 0.0135 473 157 479 168
car 0.0126 229 79 240 85
car 0.0121 263 67 283 86
car 0.0119 219 79 241 90
car 0.0105 167 100 184 135
car 0.0100 265 67 274 79
car 0.0083 274 61 293 80
car 0.0071 0 94 15 142
car 0.0066 459 149 475 159
car 0.0063 119 94 127 105
car 0.0058 458 152 474 162
car 0.0056 171 88 185 107
car 0.0054 256 86 280 99
car 0.0054 2 127 11 145
car 0.0053 462 154 483 165
car 0.0044 138 92 159 101
car 0.0043 14 85 124 206
car 0.0041 260 65 274 73
car 0.0041 245 68 273 86
car 0.0039 0 106 10 132
car 0.0039 1 112 14 126
car 0.0039 218 80 230 85
car 0.0037 161 115 172 137
car 0.0037 265 63 278 72
car 0.0032 165 107 175 130
car 0.0031 478 145 499 158
car 0.0029 460 157 471 163
car 0.0029 369 99 377 114
car 0.0027 468 150 495 166
car 0.0023 355 99 378 114
car 0.0022 349 83 355 91
car 0.0021 364 94 371 102
car 0.0021 230 73 290 102
car 0.0021 2 109 18 139
car 0.0021 157 92 167 100
car 0.0021 171 79 345 259
car 0.0020 0 81 31 141
car 0.0020 251 66 269 80
car 0.0020 465 152 489 161
car 0.0018 341 102 370 116
car 0.0017 4 119 16 144
car 0.0017 233 68 257 87
car 0.0015 366 94 376 104
car 0.0015 363 96 379 112
car 0.0015 161 112 184 136
car 0.0015 470 154 480 167
car 0.0015 170 88 184 127
car 0.0014 149 90 159 100
car 0.0014 161 92 166 99
car 0.0014 475 154 490 164
car 0.0013 464 147 473 154
car 0.0013 343 95 361 105
car 0.0012 247 68 257 79
car 0.0011 201 79 215 83
car 0.0011 232 69 263 99
car 0.0010 488 147 500 156
motorbike 0.0012 1 117 12 140
bus 0.9273 173 79 343 260
bus 0.8882 13 80 124 209
bus 0.5047 292 65 310 85
bus 0.2508 272 65 292 85
bus 0.2403 275 63 310 82
bus 0.1261 270 72 287 86
bus 0.0306 294 76 309 86
bus 0.0210 282 67 296 86
bus 0.0187 259 70 293 95
bus 0.0160 198 127 297 205
bus 0.0145 224 142 277 175
bus 0.0141 0 117 13 139
bus 0.0139 264 67 280 86
bus 0.0116 273 61 290 76
bus 0.0091 254 79 286 100
bus 0.0083 237 78 260 91
bus 0.0081 263 85 286 100
bus 0.0054 0 82 25 136
bus 0.0044 1 97 16 141
bus 0.0040 252 74 277 96
bus 0.0037 66 118 91 144
bus 0.0037 238 72 274 93
bus 0.0034 229 147 261 181
bus 0.0033 276 53 304 76
bus 0.0032 247 76 269 93
bus 0.0030 221 80 234 86
bus 0.0025 0 117 7 149
bus 0.0024 285 76 294 85
bus 0.0024 276 54 294 68
bus 0.0021 245 68 273 86
bus 0.0020 42 106 100 174
bus 0.0019 264 73 273 87
bus 0.0018 287 62 309 78
bus 0.0017 208 164 309 196
bus 0.0017 246 77 260 89
bus 0.0015 261 66 273 79
bus 0.0015 233 68 257 87
bus 0.0014 252 59 292 84
bus 0.0013 232 120 328 211
bus 0.0013 265 63 279 72
bus 0.0012 181 133 338 187
bus 0.0012 224 79 252 89
bus 0.0011 251 66 269 80
bus 0.0010 238 64 254 79
bus 0.0010 18 92 118 157
train 0.0463 13 88 125 207
train 0.0152 173 76 343 259
train 0.0071 292 65 310 85
train 0.0015 1 117 12 140
train 0.0013 0 82 25 136
boat 0.0024 173 87 341 260
boat 0.0022 11 77 124 204
boat 0.0014 292 65 310 85
bottle 0.0018 60 133 70 143
chair 0.0015 341 101 356 116
chair 0.0011 68 121 86 142
pottedplant 0.0014 2 118 12 142
tvmonitor 0.0019 11 77 124 204
