person 0.0777 406 352 499 396
person 0.0364 435 174 499 390
person 0.0163 460 354 499 394
person 0.0064 468 171 500 384
person 0.0062 407 282 499 396
person 0.0056 384 145 498 393
person 0.0038 68 26 499 391
person 0.0037 480 182 499 256
person 0.0035 461 147 500 201
person 0.0021 469 151 500 257
person 0.0020 421 0 499 17
person 0.0014 459 288 499 399
person 0.0012 479 148 499 196
person 0.0010 481 157 499 321
car 0.0059 6 15 507 370
car 0.0033 3 1 502 128
boat 0.0084 27 26 503 394
boat 0.0021 121 119 379 388
boat 0.0010 3 1 502 128
cat 0.0027 403 351 500 395
cat 0.0020 17 4 491 275
cat 0.0010 480 186 499 260
dog 0.5947 120 120 379 387
dog 0.0267 152 86 493 346
dog 0.0122 27 33 464 394
dog 0.0041 126 205 297 383
dog 0.0015 403 351 500 395
bottle 0.0025 115 0 172 16
bottle 0.0017 462 146 499 198
bottle 0.0010 481 187 499 259
chair 0.0102 403 351 500 395
chair 0.0050 460 354 499 395
chair 0.0032 70 21 502 397
chair 0.0016 3 1 502 128
sofa 0.0139 27 26 503 394
sofa 0.0072 400 352 499 396
sofa 0.0038 435 174 499 390
sofa 0.0035 461 353 499 395
sofa 0.0018 6 5 502 143
sofa 0.0015 384 145 498 393
sofa 0.0013 468 171 500 384
sofa 0.0011 121 119 379 388
diningtable 0.0227 -3 2 502 124
diningtable 0.0110 6 15 507 370
diningtable 0.0018 -6 -28 526 79
tvmonitor 0.0011 3 1 502 128
