person 0.0128 230 180 255 210
person 0.0112 177 146 197 168
person 0.0107 115 144 131 168
person 0.0070 54 189 92 217
person 0.0049 227 172 234 183
person 0.0040 63 182 81 193
person 0.0038 246 181 293 204
person 0.0037 133 143 160 170
person 0.0036 297 183 330 202
person 0.0033 226 142 234 164
person 0.0031 43 82 233 274
person 0.0030 228 173 238 183
person 0.0029 113 142 128 159
person 0.0027 72 181 93 191
person 0.0025 242 182 254 203
person 0.0025 321 165 326 179
person 0.0022 59 181 92 195
person 0.0021 110 142 140 167
person 0.0019 83 144 91 165
person 0.0017 297 183 308 201
person 0.0017 55 192 74 217
person 0.0014 175 143 192 158
person 0.0013 109 146 124 165
person 0.0012 225 168 234 180
person 0.0011 245 184 254 192
person 0.0011 28 195 49 259
person 0.0011 16 166 25 190
person 0.0010 171 145 187 162
person 0.0010 167 142 194 169
person 0.0010 306 182 332 196
bicycle 0.5641 0 192 29 264
bicycle 0.2795 298 184 331 201
bicycle 0.2455 55 186 93 218
bicycle 0.0924 0 184 23 241
bicycle 0.0438 55 191 76 217
bicycle 0.0271 0 210 19 266
bicycle 0.0211 313 184 333 199
bicycle 0.0178 11 190 33 255
bicycle 0.0175 55 198 67 218
bicycle 0.0157 15 195 48 262
bicycle 0.0157 0 191 16 224
bicycle 0.0098 297 183 313 201
bicycle 0.0066 2 188 30 220
bicycle 0.0063 324 184 332 197
bicycle 0.0059 4 207 27 235
bicycle 0.0048 0 215 25 250
bicycle 0.0044 -1 188 13 254
bicycle 0.0043 30 193 50 252
bicycle 0.0037 48 193 66 216
bicycle 0.0035 0 221 16 256
bicycle 0.0033 0 233 26 264
bicycle 0.0029 317 182 331 196
bicycle 0.0023 70 180 95 196
bicycle 0.0022 15 212 29 242
bicycle 0.0018 13 194 35 211
bicycle 0.0015 303 182 326 197
bicycle 0.0010 13 191 47 222
car 0.8911 245 181 294 205
car 0.8063 229 181 253 211
car 0.3944 55 185 93 218
car 0.2957 77 180 93 190
car 0.1162 70 180 95 196
car 0.0745 63 181 83 192
car 0.0701 208 181 250 211
car 0.0216 227 172 234 183
car 0.0139 59 93 233 292
car 0.0125 77 179 89 187
car 0.0118 242 182 254 204
car 0.0078 203 180 231 206
car 0.0064 228 173 238 183
car 0.0048 216 176 240 200
car 0.0043 245 183 268 202
car 0.0041 60 177 108 208
car 0.0031 75 178 97 205
car 0.0027 59 183 76 198
car 0.0022 58 156 110 221
car 0.0019 229 175 247 198
car 0.0018 211 181 226 200
car 0.0018 54 192 80 218
car 0.0017 237 183 252 192
car 0.0016 297 182 332 201
car 0.0016 84 180 100 196
car 0.0014 62 181 73 190
car 0.0013 224 167 234 181
car 0.0013 255 184 285 202
car 0.0013 66 177 73 185
car 0.0013 68 178 84 184
car 0.0013 245 184 254 192
car 0.0011 88 172 96 181
car 0.0010 33 114 160 268
motorbike 0.2855 55 188 94 218
motorbike 0.0169 55 191 76 217
motorbike 0.0062 70 180 95 196
motorbike 0.0056 301 184 333 201
motorbike 0.0036 55 198 67 218
motorbike 0.0019 0 193 30 264
motorbike 0.0016 60 181 83 194
bus 0.0522 62 98 239 292
train 0.0061 62 98 239 292
horse 0.0011 55 184 93 219
pottedplant 0.0230 297 182 331 203
pottedplant 0.0062 297 183 308 201
pottedplant 0.0031 296 183 316 202
pottedplant 0.0011 54 187 93 218
