person 0.0101 5 34 454 359
person 0.0028 3 214 472 365
person 0.0028 293 0 360 24
person 0.0023 51 71 437 257
person 0.0018 411 23 499 82
person 0.0015 0 133 59 184
person 0.0015 4 30 480 190
car 0.0017 415 0 499 33
cat 0.1620 51 71 437 257
cat 0.0073 5 34 454 359
cat 0.0038 45 87 219 209
cat 0.0016 4 30 480 190
cat 0.0014 304 180 458 338
dog 0.4398 47 66 471 281
dog 0.0927 304 180 458 338
dog 0.0173 268 54 475 348
dog 0.0124 11 119 495 374
dog 0.0024 180 68 429 247
dog 0.0013 46 85 328 247
bottle 0.0059 293 1 361 23
chair 0.0137 7 52 469 336
chair 0.0063 411 24 500 82
chair 0.0015 413 1 499 57
chair 0.0015 382 18 498 175
chair 0.0010 293 1 361 23
sofa 0.1280 7 52 469 336
sofa 0.0092 -1 179 482 364
sofa 0.0021 411 24 499 82
sofa 0.0020 382 18 498 175
sofa 0.0019 -3 -4 491 164
sofa 0.0014 45 85 341 248
sofa 0.0013 300 162 498 348
diningtable 0.0043 412 23 499 81
diningtable 0.0026 413 1 499 57
