person 0.0832 278 138 285 152
person 0.0213 27 258 52 286
person 0.0182 0 251 60 318
person 0.0063 28 270 62 319
person 0.0048 391 169 399 182
person 0.0036 31 260 66 288
person 0.0032 223 260 270 300
person 0.0031 293 138 313 151
person 0.0027 330 102 348 112
person 0.0024 256 136 281 156
person 0.0023 225 240 235 256
person 0.0021 323 99 347 115
person 0.0020 377 170 383 179
person 0.0018 16 253 84 314
person 0.0018 31 256 47 279
person 0.0017 230 216 236 236
person 0.0015 342 263 350 289
person 0.0014 0 191 66 315
person 0.0014 319 100 348 125
person 0.0014 0 312 4 319
person 0.0013 328 99 343 109
person 0.0012 338 124 346 134
person 0.0011 25 259 39 282
person 0.0011 273 137 288 153
person 0.0010 338 103 347 111
bicycle 0.0015 27 259 54 287
bicycle 0.0013 40 261 66 287
car 0.1923 224 260 270 299
car 0.0425 213 259 287 313
car 0.0225 0 253 56 318
car 0.0170 225 274 256 299
car 0.0144 232 260 267 281
car 0.0058 204 308 252 320
car 0.0054 27 259 54 287
car 0.0040 28 280 61 318
car 0.0040 313 146 342 158
car 0.0040 206 312 236 321
car 0.0036 298 137 343 157
car 0.0034 173 240 329 322
car 0.0028 299 137 318 152
car 0.0024 200 204 234 249
car 0.0022 198 301 263 320
car 0.0021 213 313 254 321
car 0.0019 226 284 249 298
car 0.0018 338 244 348 269
car 0.0017 195 246 235 282
car 0.0015 29 281 149 318
car 0.0014 225 240 235 256
car 0.0014 202 237 265 283
car 0.0012 16 253 84 314
car 0.0012 332 239 351 273
car 0.0011 218 236 236 256
car 0.0011 201 182 234 209
car 0.0010 149 203 162 222
car 0.0010 227 263 257 278
car 0.0010 319 236 349 272
motorbike 0.0014 222 261 270 301
motorbike 0.0011 26 259 59 289
motorbike 0.0011 0 251 60 318
motorbike 0.0011 40 261 66 287
aeroplane 0.0042 402 52 458 61
aeroplane 0.0025 316 100 347 135
aeroplane 0.0022 324 41 334 46
aeroplane 0.0013 300 135 343 158
bus 0.0030 223 169 363 309
bus 0.0012 224 261 269 298
train 0.0074 229 171 355 263
train 0.0068 298 136 343 158
train 0.0040 223 260 269 298
train 0.0028 244 135 284 156
train 0.0026 299 137 318 152
train 0.0022 261 183 346 249
train 0.0019 50 105 428 303
train 0.0019 57 39 471 205
train 0.0016 176 160 369 282
train 0.0015 233 179 299 253
train 0.0014 320 100 348 123
train 0.0010 0 78 40 120
boat 0.0161 223 260 269 298
boat 0.0015 173 240 329 322
boat 0.0014 243 174 362 256
boat 0.0013 152 145 207 272
boat 0.0013 212 259 289 313
boat 0.0012 299 137 318 152
boat 0.0011 309 135 344 158
bird 0.0046 324 41 334 46
dog 0.0010 223 260 270 300
bottle 0.0213 279 139 285 152
bottle 0.0042 170 195 181 210
bottle 0.0041 223 260 270 300
bottle 0.0015 165 196 184 212
bottle 0.0015 27 258 50 285
bottle 0.0013 163 191 192 215
chair 0.0246 84 294 148 318
chair 0.0174 1 252 58 318
chair 0.0148 29 283 61 318
chair 0.0093 29 281 149 318
chair 0.0065 200 204 234 249
chair 0.0064 201 227 236 255
chair 0.0045 27 259 54 287
chair 0.0043 195 246 235 282
chair 0.0040 298 139 315 152
chair 0.0034 146 255 193 320
chair 0.0029 199 183 233 211
chair 0.0028 26 240 148 318
chair 0.0028 278 137 286 153
chair 0.0025 254 136 281 156
chair 0.0021 154 203 203 261
chair 0.0020 218 236 236 256
chair 0.0019 223 260 270 300
chair 0.0019 148 183 170 197
chair 0.0018 297 134 344 158
chair 0.0018 202 236 229 254
chair 0.0013 152 145 207 272
chair 0.0012 5 280 64 319
chair 0.0011 201 202 233 229
chair 0.0010 225 238 235 255
chair 0.0010 148 177 178 201
sofa 0.0017 1 252 60 318
sofa 0.0013 223 261 270 299
pottedplant 0.2184 154 145 209 219
pottedplant 0.0550 152 136 213 272
pottedplant 0.0140 155 206 202 260
pottedplant 0.0055 163 191 192 215
pottedplant 0.0045 126 120 277 284
pottedplant 0.0043 194 177 233 237
pottedplant 0.0040 158 173 196 232
pottedplant 0.0037 201 203 235 254
pottedplant 0.0030 200 183 232 204
pottedplant 0.0028 166 144 232 211
pottedplant 0.0020 0 178 59 282
pottedplant 0.0020 148 177 178 201
pottedplant 0.0019 224 260 270 299
pottedplant 0.0018 170 194 190 210
pottedplant 0.0017 145 157 188 224
pottedplant 0.0016 173 196 182 209
pottedplant 0.0016 18 255 58 283
pottedplant 0.0015 179 188 201 209
pottedplant 0.0014 148 182 171 196
pottedplant 0.0012 279 139 285 152
pottedplant 0.0011 148 252 192 317
pottedplant 0.0010 165 196 184 212
pottedplant 0.0010 28 270 62 319
diningtable 0.0325 223 260 271 305
diningtable 0.0119 169 242 313 323
diningtable 0.0115 1 252 58 318
diningtable 0.0048 178 251 261 315
diningtable 0.0048 190 253 236 290
diningtable 0.0027 149 183 170 196
diningtable 0.0020 154 203 203 261
diningtable 0.0020 152 145 207 272
diningtable 0.0018 200 183 233 205
diningtable 0.0017 134 245 247 314
diningtable 0.0016 76 127 399 313
diningtable 0.0015 201 203 235 254
diningtable 0.0015 220 275 256 300
diningtable 0.0015 170 202 251 297
diningtable 0.0014 198 301 263 320
diningtable 0.0011 94 229 287 317
diningtable 0.0011 202 237 265 283
diningtable 0.0010 204 276 284 319
tvmonitor 0.2968 299 137 315 150
tvmonitor 0.0245 66 91 89 118
tvmonitor 0.0217 297 136 333 153
tvmonitor 0.0094 36 103 64 122
tvmonitor 0.0055 148 183 170 197
tvmonitor 0.0049 29 90 87 123
tvmonitor 0.0046 304 131 344 157
tvmonitor 0.0030 144 97 174 113
tvmonitor 0.0028 223 261 270 299
tvmonitor 0.0022 320 100 348 123
tvmonitor 0.0020 296 133 318 160
tvmonitor 0.0016 148 188 170 222
tvmonitor 0.0014 246 135 279 157
tvmonitor 0.0012 156 145 208 208
