person 0.0229 3 5 492 369
person 0.0120 -1 1 246 364
person 0.0021 187 109 475 374
person 0.0020 0 45 137 363
person 0.0010 0 0 236 187
bird 0.0014 0 3 247 363
bird 0.0011 3 5 492 369
cat 0.1067 80 96 493 369
cat 0.0093 0 3 247 363
cat 0.0051 243 70 490 313
cat 0.0025 0 35 142 339
cat 0.0022 127 154 388 372
cat 0.0019 25 219 476 368
dog 0.0127 3 5 492 369
dog 0.0033 -1 13 246 371
dog 0.0013 145 110 485 373
horse 0.0074 3 5 492 369
horse 0.0013 -1 1 246 364
bottle 0.0019 -1 1 246 364
bottle 0.0011 1 -1 236 187
chair 0.0112 3 5 492 369
chair 0.0036 0 1 110 63
chair 0.0032 -1 1 246 364
chair 0.0014 458 0 499 111
sofa 0.0210 3 5 492 369
sofa 0.0041 0 15 243 372
sofa 0.0011 0 1 110 63
pottedplant 0.0036 3 5 492 369
diningtable 0.0217 16 4 496 369
diningtable 0.0023 459 0 499 109
diningtable 0.0021 0 15 243 372
diningtable 0.0017 31 4 497 189
diningtable 0.0012 0 1 111 65
