person 0.9321 0 8 134 330
person 0.9275 138 45 382 331
person 0.8352 120 0 190 200
person 0.2946 189 1 233 90
person 0.0647 191 2 234 48
person 0.0262 131 1 192 113
person 0.0134 159 4 193 100
person 0.0129 187 4 213 84
person 0.0115 118 68 136 116
person 0.0093 481 120 499 139
person 0.0068 128 61 196 245
person 0.0058 133 107 196 198
person 0.0057 71 -17 224 323
person 0.0052 189 37 210 94
person 0.0050 164 42 218 203
person 0.0048 143 122 175 201
person 0.0044 124 51 166 214
person 0.0043 117 58 138 165
person 0.0042 165 1 191 42
person 0.0039 191 4 213 48
person 0.0033 168 0 197 28
person 0.0030 381 92 386 100
person 0.0028 209 1 233 17
person 0.0024 115 47 151 198
person 0.0023 402 90 406 98
person 0.0023 127 98 156 196
person 0.0020 196 3 233 26
person 0.0020 315 150 409 237
person 0.0020 465 0 497 8
person 0.0020 167 125 201 198
person 0.0020 172 74 211 183
person 0.0019 160 49 193 194
person 0.0018 143 12 180 63
person 0.0017 377 91 384 100
person 0.0017 113 48 178 288
person 0.0017 145 54 259 318
person 0.0015 140 3 187 43
person 0.0015 156 19 233 142
person 0.0013 178 110 201 175
person 0.0013 119 5 149 120
person 0.0013 73 230 146 332
person 0.0012 -9 0 142 88
person 0.0012 79 20 179 191
person 0.0010 485 0 496 8
person 0.0010 120 30 137 123
car 0.0052 0 1 141 110
car 0.0037 217 1 500 126
car 0.0032 481 120 499 139
car 0.0028 110 13 512 316
car 0.0015 0 86 15 110
aeroplane 0.0028 101 0 493 127
aeroplane 0.0010 -5 2 227 105
bus 0.0348 0 1 141 110
bus 0.0205 217 1 501 126
bus 0.0112 86 0 503 203
bus 0.0068 -1 4 134 326
bus 0.0043 136 42 381 330
bus 0.0038 -10 0 231 153
bus 0.0033 123 3 190 113
bus 0.0014 1 0 62 115
bus 0.0010 135 5 179 57
train 0.0587 137 1 499 138
train 0.0264 -1 4 134 326
train 0.0198 1 2 140 110
train 0.0178 139 39 393 332
train 0.0068 -10 0 231 153
train 0.0049 24 -23 255 336
train 0.0036 110 5 514 263
train 0.0029 123 3 190 113
train 0.0021 116 -1 193 202
train 0.0019 79 41 228 317
train 0.0012 176 122 207 181
train 0.0012 79 20 179 191
train 0.0010 117 3 277 243
boat 0.0086 217 1 501 126
boat 0.0067 0 2 143 108
boat 0.0048 110 196 202 299
boat 0.0022 136 42 381 330
boat 0.0010 110 150 229 309
bird 0.0018 367 123 388 154
bird 0.0012 381 92 386 100
bottle 0.0181 367 123 389 154
bottle 0.0061 172 88 185 104
bottle 0.0024 122 0 193 202
bottle 0.0013 370 122 386 145
bottle 0.0011 118 69 135 113
bottle 0.0010 481 120 499 139
chair 0.0172 189 4 234 95
chair 0.0051 191 2 233 52
chair 0.0033 188 39 211 100
chair 0.0025 117 71 134 116
chair 0.0023 73 220 146 333
chair 0.0017 325 150 408 236
chair 0.0014 166 127 202 220
chair 0.0012 124 122 203 240
chair 0.0011 178 165 203 219
chair 0.0011 108 56 208 299
tvmonitor 0.0013 117 71 135 117
