person 0.6570 4 306 26 340
person 0.5282 32 306 72 352
person 0.3894 0 255 12 290
person 0.3545 71 309 98 354
person 0.2685 31 308 53 351
person 0.2546 104 327 119 352
person 0.1269 16 299 133 378
person 0.0642 75 310 98 334
person 0.0598 79 309 92 321
person 0.0334 85 314 102 354
person 0.0294 132 351 144 370
person 0.0294 149 317 159 339
person 0.0282 6 314 28 350
person 0.0267 0 211 19 264
person 0.0261 30 329 46 352
person 0.0253 0 329 29 351
person 0.0248 97 323 118 356
person 0.0231 44 326 70 351
person 0.0223 -8 276 155 409
person 0.0156 131 343 150 371
person 0.0153 91 321 106 352
person 0.0151 0 311 17 346
person 0.0126 1 239 13 280
person 0.0125 25 314 45 351
person 0.0120 105 333 120 364
person 0.0114 0 266 9 297
person 0.0113 69 321 88 355
person 0.0112 35 306 71 330
person 0.0111 1 252 12 273
person 0.0101 81 306 102 338
person 0.0099 105 325 118 338
person 0.0098 48 309 72 347
person 0.0093 127 332 149 362
person 0.0078 45 339 63 351
person 0.0076 6 304 24 327
person 0.0076 126 340 141 367
person 0.0072 29 307 45 340
person 0.0067 0 328 7 343
person 0.0065 71 313 90 330
person 0.0065 61 315 80 352
person 0.0062 109 336 139 368
person 0.0061 0 315 11 343
person 0.0061 267 276 274 292
person 0.0061 62 329 78 351
person 0.0060 93 327 113 363
person 0.0059 1 244 13 264
person 0.0053 3 231 16 262
person 0.0053 132 335 156 358
person 0.0051 0 331 7 350
person 0.0050 198 352 209 359
person 0.0049 68 298 114 351
person 0.0049 57 0 63 9
person 0.0049 13 332 36 351
person 0.0046 0 333 17 350
person 0.0045 112 345 122 362
person 0.0044 28 324 150 403
person 0.0043 86 307 104 325
person 0.0043 145 340 158 354
person 0.0039 131 331 148 349
person 0.0039 92 316 103 342
person 0.0039 259 347 277 356
person 0.0039 52 307 86 351
person 0.0033 148 330 165 358
person 0.0033 80 329 96 357
person 0.0033 113 269 122 278
person 0.0032 243 350 253 357
person 0.0031 87 329 102 359
person 0.0031 11 309 32 344
person 0.0029 141 340 157 363
person 0.0029 81 324 121 384
person 0.0029 254 344 263 354
person 0.0028 206 349 224 358
person 0.0028 250 348 264 357
person 0.0027 0 211 14 246
person 0.0026 134 355 149 373
person 0.0026 149 339 161 356
person 0.0026 0 276 6 298
person 0.0025 74 331 90 355
person 0.0025 257 345 272 354
person 0.0021 107 346 126 368
person 0.0021 52 309 71 325
person 0.0021 16 219 23 228
person 0.0020 119 351 133 367
person 0.0020 117 331 134 363
person 0.0020 126 332 142 352
person 0.0019 34 337 55 352
person 0.0019 0 229 8 264
person 0.0019 25 335 41 352
person 0.0017 134 329 150 342
person 0.0017 125 323 151 352
person 0.0017 0 261 11 314
person 0.0017 111 323 127 351
person 0.0017 265 294 275 300
person 0.0016 123 356 133 367
person 0.0016 119 321 129 351
person 0.0016 145 317 160 348
person 0.0016 244 345 258 355
person 0.0016 264 345 283 355
person 0.0015 142 330 158 352
person 0.0014 213 349 229 358
bicycle 0.0074 1 331 38 351
bicycle 0.0063 30 324 49 352
bicycle 0.0057 27 330 43 351
bicycle 0.0031 19 334 47 352
bicycle 0.0029 32 315 61 352
bicycle 0.0026 0 333 18 350
bicycle 0.0017 5 307 27 344
bicycle 0.0015 1 337 29 350
bicycle 0.0014 34 336 56 352
car 0.0516 264 345 283 355
car 0.0320 310 346 330 357
car 0.0055 214 349 230 358
car 0.0036 199 295 218 301
car 0.0018 -1 -1 163 413
car 0.0016 206 342 245 358
car 0.0013 178 297 197 303
car 0.0011 259 347 277 356
car 0.0010 306 341 327 355
car 0.0010 192 283 225 301
aeroplane 0.0088 -1 0 161 400
aeroplane 0.0026 56 1 68 10
aeroplane 0.0024 57 0 64 9
aeroplane 0.0023 57 2 81 11
bus 0.0179 -1 0 161 400
bus 0.0014 193 321 269 346
bus 0.0012 -8 276 155 409
train 0.0037 -1 -1 163 413
train 0.0016 28 -1 323 410
train 0.0015 -8 276 155 409
train 0.0011 195 320 270 352
boat 0.3035 0 333 148 404
boat 0.2777 -1 -1 163 413
boat 0.1388 262 346 283 355
boat 0.1350 310 347 330 357
boat 0.0918 31 306 74 352
boat 0.0803 -8 276 155 409
boat 0.0406 16 299 133 378
boat 0.0276 71 310 98 356
boat 0.0267 1 332 27 350
boat 0.0260 0 351 98 403
boat 0.0176 194 321 269 356
boat 0.0156 214 348 231 358
boat 0.0152 28 -1 323 410
boat 0.0142 1 306 26 345
boat 0.0110 2 337 39 353
boat 0.0101 302 335 334 356
boat 0.0080 0 323 39 351
boat 0.0068 206 346 237 358
boat 0.0067 275 322 331 354
boat 0.0056 204 349 227 359
boat 0.0049 198 351 210 359
boat 0.0048 0 257 11 294
boat 0.0044 219 350 241 358
boat 0.0041 243 349 258 357
boat 0.0038 315 350 332 357
boat 0.0036 205 342 256 358
boat 0.0035 68 298 114 351
boat 0.0035 265 340 284 356
boat 0.0032 3 204 185 433
boat 0.0032 96 323 118 356
boat 0.0031 248 347 265 357
boat 0.0031 12 332 37 351
boat 0.0031 0 336 18 350
boat 0.0030 3 316 98 389
boat 0.0030 205 333 286 356
boat 0.0028 307 352 322 357
boat 0.0028 130 342 150 371
boat 0.0028 30 324 49 352
boat 0.0027 193 321 264 340
boat 0.0026 225 352 239 357
boat 0.0025 190 334 240 359
boat 0.0024 43 353 143 402
boat 0.0023 306 341 327 355
boat 0.0023 227 351 247 358
boat 0.0022 107 326 138 361
boat 0.0021 254 344 276 355
boat 0.0021 77 334 145 399
boat 0.0020 103 329 119 364
boat 0.0020 12 333 61 361
boat 0.0019 130 333 156 361
boat 0.0019 296 348 321 357
boat 0.0018 31 308 53 351
boat 0.0017 65 320 85 357
boat 0.0017 109 336 149 377
boat 0.0016 292 337 324 354
boat 0.0016 229 343 269 357
boat 0.0016 79 315 281 367
boat 0.0015 49 290 315 385
boat 0.0015 148 327 270 361
boat 0.0015 35 205 320 419
boat 0.0015 322 347 332 355
boat 0.0014 250 351 264 357
boat 0.0014 50 193 166 388
boat 0.0014 63 269 195 385
boat 0.0014 76 363 140 391
boat 0.0013 240 352 250 358
boat 0.0013 -8 -6 81 392
boat 0.0013 260 350 281 356
boat 0.0012 22 330 72 373
boat 0.0012 53 342 116 394
boat 0.0012 181 346 228 361
boat 0.0012 292 346 311 356
boat 0.0012 186 328 260 372
boat 0.0011 67 327 106 388
boat 0.0010 193 277 274 303
boat 0.0010 314 333 332 353
boat 0.0010 81 324 121 384
boat 0.0010 0 330 7 350
bird 0.0080 57 0 64 9
bird 0.0032 56 1 68 10
bird 0.0022 135 47 142 65
bird 0.0016 57 2 80 11
bottle 0.0010 2 307 26 342
chair 0.0086 1 311 26 351
chair 0.0064 4 332 32 351
chair 0.0040 0 317 16 348
chair 0.0031 72 310 97 356
chair 0.0030 9 318 27 347
chair 0.0026 30 324 49 352
chair 0.0023 31 308 53 351
chair 0.0015 0 333 17 350
chair 0.0013 33 306 72 352
chair 0.0013 74 331 90 355
chair 0.0013 14 336 36 350
chair 0.0012 104 326 119 353
chair 0.0012 0 331 7 350
chair 0.0011 0 328 7 343
chair 0.0010 27 330 43 351
chair 0.0010 15 320 35 351
