person 0.8966 120 91 186 346
person 0.8094 198 130 263 342
person 0.7631 259 123 328 351
person 0.6298 172 98 224 338
person 0.5309 236 102 276 173
person 0.5280 288 100 340 323
person 0.0848 237 104 277 236
person 0.0565 302 164 336 323
person 0.0556 223 152 266 249
person 0.0449 286 102 338 203
person 0.0358 219 164 256 227
person 0.0158 228 121 272 341
person 0.0121 312 233 323 262
person 0.0112 211 122 305 340
person 0.0079 218 125 245 142
person 0.0075 187 93 225 133
person 0.0069 291 132 338 247
person 0.0058 201 138 246 226
person 0.0041 215 124 238 136
person 0.0040 0 148 5 194
person 0.0036 176 97 225 214
person 0.0032 240 230 263 265
person 0.0032 138 103 247 359
person 0.0031 301 211 326 282
person 0.0030 0 174 4 203
person 0.0029 239 101 329 175
person 0.0023 211 180 264 314
person 0.0020 271 152 313 200
person 0.0020 171 120 193 139
person 0.0019 217 120 264 161
person 0.0019 216 122 229 134
person 0.0018 272 192 293 224
person 0.0018 218 124 247 156
person 0.0018 191 100 281 189
person 0.0017 0 112 4 140
person 0.0016 102 82 160 336
person 0.0015 273 161 307 191
person 0.0015 280 80 372 333
person 0.0014 232 163 266 301
person 0.0014 238 102 273 141
person 0.0013 275 204 286 214
person 0.0013 0 179 4 225
person 0.0013 313 211 329 296
person 0.0012 185 96 208 133
person 0.0011 240 243 260 263
person 0.0010 187 108 197 128
person 0.0010 0 92 5 137
person 0.0010 0 0 6 20
bird 0.0024 0 324 16 342
bird 0.0018 0 324 17 333
bird 0.0014 106 239 134 259
bird 0.0014 109 239 132 250
bird 0.0014 124 290 133 297
bird 0.0012 38 297 59 319
bottle 0.1636 341 314 365 334
bottle 0.1408 312 232 322 262
bottle 0.0512 367 309 374 328
bottle 0.0465 351 311 371 333
bottle 0.0290 354 314 381 336
bottle 0.0237 302 164 336 323
bottle 0.0185 369 313 382 337
bottle 0.0176 355 319 369 335
bottle 0.0134 450 344 464 362
bottle 0.0133 242 245 261 264
bottle 0.0114 272 123 345 363
bottle 0.0102 274 204 286 217
bottle 0.0097 419 337 434 356
bottle 0.0086 353 311 364 329
bottle 0.0079 15 311 38 326
bottle 0.0070 301 211 326 282
bottle 0.0056 432 344 452 364
bottle 0.0052 312 248 321 262
bottle 0.0044 252 242 262 261
bottle 0.0040 365 334 395 350
bottle 0.0036 347 315 388 344
bottle 0.0034 437 341 463 361
bottle 0.0030 356 320 375 342
bottle 0.0028 244 235 263 263
bottle 0.0027 38 298 59 319
bottle 0.0024 253 233 264 261
bottle 0.0022 420 332 432 349
bottle 0.0021 212 216 231 226
bottle 0.0020 278 204 287 212
bottle 0.0018 272 192 293 224
bottle 0.0016 334 303 383 349
bottle 0.0015 327 294 342 323
bottle 0.0014 327 307 346 330
bottle 0.0014 328 307 362 335
bottle 0.0013 309 223 323 254
bottle 0.0012 369 311 378 325
bottle 0.0012 338 323 360 343
bottle 0.0012 0 322 17 341
bottle 0.0012 420 329 431 342
bottle 0.0011 462 344 473 362
bottle 0.0011 326 331 345 342
bottle 0.0011 295 229 325 264
bottle 0.0010 170 283 185 300
bottle 0.0010 343 322 369 347
pottedplant 0.0247 91 147 135 244
pottedplant 0.0058 121 93 187 336
pottedplant 0.0046 92 118 137 306
pottedplant 0.0022 102 82 160 336
pottedplant 0.0015 391 0 500 343
pottedplant 0.0014 96 134 157 228
