person 0.0077 46 0 101 43
person 0.0049 1 23 86 275
person 0.0036 31 0 287 58
person 0.0035 0 40 38 93
person 0.0035 0 -1 36 244
person 0.0022 119 0 172 18
person 0.0016 0 23 60 89
person 0.0016 474 359 499 375
person 0.0016 329 -19 501 221
person 0.0015 57 1 271 34
person 0.0014 3 1 85 65
person 0.0014 495 16 499 32
person 0.0013 5 -4 146 256
person 0.0011 464 -2 499 224
person 0.0011 481 80 499 113
train 0.0010 14 16 480 372
bird 0.0021 495 16 499 32
bottle 0.0012 0 93 18 236
chair 0.1009 423 -1 499 256
chair 0.0290 0 36 47 248
chair 0.0244 0 86 28 236
chair 0.0200 329 -19 501 221
chair 0.0166 333 0 485 59
chair 0.0162 464 -2 499 224
chair 0.0129 480 80 499 113
chair 0.0125 -1 18 86 252
chair 0.0090 475 19 499 177
chair 0.0088 1 84 65 281
chair 0.0087 0 39 50 97
chair 0.0069 451 65 499 254
chair 0.0068 466 80 499 155
chair 0.0066 33 0 106 57
chair 0.0062 31 0 287 58
chair 0.0053 3 1 88 66
chair 0.0050 0 38 37 137
chair 0.0049 273 1 332 28
chair 0.0046 365 61 499 267
chair 0.0041 435 7 499 146
chair 0.0040 322 0 370 28
chair 0.0036 9 16 486 369
chair 0.0028 412 83 487 249
chair 0.0028 -1 20 83 111
chair 0.0027 0 33 67 158
chair 0.0026 9 74 104 293
chair 0.0025 2 47 79 81
chair 0.0024 0 88 6 109
chair 0.0022 481 4 500 132
chair 0.0022 421 116 452 135
chair 0.0020 0 41 24 111
chair 0.0019 475 360 499 375
chair 0.0019 492 11 500 71
chair 0.0014 0 87 12 107
chair 0.0014 0 1 48 63
chair 0.0013 5 -4 146 256
chair 0.0012 475 105 499 153
chair 0.0011 479 53 500 118
chair 0.0010 460 -1 499 108
sofa 0.0121 28 -1 290 58
sofa 0.0074 14 16 480 372
sofa 0.0032 333 0 485 59
sofa 0.0024 0 88 22 236
sofa 0.0021 0 27 65 240
sofa 0.0016 29 0 108 56
sofa 0.0014 116 -1 287 41
sofa 0.0014 0 40 38 93
sofa 0.0010 322 -2 500 161
diningtable 0.0464 5 15 491 249
diningtable 0.0088 31 0 287 58
diningtable 0.0083 0 88 22 237
diningtable 0.0072 427 79 499 253
diningtable 0.0043 0 36 47 248
diningtable 0.0040 1 85 66 279
diningtable 0.0034 333 0 485 59
diningtable 0.0032 -1 18 86 252
diningtable 0.0031 477 359 500 374
diningtable 0.0025 323 0 499 158
diningtable 0.0024 9 74 104 293
diningtable 0.0022 0 18 305 376
diningtable 0.0015 398 1 498 252
diningtable 0.0014 20 3 492 112
tvmonitor 0.1007 0 93 18 236
tvmonitor 0.0080 0 86 41 245
tvmonitor 0.0027 5 0 66 65
tvmonitor 0.0026 -1 29 67 250
tvmonitor 0.0011 474 359 499 375
