person 0.2390 367 193 374 212
person 0.1722 357 197 364 212
person 0.1286 359 195 372 212
person 0.0502 370 196 374 211
person 0.0213 356 196 360 211
person 0.0168 357 195 362 209
person 0.0146 17 8 333 373
person 0.0097 264 65 295 95
person 0.0091 368 191 373 200
person 0.0081 28 140 80 186
person 0.0080 370 202 374 213
person 0.0075 147 174 188 212
person 0.0051 144 61 183 94
person 0.0040 7 26 347 185
person 0.0040 300 95 337 124
person 0.0031 45 141 73 173
person 0.0028 369 204 375 217
person 0.0025 364 198 374 216
person 0.0019 358 190 376 214
person 0.0018 146 174 181 195
person 0.0014 33 113 94 181
person 0.0013 355 200 361 213
person 0.0013 370 192 375 206
person 0.0012 314 176 326 189
person 0.0012 312 166 332 191
person 0.0011 42 128 86 168
person 0.0010 357 205 361 215
person 0.0010 20 47 326 95
bicycle 0.0325 146 175 189 211
bicycle 0.0309 -13 15 365 433
bicycle 0.0108 357 198 363 212
bicycle 0.0041 359 197 368 213
bicycle 0.0039 159 188 190 210
bicycle 0.0036 367 196 374 213
bicycle 0.0023 146 171 184 197
bicycle 0.0013 356 200 360 213
bicycle 0.0013 370 204 375 217
car 0.0299 0 26 358 486
car 0.0098 144 178 192 212
car 0.0083 5 400 356 499
car 0.0071 357 197 364 212
car 0.0054 10 350 350 413
car 0.0048 356 200 360 213
car 0.0034 0 40 364 229
car 0.0030 10 191 350 433
car 0.0018 358 195 372 212
car 0.0015 146 174 181 195
car 0.0013 357 195 362 209
car 0.0012 49 147 322 217
car 0.0010 35 177 54 187
motorbike 0.0818 9 36 347 413
motorbike 0.0728 146 175 189 211
motorbike 0.0162 357 198 363 212
motorbike 0.0095 367 196 374 213
motorbike 0.0078 359 197 368 213
motorbike 0.0057 146 171 184 197
motorbike 0.0015 363 194 374 212
motorbike 0.0013 356 200 360 213
motorbike 0.0010 153 190 190 211
aeroplane 0.0010 9 36 347 413
bus 0.3533 0 40 364 229
bus 0.2109 0 28 357 439
bus 0.0145 144 178 192 212
bus 0.0063 155 145 248 177
bus 0.0061 49 147 322 217
bus 0.0038 11 350 348 411
bus 0.0027 6 402 356 498
train 0.0335 0 28 357 439
train 0.0246 0 40 364 229
train 0.0021 10 350 350 413
train 0.0016 5 400 356 499
train 0.0015 144 178 192 212
boat 0.0033 9 36 347 413
boat 0.0013 0 40 364 229
horse 0.0019 9 36 347 413
horse 0.0019 147 174 188 212
chair 0.0011 0 28 357 439
diningtable 0.0012 5 400 356 499
tvmonitor 0.0055 6 402 356 498
tvmonitor 0.0010 0 28 357 439
