person 0.0024 450 214 499 368
person 0.0023 59 139 72 169
person 0.0016 125 178 194 302
person 0.0011 428 58 447 101
bicycle 0.0023 0 271 123 372
car 0.0292 416 153 466 196
car 0.0064 442 212 499 363
car 0.0029 439 157 465 189
car 0.0029 418 159 454 186
car 0.0024 417 170 438 195
car 0.0020 427 60 445 102
car 0.0020 421 105 463 140
car 0.0020 415 61 499 328
car 0.0019 415 172 454 199
car 0.0017 426 56 476 105
car 0.0017 418 160 438 184
car 0.0012 416 156 488 218
car 0.0011 418 139 486 189
car 0.0011 417 147 452 179
car 0.0010 0 271 122 373
train 0.0016 441 213 499 359
boat 0.0014 0 272 123 373
bird 0.0011 0 214 17 228
dog 0.0010 125 179 189 290
chair 0.7150 0 272 123 373
chair 0.5213 126 180 195 304
chair 0.0688 125 181 169 264
chair 0.0512 25 160 79 248
chair 0.0166 441 214 499 365
chair 0.0061 125 176 194 243
chair 0.0048 39 190 77 237
chair 0.0043 2 308 93 374
chair 0.0040 48 159 80 235
chair 0.0029 125 222 168 267
chair 0.0024 0 214 16 228
chair 0.0017 39 123 83 244
chair 0.0017 90 169 129 272
chair 0.0015 131 144 224 300
chair 0.0015 2 244 117 334
chair 0.0012 4 310 67 348
chair 0.0011 21 64 116 289
sofa 0.0118 0 271 121 374
sofa 0.0091 125 178 194 302
sofa 0.0068 441 213 499 359
sofa 0.0011 125 181 169 264
diningtable 0.0406 125 180 194 304
diningtable 0.0134 0 272 123 373
diningtable 0.0040 25 163 80 250
diningtable 0.0011 -2 244 112 327
diningtable 0.0011 131 144 224 300
diningtable 0.0010 90 169 129 272
tvmonitor 0.0324 441 214 499 365
tvmonitor 0.0029 186 155 210 186
tvmonitor 0.0018 184 140 202 156
