person 0.7063 21 165 36 206
person 0.5259 54 167 65 205
person 0.4876 33 170 45 206
person 0.3569 47 167 58 205
person 0.2866 67 169 76 178
person 0.2445 69 171 83 205
person 0.1811 41 168 51 205
person 0.1005 0 175 17 206
person 0.0642 75 178 85 204
person 0.0545 62 168 73 187
person 0.0456 71 170 81 189
person 0.0431 50 167 61 194
person 0.0357 379 159 385 173
person 0.0327 53 167 64 189
person 0.0325 34 170 44 190
person 0.0211 27 167 43 195
person 0.0205 64 170 81 215
person 0.0203 74 172 83 199
person 0.0194 31 181 42 205
person 0.0137 34 167 43 182
person 0.0124 30 165 40 180
person 0.0120 306 128 314 143
person 0.0114 63 167 78 182
person 0.0105 15 166 51 203
person 0.0098 23 166 37 187
person 0.0095 377 156 386 176
person 0.0076 78 109 104 180
person 0.0062 35 167 78 203
person 0.0045 59 169 68 215
person 0.0045 49 167 57 182
person 0.0042 75 170 83 187
person 0.0042 55 167 87 202
person 0.0040 23 165 35 179
person 0.0040 122 33 157 60
person 0.0036 41 167 49 180
person 0.0035 78 190 86 205
person 0.0030 68 166 76 176
person 0.0028 315 76 326 92
person 0.0025 13 186 25 204
person 0.0023 21 166 29 190
person 0.0021 33 163 49 192
person 0.0021 0 342 6 358
person 0.0019 76 186 84 210
person 0.0019 5 172 35 207
person 0.0018 0 315 6 324
person 0.0017 25 165 34 173
person 0.0017 46 152 52 173
person 0.0016 40 187 48 204
person 0.0015 380 151 393 183
person 0.0014 22 182 34 205
person 0.0014 116 190 124 204
person 0.0012 81 103 96 134
person 0.0011 121 36 138 59
person 0.0010 305 128 319 149
person 0.0010 79 154 85 171
person 0.0010 78 105 97 158
person 0.0010 394 131 410 189
person 0.0010 492 153 499 174
bicycle 0.0010 0 175 17 206
bicycle 0.0010 21 165 37 206
car 0.6915 0 175 15 206
car 0.0986 21 165 36 207
car 0.0286 1 180 24 208
car 0.0154 5 172 35 207
car 0.0113 13 186 25 204
car 0.0062 478 114 500 127
car 0.0059 32 169 44 204
car 0.0046 15 166 51 203
car 0.0035 0 175 9 185
car 0.0028 4 193 24 206
car 0.0025 41 167 51 205
car 0.0019 1 191 16 207
car 0.0019 477 102 499 117
car 0.0019 494 95 500 114
car 0.0017 0 334 50 357
car 0.0017 445 117 485 126
car 0.0014 0 172 12 190
car 0.0014 454 115 499 128
car 0.0013 445 108 498 127
car 0.0012 34 170 45 190
car 0.0012 27 167 43 195
car 0.0012 48 167 61 205
car 0.0012 450 86 499 123
aeroplane 0.0016 0 330 48 356
aeroplane 0.0010 0 173 15 207
bus 0.0038 0 174 15 207
bus 0.0015 21 165 36 207
bus 0.0011 0 331 47 356
train 0.7113 61 83 489 259
train 0.0097 319 119 497 238
train 0.0096 69 91 237 267
train 0.0082 477 114 499 128
train 0.0072 444 84 499 124
train 0.0054 0 329 49 356
train 0.0047 445 108 498 127
train 0.0027 0 175 15 206
train 0.0022 21 165 36 207
train 0.0021 381 116 498 208
train 0.0020 462 115 499 176
train 0.0020 475 96 500 120
train 0.0020 15 166 51 203
train 0.0017 69 66 421 197
train 0.0013 78 109 104 181
train 0.0012 479 117 499 172
train 0.0011 1 343 49 356
train 0.0011 163 91 284 171
train 0.0011 5 172 35 207
train 0.0010 493 86 500 113
boat 0.0014 0 174 15 207
chair 0.0022 0 173 15 207
pottedplant 0.0025 121 32 157 60
