person 0.3062 389 153 408 179
person 0.1739 327 144 348 177
person 0.1612 399 155 414 179
person 0.1231 297 153 318 181
person 0.1173 382 150 402 179
person 0.1027 421 145 436 164
person 0.0860 416 147 431 164
person 0.0782 369 150 393 179
person 0.0751 436 146 455 165
person 0.0739 280 140 295 180
person 0.0597 339 168 353 182
person 0.0523 364 156 384 180
person 0.0492 105 142 133 168
person 0.0482 372 161 385 180
person 0.0432 332 151 350 183
person 0.0416 329 142 346 165
person 0.0391 107 147 123 165
person 0.0378 359 169 369 181
person 0.0328 394 146 409 169
person 0.0316 434 149 449 167
person 0.0312 446 145 456 173
person 0.0288 341 162 358 181
person 0.0261 326 171 342 182
person 0.0261 89 141 121 163
person 0.0250 334 171 347 182
person 0.0244 281 136 293 165
person 0.0216 281 163 296 183
person 0.0207 110 136 146 172
person 0.0202 86 139 108 162
person 0.0190 491 184 500 210
person 0.0188 343 151 360 179
person 0.0178 427 150 438 165
person 0.0173 325 171 334 183
person 0.0162 400 146 413 168
person 0.0158 363 166 377 181
person 0.0158 363 147 381 167
person 0.0153 96 132 129 165
person 0.0152 397 146 411 160
person 0.0138 336 146 350 169
person 0.0137 346 146 373 179
person 0.0129 93 145 112 160
person 0.0128 415 146 434 173
person 0.0121 416 143 450 168
person 0.0120 402 149 423 176
person 0.0112 356 171 366 182
person 0.0108 359 161 371 180
person 0.0101 203 154 228 185
person 0.0094 435 148 453 175
person 0.0091 388 144 405 166
person 0.0088 401 143 412 158
person 0.0074 322 139 338 174
person 0.0073 301 143 317 175
person 0.0073 118 135 137 166
person 0.0073 284 171 296 184
person 0.0072 210 156 219 175
person 0.0071 233 158 247 191
person 0.0071 311 139 329 168
person 0.0070 349 169 363 183
person 0.0069 369 144 386 165
person 0.0069 359 148 375 177
person 0.0063 201 153 218 178
person 0.0059 18 161 25 168
person 0.0058 400 94 408 103
person 0.0053 322 138 334 162
person 0.0052 391 147 404 160
person 0.0049 285 146 307 180
person 0.0048 344 171 357 182
person 0.0046 90 138 105 156
person 0.0044 98 148 124 169
person 0.0041 325 139 343 158
person 0.0041 214 152 248 190
person 0.0040 312 166 331 183
person 0.0036 365 171 375 181
person 0.0036 290 174 298 183
person 0.0035 318 138 329 161
person 0.0035 287 168 298 183
person 0.0034 350 155 369 182
person 0.0033 120 131 157 170
person 0.0032 63 156 69 169
person 0.0032 425 137 434 155
person 0.0032 314 141 353 184
person 0.0032 280 169 292 184
person 0.0032 64 64 472 275
person 0.0031 211 151 225 176
person 0.0030 395 162 410 182
person 0.0030 37 173 65 195
person 0.0029 302 162 324 183
person 0.0029 63 161 68 174
person 0.0029 337 144 347 161
person 0.0028 17 158 27 169
person 0.0027 490 169 499 206
person 0.0027 142 126 170 174
person 0.0027 297 174 317 181
person 0.0027 257 156 274 190
person 0.0026 312 147 330 179
person 0.0026 414 155 432 178
person 0.0026 80 138 99 161
person 0.0025 234 121 363 193
person 0.0025 405 140 427 164
person 0.0024 461 41 468 49
car 0.7154 36 174 67 197
car 0.6547 5 175 35 191
car 0.5593 491 184 500 210
car 0.0618 20 168 63 190
car 0.0359 3 175 22 194
car 0.0319 10 175 55 197
car 0.0249 60 172 70 194
car 0.0214 1 178 15 197
car 0.0183 50 173 70 196
car 0.0123 4 176 38 201
car 0.0100 22 177 42 195
car 0.0091 15 150 67 169
car 0.0085 14 154 68 181
car 0.0070 61 168 69 185
car 0.0066 490 169 499 206
car 0.0061 17 158 27 169
car 0.0059 1 172 9 192
car 0.0059 7 171 50 187
car 0.0055 14 183 40 198
car 0.0053 29 170 54 189
car 0.0051 36 151 68 165
car 0.0042 3 172 18 185
car 0.0041 63 161 68 174
car 0.0036 23 171 46 188
car 0.0034 0 180 10 201
car 0.0033 62 156 69 170
car 0.0033 12 159 25 169
car 0.0031 18 161 25 168
car 0.0031 37 169 65 186
car 0.0022 15 153 30 163
car 0.0017 36 161 68 175
car 0.0016 3 187 40 203
car 0.0016 62 154 69 163
car 0.0016 18 155 33 168
car 0.0016 0 174 19 204
car 0.0015 56 167 73 191
car 0.0014 3 147 60 203
car 0.0013 62 164 71 190
car 0.0012 30 172 66 219
car 0.0011 30 156 69 203
car 0.0011 48 164 68 175
car 0.0011 2 158 49 184
car 0.0011 7 161 25 173
car 0.0010 51 171 68 180
bus 0.9371 67 63 474 279
bus 0.0086 491 183 500 211
bus 0.0053 15 150 67 169
bus 0.0033 14 154 68 181
bus 0.0022 35 174 67 197
bus 0.0020 36 151 68 165
bus 0.0016 143 104 450 226
bus 0.0015 295 153 320 183
bus 0.0012 19 166 61 189
train 0.0013 491 183 500 211
train 0.0012 72 63 467 276
boat 0.0026 491 183 500 211
boat 0.0011 15 150 67 169
bird 0.0010 472 37 478 45
pottedplant 0.0031 491 181 500 209
pottedplant 0.0013 471 164 499 203
diningtable 0.0012 72 63 467 276
