person 0.7422 211 138 498 333
person 0.2963 6 0 130 277
person 0.2177 13 0 80 200
person 0.0398 396 85 429 157
person 0.0298 22 0 79 114
person 0.0178 482 71 499 120
person 0.0145 473 98 499 149
person 0.0116 229 81 253 120
person 0.0097 397 86 473 157
person 0.0091 13 48 188 212
person 0.0090 0 87 23 112
person 0.0087 430 92 498 153
person 0.0079 373 73 436 156
person 0.0073 491 102 499 127
person 0.0063 96 19 125 48
person 0.0060 479 100 499 131
person 0.0056 454 77 499 143
person 0.0054 482 111 499 152
person 0.0049 224 133 398 298
person 0.0048 0 39 30 231
person 0.0044 489 88 499 120
person 0.0040 387 87 417 157
person 0.0037 234 95 252 120
person 0.0031 429 122 491 152
person 0.0031 491 94 499 114
person 0.0030 438 273 500 335
person 0.0028 225 81 243 120
person 0.0027 427 98 499 197
person 0.0026 452 304 499 336
person 0.0026 0 68 27 114
person 0.0024 0 72 25 183
person 0.0023 60 78 170 149
person 0.0023 203 81 257 123
person 0.0023 263 232 499 336
person 0.0021 396 120 423 156
person 0.0020 490 109 499 147
person 0.0019 494 108 500 131
person 0.0019 432 117 499 169
person 0.0019 227 80 296 117
person 0.0019 0 26 41 127
person 0.0018 462 101 499 187
person 0.0017 0 90 13 113
person 0.0017 222 76 261 114
person 0.0016 486 123 500 162
person 0.0016 254 72 448 153
person 0.0016 114 3 169 49
person 0.0015 62 49 130 179
person 0.0015 169 123 301 333
person 0.0015 470 120 500 156
person 0.0015 421 122 500 274
person 0.0014 92 21 114 47
person 0.0014 222 136 295 323
person 0.0012 226 78 252 103
person 0.0012 89 9 149 50
person 0.0011 8 133 423 333
person 0.0011 90 20 126 74
person 0.0011 489 126 499 151
person 0.0011 180 80 288 122
person 0.0010 486 81 499 110
person 0.0010 406 108 432 157
bicycle 0.0060 455 305 500 337
bicycle 0.0021 8 133 423 333
bicycle 0.0014 445 281 499 336
car 0.5628 112 94 205 140
car 0.1245 249 75 411 152
car 0.0885 104 63 213 103
car 0.0705 157 82 241 125
car 0.0653 109 67 246 122
car 0.0592 253 86 391 130
car 0.0400 255 73 407 116
car 0.0389 427 80 498 148
car 0.0324 228 74 304 114
car 0.0183 184 92 234 125
car 0.0182 180 80 288 122
car 0.0172 482 70 500 111
car 0.0155 239 87 293 118
car 0.0148 315 71 394 102
car 0.0134 397 86 473 157
car 0.0121 395 83 429 157
car 0.0114 432 90 486 127
car 0.0108 323 71 371 94
car 0.0101 103 96 162 130
car 0.0094 95 64 158 104
car 0.0094 81 86 155 140
car 0.0093 216 72 352 120
car 0.0086 119 93 172 122
car 0.0079 475 86 500 139
car 0.0078 192 84 222 101
car 0.0077 480 68 499 92
car 0.0076 463 92 500 153
car 0.0075 429 122 491 152
car 0.0075 0 87 24 112
car 0.0071 13 48 188 212
car 0.0067 434 69 496 106
car 0.0066 125 96 155 124
car 0.0064 147 79 235 108
car 0.0062 373 73 436 156
car 0.0060 95 94 120 125
car 0.0060 227 80 253 121
car 0.0059 95 98 203 166
car 0.0057 152 98 205 137
car 0.0046 244 71 306 100
car 0.0044 97 95 114 117
car 0.0039 178 83 232 106
car 0.0037 107 61 189 90
car 0.0035 479 100 499 131
car 0.0035 94 87 140 123
car 0.0035 293 70 466 156
car 0.0034 128 96 151 112
car 0.0032 98 105 118 123
car 0.0029 16 4 135 170
car 0.0029 490 97 499 121
car 0.0028 80 80 210 203
car 0.0028 149 135 490 337
car 0.0026 139 84 206 127
car 0.0026 199 89 259 123
car 0.0026 116 165 181 193
car 0.0026 221 76 264 116
car 0.0025 288 72 374 98
car 0.0025 93 101 137 129
car 0.0023 95 57 206 136
car 0.0022 0 67 27 114
car 0.0021 94 75 257 162
car 0.0021 89 100 126 142
car 0.0020 128 72 187 100
car 0.0020 95 5 168 52
car 0.0020 493 102 499 126
car 0.0019 266 79 349 102
car 0.0019 304 70 426 130
car 0.0018 243 83 306 106
car 0.0018 95 15 132 52
car 0.0017 482 111 499 152
car 0.0017 478 64 498 81
car 0.0016 292 78 371 123
car 0.0016 93 93 110 109
car 0.0015 133 312 252 336
car 0.0014 159 85 428 165
car 0.0014 409 67 494 127
car 0.0014 239 95 359 122
car 0.0014 107 100 135 120
car 0.0014 147 81 166 99
car 0.0013 77 82 118 140
car 0.0013 101 106 158 145
car 0.0012 437 70 489 92
car 0.0012 236 94 253 119
car 0.0012 62 49 130 179
car 0.0012 80 51 331 133
car 0.0012 122 91 159 111
car 0.0011 16 0 79 187
car 0.0011 186 78 242 114
car 0.0011 486 71 500 87
car 0.0011 7 -5 147 285
car 0.0010 427 98 499 197
car 0.0010 489 119 499 149
motorbike 0.3311 119 156 498 336
motorbike 0.0161 269 272 498 335
motorbike 0.0153 127 254 497 337
motorbike 0.0041 456 304 499 336
motorbike 0.0032 132 310 284 335
motorbike 0.0027 52 210 379 335
motorbike 0.0017 445 281 499 336
motorbike 0.0017 138 288 332 334
motorbike 0.0014 268 279 400 333
motorbike 0.0011 120 167 310 330
bus 0.0022 113 94 204 140
boat 0.0023 6 -2 152 289
boat 0.0011 104 97 206 142
bottle 0.0013 451 304 500 337
chair 0.0017 456 304 499 335
chair 0.0012 132 311 258 336
