person 0.0046 1 170 106 360
person 0.0012 426 0 467 35
boat 0.0017 -13 54 528 348
bottle 0.8428 232 143 280 249
bottle 0.0313 167 152 340 257
bottle 0.0275 7 -7 531 351
bottle 0.0082 253 225 341 304
bottle 0.0045 284 248 340 302
bottle 0.0023 425 0 466 50
bottle 0.0022 356 140 453 228
bottle 0.0019 107 122 159 207
bottle 0.0014 346 0 419 55
chair 0.8910 2 0 144 138
chair 0.1798 345 0 465 57
chair 0.1245 425 0 466 50
chair 0.0820 1 171 107 360
chair 0.0798 416 199 500 373
chair 0.0471 171 0 238 62
chair 0.0159 430 0 466 22
chair 0.0132 345 0 364 43
chair 0.0131 0 160 21 179
chair 0.0117 346 0 408 54
chair 0.0099 441 0 499 30
chair 0.0083 417 4 493 76
chair 0.0072 0 0 34 181
chair 0.0072 449 0 466 21
chair 0.0067 172 0 237 25
chair 0.0053 395 3 467 67
chair 0.0051 1 159 23 199
chair 0.0049 217 4 299 29
chair 0.0041 444 1 477 23
chair 0.0040 303 37 420 93
chair 0.0033 400 31 423 58
chair 0.0030 396 12 432 53
chair 0.0029 0 170 18 217
chair 0.0029 191 19 243 53
chair 0.0025 143 -1 273 75
chair 0.0024 394 56 505 381
chair 0.0022 0 151 27 185
chair 0.0020 428 7 499 41
chair 0.0020 174 4 189 59
chair 0.0019 172 3 323 62
chair 0.0017 193 48 291 93
chair 0.0017 0 168 18 185
chair 0.0016 3 7 83 345
chair 0.0015 1 115 27 294
chair 0.0013 0 110 31 213
chair 0.0013 370 27 426 56
chair 0.0012 362 15 499 182
chair 0.0011 427 0 456 32
chair 0.0011 86 -1 144 88
chair 0.0010 6 35 125 271
chair 0.0010 408 288 499 374
sofa 0.0033 3 -3 140 129
sofa 0.0023 416 199 500 373
sofa 0.0019 -13 54 528 348
diningtable 0.5032 -45 53 504 355
diningtable 0.2692 233 143 281 249
diningtable 0.0200 167 152 340 257
diningtable 0.0130 0 173 106 363
diningtable 0.0092 8 211 463 365
diningtable 0.0069 308 36 421 92
diningtable 0.0064 127 209 191 270
diningtable 0.0064 13 58 282 354
diningtable 0.0061 27 36 437 252
diningtable 0.0059 250 206 339 302
diningtable 0.0053 127 73 290 156
diningtable 0.0046 193 49 290 93
diningtable 0.0046 171 0 240 61
diningtable 0.0037 365 77 500 235
diningtable 0.0035 40 26 392 147
diningtable 0.0029 64 89 326 280
diningtable 0.0029 346 0 432 56
diningtable 0.0025 365 23 502 368
diningtable 0.0025 113 226 164 309
diningtable 0.0018 172 3 323 62
diningtable 0.0016 314 129 367 186
diningtable 0.0015 2 0 144 138
diningtable 0.0015 276 56 382 126
diningtable 0.0015 107 122 159 207
diningtable 0.0014 176 42 377 97
diningtable 0.0013 184 102 289 161
diningtable 0.0013 143 -1 273 75
diningtable 0.0013 372 101 499 185
diningtable 0.0012 421 1 467 57
diningtable 0.0012 179 35 305 121
diningtable 0.0012 35 109 195 358
diningtable 0.0011 226 26 487 338
diningtable 0.0010 108 187 183 310
tvmonitor 0.0027 413 17 500 126
tvmonitor 0.0021 362 15 499 182
tvmonitor 0.0015 348 -1 463 56
tvmonitor 0.0014 419 2 467 60
tvmonitor 0.0012 417 4 493 76
