person 0.0168 402 190 407 197
person 0.0092 243 145 257 166
person 0.0035 287 162 293 167
person 0.0027 287 201 305 214
person 0.0020 244 143 264 171
person 0.0013 433 183 439 191
person 0.0012 238 165 246 170
person 0.0010 224 203 231 215
boat 0.6548 178 125 444 272
boat 0.0057 163 9 473 268
boat 0.0010 174 206 433 275
bird 0.0232 402 190 407 197
bird 0.0092 202 204 208 217
bird 0.0059 243 147 257 164
bird 0.0053 486 247 498 255
bird 0.0026 287 162 293 167
bird 0.0022 245 269 257 275
bird 0.0019 275 134 284 143
bird 0.0013 238 165 244 171
bird 0.0012 433 183 439 191
bottle 0.0011 402 190 407 197
