person 0.0081 41 45 452 472
person 0.0031 117 0 438 87
person 0.0026 385 0 459 79
person 0.0016 0 77 67 245
person 0.0015 232 74 462 447
person 0.0014 182 1 460 278
person 0.0013 237 134 459 279
bird 0.0036 54 57 266 286
bird 0.0012 35 20 452 465
cat 0.0244 47 222 440 477
cat 0.0107 36 50 302 476
cat 0.0066 54 57 266 281
cat 0.0013 28 11 458 367
cat 0.0011 118 0 437 88
dog 0.5657 54 57 266 286
dog 0.1438 55 211 443 477
dog 0.0512 36 50 302 476
dog 0.0059 18 3 438 371
dog 0.0015 103 0 447 91
dog 0.0012 189 52 464 468
sheep 0.0098 53 57 266 282
sheep 0.0034 72 211 322 474
sheep 0.0019 41 48 451 472
chair 0.0126 33 19 454 469
chair 0.0088 0 77 68 246
chair 0.0041 245 139 459 279
chair 0.0027 123 0 194 64
chair 0.0026 117 0 438 87
chair 0.0023 185 47 460 284
chair 0.0019 0 0 51 90
chair 0.0016 135 0 239 68
chair 0.0015 232 73 463 447
chair 0.0014 54 57 266 286
chair 0.0012 385 0 459 79
sofa 0.0648 35 20 452 465
sofa 0.0360 0 77 68 246
sofa 0.0158 245 139 459 279
sofa 0.0095 186 53 461 279
sofa 0.0094 232 73 463 447
sofa 0.0072 103 0 447 91
sofa 0.0024 22 0 466 233
sofa 0.0017 53 57 266 282
sofa 0.0014 364 153 460 278
sofa 0.0013 56 220 460 481
pottedplant 0.0039 0 0 49 86
pottedplant 0.0038 25 0 57 97
pottedplant 0.0013 0 63 71 258
diningtable 0.0030 35 20 452 465
diningtable 0.0014 182 4 461 277
diningtable 0.0011 117 0 438 87
