person 0.1048 120 139 169 195
person 0.0993 493 158 499 168
person 0.0542 259 145 273 192
person 0.0456 329 153 352 189
person 0.0387 296 155 320 187
person 0.0364 134 153 172 201
person 0.0290 139 141 187 199
person 0.0246 102 145 156 196
person 0.0241 174 166 206 204
person 0.0225 339 150 354 185
person 0.0217 328 153 342 184
person 0.0217 262 157 275 194
person 0.0207 258 162 270 192
person 0.0194 297 158 311 191
person 0.0188 455 166 459 174
person 0.0164 262 144 291 194
person 0.0138 473 159 480 167
person 0.0137 106 160 136 196
person 0.0135 469 151 474 166
person 0.0134 470 152 483 166
person 0.0133 165 151 198 203
person 0.0131 283 155 309 190
person 0.0130 129 136 166 173
person 0.0128 139 165 166 197
person 0.0112 255 164 265 191
person 0.0112 188 173 206 204
person 0.0112 454 164 458 173
person 0.0111 490 153 498 166
person 0.0097 95 136 139 183
person 0.0096 415 148 427 169
person 0.0088 307 150 354 191
person 0.0077 78 55 452 295
person 0.0074 112 164 129 194
person 0.0072 304 155 321 180
person 0.0071 471 149 491 164
person 0.0068 475 158 483 167
person 0.0065 494 161 499 170
person 0.0064 95 149 125 187
person 0.0054 449 146 456 167
person 0.0052 147 139 212 214
person 0.0048 421 151 428 166
person 0.0046 494 151 499 163
person 0.0044 276 148 329 197
person 0.0041 329 170 341 191
person 0.0041 330 151 349 175
person 0.0040 411 146 427 176
person 0.0040 345 151 357 177
person 0.0039 231 131 248 154
person 0.0038 140 123 177 165
person 0.0035 257 165 277 206
person 0.0031 106 158 126 185
person 0.0030 283 151 304 178
person 0.0030 475 162 480 170
person 0.0030 202 115 344 217
person 0.0029 448 158 456 169
person 0.0028 0 5 103 76
person 0.0027 77 130 125 175
person 0.0026 405 148 421 175
person 0.0026 349 150 361 181
person 0.0025 117 131 151 170
person 0.0025 257 133 269 185
person 0.0024 161 130 191 186
person 0.0023 421 152 430 177
person 0.0022 306 155 331 188
person 0.0022 134 135 161 161
person 0.0022 254 165 261 189
person 0.0022 325 162 339 193
person 0.0020 100 160 119 179
person 0.0020 461 148 480 167
person 0.0020 91 141 118 178
person 0.0019 145 169 194 203
person 0.0019 114 170 146 197
person 0.0018 229 131 252 171
person 0.0016 405 150 415 178
person 0.0015 154 130 178 163
person 0.0015 141 155 165 188
person 0.0014 0 170 32 182
person 0.0014 102 139 129 177
person 0.0014 146 131 169 163
person 0.0014 83 150 115 181
person 0.0013 483 148 497 162
person 0.0013 463 159 471 169
person 0.0013 96 163 110 178
person 0.0012 447 153 455 171
person 0.0012 290 159 325 200
person 0.0012 458 164 465 173
person 0.0010 73 128 109 164
person 0.0010 230 159 262 196
person 0.0010 90 122 181 207
person 0.0010 337 174 352 191
person 0.0010 96 92 223 258
bicycle 0.0020 493 158 499 168
bicycle 0.0011 0 170 32 182
car 0.0228 493 157 499 167
car 0.0067 469 147 491 162
car 0.0064 0 170 32 182
car 0.0064 448 149 455 167
car 0.0053 470 152 483 166
car 0.0047 448 160 454 169
car 0.0041 494 151 499 163
car 0.0039 473 159 480 167
car 0.0039 454 165 459 174
car 0.0033 490 153 498 166
car 0.0017 473 148 498 165
car 0.0012 475 158 483 167
car 0.0012 450 146 458 167
bus 0.8861 53 46 448 304
bus 0.0496 467 146 494 165
bus 0.0290 470 151 485 165
bus 0.0127 464 144 484 166
bus 0.0099 468 150 477 166
bus 0.0084 468 145 489 157
bus 0.0081 493 157 499 167
bus 0.0049 448 146 457 167
bus 0.0047 467 151 473 166
bus 0.0030 489 152 499 166
bus 0.0028 448 144 493 167
bus 0.0025 493 150 499 163
bus 0.0024 465 138 499 168
bus 0.0018 468 140 475 155
bus 0.0017 479 148 499 163
bus 0.0012 465 146 474 162
bus 0.0010 445 145 464 168
train 0.0033 467 146 494 165
train 0.0015 468 145 489 157
train 0.0012 53 46 448 304
boat 0.0011 0 171 33 184
chair 0.0033 0 170 32 182
diningtable 0.0013 0 172 32 184
