person 0.1182 186 174 193 189
person 0.0130 386 176 392 188
person 0.0054 320 115 337 140
person 0.0035 387 175 397 190
person 0.0022 182 172 195 190
person 0.0021 482 176 495 192
person 0.0019 1 170 22 195
person 0.0018 57 161 85 261
person 0.0017 149 175 155 187
person 0.0017 313 115 341 147
person 0.0013 82 141 95 159
person 0.0012 391 182 401 191
person 0.0012 407 0 499 44
person 0.0012 76 153 103 187
person 0.0012 410 172 415 181
person 0.0011 337 170 348 185
person 0.0011 489 133 500 141
person 0.0010 160 163 188 189
bicycle 0.8768 119 118 421 317
bicycle 0.0035 186 174 193 189
car 0.0196 27 156 72 201
car 0.0148 40 171 69 203
car 0.0098 397 181 423 191
car 0.0077 0 170 23 194
car 0.0059 40 184 63 205
car 0.0057 0 165 56 197
car 0.0054 44 159 85 202
car 0.0032 27 185 57 201
car 0.0029 420 172 434 184
car 0.0027 23 182 49 197
car 0.0026 42 164 64 190
car 0.0026 423 189 431 195
car 0.0025 0 167 5 181
car 0.0021 489 133 500 141
car 0.0021 28 154 71 181
car 0.0020 40 168 57 193
car 0.0018 62 158 91 197
car 0.0016 396 180 408 190
car 0.0016 0 171 13 192
car 0.0015 421 186 432 196
car 0.0013 48 188 66 207
car 0.0013 387 176 397 189
car 0.0012 43 181 84 207
car 0.0012 408 178 433 194
car 0.0012 482 176 495 193
car 0.0011 15 172 53 194
car 0.0011 391 182 401 191
aeroplane 0.0010 120 118 420 316
bus 0.0092 22 156 69 200
bus 0.0057 0 170 17 194
bus 0.0036 0 169 33 195
bus 0.0023 0 161 60 197
bus 0.0013 0 167 5 182
dog 0.0012 186 174 193 189
bottle 0.0044 185 172 193 189
chair 0.0087 186 173 194 189
chair 0.0039 152 163 185 190
chair 0.0012 120 121 419 314
