person 0.4307 397 149 410 161
person 0.0803 327 83 367 118
person 0.0366 89 40 97 47
person 0.0202 337 87 356 113
person 0.0153 336 91 346 109
person 0.0097 401 148 415 161
person 0.0072 23 88 28 105
person 0.0053 23 89 27 98
person 0.0044 361 110 366 119
person 0.0035 345 110 352 120
person 0.0035 395 148 413 166
person 0.0032 337 90 347 99
person 0.0029 17 35 27 48
person 0.0027 339 88 353 100
person 0.0020 60 32 67 52
person 0.0019 41 37 51 48
person 0.0019 334 91 342 107
person 0.0018 36 37 46 47
person 0.0015 254 0 258 5
person 0.0015 50 30 139 74
person 0.0014 363 125 445 195
person 0.0014 391 147 406 160
person 0.0014 71 36 79 47
person 0.0014 336 119 341 136
person 0.0012 335 108 358 119
person 0.0011 43 21 52 26
person 0.0011 403 144 414 158
person 0.0010 330 88 348 111
person 0.0010 0 24 147 92
person 0.0010 28 36 41 47
person 0.0010 377 147 384 159
person 0.0010 47 37 55 48
bicycle 0.0026 -2 234 477 373
car 0.0125 325 83 366 121
car 0.0028 209 0 260 14
car 0.0026 -2 234 477 373
car 0.0019 173 0 191 5
car 0.0018 401 343 498 373
motorbike 0.0039 -2 234 477 373
motorbike 0.0027 325 83 366 121
aeroplane 0.8010 0 24 150 93
aeroplane 0.6844 2 67 471 227
aeroplane 0.2483 0 0 72 23
aeroplane 0.1189 -2 234 477 373
aeroplane 0.0473 209 0 259 13
aeroplane 0.0180 325 82 367 121
aeroplane 0.0058 -3 3 482 180
aeroplane 0.0053 108 125 462 224
aeroplane 0.0031 -1 0 133 17
aeroplane 0.0029 8 72 335 183
aeroplane 0.0020 61 30 151 87
aeroplane 0.0019 2 6 317 96
aeroplane 0.0016 -1 -2 143 32
aeroplane 0.0015 0 -63 235 -17
aeroplane 0.0014 0 2 68 47
aeroplane 0.0014 -9 88 491 355
aeroplane 0.0012 60 35 121 75
aeroplane 0.0012 23 0 79 12
aeroplane 0.0011 1 29 74 93
bus 0.0065 325 82 367 121
bus 0.0011 209 0 259 13
train 0.0027 401 343 498 373
train 0.0020 2 254 490 371
train 0.0019 0 24 147 92
train 0.0016 325 82 367 121
boat 0.0041 209 0 259 13
boat 0.0015 2 254 490 371
chair 0.0037 325 83 365 120
chair 0.0013 399 343 496 374
diningtable 0.0239 400 342 499 373
