person 0.0089 365 145 383 187
person 0.0065 492 189 499 229
person 0.0042 493 207 499 229
person 0.0023 0 156 23 187
person 0.0020 0 176 28 238
person 0.0013 2 173 166 295
person 0.0012 0 181 55 277
bicycle 0.0226 491 192 500 229
bicycle 0.0090 493 207 499 229
bicycle 0.0042 459 207 498 231
bicycle 0.0040 486 208 499 231
bicycle 0.0029 474 209 494 231
bicycle 0.0027 482 189 499 230
car 0.0045 492 189 499 229
car 0.0013 493 207 499 229
motorbike 0.0018 492 197 499 230
train 0.6441 4 42 479 262
train 0.0280 2 173 166 295
train 0.0109 161 86 499 253
train 0.0033 316 111 491 228
train 0.0032 -6 116 235 297
train 0.0031 8 154 473 277
train 0.0029 14 5 490 121
train 0.0022 490 186 500 229
train 0.0011 365 144 383 187
train 0.0010 1 178 57 283
bird 0.0027 63 239 158 292
bird 0.0013 31 182 184 293
cat 0.0015 34 184 181 292
chair 0.0014 491 192 500 229
