person 0.0173 69 -8 295 507
person 0.0039 198 396 269 452
person 0.0022 20 288 296 497
person 0.0022 285 360 374 498
person 0.0012 0 243 84 517
person 0.0011 281 20 345 501
person 0.0011 199 404 242 448
person 0.0011 0 480 15 499
person 0.0010 0 260 34 331
bicycle 0.0019 207 398 269 458
car 0.0281 2 266 79 344
car 0.0139 0 259 86 494
car 0.0052 38 266 79 336
car 0.0029 287 348 373 500
car 0.0018 69 -8 295 507
car 0.0013 1 299 82 380
car 0.0011 198 396 269 452
bus 0.0013 72 -6 294 509
boat 0.0011 39 265 77 337
bird 0.0063 79 -10 281 500
bird 0.0049 196 394 268 453
bird 0.0026 231 282 260 323
cat 0.0030 71 -1 298 505
dog 0.0010 79 -10 281 500
horse 0.0012 198 398 265 454
bottle 0.1151 79 -10 281 500
chair 0.0181 287 363 374 499
chair 0.0011 1 267 83 502
chair 0.0011 326 379 374 500
diningtable 0.0030 20 288 296 497
diningtable 0.0029 69 -8 295 507
diningtable 0.0019 288 349 374 501
