person 0.0571 88 111 101 130
person 0.0073 0 100 3 118
person 0.0022 102 110 109 118
person 0.0018 0 99 11 118
person 0.0018 88 111 98 121
person 0.0013 17 130 92 201
person 0.0013 90 111 102 120
person 0.0011 0 81 3 111
bicycle 0.0015 88 111 102 130
car 0.0070 172 108 185 120
car 0.0014 0 104 3 118
motorbike 0.0012 216 160 323 256
bird 0.0084 88 111 102 130
bird 0.0016 16 131 92 201
cat 0.0013 88 111 101 130
dog 0.0178 88 112 101 131
dog 0.0105 19 133 93 201
dog 0.0060 217 158 323 251
dog 0.0014 17 132 67 177
horse 0.4679 16 131 92 201
horse 0.1911 88 112 101 131
horse 0.0397 17 132 67 177
horse 0.0039 103 110 110 117
horse 0.0022 52 136 90 201
horse 0.0017 217 158 322 253
sheep 0.6861 216 157 325 251
sheep 0.4525 17 131 92 201
sheep 0.2818 88 112 101 131
sheep 0.1030 17 132 67 177
sheep 0.0128 51 136 92 201
sheep 0.0101 103 110 110 117
sheep 0.0018 98 111 107 120
sheep 0.0010 104 109 115 118
cow 0.6332 217 158 322 253
cow 0.1695 88 112 101 131
cow 0.1302 19 133 92 201
cow 0.0196 17 132 67 177
cow 0.0043 103 110 110 117
cow 0.0022 52 136 90 201
