person 0.8122 151 73 339 334
person 0.1677 170 129 283 215
person 0.0300 109 121 270 325
person 0.0015 117 217 234 332
boat 0.0014 377 3 487 329
boat 0.0013 458 0 500 326
bird 0.0025 130 219 233 330
bird 0.0014 111 123 269 329
bird 0.0010 165 124 275 217
cat 0.0083 166 124 273 215
cat 0.0028 111 123 269 329
cat 0.0018 159 93 305 271
cat 0.0011 130 219 233 330
dog 0.4481 111 123 269 329
dog 0.2540 166 124 273 215
dog 0.1483 130 188 236 332
dog 0.0790 159 93 305 271
dog 0.0019 158 42 336 335
dog 0.0011 140 247 230 331
horse 0.0011 130 219 233 330
sheep 0.0272 138 213 233 331
sheep 0.0098 124 120 275 330
sheep 0.0040 166 124 273 215
sheep 0.0018 157 71 339 331
cow 0.0013 138 213 233 331
