person 0.1637 445 180 499 328
person 0.0913 186 214 487 331
person 0.0062 -6 79 509 340
person 0.0040 145 282 212 330
person 0.0029 391 178 501 322
person 0.0017 9 183 465 329
person 0.0013 222 6 496 334
car 0.0621 469 1 499 27
car 0.0174 439 0 500 29
car 0.0012 424 0 499 49
boat 0.0010 -12 -6 469 331
cat 0.0050 7 83 416 336
dog 0.7428 5 84 419 336
dog 0.0086 9 226 472 329
dog 0.0010 145 282 212 330
horse 0.0037 8 81 396 335
sheep 0.0011 7 83 416 336
cow 0.0024 9 85 419 334
bottle 0.0013 445 182 499 326
bottle 0.0010 170 213 481 331
chair 0.0915 445 179 499 328
chair 0.0051 4 57 421 332
chair 0.0016 168 212 481 331
sofa 0.0685 4 56 423 333
sofa 0.0109 9 226 472 329
sofa 0.0100 445 179 499 328
sofa 0.0039 26 2 493 159
sofa 0.0019 156 -2 503 327
diningtable 0.0060 445 182 499 326
diningtable 0.0016 -9 17 510 358
