person 0.0233 124 225 266 471
person 0.0208 148 232 202 295
person 0.0053 130 197 222 359
person 0.0051 97 108 233 422
person 0.0032 -21 87 317 491
person 0.0031 323 2 331 44
person 0.0026 138 224 208 325
person 0.0012 137 232 258 338
car 0.0013 8 83 257 477
aeroplane 0.0011 12 57 256 463
bus 0.0011 -13 83 304 494
train 0.0073 -13 83 304 494
boat 0.0013 -8 24 295 499
bird 0.0024 122 222 265 472
cat 0.0616 123 222 266 471
dog 0.9020 127 230 263 468
horse 0.0519 122 222 265 472
sheep 0.0027 124 225 266 471
cow 0.0122 122 222 265 472
chair 0.0028 17 27 256 454
sofa 0.0020 -8 24 295 499
diningtable 0.0032 0 433 341 496
tvmonitor 0.0119 12 57 256 463
tvmonitor 0.0011 97 108 233 422
