person 0.8007 251 2 385 320
person 0.2353 169 0 224 40
person 0.1768 105 0 162 16
person 0.1647 106 0 165 32
person 0.0602 0 0 20 11
person 0.0522 364 23 397 87
person 0.0521 315 299 428 359
person 0.0440 450 295 480 358
person 0.0341 198 0 249 16
person 0.0323 388 9 479 55
person 0.0262 173 1 215 26
person 0.0228 0 -1 21 27
person 0.0228 167 0 272 47
person 0.0221 61 3 476 340
person 0.0194 226 0 272 14
person 0.0162 126 -1 173 39
person 0.0156 256 5 308 140
person 0.0141 416 22 480 56
person 0.0130 174 0 212 12
person 0.0110 3 25 269 113
person 0.0103 215 0 273 30
person 0.0081 464 320 479 360
person 0.0079 256 0 364 125
person 0.0071 72 117 357 349
person 0.0066 424 291 479 360
person 0.0065 277 2 308 79
person 0.0065 431 58 463 108
person 0.0061 208 3 238 16
person 0.0059 358 5 480 79
person 0.0048 462 292 479 337
person 0.0047 122 0 223 44
person 0.0041 0 0 32 39
person 0.0041 189 -1 249 40
person 0.0040 170 -2 252 78
person 0.0039 127 17 168 39
person 0.0036 101 1 139 14
person 0.0028 402 21 479 85
person 0.0024 132 0 248 106
person 0.0023 274 0 332 109
person 0.0021 459 265 480 354
person 0.0020 219 2 280 101
person 0.0020 453 -1 479 45
person 0.0019 0 -2 30 85
person 0.0018 305 61 390 319
person 0.0018 232 0 276 50
person 0.0017 371 0 479 14
person 0.0016 272 18 311 107
person 0.0016 375 36 449 95
person 0.0015 207 40 266 102
person 0.0015 464 20 480 49
person 0.0012 421 323 478 358
person 0.0012 359 0 478 40
person 0.0012 454 0 479 10
person 0.0012 133 21 151 35
person 0.0011 27 0 176 38
person 0.0011 370 28 395 61
person 0.0011 41 0 166 13
person 0.0010 164 3 220 69
person 0.0010 472 25 479 49
person 0.0010 112 9 161 41
car 0.0016 315 299 428 359
car 0.0014 30 28 475 356
car 0.0013 44 296 137 319
train 0.0012 32 -1 471 351
boat 0.0017 30 28 475 356
bird 0.0031 446 292 480 359
bird 0.0023 32 109 351 347
bird 0.0014 462 291 480 358
cat 0.0438 35 107 346 349
cat 0.0173 446 292 479 359
cat 0.0128 462 291 480 358
cat 0.0024 464 320 479 360
cat 0.0015 463 248 480 347
dog 0.1566 65 107 353 350
dog 0.0130 457 295 480 359
dog 0.0038 429 293 480 357
dog 0.0035 43 27 462 360
dog 0.0027 462 292 479 337
dog 0.0021 463 319 480 360
dog 0.0013 233 17 390 326
dog 0.0011 233 66 333 299
horse 0.0019 35 107 346 349
horse 0.0012 457 295 480 359
sheep 0.0075 65 107 353 350
sheep 0.0016 450 295 479 358
cow 0.0037 64 107 352 350
cow 0.0018 457 295 480 359
bottle 0.3026 458 56 474 110
bottle 0.1936 471 55 479 111
bottle 0.0329 432 61 461 107
bottle 0.0206 277 -1 302 68
bottle 0.0202 472 80 479 113
bottle 0.0113 315 299 428 359
bottle 0.0073 472 49 480 86
bottle 0.0051 473 53 480 75
bottle 0.0035 208 0 238 14
bottle 0.0035 427 50 472 109
bottle 0.0028 472 65 479 97
bottle 0.0028 466 71 480 115
bottle 0.0026 458 56 472 74
bottle 0.0023 460 292 479 355
bottle 0.0023 471 95 479 113
bottle 0.0022 277 0 323 75
bottle 0.0017 469 54 479 73
bottle 0.0016 461 67 476 102
bottle 0.0014 280 0 303 31
bottle 0.0013 391 61 415 89
bottle 0.0012 464 49 477 89
bottle 0.0010 472 25 479 49
bottle 0.0010 453 49 470 85
chair 0.0035 316 299 427 359
chair 0.0016 0 -1 21 27
chair 0.0013 30 28 475 356
chair 0.0013 74 117 356 349
chair 0.0011 0 0 20 11
chair 0.0010 439 296 480 358
sofa 0.0027 3 25 269 113
sofa 0.0023 30 28 475 356
sofa 0.0013 74 117 356 349
sofa 0.0012 316 299 426 358
pottedplant 0.0011 0 0 20 11
pottedplant 0.0010 457 295 480 359
diningtable 0.0012 363 15 472 89
diningtable 0.0010 1 308 161 352
diningtable 0.0010 43 27 462 360
diningtable 0.0010 361 1 479 59
