person 0.0160 0 300 8 332
person 0.0011 321 -4 489 331
bird 0.6403 128 104 175 182
bird 0.1693 144 110 173 155
bird 0.0376 322 -5 494 329
bird 0.0248 0 300 8 332
bird 0.0069 0 73 52 126
bird 0.0052 3 58 110 335
bird 0.0030 104 86 177 187
bird 0.0021 -1 71 106 174
bird 0.0021 123 98 175 245
bird 0.0016 89 85 233 208
bird 0.0015 123 58 267 335
bird 0.0015 142 112 191 178
bird 0.0015 490 136 499 158
bird 0.0011 124 89 174 154
bird 0.0010 0 261 4 270
cat 0.0011 128 104 175 183
dog 0.0013 0 300 7 331
horse 0.0034 0 300 8 332
sheep 0.0020 0 300 8 332
cow 0.0026 0 301 8 331
