person 0.1910 276 291 298 325
person 0.0158 278 243 297 327
person 0.0081 241 393 281 427
person 0.0032 16 406 58 440
person 0.0031 231 393 285 498
person 0.0029 34 102 267 500
person 0.0028 270 205 297 330
person 0.0019 276 289 297 370
person 0.0016 105 391 286 498
person 0.0013 10 3 268 165
bicycle 0.0277 28 10 272 495
bicycle 0.0022 232 390 286 498
bicycle 0.0014 225 93 295 230
bicycle 0.0010 197 45 295 222
car 0.0099 20 7 272 500
car 0.0016 232 390 286 498
car 0.0014 10 0 149 65
car 0.0011 7 1 265 127
car 0.0011 0 0 56 72
motorbike 0.5441 12 -1 275 485
motorbike 0.0089 14 9 286 250
motorbike 0.0069 51 218 282 501
motorbike 0.0056 232 390 286 498
motorbike 0.0033 5 1 266 127
motorbike 0.0015 105 391 286 498
aeroplane 0.0010 37 230 272 503
bus 0.0025 20 5 273 501
train 0.0020 36 217 265 500
horse 0.0010 27 8 273 497
bottle 0.0292 276 292 298 324
bottle 0.0015 231 392 287 499
bottle 0.0014 16 406 58 441
chair 0.0208 36 217 265 500
chair 0.0020 271 206 297 328
chair 0.0016 1 10 254 504
diningtable 0.0022 35 219 266 499
