person 0.8020 7 85 393 501
person 0.1401 1 352 137 499
person 0.0129 187 63 412 483
person 0.0077 0 361 60 499
person 0.0070 212 88 371 313
person 0.0063 0 83 143 501
person 0.0055 14 328 418 499
person 0.0031 0 233 307 496
person 0.0019 271 322 418 498
person 0.0017 282 107 423 474
person 0.0017 0 142 75 485
person 0.0016 -2 92 196 345
person 0.0013 0 156 31 310
person 0.0011 0 59 383 290
person 0.0010 297 264 421 384
person 0.0010 367 0 380 7
bicycle 0.0032 339 328 419 388
bicycle 0.0018 306 305 419 386
car 0.0019 299 290 421 329
car 0.0017 303 280 420 311
car 0.0015 300 295 420 379
car 0.0013 340 273 417 297
motorbike 0.0010 313 310 419 387
bird 0.0107 212 88 371 313
bird 0.0011 14 62 405 361
dog 0.0021 212 89 371 313
horse 0.0013 7 85 393 501
cow 0.0021 6 62 411 425
chair 0.0105 313 310 419 387
chair 0.0101 -1 360 137 497
chair 0.0100 0 328 68 387
chair 0.0054 0 361 60 499
chair 0.0027 346 330 418 385
chair 0.0023 304 295 418 347
chair 0.0019 304 294 418 316
chair 0.0018 2 83 398 504
chair 0.0012 2 312 97 409
chair 0.0011 340 273 417 297
chair 0.0010 303 280 420 311
chair 0.0010 -9 330 407 500
sofa 0.0100 1 360 141 499
sofa 0.0036 5 85 396 504
sofa 0.0029 -9 330 407 500
sofa 0.0022 0 361 60 499
pottedplant 0.0010 298 95 419 375
diningtable 0.0028 300 295 421 377
diningtable 0.0018 1 359 143 497
diningtable 0.0016 10 81 402 504
diningtable 0.0015 304 294 418 316
