person 0.0059 435 179 442 190
person 0.0043 401 256 414 273
person 0.0041 431 186 441 212
person 0.0032 433 179 442 199
person 0.0029 440 204 451 225
person 0.0024 415 167 472 226
person 0.0021 430 188 499 234
person 0.0020 429 172 445 219
person 0.0019 442 201 462 231
person 0.0014 374 147 496 246
person 0.0013 436 173 446 186
person 0.0011 429 203 470 230
aeroplane 0.7101 94 129 484 277
aeroplane 0.3800 441 176 500 233
aeroplane 0.1359 476 174 499 192
aeroplane 0.0998 469 174 499 220
aeroplane 0.0234 443 203 498 233
aeroplane 0.0166 395 164 501 239
aeroplane 0.0126 116 171 386 272
aeroplane 0.0065 180 187 217 218
aeroplane 0.0043 320 133 490 264
aeroplane 0.0042 401 200 492 235
aeroplane 0.0034 437 203 473 233
aeroplane 0.0033 415 167 472 226
aeroplane 0.0031 178 189 205 213
aeroplane 0.0027 483 213 500 229
aeroplane 0.0025 81 39 497 252
aeroplane 0.0025 420 197 477 227
aeroplane 0.0024 465 209 499 231
aeroplane 0.0020 474 160 499 194
aeroplane 0.0017 473 191 499 209
aeroplane 0.0016 374 192 490 249
aeroplane 0.0016 458 169 501 199
aeroplane 0.0015 486 175 501 226
aeroplane 0.0014 440 203 453 227
aeroplane 0.0014 448 204 466 233
aeroplane 0.0012 64 117 331 246
boat 0.0010 477 174 499 191
bird 0.0011 477 174 499 191
