person 0.0036 1 12 371 491
person 0.0025 317 215 397 289
person 0.0018 311 117 399 401
person 0.0012 120 1 403 276
person 0.0012 229 -1 395 487
cat 0.0072 1 42 343 479
dog 0.6844 0 73 361 482
dog 0.0177 184 239 393 500
dog 0.0025 111 -4 397 431
dog 0.0017 1 316 387 502
dog 0.0012 117 83 361 287
chair 0.0203 1 12 371 491
chair 0.0069 137 0 318 88
chair 0.0023 127 0 401 173
chair 0.0011 2 6 142 168
sofa 0.1190 2 46 363 483
sofa 0.0116 207 246 396 498
sofa 0.0080 137 -1 399 114
sofa 0.0040 14 2 398 284
sofa 0.0029 0 -1 158 268
sofa 0.0022 142 0 313 87
sofa 0.0018 162 38 394 506
sofa 0.0014 284 70 399 497
sofa 0.0014 54 0 370 164
sofa 0.0014 0 -13 176 488
sofa 0.0014 1 373 389 500
sofa 0.0013 209 -1 401 272
sofa 0.0012 317 215 397 289
