person 0.9032 5 3 287 357
person 0.0392 157 138 191 197
person 0.0078 159 139 205 225
person 0.0022 148 118 200 201
person 0.0013 261 192 351 523
person 0.0011 6 168 370 463
person 0.0010 130 405 251 499
bicycle 0.0012 258 212 352 517
cat 0.0011 255 204 349 505
bottle 0.8850 256 206 349 502
bottle 0.0034 269 199 343 378
bottle 0.0018 0 465 53 499
bottle 0.0016 339 328 375 420
bottle 0.0014 257 480 338 499
bottle 0.0012 159 138 189 196
chair 0.0072 -2 161 339 368
chair 0.0065 0 319 20 347
chair 0.0055 158 141 192 196
chair 0.0054 4 4 287 356
chair 0.0044 161 144 210 272
chair 0.0039 0 109 58 255
chair 0.0022 165 155 284 313
chair 0.0019 258 212 352 517
chair 0.0015 340 326 373 393
chair 0.0010 71 325 137 346
sofa 0.0037 -2 161 339 368
pottedplant 0.0042 339 327 375 397
pottedplant 0.0016 302 204 339 230
diningtable 0.6961 5 320 377 504
diningtable 0.1287 130 406 251 499
diningtable 0.0765 63 388 301 494
diningtable 0.0211 6 168 370 463
diningtable 0.0174 241 377 380 498
diningtable 0.0171 332 394 374 500
diningtable 0.0150 58 353 232 428
diningtable 0.0067 169 336 380 500
diningtable 0.0061 247 206 350 504
diningtable 0.0028 58 316 331 445
diningtable 0.0024 0 357 216 497
diningtable 0.0022 23 421 364 508
diningtable 0.0021 11 279 353 411
diningtable 0.0020 257 467 345 499
diningtable 0.0018 258 482 341 499
diningtable 0.0017 251 439 358 498
diningtable 0.0016 295 389 372 497
diningtable 0.0015 201 420 369 499
diningtable 0.0014 343 367 374 429
diningtable 0.0014 -7 340 101 502
diningtable 0.0013 340 326 374 392
diningtable 0.0013 0 128 335 350
diningtable 0.0012 338 329 375 463
diningtable 0.0012 122 455 263 500
diningtable 0.0011 345 400 370 422
diningtable 0.0011 72 328 138 346
diningtable 0.0010 0 466 52 500
