person 0.4098 398 189 436 212
person 0.0334 397 190 437 235
person 0.0108 64 186 76 197
person 0.0088 394 155 438 229
person 0.0040 29 186 52 203
person 0.0036 169 136 440 495
person 0.0025 3 30 452 499
person 0.0022 83 186 100 206
person 0.0019 356 187 439 233
person 0.0015 283 163 435 351
person 0.0015 400 132 439 209
person 0.0014 41 188 59 203
person 0.0010 281 160 440 255
person 0.0010 377 161 437 368
bicycle 0.0043 3 30 452 499
car 0.0305 4 179 439 500
car 0.0013 0 4 347 206
motorbike 0.0781 3 30 452 499
motorbike 0.0066 105 283 243 367
motorbike 0.0021 104 183 438 501
aeroplane 0.0029 5 142 445 502
bus 0.0012 3 30 452 499
train 0.0048 3 30 452 499
train 0.0036 106 282 242 369
boat 0.0136 5 142 445 502
dog 0.0011 3 30 452 499
horse 0.0028 3 30 452 499
chair 0.0014 4 179 439 500
chair 0.0011 310 164 356 216
pottedplant 0.0130 3 30 452 499
pottedplant 0.0121 106 282 240 368
pottedplant 0.0024 24 126 340 442
pottedplant 0.0010 63 206 292 372
diningtable 0.0829 0 175 447 499
diningtable 0.0021 108 283 242 367
