person 0.1128 49 283 129 333
person 0.0698 110 277 127 295
person 0.0359 137 77 295 192
person 0.0357 96 276 127 293
person 0.0215 152 73 295 138
person 0.0159 110 276 129 313
person 0.0111 152 102 233 139
person 0.0111 88 275 129 314
person 0.0106 12 272 61 332
person 0.0101 90 276 115 290
person 0.0100 44 3 420 310
person 0.0087 40 229 83 288
person 0.0072 0 238 26 330
person 0.0070 79 274 123 295
person 0.0059 88 261 130 295
person 0.0058 5 234 134 337
person 0.0058 90 278 103 288
person 0.0057 0 240 21 266
person 0.0048 109 265 126 298
person 0.0039 105 279 133 327
person 0.0038 108 275 161 330
person 0.0034 72 259 130 317
person 0.0029 1 269 39 330
person 0.0028 139 263 169 331
person 0.0028 109 266 145 318
person 0.0028 0 246 14 266
person 0.0026 0 321 18 334
person 0.0025 37 268 57 281
person 0.0024 479 120 499 186
person 0.0022 477 117 500 255
person 0.0020 0 182 26 302
person 0.0020 24 257 59 311
person 0.0020 155 51 364 214
person 0.0020 48 249 122 324
person 0.0019 119 248 169 330
person 0.0019 117 284 146 333
person 0.0018 126 287 156 334
person 0.0017 316 34 448 289
person 0.0015 131 281 184 333
person 0.0014 165 109 232 131
person 0.0014 447 199 470 258
person 0.0013 126 60 287 284
person 0.0013 144 315 187 334
person 0.0012 185 59 327 151
person 0.0010 20 284 85 332
person 0.0010 475 79 500 199
person 0.0010 93 120 117 177
bicycle 0.0027 0 240 21 266
bicycle 0.0013 447 199 470 258
car 0.0610 54 21 498 332
car 0.0039 477 119 499 301
car 0.0034 0 240 21 266
car 0.0027 128 75 299 204
car 0.0017 9 280 132 332
car 0.0010 118 59 362 299
car 0.0010 5 234 134 337
motorbike 0.0068 87 -4 484 322
motorbike 0.0010 0 243 20 267
aeroplane 0.0015 87 -4 484 322
bus 0.0279 86 -5 485 323
bus 0.0024 475 112 500 256
train 0.0630 86 -5 485 323
train 0.0013 37 229 86 286
train 0.0010 55 55 335 298
boat 0.0011 55 -9 495 334
bird 0.0858 137 77 295 192
bird 0.0484 148 101 243 147
bird 0.0456 154 108 222 135
bird 0.0201 152 73 295 138
bird 0.0062 44 3 420 310
bird 0.0012 177 108 214 131
bird 0.0011 163 91 243 131
cat 0.0270 130 75 297 202
cat 0.0079 44 3 420 310
cat 0.0021 13 280 129 333
cat 0.0016 148 74 295 141
cat 0.0014 152 102 233 139
dog 0.0280 130 75 297 202
dog 0.0091 44 3 420 310
dog 0.0024 148 74 295 141
dog 0.0019 13 280 129 333
dog 0.0015 0 240 21 266
dog 0.0014 148 101 243 147
horse 0.0045 130 75 297 202
horse 0.0018 0 240 21 266
horse 0.0017 11 281 128 333
horse 0.0016 55 -9 495 334
cow 0.0071 13 280 130 333
cow 0.0037 0 239 21 265
cow 0.0036 130 75 297 202
cow 0.0024 0 238 26 330
cow 0.0022 12 272 59 332
cow 0.0013 36 228 84 284
bottle 0.0685 477 117 500 255
bottle 0.0135 447 196 471 260
bottle 0.0082 479 120 499 186
bottle 0.0036 465 152 498 265
bottle 0.0024 475 78 500 204
bottle 0.0010 447 186 488 266
chair 0.0056 475 117 499 256
chair 0.0047 83 6 489 329
chair 0.0039 379 135 458 251
chair 0.0034 480 133 500 331
chair 0.0021 449 193 486 260
chair 0.0020 471 72 499 186
chair 0.0016 480 180 499 251
pottedplant 0.0013 128 75 299 204
tvmonitor 0.0036 55 -9 495 334
tvmonitor 0.0019 37 229 86 286
tvmonitor 0.0017 471 72 499 186
tvmonitor 0.0014 477 118 499 265
tvmonitor 0.0011 123 79 281 200
