person 0.6383 0 55 112 257
person 0.2829 260 0 309 39
person 0.2752 373 33 499 232
person 0.1973 482 1 499 77
person 0.0538 327 69 489 269
person 0.0378 324 65 463 190
person 0.0254 255 0 370 46
person 0.0197 0 16 134 191
person 0.0195 65 11 493 315
person 0.0182 389 89 501 289
person 0.0174 235 0 264 31
person 0.0090 0 47 5 94
person 0.0083 0 1 40 42
person 0.0082 437 -3 499 222
person 0.0073 0 93 65 257
person 0.0071 249 0 402 85
person 0.0071 382 0 492 81
person 0.0069 206 7 454 192
person 0.0066 384 19 489 152
person 0.0064 15 140 113 257
person 0.0061 33 66 158 183
person 0.0055 0 0 45 112
person 0.0054 393 49 480 100
person 0.0053 1 4 75 153
person 0.0048 463 0 497 77
person 0.0044 0 21 42 251
person 0.0044 300 -11 486 180
person 0.0043 308 89 426 258
person 0.0038 218 55 466 265
person 0.0037 485 58 499 79
person 0.0034 0 51 10 99
person 0.0034 316 73 408 178
person 0.0032 289 18 407 279
person 0.0030 16 1 221 185
person 0.0030 258 -2 323 57
person 0.0026 480 38 499 80
person 0.0025 142 1 450 100
person 0.0024 293 0 483 90
person 0.0023 301 0 384 35
person 0.0022 0 75 57 123
person 0.0021 416 185 499 291
person 0.0020 1 69 36 105
person 0.0019 0 61 18 103
person 0.0018 294 12 415 107
person 0.0015 489 16 500 82
person 0.0013 0 23 21 249
person 0.0013 490 42 499 77
person 0.0012 2 101 106 198
person 0.0012 478 -2 500 222
person 0.0011 -2 -4 116 111
person 0.0011 0 54 22 138
person 0.0010 294 -5 387 58
person 0.0010 466 1 482 26
person 0.0010 380 72 497 179
person 0.0010 483 2 499 33
person 0.0010 0 51 4 80
bicycle 0.0012 290 -1 404 84
bicycle 0.0010 115 11 344 311
car 0.0020 14 194 485 323
motorbike 0.0010 291 6 410 86
boat 0.0031 8 213 489 331
cat 0.7727 121 14 345 311
cat 0.0018 481 0 499 78
cat 0.0010 64 16 411 205
cat 0.0010 384 0 492 52
dog 0.0020 121 14 345 311
dog 0.0015 481 0 499 78
bottle 0.0022 482 0 499 81
bottle 0.0011 261 0 311 39
chair 0.4458 415 184 500 291
chair 0.1740 234 0 262 31
chair 0.1692 291 6 410 86
chair 0.1256 5 0 216 183
chair 0.0967 310 78 496 269
chair 0.0813 35 55 148 195
chair 0.0724 250 0 308 38
chair 0.0454 0 19 111 253
chair 0.0424 384 0 491 85
chair 0.0376 77 18 424 313
chair 0.0361 1 4 75 153
chair 0.0291 0 1 40 42
chair 0.0285 5 -1 234 80
chair 0.0258 321 85 394 250
chair 0.0226 1 70 63 128
chair 0.0216 389 89 501 289
chair 0.0176 218 55 466 265
chair 0.0136 397 54 468 96
chair 0.0128 0 0 45 112
chair 0.0119 8 135 492 319
chair 0.0108 479 185 500 290
chair 0.0102 482 0 499 81
chair 0.0101 63 37 190 209
chair 0.0093 0 49 5 98
chair 0.0087 1 75 32 112
chair 0.0081 255 0 370 46
chair 0.0080 331 162 380 238
chair 0.0078 101 214 507 330
chair 0.0076 487 59 500 78
chair 0.0071 71 61 160 163
chair 0.0066 0 51 10 99
chair 0.0064 271 123 416 275
chair 0.0064 372 -1 499 228
chair 0.0061 296 5 379 64
chair 0.0060 46 4 326 165
chair 0.0057 384 19 489 152
chair 0.0056 493 236 499 292
chair 0.0055 324 65 463 190
chair 0.0053 66 25 214 142
chair 0.0048 0 61 18 103
chair 0.0047 390 33 481 93
chair 0.0045 1 75 54 103
chair 0.0042 114 0 240 88
chair 0.0042 456 186 499 297
chair 0.0039 250 3 422 128
chair 0.0038 3 77 28 99
chair 0.0035 253 35 387 304
chair 0.0033 485 44 499 77
chair 0.0030 215 0 275 59
chair 0.0028 69 57 170 112
chair 0.0027 253 112 493 328
chair 0.0027 478 188 499 227
chair 0.0027 2 -6 277 307
chair 0.0026 236 0 284 39
chair 0.0025 0 53 62 261
chair 0.0025 242 10 262 31
chair 0.0024 318 147 472 244
chair 0.0022 215 0 258 29
chair 0.0021 0 60 22 129
chair 0.0021 0 49 31 101
chair 0.0020 127 0 233 19
chair 0.0020 299 -7 486 176
chair 0.0019 87 0 322 69
chair 0.0019 155 0 261 51
chair 0.0019 6 66 100 153
chair 0.0018 84 79 145 134
chair 0.0018 -2 -4 116 111
chair 0.0017 220 9 447 188
chair 0.0017 469 149 499 252
chair 0.0017 89 68 153 92
chair 0.0017 0 65 33 149
chair 0.0015 482 57 496 78
chair 0.0014 295 163 373 236
chair 0.0012 393 1 485 38
chair 0.0012 462 89 499 286
chair 0.0012 330 168 430 249
chair 0.0012 394 198 475 274
chair 0.0011 409 142 500 263
chair 0.0011 339 185 373 240
chair 0.0011 322 185 498 310
chair 0.0011 247 1 279 31
chair 0.0011 124 2 408 93
chair 0.0010 417 226 447 261
sofa 0.0539 291 6 410 86
sofa 0.0057 14 194 485 323
sofa 0.0043 382 0 492 81
sofa 0.0022 77 18 424 313
sofa 0.0019 481 0 499 78
sofa 0.0014 0 46 113 257
sofa 0.0014 0 1 40 41
sofa 0.0013 415 184 500 291
sofa 0.0010 250 0 308 38
sofa 0.0010 260 0 383 46
pottedplant 0.3946 290 5 409 86
pottedplant 0.0629 292 -1 392 50
pottedplant 0.0281 306 0 382 30
pottedplant 0.0102 371 0 490 77
pottedplant 0.0052 250 3 422 128
pottedplant 0.0021 300 -11 486 180
pottedplant 0.0020 260 0 365 38
pottedplant 0.0018 393 1 485 38
pottedplant 0.0016 420 1 461 32
diningtable 0.4719 5 -1 228 77
diningtable 0.4192 5 0 216 184
diningtable 0.1255 8 213 489 331
diningtable 0.0746 -5 70 479 321
diningtable 0.0359 123 15 343 311
diningtable 0.0252 264 223 499 328
diningtable 0.0210 33 66 158 183
diningtable 0.0100 383 0 495 84
diningtable 0.0092 0 1 40 42
diningtable 0.0065 0 0 45 112
diningtable 0.0057 1 10 133 259
diningtable 0.0048 282 118 502 328
diningtable 0.0039 234 1 261 30
diningtable 0.0032 320 70 493 244
diningtable 0.0026 1 4 75 153
diningtable 0.0025 415 184 500 291
diningtable 0.0023 291 6 410 86
diningtable 0.0020 49 19 206 127
diningtable 0.0018 177 31 500 286
diningtable 0.0018 493 245 499 292
diningtable 0.0017 242 0 309 37
diningtable 0.0017 393 49 480 100
diningtable 0.0015 4 33 169 143
diningtable 0.0013 11 0 243 39
diningtable 0.0013 398 66 468 97
diningtable 0.0012 322 185 498 310
diningtable 0.0011 372 -1 499 228
diningtable 0.0010 308 89 426 258
tvmonitor 0.0074 0 1 41 41
