person 0.7624 119 66 127 83
person 0.1416 102 70 107 79
person 0.0970 126 72 132 83
person 0.0905 103 70 110 79
person 0.0893 153 76 158 82
person 0.0241 186 75 190 80
person 0.0206 110 67 125 83
person 0.0186 101 69 112 82
person 0.0084 116 66 133 84
person 0.0045 99 70 103 77
person 0.0035 155 74 159 80
person 0.0032 100 72 108 85
person 0.0029 151 75 159 83
person 0.0021 153 73 157 80
person 0.0017 94 73 104 83
person 0.0016 127 77 134 84
person 0.0015 124 67 133 83
person 0.0013 186 75 191 83
person 0.0012 88 76 94 85
person 0.0010 103 72 114 87
car 0.0015 119 66 127 83
bus 0.0045 1 70 136 110
train 0.0242 1 70 136 110
boat 0.0017 102 70 112 81
boat 0.0015 2 72 135 108
boat 0.0010 102 70 107 80
bird 0.0156 153 76 158 82
bird 0.0115 234 207 264 247
bird 0.0044 186 76 190 80
dog 0.0016 153 76 158 82
dog 0.0015 234 207 264 247
horse 0.0021 2 72 135 108
sheep 0.8189 247 227 316 268
sheep 0.5763 176 207 266 253
sheep 0.5256 235 207 265 247
sheep 0.0134 231 205 308 257
sheep 0.0044 186 75 190 80
sheep 0.0041 153 76 158 82
sheep 0.0024 214 203 268 244
sheep 0.0023 175 206 274 291
sheep 0.0022 173 216 236 249
sheep 0.0021 241 218 319 295
sheep 0.0014 287 226 317 252
cow 0.0034 234 206 264 247
cow 0.0017 247 227 317 267
cow 0.0014 176 206 266 253
cow 0.0013 153 76 158 82
