person 0.0052 0 138 10 217
person 0.0018 123 28 178 90
person 0.0013 484 5 499 77
person 0.0011 -2 0 54 68
person 0.0010 0 114 51 221
person 0.0010 0 150 16 227
person 0.0010 122 25 157 78
car 0.0018 270 19 348 70
bird 0.0030 264 19 347 70
cat 0.0030 270 19 348 70
cat 0.0027 0 143 14 219
cat 0.0011 0 116 47 220
dog 0.0478 270 19 348 70
dog 0.0205 124 28 179 92
dog 0.0047 0 138 12 217
dog 0.0047 0 116 47 220
dog 0.0028 21 110 192 260
dog 0.0024 1 39 288 273
dog 0.0022 0 143 21 222
dog 0.0011 125 31 157 80
horse 0.0080 257 19 349 71
horse 0.0044 123 28 178 90
horse 0.0034 6 91 302 264
horse 0.0022 163 0 261 69
sheep 0.2942 264 18 349 72
sheep 0.0226 275 0 348 24
sheep 0.0209 167 0 259 70
sheep 0.0153 122 27 179 91
sheep 0.0141 278 0 313 27
sheep 0.0087 6 91 302 264
sheep 0.0073 307 0 349 22
sheep 0.0064 196 0 326 70
sheep 0.0041 113 1 224 76
sheep 0.0028 0 116 47 220
sheep 0.0028 311 0 464 68
sheep 0.0026 483 5 500 77
sheep 0.0025 0 37 160 227
sheep 0.0024 201 105 284 176
sheep 0.0023 213 1 280 67
sheep 0.0015 274 -1 346 49
sheep 0.0014 168 92 315 191
sheep 0.0012 253 21 318 67
sheep 0.0011 275 0 295 27
sheep 0.0011 293 1 323 25
sheep 0.0010 0 50 142 140
sheep 0.0010 374 0 497 69
sheep 0.0010 10 110 178 266
cow 0.0160 270 19 348 70
cow 0.0024 163 0 261 69
cow 0.0013 278 0 313 27
bottle 0.0016 0 28 10 79
chair 0.0010 167 0 259 70
diningtable 0.0010 -1 224 490 334
tvmonitor 0.0042 0 41 9 82
