person 0.1207 11 13 425 367
person 0.0097 222 0 261 12
person 0.0078 132 1 286 50
person 0.0066 1 8 153 282
person 0.0042 0 65 90 280
person 0.0041 192 2 279 37
person 0.0035 172 0 265 16
person 0.0033 331 34 432 229
person 0.0030 134 13 400 239
person 0.0029 232 0 258 10
person 0.0028 211 0 278 23
person 0.0027 0 264 65 370
person 0.0024 0 1 168 90
person 0.0024 174 0 209 11
person 0.0018 39 179 489 367
person 0.0015 315 2 496 165
person 0.0015 226 0 246 10
person 0.0014 38 103 326 356
person 0.0011 16 2 308 245
person 0.0011 170 0 235 12
person 0.0011 238 36 392 229
person 0.0010 1 23 229 374
person 0.0010 6 -5 475 170
person 0.0010 1 285 173 373
cat 0.4416 330 38 429 229
cat 0.1975 0 70 82 278
cat 0.0345 1 30 141 279
cat 0.0101 12 6 428 366
cat 0.0050 134 13 400 239
cat 0.0038 238 36 392 229
cat 0.0012 0 20 225 336
cat 0.0011 290 5 455 222
dog 0.4408 332 36 433 232
dog 0.0467 0 70 82 278
dog 0.0209 12 6 428 366
dog 0.0135 1 30 141 279
dog 0.0111 134 13 400 239
dog 0.0062 238 36 392 229
dog 0.0019 226 17 484 354
dog 0.0013 343 12 496 341
dog 0.0012 0 20 225 336
cow 0.0010 0 63 83 276
chair 0.0367 0 19 454 366
chair 0.0029 457 165 499 245
chair 0.0025 362 4 499 341
chair 0.0014 39 179 489 367
chair 0.0011 226 17 484 354
chair 0.0011 331 34 432 229
chair 0.0010 459 203 499 248
chair 0.0010 250 230 415 368
sofa 0.1744 19 20 489 369
sofa 0.0049 321 20 491 220
sofa 0.0048 362 4 499 341
sofa 0.0032 11 179 451 368
sofa 0.0026 1 1 157 92
sofa 0.0020 2 -2 161 271
sofa 0.0020 458 163 499 243
sofa 0.0013 238 226 405 368
sofa 0.0013 113 8 459 243
sofa 0.0013 387 20 498 182
sofa 0.0012 0 65 90 280
sofa 0.0010 433 154 498 340
sofa 0.0010 0 264 64 370
diningtable 0.0112 434 160 500 332
diningtable 0.0109 459 199 499 247
diningtable 0.0035 12 3 494 366
diningtable 0.0011 386 26 499 357
tvmonitor 0.0022 458 188 499 246
tvmonitor 0.0018 458 164 494 212
