person 0.5655 144 1 503 179
person 0.0475 0 90 53 174
person 0.0458 20 9 500 276
person 0.0213 432 0 499 95
person 0.0148 168 37 221 192
person 0.0123 74 1 256 134
person 0.0089 105 0 183 90
person 0.0067 147 4 235 140
person 0.0056 134 1 452 101
person 0.0045 0 6 59 177
person 0.0036 429 57 499 143
person 0.0030 329 2 501 175
person 0.0029 102 26 155 199
person 0.0023 400 1 496 124
person 0.0020 42 104 107 204
person 0.0020 134 88 475 259
person 0.0019 464 315 500 356
person 0.0018 261 0 409 66
person 0.0017 105 17 155 114
person 0.0015 453 4 499 143
person 0.0015 0 0 114 108
person 0.0013 492 292 500 315
bottle 0.8520 168 37 220 196
bottle 0.8498 101 26 155 206
bottle 0.0250 44 103 107 205
bottle 0.0116 105 18 154 123
bottle 0.0072 422 148 493 256
bottle 0.0068 0 244 31 356
bottle 0.0055 99 0 171 103
bottle 0.0045 69 31 204 210
bottle 0.0037 151 19 215 154
bottle 0.0034 104 33 261 200
bottle 0.0022 93 7 178 170
bottle 0.0019 0 306 29 357
bottle 0.0017 0 0 71 101
bottle 0.0016 388 176 457 280
bottle 0.0015 462 313 500 354
bottle 0.0014 176 42 219 126
bottle 0.0012 27 0 144 110
bottle 0.0010 0 90 53 174
bottle 0.0010 190 41 229 196
bottle 0.0010 111 20 167 82
chair 0.0878 429 57 499 143
chair 0.0261 0 90 53 173
chair 0.0226 470 73 500 143
chair 0.0192 428 1 499 129
chair 0.0061 481 88 499 145
chair 0.0053 1 0 113 107
chair 0.0041 423 53 501 223
chair 0.0041 425 122 498 191
chair 0.0036 104 6 163 111
chair 0.0033 462 64 500 211
chair 0.0030 448 81 496 142
chair 0.0026 463 314 499 356
chair 0.0025 458 18 499 152
chair 0.0018 431 76 480 136
chair 0.0018 150 1 498 179
chair 0.0017 0 6 59 177
chair 0.0016 486 68 500 136
chair 0.0013 365 1 501 171
chair 0.0012 490 107 499 143
chair 0.0011 50 0 110 50
chair 0.0010 102 33 155 194
chair 0.0010 52 0 127 107
chair 0.0010 479 49 500 131
chair 0.0010 168 37 221 192
sofa 0.0500 0 91 53 174
sofa 0.0028 0 6 59 177
sofa 0.0021 7 -1 483 175
sofa 0.0015 1 0 114 109
diningtable 0.2190 12 142 499 353
diningtable 0.0348 6 171 77 264
diningtable 0.0165 52 215 417 354
diningtable 0.0148 75 193 352 304
diningtable 0.0128 -12 7 494 281
diningtable 0.0096 32 214 69 266
diningtable 0.0072 429 151 500 318
diningtable 0.0071 446 206 500 330
diningtable 0.0067 363 173 495 350
diningtable 0.0061 388 176 457 280
diningtable 0.0057 0 91 53 174
diningtable 0.0052 133 97 477 290
diningtable 0.0045 365 260 453 306
diningtable 0.0036 304 205 404 295
diningtable 0.0032 275 90 505 311
diningtable 0.0030 1 172 49 307
diningtable 0.0028 122 269 356 355
diningtable 0.0027 464 315 500 356
diningtable 0.0027 225 154 453 292
diningtable 0.0027 448 277 499 357
diningtable 0.0026 52 2 489 168
diningtable 0.0026 310 205 459 328
diningtable 0.0021 0 139 108 241
diningtable 0.0021 224 148 397 227
diningtable 0.0020 -1 171 114 299
diningtable 0.0019 0 216 40 350
diningtable 0.0019 171 20 219 157
diningtable 0.0019 54 8 275 165
diningtable 0.0019 305 205 377 261
diningtable 0.0018 376 275 491 356
diningtable 0.0017 290 185 421 271
diningtable 0.0016 0 275 29 356
diningtable 0.0016 354 242 457 334
diningtable 0.0015 63 196 173 273
diningtable 0.0014 466 173 499 297
diningtable 0.0014 429 58 499 142
diningtable 0.0013 10 241 67 317
diningtable 0.0013 201 141 481 212
diningtable 0.0012 43 104 106 205
diningtable 0.0011 337 195 390 226
diningtable 0.0010 258 206 368 241
