person 0.0010 68 158 238 375
bicycle 0.0099 78 159 430 368
car 0.0020 78 159 430 368
motorbike 0.0021 78 159 430 368
bird 0.0021 195 78 295 175
cat 0.8579 197 78 295 175
cat 0.6630 117 221 388 371
cat 0.0627 119 226 249 367
cat 0.0504 206 290 380 372
cat 0.0248 68 158 238 375
cat 0.0246 77 150 171 185
cat 0.0116 61 120 301 178
cat 0.0084 72 149 256 180
cat 0.0064 43 85 334 195
cat 0.0062 66 149 167 219
cat 0.0045 200 143 261 176
cat 0.0044 71 144 266 208
cat 0.0039 55 148 428 368
cat 0.0029 157 266 334 367
cat 0.0028 75 160 410 244
cat 0.0021 10 66 426 288
cat 0.0013 101 325 390 372
cat 0.0013 146 60 428 214
dog 0.1648 113 227 385 370
dog 0.0274 126 229 262 366
dog 0.0151 206 290 380 372
dog 0.0048 195 78 295 175
dog 0.0032 76 149 169 176
dog 0.0016 90 219 205 366
chair 0.2062 55 148 428 368
chair 0.0156 75 160 410 244
chair 0.0124 69 177 224 368
chair 0.0088 112 209 272 365
chair 0.0042 49 95 431 278
chair 0.0011 139 240 380 372
sofa 0.0091 41 174 403 372
sofa 0.0067 68 158 238 375
sofa 0.0021 63 87 443 318
sofa 0.0018 139 240 380 372
sofa 0.0013 130 305 388 373
pottedplant 0.0014 76 150 169 179
pottedplant 0.0012 89 179 418 370
diningtable 0.0020 55 148 426 369
diningtable 0.0012 68 158 238 375
