person 0.3107 172 3 338 323
person 0.0576 327 129 498 315
person 0.0368 86 4 376 399
person 0.0138 371 128 499 236
person 0.0085 108 111 215 244
person 0.0058 31 67 302 355
person 0.0028 33 82 494 463
person 0.0028 487 252 499 324
person 0.0024 104 30 287 279
person 0.0018 245 109 494 257
person 0.0016 295 182 323 231
person 0.0014 1 120 88 355
person 0.0012 66 205 354 362
person 0.0011 178 6 500 301
car 0.0024 133 456 245 484
car 0.0024 329 130 497 318
car 0.0010 229 378 258 401
boat 0.0014 136 457 245 485
cat 0.0228 33 95 213 328
cat 0.0184 108 112 215 242
cat 0.0102 35 50 333 321
cat 0.0069 85 103 269 256
cat 0.0013 55 342 141 422
cat 0.0011 327 129 491 238
dog 0.0071 33 95 213 328
dog 0.0070 35 50 333 321
dog 0.0068 108 110 212 239
dog 0.0047 324 130 491 235
dog 0.0044 85 103 269 256
chair 0.2043 0 126 88 373
chair 0.1300 134 457 245 485
chair 0.1106 327 129 498 315
chair 0.0487 5 100 160 350
chair 0.0279 55 58 368 394
chair 0.0075 430 425 500 484
chair 0.0062 1 247 133 416
chair 0.0059 66 205 354 362
chair 0.0048 3 104 269 452
chair 0.0043 31 339 146 423
chair 0.0040 371 128 499 236
chair 0.0035 42 89 198 275
chair 0.0033 340 220 500 317
chair 0.0028 108 112 215 242
chair 0.0023 204 331 379 433
chair 0.0022 9 95 123 274
chair 0.0022 2 122 77 265
chair 0.0020 487 252 499 324
chair 0.0017 74 365 148 424
chair 0.0013 110 121 351 335
chair 0.0011 85 103 269 256
chair 0.0011 1 217 85 298
sofa 0.5089 326 128 498 319
sofa 0.1428 14 91 350 369
sofa 0.0416 34 92 213 333
sofa 0.0404 1 116 134 433
sofa 0.0299 1 120 88 354
sofa 0.0223 44 206 332 364
sofa 0.0156 32 25 493 472
sofa 0.0097 108 111 215 244
sofa 0.0074 355 128 496 235
sofa 0.0064 339 221 501 316
sofa 0.0063 201 330 379 438
sofa 0.0058 109 312 423 480
sofa 0.0055 2 140 269 451
sofa 0.0055 134 457 245 485
sofa 0.0043 1 277 139 441
sofa 0.0028 31 339 146 423
sofa 0.0025 115 119 266 350
sofa 0.0025 424 130 497 230
sofa 0.0021 104 30 287 279
sofa 0.0019 291 95 496 246
sofa 0.0019 8 105 138 272
sofa 0.0016 139 8 343 342
sofa 0.0016 34 234 438 405
sofa 0.0015 276 280 364 322
sofa 0.0013 3 122 75 264
sofa 0.0012 0 253 98 400
sofa 0.0011 91 225 250 364
sofa 0.0011 229 378 258 401
sofa 0.0011 223 31 504 284
pottedplant 0.2047 33 92 204 333
pottedplant 0.1139 164 24 254 172
pottedplant 0.0555 147 6 341 320
pottedplant 0.0346 1 109 149 415
pottedplant 0.0137 40 89 148 279
pottedplant 0.0136 104 30 287 279
pottedplant 0.0119 35 341 146 423
pottedplant 0.0065 1 247 133 416
pottedplant 0.0034 2 122 98 335
pottedplant 0.0033 108 110 213 238
pottedplant 0.0025 3 104 269 452
pottedplant 0.0025 177 9 304 194
pottedplant 0.0022 74 365 148 424
pottedplant 0.0018 65 190 143 356
pottedplant 0.0016 42 149 163 373
diningtable 0.0236 227 298 493 483
diningtable 0.0120 109 312 423 480
diningtable 0.0114 204 331 379 433
diningtable 0.0060 332 134 498 324
diningtable 0.0050 136 457 245 485
diningtable 0.0026 -25 315 281 492
diningtable 0.0025 4 243 435 472
diningtable 0.0018 87 377 145 422
diningtable 0.0014 229 378 257 400
diningtable 0.0012 1 332 144 469
tvmonitor 0.0017 326 136 498 325
tvmonitor 0.0015 136 457 244 484
tvmonitor 0.0011 47 105 210 250
