person 0.8288 13 45 30 90
person 0.2506 102 48 112 73
person 0.1381 218 112 261 158
person 0.0661 18 42 445 276
person 0.0543 71 53 81 71
person 0.0327 102 47 111 63
person 0.0230 106 47 117 73
person 0.0158 317 175 357 207
person 0.0138 194 114 253 163
person 0.0137 7 49 34 108
person 0.0123 228 108 285 166
person 0.0067 24 50 36 90
person 0.0060 108 49 116 60
person 0.0059 217 106 251 143
person 0.0056 82 100 99 117
person 0.0056 188 103 209 131
person 0.0049 223 111 244 133
person 0.0048 222 100 268 146
person 0.0048 246 114 285 151
person 0.0046 71 52 79 64
person 0.0045 109 53 119 74
person 0.0044 237 62 287 131
person 0.0043 211 76 272 143
person 0.0043 212 88 340 161
person 0.0043 0 65 12 89
person 0.0043 3 52 22 90
person 0.0043 170 52 251 143
person 0.0036 52 50 100 74
person 0.0035 246 66 285 108
person 0.0034 196 124 231 155
person 0.0032 -4 89 167 134
person 0.0030 186 49 225 130
person 0.0028 87 99 102 115
person 0.0028 188 90 216 127
person 0.0026 63 53 82 69
person 0.0025 67 50 78 64
person 0.0025 74 56 86 73
person 0.0024 89 43 117 75
person 0.0023 194 106 246 137
person 0.0020 416 0 469 80
person 0.0020 223 105 260 131
person 0.0020 90 51 106 74
person 0.0018 219 116 241 140
person 0.0018 100 45 117 63
person 0.0018 252 65 270 101
person 0.0018 0 38 6 47
person 0.0017 185 56 329 145
person 0.0017 477 241 499 300
person 0.0016 43 96 133 121
person 0.0016 15 49 32 71
person 0.0015 57 50 69 67
person 0.0013 85 55 95 72
person 0.0013 0 87 36 119
person 0.0011 69 98 100 124
person 0.0011 110 62 119 74
person 0.0011 230 112 256 145
person 0.0011 490 237 499 298
person 0.0010 241 87 419 243
person 0.0010 176 110 217 138
person 0.0010 313 175 339 206
person 0.0010 25 55 34 77
person 0.0010 52 47 73 67
person 0.0010 184 100 231 130
person 0.0010 13 13 141 100
person 0.0010 134 106 231 150
person 0.0010 195 39 274 120
bicycle 0.0047 475 241 499 300
bicycle 0.0043 13 47 30 91
bicycle 0.0034 0 85 41 111
bicycle 0.0026 0 86 37 98
bicycle 0.0018 490 237 499 298
bicycle 0.0017 26 30 482 294
bicycle 0.0012 490 243 499 256
bicycle 0.0011 1 135 46 196
car 0.8319 0 90 167 195
car 0.3667 16 27 475 306
car 0.1180 0 89 37 119
car 0.0227 0 89 136 135
car 0.0225 0 90 67 153
car 0.0171 0 87 34 106
car 0.0157 134 106 231 150
car 0.0115 218 112 261 158
car 0.0104 0 95 75 194
car 0.0088 10 129 358 312
car 0.0076 7 49 34 108
car 0.0071 137 112 167 147
car 0.0058 13 47 30 91
car 0.0056 49 80 286 172
car 0.0045 0 65 12 89
car 0.0042 -1 49 324 198
car 0.0040 0 86 37 98
car 0.0037 124 58 250 152
car 0.0035 0 96 29 129
car 0.0034 194 114 253 163
car 0.0031 186 102 209 132
car 0.0031 228 108 285 166
car 0.0028 4 91 157 113
car 0.0025 1 91 80 127
car 0.0022 66 53 82 70
car 0.0021 56 49 80 68
car 0.0020 0 119 49 195
car 0.0019 15 8 149 110
car 0.0018 5 72 196 154
car 0.0016 208 29 475 237
car 0.0014 71 53 79 69
car 0.0013 212 88 340 161
car 0.0012 43 96 133 121
car 0.0011 4 55 22 90
car 0.0011 139 100 177 146
car 0.0010 0 105 27 153
car 0.0010 4 126 133 196
car 0.0010 24 5 493 167
car 0.0010 0 118 46 160
car 0.0010 0 38 6 47
motorbike 0.0621 26 30 482 294
motorbike 0.0350 0 88 36 118
motorbike 0.0091 0 87 34 98
motorbike 0.0057 7 49 34 108
motorbike 0.0032 13 47 30 91
motorbike 0.0031 476 240 499 301
motorbike 0.0025 -2 92 53 125
motorbike 0.0014 490 237 499 298
motorbike 0.0010 0 88 28 105
motorbike 0.0010 0 90 162 195
aeroplane 0.0059 8 30 459 304
bus 0.0425 26 30 482 294
bus 0.0036 -2 90 161 193
bus 0.0019 23 9 133 75
train 0.0032 8 30 459 304
boat 0.0053 0 90 35 117
boat 0.0035 8 30 459 304
boat 0.0018 0 87 34 98
chair 0.0015 0 88 37 117
chair 0.0014 0 87 34 98
chair 0.0010 13 47 30 91
