person 0.0014 251 67 305 89
bicycle 0.0010 249 63 308 93
bird 0.0178 252 67 306 89
bird 0.0028 246 48 327 106
cat 0.8394 108 68 311 468
cat 0.0074 250 66 305 91
cat 0.0016 8 192 307 390
cat 0.0010 246 48 327 106
dog 0.0033 250 66 305 91
dog 0.0017 108 73 310 472
horse 0.0023 249 66 305 91
chair 0.0010 0 187 151 228
sofa 0.0030 4 198 318 482
diningtable 0.0185 3 213 318 487
diningtable 0.0027 92 67 306 466
tvmonitor 0.0038 252 137 333 221
tvmonitor 0.0016 22 81 357 291
tvmonitor 0.0014 249 0 335 8
