person 0.0087 0 0 198 501
person 0.0037 0 16 58 500
person 0.0015 199 212 337 507
bird 0.0011 3 8 232 509
bird 0.0011 194 216 336 501
cat 0.4371 194 216 336 501
cat 0.0529 2 8 210 509
cat 0.0062 8 214 334 503
cat 0.0015 61 0 334 528
dog 0.5474 2 8 210 509
dog 0.5090 193 216 338 500
dog 0.0581 8 213 334 503
dog 0.0030 0 2 225 238
dog 0.0018 0 16 58 500
horse 0.0011 2 8 210 509
sheep 0.0017 194 216 336 501
cow 0.0022 194 216 336 501
chair 0.0014 287 0 339 221
chair 0.0012 8 214 334 503
sofa 0.0127 8 214 334 503
sofa 0.0022 193 213 337 504
sofa 0.0014 1 -1 212 510
pottedplant 0.0018 8 -4 339 501
