person 0.0519 363 215 369 232
person 0.0444 371 218 377 234
person 0.0221 366 216 377 234
person 0.0128 361 215 367 229
person 0.0069 259 190 268 211
person 0.0018 0 225 23 236
person 0.0017 139 209 211 256
person 0.0015 141 221 168 241
person 0.0015 48 357 57 365
person 0.0014 46 357 57 373
person 0.0012 383 182 398 205
person 0.0012 235 236 242 249
person 0.0012 494 202 500 214
car 0.3993 24 228 51 238
car 0.2161 0 225 23 236
car 0.0183 36 231 52 240
car 0.0142 13 224 49 235
car 0.0126 20 229 44 237
car 0.0087 34 227 57 238
car 0.0077 2 227 37 239
car 0.0065 0 229 21 243
car 0.0057 52 231 66 238
car 0.0052 54 230 75 238
car 0.0050 43 231 63 238
car 0.0049 0 226 12 237
car 0.0048 63 217 91 238
car 0.0047 149 196 157 204
car 0.0045 162 204 180 211
car 0.0041 476 200 499 215
car 0.0034 170 193 179 202
car 0.0030 9 230 47 242
car 0.0030 8 228 30 237
car 0.0025 180 191 188 202
car 0.0024 3 229 105 243
car 0.0021 171 194 182 207
car 0.0021 8 223 35 236
car 0.0020 494 202 500 214
car 0.0020 56 222 77 237
car 0.0019 148 195 164 206
car 0.0016 0 222 26 242
car 0.0014 156 195 178 209
car 0.0014 0 234 10 243
car 0.0013 4 208 23 234
car 0.0011 12 225 30 234
car 0.0011 34 231 68 240
car 0.0010 20 231 36 241
car 0.0010 54 227 66 236
aeroplane 0.0011 139 208 309 251
bus 0.0068 0 225 23 235
bus 0.0023 24 227 51 238
bus 0.0013 63 217 91 238
bus 0.0012 140 207 306 253
train 0.7981 140 207 306 253
train 0.1376 475 198 500 215
train 0.1012 136 210 225 255
train 0.0504 475 182 499 216
train 0.0293 383 183 399 205
train 0.0223 493 202 500 214
train 0.0155 130 175 297 212
train 0.0150 259 190 269 210
train 0.0123 57 214 97 239
train 0.0105 379 180 405 211
train 0.0091 141 192 410 247
train 0.0084 67 218 91 238
train 0.0079 66 199 143 233
train 0.0076 11 197 266 254
train 0.0062 142 173 309 242
train 0.0061 0 225 23 235
train 0.0045 359 191 366 210
train 0.0039 360 188 369 207
train 0.0035 489 183 499 213
train 0.0035 1 222 132 255
train 0.0031 372 184 384 207
train 0.0030 213 206 315 237
train 0.0024 -12 229 299 317
train 0.0023 462 191 500 215
train 0.0022 8 194 171 244
train 0.0021 368 184 392 208
train 0.0019 68 213 141 246
train 0.0018 362 213 370 231
train 0.0017 35 187 236 232
train 0.0017 8 224 68 244
train 0.0016 -15 237 136 275
train 0.0016 162 200 179 211
train 0.0016 214 183 450 231
train 0.0016 66 198 100 231
train 0.0015 400 180 411 223
train 0.0014 19 151 309 227
train 0.0014 385 176 414 225
train 0.0014 162 185 315 225
train 0.0014 8 203 324 287
train 0.0014 26 213 196 262
train 0.0013 66 205 115 237
train 0.0013 368 184 380 205
train 0.0013 -6 232 174 300
train 0.0012 66 201 80 234
train 0.0012 347 180 429 230
train 0.0012 0 222 26 242
train 0.0012 305 185 316 195
train 0.0012 69 199 77 218
train 0.0012 255 187 269 213
train 0.0011 224 191 336 221
train 0.0011 148 195 164 206
train 0.0011 57 200 91 235
train 0.0011 155 194 179 209
train 0.0010 351 182 412 215
train 0.0010 293 189 390 226
train 0.0010 133 167 430 218
train 0.0010 372 193 379 206
boat 0.0011 0 225 24 235
cat 0.0011 383 182 399 205
cow 0.0017 383 183 399 205
tvmonitor 0.0013 383 182 399 205
