person 0.9024 198 21 369 254
person 0.8649 364 118 463 236
person 0.4576 23 212 151 374
person 0.1589 25 213 133 305
person 0.0747 81 224 146 307
person 0.0251 368 194 400 251
person 0.0242 -7 15 142 360
person 0.0137 43 223 112 291
person 0.0102 494 246 499 267
person 0.0082 61 229 192 373
person 0.0081 22 214 81 293
person 0.0073 78 -1 494 232
person 0.0048 308 63 480 243
person 0.0048 18 180 107 296
person 0.0044 9 210 86 338
person 0.0043 1 30 33 355
person 0.0040 56 233 130 364
person 0.0033 77 3 303 260
person 0.0028 125 265 190 375
person 0.0026 42 209 58 217
person 0.0024 -5 114 100 344
person 0.0023 2 276 67 373
person 0.0023 460 167 493 238
person 0.0018 32 283 143 373
person 0.0016 7 5 51 162
person 0.0015 132 39 409 298
person 0.0015 353 128 405 213
person 0.0014 489 212 500 269
person 0.0012 0 141 25 370
person 0.0011 -11 75 238 392
person 0.0011 440 252 501 268
person 0.0010 364 134 391 205
person 0.0010 26 69 50 152
bicycle 0.0183 133 264 193 373
bicycle 0.0066 56 227 192 373
bicycle 0.0018 87 227 146 306
bicycle 0.0015 27 75 51 155
bicycle 0.0014 112 232 242 373
bicycle 0.0012 61 83 102 139
car 0.6161 24 65 50 150
car 0.0259 9 60 47 169
car 0.0187 38 79 51 87
car 0.0137 -1 26 175 368
car 0.0116 0 19 38 241
car 0.0085 37 77 52 97
car 0.0078 28 67 52 112
car 0.0075 33 63 56 133
car 0.0068 0 10 82 359
car 0.0047 25 70 73 157
car 0.0033 61 85 100 137
car 0.0031 85 225 145 304
car 0.0030 23 212 151 374
car 0.0028 342 42 503 221
car 0.0026 33 70 51 89
car 0.0026 21 84 42 153
car 0.0024 37 76 56 110
car 0.0022 27 99 49 130
car 0.0019 0 86 37 197
car 0.0017 26 93 251 361
car 0.0016 21 12 51 136
car 0.0015 21 43 48 101
car 0.0012 25 53 42 86
car 0.0012 40 85 61 107
car 0.0011 24 79 49 201
car 0.0011 17 59 106 153
car 0.0010 37 75 97 118
car 0.0010 27 89 49 117
car 0.0010 37 79 82 137
motorbike 0.0021 -7 15 142 360
motorbike 0.0020 24 213 152 372
motorbike 0.0019 25 67 51 149
motorbike 0.0010 0 6 44 360
bus 0.0026 338 44 505 236
bus 0.0025 19 66 51 146
bus 0.0016 0 6 44 360
bus 0.0013 7 6 51 161
bus 0.0011 -3 20 137 370
train 0.0014 -1 26 175 368
boat 0.0193 -1 26 175 368
boat 0.0078 23 212 151 374
boat 0.0038 54 3 420 255
boat 0.0037 173 15 501 232
boat 0.0035 342 42 503 221
boat 0.0032 25 67 51 149
boat 0.0031 26 213 133 306
boat 0.0029 202 15 361 254
boat 0.0028 0 10 82 359
boat 0.0026 26 93 251 361
boat 0.0016 85 226 144 293
bottle 0.7700 461 166 492 238
bottle 0.0212 487 210 500 235
bottle 0.0087 368 195 400 250
bottle 0.0086 494 246 499 267
bottle 0.0074 473 192 502 239
bottle 0.0042 489 189 500 234
bottle 0.0038 176 269 201 283
bottle 0.0028 298 255 412 307
bottle 0.0027 89 226 145 319
bottle 0.0027 491 232 500 268
bottle 0.0018 177 262 208 284
bottle 0.0016 50 161 62 191
bottle 0.0015 461 169 473 195
bottle 0.0015 461 167 485 191
bottle 0.0011 488 207 500 257
bottle 0.0011 335 249 385 272
bottle 0.0011 369 192 399 223
chair 0.2465 86 225 145 303
chair 0.1623 24 213 152 372
chair 0.1429 136 266 192 374
chair 0.0496 32 283 143 373
chair 0.0441 361 120 463 236
chair 0.0320 25 213 133 305
chair 0.0203 64 229 192 373
chair 0.0189 154 295 193 375
chair 0.0096 342 42 503 221
chair 0.0062 2 276 67 373
chair 0.0062 26 97 445 352
chair 0.0051 31 3 435 268
chair 0.0043 198 21 365 258
chair 0.0038 99 200 207 262
chair 0.0033 368 194 400 251
chair 0.0032 270 204 319 235
chair 0.0025 6 66 264 386
chair 0.0025 24 279 89 374
chair 0.0022 90 229 169 331
chair 0.0022 242 199 305 234
chair 0.0021 57 85 98 142
chair 0.0020 182 245 498 371
chair 0.0020 2 224 102 374
chair 0.0020 353 128 405 213
chair 0.0019 22 214 81 293
chair 0.0019 310 129 433 234
chair 0.0018 364 134 391 205
chair 0.0018 370 145 385 193
chair 0.0017 139 174 351 272
chair 0.0017 27 75 51 155
chair 0.0016 447 73 499 211
chair 0.0015 211 21 507 245
chair 0.0015 25 309 57 373
chair 0.0014 88 155 218 336
chair 0.0014 85 145 443 294
chair 0.0014 61 289 109 315
chair 0.0013 88 226 140 260
chair 0.0012 56 233 130 364
chair 0.0010 209 151 372 242
sofa 0.0066 31 3 435 268
sofa 0.0026 342 42 503 221
sofa 0.0020 18 218 156 378
sofa 0.0013 198 21 366 258
pottedplant 0.0017 61 83 102 139
pottedplant 0.0016 58 3 175 140
pottedplant 0.0014 25 67 51 149
pottedplant 0.0010 48 46 133 145
pottedplant 0.0010 461 168 491 235
pottedplant 0.0010 338 44 505 236
diningtable 0.6348 183 232 497 372
diningtable 0.1731 292 255 416 310
diningtable 0.0144 206 189 475 327
diningtable 0.0126 293 231 358 261
diningtable 0.0079 92 129 487 374
diningtable 0.0075 277 235 481 332
diningtable 0.0065 342 42 503 221
diningtable 0.0062 243 204 394 304
diningtable 0.0046 322 240 408 297
diningtable 0.0034 366 193 401 258
diningtable 0.0028 335 246 385 273
diningtable 0.0023 156 136 514 261
diningtable 0.0016 271 206 320 235
diningtable 0.0016 209 168 458 246
diningtable 0.0015 232 184 345 250
diningtable 0.0014 460 167 493 238
diningtable 0.0013 272 195 334 241
diningtable 0.0011 363 118 464 236
diningtable 0.0011 85 225 145 309
