person 0.8010 391 217 411 304
person 0.7902 415 216 440 299
person 0.4215 364 215 377 235
person 0.3790 131 129 143 144
person 0.3546 281 203 314 230
person 0.3260 275 138 292 158
person 0.1626 404 228 421 290
person 0.1162 406 245 421 270
person 0.1097 407 218 432 294
person 0.0846 438 232 449 265
person 0.0708 88 53 393 318
person 0.0641 264 191 303 228
person 0.0576 253 192 268 221
person 0.0556 253 191 280 223
person 0.0524 343 195 365 232
person 0.0428 384 222 403 299
person 0.0387 428 226 447 280
person 0.0350 74 220 81 245
person 0.0273 6 205 14 220
person 0.0272 108 222 122 236
person 0.0241 9 206 22 219
person 0.0206 278 189 301 221
person 0.0163 276 196 298 231
person 0.0161 278 189 290 219
person 0.0157 290 204 313 223
person 0.0156 347 208 370 235
person 0.0155 391 212 430 301
person 0.0153 0 202 7 223
person 0.0128 113 141 124 151
person 0.0121 407 259 420 281
person 0.0118 391 217 403 239
person 0.0114 419 224 440 268
person 0.0113 412 247 430 268
person 0.0101 339 191 359 220
person 0.0100 346 193 360 215
person 0.0099 325 190 369 228
person 0.0097 132 126 143 139
person 0.0093 134 131 149 145
person 0.0092 296 204 320 227
person 0.0090 3 204 17 222
person 0.0089 393 221 412 263
person 0.0088 341 205 359 234
person 0.0088 247 186 295 233
person 0.0083 250 197 269 235
person 0.0083 116 224 125 236
person 0.0070 15 207 26 218
person 0.0069 267 172 320 241
person 0.0068 144 224 153 238
person 0.0067 365 213 375 227
person 0.0066 137 215 154 235
person 0.0062 69 146 77 155
person 0.0059 108 142 117 153
person 0.0059 355 213 384 236
person 0.0056 399 218 418 276
person 0.0055 322 196 349 230
person 0.0055 108 224 116 236
person 0.0054 74 211 81 237
person 0.0053 275 91 291 110
person 0.0053 413 224 435 254
person 0.0052 93 140 104 154
person 0.0052 129 134 142 148
person 0.0052 378 219 388 234
person 0.0051 392 219 407 247
person 0.0051 20 208 28 218
person 0.0049 111 143 121 151
person 0.0049 130 123 145 151
person 0.0048 0 211 12 231
person 0.0048 243 98 262 117
person 0.0048 73 186 81 244
person 0.0047 119 220 130 236
person 0.0047 270 191 287 224
person 0.0043 369 217 385 236
person 0.0043 273 198 321 237
person 0.0040 113 215 125 234
person 0.0039 353 203 378 232
person 0.0038 117 217 135 235
person 0.0037 134 222 149 237
person 0.0037 131 225 140 237
person 0.0036 110 138 122 151
person 0.0035 321 204 338 230
person 0.0035 400 226 417 253
person 0.0035 109 134 128 151
person 0.0034 401 241 420 265
person 0.0032 415 216 431 243
person 0.0031 92 138 111 154
person 0.0030 418 225 429 243
person 0.0030 406 265 419 276
person 0.0030 289 210 316 234
person 0.0029 388 218 398 236
person 0.0028 347 192 358 206
person 0.0027 134 207 151 230
person 0.0027 409 225 423 269
person 0.0026 392 250 407 300
person 0.0026 269 132 304 163
person 0.0026 304 207 326 230
person 0.0025 121 130 139 148
person 0.0025 38 201 45 217
person 0.0024 415 163 423 176
person 0.0024 416 228 430 250
person 0.0023 105 144 115 153
bicycle 0.0017 416 214 441 297
car 0.2731 48 194 67 208
car 0.2522 74 218 81 246
car 0.0200 47 188 76 208
car 0.0076 0 220 11 231
car 0.0066 438 232 449 265
car 0.0052 416 216 441 299
car 0.0050 49 184 68 204
car 0.0044 69 217 82 247
car 0.0026 62 192 80 216
car 0.0023 73 229 80 246
car 0.0019 422 228 441 261
car 0.0019 74 214 80 235
car 0.0017 407 243 421 268
car 0.0017 408 221 432 291
car 0.0017 4 205 24 219
car 0.0017 0 211 12 231
car 0.0014 6 205 14 220
car 0.0013 12 207 26 219
car 0.0012 11 197 80 218
car 0.0012 0 202 7 223
car 0.0011 390 217 416 300
car 0.0011 428 226 447 278
car 0.0011 20 208 28 218
motorbike 0.0011 438 232 449 265
bus 0.9430 85 55 390 314
bus 0.0015 48 193 67 208
bus 0.0012 80 75 236 300
bird 0.1227 248 20 262 33
bird 0.0345 36 9 41 14
bird 0.0116 69 34 77 44
bird 0.0022 35 9 42 14
bottle 0.0012 403 185 408 199
chair 0.0059 131 130 143 145
pottedplant 0.0021 0 220 11 231
pottedplant 0.0010 0 211 12 231
