person 0.1471 83 416 373 499
person 0.0407 288 -4 375 295
person 0.0042 108 339 374 502
person 0.0018 0 479 60 499
cat 0.9275 180 246 370 427
dog 0.0022 180 245 369 427
chair 0.1209 284 0 374 292
chair 0.0467 81 414 372 500
chair 0.0243 0 229 42 272
chair 0.0190 0 230 76 342
chair 0.0140 0 479 60 499
chair 0.0048 84 418 238 499
chair 0.0020 15 243 114 343
chair 0.0018 0 131 88 350
chair 0.0015 1 -6 277 373
chair 0.0014 45 197 199 365
chair 0.0010 0 226 83 291
chair 0.0010 43 268 124 342
sofa 0.2000 81 414 372 500
sofa 0.0759 284 0 374 292
sofa 0.0061 0 479 60 500
sofa 0.0025 108 339 374 502
pottedplant 0.4696 45 177 220 371
pottedplant 0.2130 2 5 225 364
pottedplant 0.0204 137 287 204 401
pottedplant 0.0135 39 149 283 437
pottedplant 0.0100 100 309 158 357
pottedplant 0.0078 102 304 197 377
pottedplant 0.0074 -2 234 386 490
pottedplant 0.0071 72 100 230 335
pottedplant 0.0055 111 194 225 410
pottedplant 0.0054 88 287 171 362
pottedplant 0.0047 47 256 181 365
pottedplant 0.0045 24 -7 350 431
pottedplant 0.0025 0 63 96 363
pottedplant 0.0023 140 240 247 426
pottedplant 0.0022 0 229 42 272
pottedplant 0.0014 127 261 213 466
pottedplant 0.0012 82 284 210 418
pottedplant 0.0011 284 0 375 294
diningtable 0.0167 0 480 60 500
diningtable 0.0116 81 414 372 500
diningtable 0.0079 -3 234 382 488
diningtable 0.0022 284 0 375 293
diningtable 0.0014 132 290 218 396
diningtable 0.0014 2 471 100 499
diningtable 0.0014 108 339 374 502
diningtable 0.0011 52 148 272 435
tvmonitor 0.0036 284 0 374 292
