person 0.0805 234 112 292 210
person 0.0078 148 112 180 163
person 0.0045 144 112 207 174
person 0.0024 68 37 148 200
person 0.0023 143 118 225 205
person 0.0018 490 353 500 461
person 0.0017 76 149 102 194
person 0.0015 82 40 145 117
person 0.0013 89 108 146 180
person 0.0010 241 120 287 175
person 0.0010 75 54 140 154
person 0.0010 493 355 500 427
bicycle 0.0016 60 38 149 190
train 0.0014 14 24 317 244
bird 0.0027 83 42 144 117
cat 0.0012 60 327 167 384
horse 0.0011 83 42 144 117
bottle 0.0315 487 422 500 469
bottle 0.0020 238 329 300 404
bottle 0.0019 489 361 500 472
bottle 0.0011 437 436 455 456
chair 0.0412 238 329 299 402
chair 0.0157 76 151 144 210
chair 0.0131 76 147 104 204
chair 0.0128 0 407 83 500
chair 0.0063 84 112 148 197
chair 0.0054 237 329 275 391
chair 0.0018 69 64 151 206
chair 0.0017 0 249 60 466
chair 0.0012 151 325 270 398
chair 0.0011 148 123 228 195
chair 0.0011 141 322 190 385
sofa 0.0026 0 406 83 500
pottedplant 0.0081 84 37 146 112
pottedplant 0.0016 141 319 189 383
pottedplant 0.0012 60 38 149 190
pottedplant 0.0011 241 328 301 420
diningtable 0.0103 148 419 496 499
diningtable 0.0027 234 391 275 437
diningtable 0.0017 54 378 475 493
diningtable 0.0015 173 455 487 500
diningtable 0.0014 0 406 83 499
diningtable 0.0011 107 410 227 498
diningtable 0.0011 212 445 299 494
diningtable 0.0010 238 328 300 412
tvmonitor 0.8654 291 263 483 430
tvmonitor 0.8574 0 249 60 466
tvmonitor 0.0092 487 424 500 468
tvmonitor 0.0090 493 355 500 427
tvmonitor 0.0057 0 251 21 475
tvmonitor 0.0025 490 353 500 461
tvmonitor 0.0016 288 424 445 468
tvmonitor 0.0014 152 432 495 500
tvmonitor 0.0012 5 248 62 367
