person 0.7177 0 78 261 368
person 0.7087 231 65 503 368
person 0.0813 23 72 461 373
person 0.0135 0 133 13 211
person 0.0049 369 190 496 371
person 0.0049 0 201 5 224
person 0.0039 0 123 11 179
person 0.0036 0 137 10 168
person 0.0025 0 198 8 229
person 0.0025 1 184 11 223
person 0.0024 -1 -4 102 389
person 0.0022 4 182 12 215
person 0.0021 122 90 367 359
person 0.0020 205 61 423 293
person 0.0016 497 220 500 241
person 0.0014 0 155 114 366
person 0.0014 493 195 500 238
person 0.0012 0 131 24 211
person 0.0011 0 58 18 254
person 0.0010 455 120 463 135
person 0.0010 496 204 500 237
bus 0.0074 1 17 158 226
bus 0.0036 0 5 115 381
bus 0.0015 -6 37 232 319
train 0.0819 1 16 140 223
train 0.0104 -1 36 230 253
train 0.0044 1 29 71 229
train 0.0040 -1 -4 102 389
train 0.0019 0 11 160 125
train 0.0012 10 78 148 185
train 0.0011 0 136 14 217
bottle 0.0019 0 201 5 221
bottle 0.0012 423 176 432 194
chair 0.0021 0 200 5 221
chair 0.0021 369 192 499 370
chair 0.0020 4 183 12 217
chair 0.0016 0 184 8 219
chair 0.0016 33 86 486 374
chair 0.0011 344 212 390 369
chair 0.0010 0 198 8 229
sofa 0.0094 25 84 453 376
sofa 0.0021 -9 223 440 367
diningtable 0.0015 90 57 482 374
