person 0.0283 417 91 422 100
person 0.0103 303 109 334 144
person 0.0095 291 111 325 143
person 0.0090 243 101 288 139
person 0.0074 249 106 318 143
person 0.0066 458 68 463 76
person 0.0057 496 58 500 69
person 0.0050 416 88 421 98
person 0.0039 458 67 462 74
person 0.0038 10 83 27 100
person 0.0037 422 93 440 100
person 0.0022 265 97 287 126
person 0.0021 420 89 437 99
person 0.0018 417 94 424 100
person 0.0018 439 74 443 84
person 0.0016 225 104 271 139
person 0.0016 439 72 442 79
person 0.0014 446 93 455 99
person 0.0014 311 117 331 145
person 0.0014 441 71 446 79
person 0.0013 299 122 332 148
person 0.0012 268 103 298 137
person 0.0011 495 87 499 99
bicycle 0.0042 10 83 28 102
car 0.8443 51 75 428 294
car 0.3031 424 93 445 100
car 0.0450 416 90 424 100
car 0.0290 439 94 453 99
car 0.0211 420 88 438 99
car 0.0189 446 93 455 99
car 0.0152 10 83 27 100
car 0.0127 422 95 435 100
car 0.0097 466 90 476 96
car 0.0083 417 94 424 100
car 0.0069 494 90 499 99
car 0.0062 426 88 449 100
car 0.0046 451 94 459 99
car 0.0036 442 91 452 98
car 0.0033 468 86 477 96
car 0.0032 488 92 498 99
car 0.0032 394 94 403 100
car 0.0024 460 94 476 98
car 0.0024 493 96 499 102
car 0.0024 496 58 500 69
car 0.0021 448 95 455 100
car 0.0020 7 81 37 105
car 0.0016 423 81 444 100
car 0.0015 488 98 498 103
car 0.0014 494 77 500 97
car 0.0014 414 95 420 100
car 0.0012 417 88 432 101
car 0.0011 394 92 401 98
car 0.0011 243 70 267 82
car 0.0011 403 95 417 100
car 0.0010 2 74 24 101
car 0.0010 465 79 478 97
car 0.0010 486 86 497 99
motorbike 0.0030 11 83 27 100
motorbike 0.0024 417 91 422 100
bus 0.0037 423 91 443 100
bus 0.0015 52 78 426 296
chair 0.0148 10 83 33 103
chair 0.0128 41 93 52 102
chair 0.0041 7 83 56 105
chair 0.0038 39 92 56 103
