person 0.0367 0 123 24 316
person 0.0064 0 341 34 373
person 0.0061 0 115 14 278
person 0.0059 481 239 499 311
person 0.0043 0 245 25 299
person 0.0027 349 177 475 275
person 0.0027 0 112 58 294
person 0.0020 0 253 33 370
person 0.0020 197 275 282 342
person 0.0020 14 187 478 365
person 0.0015 0 141 8 171
person 0.0015 27 214 152 372
person 0.0013 468 225 499 310
person 0.0011 313 249 363 365
person 0.0011 0 296 22 371
person 0.0011 244 187 270 242
person 0.0010 0 292 8 361
person 0.0010 486 272 499 327
person 0.0010 275 283 311 351
person 0.0010 75 111 178 216
motorbike 0.0016 116 206 151 275
motorbike 0.0010 312 259 359 362
bird 0.0016 165 189 187 243
bottle 0.7449 0 78 49 104
bottle 0.1074 0 138 5 173
bottle 0.0838 1 83 30 103
bottle 0.0535 17 30 41 49
bottle 0.0488 0 33 19 52
bottle 0.0462 190 214 206 246
bottle 0.0394 216 215 230 246
bottle 0.0370 5 137 44 168
bottle 0.0312 0 138 13 174
bottle 0.0295 351 220 379 251
bottle 0.0245 55 46 78 95
bottle 0.0221 1 140 9 167
bottle 0.0205 196 185 220 244
bottle 0.0166 20 78 49 99
bottle 0.0126 0 139 4 156
bottle 0.0121 17 143 40 168
bottle 0.0118 0 89 15 105
bottle 0.0095 198 176 223 218
bottle 0.0082 205 204 227 247
bottle 0.0080 3 143 18 162
bottle 0.0063 199 210 219 245
bottle 0.0062 312 252 362 364
bottle 0.0047 244 187 270 242
bottle 0.0046 374 242 405 284
bottle 0.0044 0 97 10 107
bottle 0.0040 148 243 178 302
bottle 0.0038 2 30 32 50
bottle 0.0034 314 245 371 321
bottle 0.0030 0 72 51 123
bottle 0.0028 370 283 407 342
bottle 0.0027 118 208 150 268
bottle 0.0026 32 1 77 46
bottle 0.0024 269 200 296 255
bottle 0.0023 163 188 188 245
bottle 0.0022 482 239 500 312
bottle 0.0019 276 287 310 351
bottle 0.0016 246 187 269 216
bottle 0.0016 302 238 431 322
bottle 0.0015 344 175 477 272
bottle 0.0012 26 32 46 48
bottle 0.0011 346 216 377 274
bottle 0.0011 0 96 19 112
bottle 0.0011 0 98 8 110
bottle 0.0011 256 223 464 341
bottle 0.0010 341 220 371 248
bottle 0.0010 2 136 25 162
bottle 0.0010 0 41 18 53
chair 0.9372 74 110 179 214
chair 0.9178 239 144 350 219
chair 0.9039 347 176 477 273
chair 0.3515 0 246 25 308
chair 0.2180 481 239 499 311
chair 0.1837 0 344 35 373
chair 0.1278 0 253 33 370
chair 0.0707 464 235 500 308
chair 0.0343 0 104 27 380
chair 0.0245 197 175 222 214
chair 0.0152 0 287 8 330
chair 0.0145 0 311 34 376
chair 0.0115 488 253 500 314
chair 0.0092 0 144 22 312
chair 0.0076 36 263 116 285
chair 0.0070 0 289 19 364
chair 0.0069 0 265 16 337
chair 0.0062 374 243 405 283
chair 0.0055 0 204 35 320
chair 0.0051 96 202 146 227
chair 0.0051 0 292 8 361
chair 0.0050 471 131 500 306
chair 0.0045 490 280 500 312
chair 0.0041 21 256 118 309
chair 0.0039 425 304 499 341
chair 0.0037 0 126 44 317
chair 0.0037 0 268 23 294
chair 0.0035 483 259 499 340
chair 0.0034 398 225 433 264
chair 0.0033 389 237 415 264
chair 0.0032 491 270 500 298
chair 0.0029 -2 94 91 363
chair 0.0028 487 235 500 287
chair 0.0025 379 233 428 266
chair 0.0024 452 200 501 313
chair 0.0023 363 210 470 283
chair 0.0023 52 111 319 203
chair 0.0023 484 257 499 285
chair 0.0023 25 268 155 373
chair 0.0023 74 151 165 263
chair 0.0021 121 139 419 227
chair 0.0020 244 187 270 245
chair 0.0020 60 226 123 251
chair 0.0020 47 264 127 297
chair 0.0020 480 208 500 290
chair 0.0020 8 244 120 360
chair 0.0019 -1 288 33 344
chair 0.0018 313 175 455 244
chair 0.0018 172 128 259 196
chair 0.0017 9 181 110 328
chair 0.0017 0 302 6 334
chair 0.0015 0 364 8 374
chair 0.0015 101 184 163 244
chair 0.0014 291 207 316 222
chair 0.0014 434 243 499 342
chair 0.0013 188 145 229 200
chair 0.0013 193 88 239 132
chair 0.0013 57 92 184 289
chair 0.0012 227 164 314 218
chair 0.0012 491 212 499 284
chair 0.0012 491 295 499 323
chair 0.0012 247 185 271 213
chair 0.0011 6 289 42 367
chair 0.0011 25 111 468 241
chair 0.0010 224 164 352 246
chair 0.0010 486 284 500 330
chair 0.0010 243 177 333 234
chair 0.0010 493 299 499 318
chair 0.0010 197 174 224 195
sofa 0.0039 0 344 35 374
sofa 0.0037 240 145 348 221
sofa 0.0024 74 110 179 214
sofa 0.0022 349 177 475 275
pottedplant 0.0072 471 131 500 306
pottedplant 0.0047 56 47 77 95
pottedplant 0.0029 478 195 499 306
pottedplant 0.0028 32 1 77 46
pottedplant 0.0024 487 143 500 302
pottedplant 0.0012 465 224 500 311
pottedplant 0.0011 162 186 187 237
diningtable 0.7074 32 182 510 369
diningtable 0.2171 187 265 314 343
diningtable 0.0460 275 283 311 351
diningtable 0.0435 92 168 425 296
diningtable 0.0241 255 199 303 254
diningtable 0.0200 312 252 362 364
diningtable 0.0187 202 191 304 250
diningtable 0.0187 196 228 489 365
diningtable 0.0179 0 344 34 373
diningtable 0.0123 124 269 405 354
diningtable 0.0105 242 200 322 265
diningtable 0.0099 369 281 409 350
diningtable 0.0097 150 244 176 302
diningtable 0.0084 242 145 346 219
diningtable 0.0055 314 245 371 321
diningtable 0.0054 25 111 468 241
diningtable 0.0039 333 245 478 348
diningtable 0.0039 374 242 405 284
diningtable 0.0031 121 139 419 227
diningtable 0.0030 241 188 274 247
diningtable 0.0026 349 177 475 275
diningtable 0.0024 182 203 439 291
diningtable 0.0023 179 207 242 283
diningtable 0.0023 244 208 290 269
diningtable 0.0021 33 268 495 400
diningtable 0.0019 75 111 178 215
diningtable 0.0018 116 207 151 277
diningtable 0.0018 0 247 23 299
diningtable 0.0018 47 166 320 333
diningtable 0.0017 146 216 332 339
diningtable 0.0016 0 116 27 340
diningtable 0.0014 270 274 369 357
diningtable 0.0014 0 253 33 370
diningtable 0.0012 274 213 353 266
diningtable 0.0011 0 111 299 217
diningtable 0.0010 88 226 264 352
diningtable 0.0010 302 238 431 322
diningtable 0.0010 304 299 421 374
tvmonitor 0.0012 0 344 35 373
