person 0.3690 18 16 494 373
person 0.0445 483 303 499 347
person 0.0057 31 223 497 371
person 0.0041 0 326 87 373
person 0.0028 28 10 268 357
person 0.0023 245 4 502 364
person 0.0020 345 174 499 360
person 0.0015 -1 195 134 365
person 0.0011 52 345 90 375
car 0.0017 -1 20 488 367
cat 0.7787 26 77 250 357
cat 0.0108 -1 20 488 367
cat 0.0020 188 159 258 273
cat 0.0010 186 82 258 312
dog 0.2548 26 77 250 357
dog 0.0108 -1 20 488 367
dog 0.0015 188 159 258 273
horse 0.0013 18 16 494 373
chair 0.0458 483 304 500 347
chair 0.0418 379 183 500 318
chair 0.0104 0 101 34 166
chair 0.0069 0 326 87 373
chair 0.0048 -1 20 488 367
chair 0.0046 -1 192 108 366
chair 0.0042 0 95 124 166
chair 0.0018 28 10 268 357
chair 0.0013 0 185 236 369
chair 0.0011 1 -1 238 143
chair 0.0010 6 231 489 371
sofa 0.0300 18 16 494 373
sofa 0.0295 379 181 499 316
sofa 0.0203 0 326 87 373
sofa 0.0150 483 303 499 347
sofa 0.0137 0 190 90 369
sofa 0.0056 6 231 489 371
sofa 0.0038 26 75 257 360
sofa 0.0021 4 0 236 104
sofa 0.0018 0 190 236 368
pottedplant 0.0133 4 1 237 103
pottedplant 0.0022 0 100 34 166
diningtable 0.0043 483 303 499 347
diningtable 0.0033 -1 20 488 367
diningtable 0.0012 28 10 268 357
diningtable 0.0011 380 184 500 311
tvmonitor 0.0015 9 5 378 357
