person 0.0954 56 1 501 368
person 0.0039 325 235 499 371
person 0.0037 83 0 232 154
person 0.0035 40 -6 254 365
person 0.0026 101 94 223 160
person 0.0019 82 8 337 299
person 0.0012 249 67 501 374
car 0.0015 61 0 503 371
cat 0.3394 173 6 498 374
cat 0.2094 326 232 499 371
cat 0.0061 30 2 406 362
cat 0.0059 225 169 502 374
cat 0.0034 77 1 500 212
cat 0.0018 400 212 493 278
cat 0.0013 357 176 503 331
cat 0.0012 107 37 305 236
dog 0.2790 173 6 498 374
dog 0.0544 325 235 499 371
dog 0.0128 33 2 397 374
dog 0.0119 77 1 500 212
dog 0.0087 225 169 502 374
dog 0.0014 101 94 223 160
dog 0.0012 94 26 320 211
dog 0.0010 99 72 256 180
horse 0.0037 60 1 496 372
cow 0.0056 59 0 498 371
bottle 0.0014 105 93 224 157
chair 0.0074 59 0 498 371
chair 0.0012 331 240 499 369
sofa 0.0382 60 1 496 372
sofa 0.0048 326 232 499 371
sofa 0.0015 8 202 510 374
diningtable 0.0029 60 -1 504 371
