person 0.1600 274 1 410 149
person 0.0766 161 38 309 240
person 0.0604 261 12 348 143
person 0.0556 303 65 374 157
person 0.0141 353 1 424 146
person 0.0120 288 92 329 134
person 0.0119 204 1 339 145
person 0.0064 225 0 298 51
person 0.0058 0 8 15 144
person 0.0056 0 2 33 147
person 0.0043 268 30 338 110
person 0.0042 0 131 36 217
person 0.0039 -7 -2 313 299
person 0.0035 197 17 366 237
person 0.0032 470 39 499 116
person 0.0032 397 7 451 165
person 0.0030 380 24 412 149
person 0.0030 391 24 422 163
person 0.0027 172 100 194 157
person 0.0025 354 2 408 95
person 0.0025 299 107 322 127
person 0.0023 201 114 289 274
person 0.0020 253 21 322 93
person 0.0019 0 9 40 240
person 0.0019 200 1 257 54
person 0.0018 290 103 326 149
person 0.0018 218 1 324 79
person 0.0017 281 92 329 166
person 0.0017 307 94 357 157
person 0.0016 101 42 345 352
person 0.0014 267 37 317 78
person 0.0013 461 123 500 244
person 0.0013 33 4 183 286
person 0.0011 149 219 214 338
person 0.0011 253 150 384 343
person 0.0010 107 11 261 251
person 0.0010 0 223 46 281
bird 0.0018 0 227 44 288
dog 0.0020 156 34 338 250
bottle 0.7976 252 151 384 341
bottle 0.6629 403 7 452 167
bottle 0.3467 30 0 182 294
bottle 0.1501 391 21 431 166
bottle 0.0863 477 42 500 116
bottle 0.0491 459 117 500 201
bottle 0.0279 178 232 266 374
bottle 0.0216 287 150 342 209
bottle 0.0190 0 2 33 147
bottle 0.0180 488 42 500 112
bottle 0.0120 0 5 14 139
bottle 0.0119 457 36 499 116
bottle 0.0118 418 43 451 185
bottle 0.0104 223 158 288 246
bottle 0.0101 357 2 422 146
bottle 0.0088 254 113 317 212
bottle 0.0088 145 151 454 343
bottle 0.0066 222 95 348 235
bottle 0.0066 425 85 454 158
bottle 0.0065 0 223 46 281
bottle 0.0061 380 24 412 148
bottle 0.0056 417 16 473 166
bottle 0.0052 150 223 209 341
bottle 0.0052 491 37 499 84
bottle 0.0048 260 130 301 204
bottle 0.0043 484 37 499 90
bottle 0.0037 251 143 374 221
bottle 0.0034 424 82 462 205
bottle 0.0034 0 165 44 279
bottle 0.0032 201 114 289 274
bottle 0.0030 407 7 447 105
bottle 0.0029 0 134 35 222
bottle 0.0028 312 92 357 165
bottle 0.0026 289 103 339 159
bottle 0.0025 53 188 504 383
bottle 0.0024 0 75 8 137
bottle 0.0024 444 86 463 157
bottle 0.0023 457 109 499 146
bottle 0.0022 170 70 311 317
bottle 0.0020 431 5 498 112
bottle 0.0020 492 41 499 63
bottle 0.0019 101 60 412 325
bottle 0.0018 269 116 337 186
bottle 0.0018 493 109 499 117
bottle 0.0017 268 131 301 175
bottle 0.0017 389 27 420 110
bottle 0.0016 236 137 320 241
bottle 0.0013 411 9 435 46
bottle 0.0012 494 42 499 53
bottle 0.0012 202 1 244 52
bottle 0.0012 376 9 461 214
bottle 0.0012 277 112 291 143
bottle 0.0012 422 149 460 190
bottle 0.0011 0 9 40 240
bottle 0.0011 481 84 499 118
bottle 0.0010 299 107 322 127
bottle 0.0010 -14 -3 318 299
bottle 0.0010 462 127 499 263
chair 0.0042 470 39 499 116
chair 0.0033 148 220 218 342
chair 0.0018 176 232 265 372
chair 0.0017 422 15 494 123
chair 0.0014 161 46 292 284
chair 0.0014 0 5 14 139
chair 0.0011 488 42 500 112
chair 0.0011 460 117 500 204
chair 0.0010 0 2 33 147
sofa 0.0014 31 216 503 373
sofa 0.0014 176 232 265 372
pottedplant 0.0026 -4 52 376 350
pottedplant 0.0021 148 220 218 342
pottedplant 0.0015 30 0 181 292
pottedplant 0.0010 176 232 265 372
diningtable 0.2012 31 216 503 373
diningtable 0.1584 9 269 378 371
diningtable 0.1439 2 268 180 370
diningtable 0.0969 133 239 312 373
diningtable 0.0933 177 233 266 373
diningtable 0.0717 149 217 213 340
diningtable 0.0349 257 265 500 371
diningtable 0.0279 49 308 509 371
diningtable 0.0272 253 150 384 343
diningtable 0.0131 0 211 272 358
diningtable 0.0102 -10 92 387 358
diningtable 0.0090 137 151 447 344
diningtable 0.0049 370 247 500 370
diningtable 0.0038 224 168 286 245
diningtable 0.0031 0 143 233 294
diningtable 0.0030 158 60 396 272
diningtable 0.0029 0 131 36 214
diningtable 0.0027 389 236 503 321
diningtable 0.0022 460 117 500 204
diningtable 0.0019 -7 -2 313 299
diningtable 0.0017 251 143 374 221
diningtable 0.0016 37 86 181 290
diningtable 0.0015 260 167 504 355
diningtable 0.0012 0 157 26 246
diningtable 0.0012 222 95 348 235
diningtable 0.0011 448 271 500 320
diningtable 0.0010 203 161 285 279
