person 0.8798 215 17 277 202
person 0.0101 216 23 242 208
person 0.0036 0 315 5 328
person 0.0032 220 118 239 160
person 0.0026 245 17 278 178
person 0.0016 166 209 336 291
person 0.0012 218 116 258 197
bird 0.0022 0 315 4 328
cat 0.0013 166 212 339 318
dog 0.0088 166 212 339 318
dog 0.0012 0 315 4 328
horse 0.0014 166 211 339 314
cow 0.0012 166 211 339 314
bottle 0.0054 220 128 236 167
bottle 0.0011 241 36 247 47
chair 0.1702 169 210 345 317
chair 0.0069 174 269 339 317
chair 0.0022 388 206 498 278
sofa 0.7717 169 209 345 318
sofa 0.0035 174 269 339 317
sofa 0.0016 382 204 498 281
pottedplant 0.0052 11 162 163 293
pottedplant 0.0039 460 205 500 271
pottedplant 0.0017 166 212 339 318
pottedplant 0.0016 484 207 500 263
pottedplant 0.0013 400 204 499 283
pottedplant 0.0011 30 162 130 257
tvmonitor 0.5635 365 66 446 142
tvmonitor 0.0055 68 75 132 137
