person 0.8438 309 73 338 116
person 0.8312 86 60 128 148
person 0.8067 138 98 180 149
person 0.7183 232 83 273 113
person 0.5981 68 71 97 151
person 0.4933 244 123 274 150
person 0.2445 299 122 336 148
person 0.1421 231 81 274 143
person 0.0728 484 99 492 109
person 0.0666 57 101 459 238
person 0.0395 73 72 97 103
person 0.0359 129 107 150 145
person 0.0346 312 126 343 148
person 0.0337 186 86 294 154
person 0.0323 251 124 325 150
person 0.0308 298 124 314 148
person 0.0284 82 73 98 94
person 0.0275 233 85 256 111
person 0.0197 274 123 310 148
person 0.0165 300 131 322 148
person 0.0164 221 86 252 113
person 0.0163 67 59 123 204
person 0.0126 467 96 474 108
person 0.0114 460 98 470 108
person 0.0110 274 124 295 141
person 0.0103 212 90 255 125
person 0.0098 305 82 339 152
person 0.0097 198 87 269 128
person 0.0091 231 119 268 151
person 0.0086 299 124 321 137
person 0.0079 73 63 116 139
person 0.0076 480 97 493 110
person 0.0074 372 72 384 81
person 0.0071 215 92 231 115
person 0.0068 470 96 485 109
person 0.0066 455 94 467 108
person 0.0059 178 107 263 149
person 0.0055 226 90 244 111
person 0.0054 117 95 327 150
person 0.0054 366 73 381 81
person 0.0048 231 96 253 112
person 0.0045 219 101 238 139
person 0.0044 234 97 247 111
person 0.0038 309 88 338 127
person 0.0038 62 85 98 210
person 0.0037 128 114 439 194
person 0.0034 457 96 478 109
person 0.0033 43 63 390 191
person 0.0030 375 69 383 79
person 0.0030 265 125 298 148
person 0.0028 114 97 168 146
person 0.0026 407 66 415 73
person 0.0025 224 90 260 147
person 0.0025 281 125 295 135
person 0.0025 212 124 260 151
person 0.0025 349 68 357 77
person 0.0024 206 115 247 148
person 0.0023 221 111 235 128
person 0.0023 452 93 462 108
person 0.0022 404 89 422 101
person 0.0021 363 74 372 82
person 0.0019 375 73 391 82
person 0.0019 189 49 300 138
person 0.0018 249 88 273 111
person 0.0016 384 73 394 82
person 0.0016 57 57 151 152
person 0.0016 134 101 214 151
person 0.0016 100 99 134 149
person 0.0015 63 122 96 177
person 0.0015 116 88 451 166
person 0.0015 351 69 361 80
person 0.0015 237 83 254 103
person 0.0014 308 88 332 112
person 0.0014 440 66 446 74
person 0.0014 296 66 306 73
person 0.0013 302 121 327 139
person 0.0013 237 122 379 206
person 0.0013 198 92 249 146
person 0.0013 341 68 351 76
person 0.0012 323 76 338 111
person 0.0012 31 75 105 221
person 0.0012 253 120 284 148
person 0.0012 192 80 365 145
person 0.0010 215 117 237 146
person 0.0010 493 98 500 108
bicycle 0.0021 62 142 82 166
bicycle 0.0014 54 139 110 214
bicycle 0.0011 62 139 97 167
bicycle 0.0010 283 73 312 82
car 0.5945 28 104 449 240
car 0.1571 244 123 274 151
car 0.0219 276 64 285 73
car 0.0133 299 122 336 148
car 0.0083 214 93 232 114
car 0.0076 276 65 288 77
car 0.0058 232 83 273 113
car 0.0057 178 107 263 149
car 0.0052 186 86 294 154
car 0.0052 275 65 304 81
car 0.0046 483 99 492 109
car 0.0044 109 75 350 176
car 0.0043 117 95 327 150
car 0.0040 0 153 67 310
car 0.0031 141 97 185 149
car 0.0031 277 66 301 75
car 0.0027 251 124 325 150
car 0.0026 86 59 128 147
car 0.0025 349 68 357 77
car 0.0024 268 64 286 80
car 0.0023 128 114 439 194
car 0.0022 204 88 256 128
car 0.0020 220 86 252 113
car 0.0020 283 69 311 82
car 0.0018 364 74 379 82
car 0.0018 175 114 231 151
car 0.0017 278 66 329 83
car 0.0016 480 97 496 109
car 0.0016 117 60 144 85
car 0.0015 292 66 302 73
car 0.0014 293 64 339 78
car 0.0013 116 63 134 83
car 0.0013 290 70 303 81
car 0.0012 205 118 266 149
car 0.0012 285 74 321 83
car 0.0011 288 65 306 75
car 0.0011 0 132 71 162
car 0.0010 255 62 290 83
motorbike 0.0024 30 102 454 239
motorbike 0.0010 239 122 273 150
aeroplane 0.0019 30 102 454 239
bus 0.0042 28 104 449 240
bus 0.0014 0 152 71 319
bus 0.0010 87 61 128 149
bus 0.0010 67 70 97 151
train 0.0026 0 153 72 319
boat 0.0057 57 101 447 244
bottle 0.0023 138 98 181 149
chair 0.1421 129 108 149 145
chair 0.0301 138 98 181 149
chair 0.0095 121 107 142 145
chair 0.0095 0 157 63 297
chair 0.0063 131 105 157 138
chair 0.0063 386 165 446 303
chair 0.0045 131 110 148 125
chair 0.0044 136 112 153 145
chair 0.0039 134 108 151 133
chair 0.0038 460 98 470 108
chair 0.0038 455 94 467 108
chair 0.0027 452 93 462 108
chair 0.0027 467 96 474 108
chair 0.0022 104 119 128 145
chair 0.0019 87 61 127 149
chair 0.0014 457 96 478 109
chair 0.0014 392 147 469 263
chair 0.0013 484 99 492 109
chair 0.0012 214 93 232 114
chair 0.0011 100 108 134 151
chair 0.0011 118 105 134 138
chair 0.0010 392 164 447 221
sofa 0.0025 57 101 447 244
sofa 0.0018 0 157 63 297
