person 0.0382 437 192 447 202
person 0.0326 431 190 444 202
person 0.0221 429 188 433 199
person 0.0153 471 182 487 225
person 0.0140 428 188 437 199
person 0.0114 0 198 6 232
person 0.0103 427 187 432 196
person 0.0093 432 193 438 202
person 0.0063 320 196 325 206
person 0.0042 468 195 496 241
person 0.0032 474 182 486 203
person 0.0030 144 185 154 197
person 0.0024 471 198 486 231
person 0.0019 1 194 10 227
person 0.0018 163 185 172 196
person 0.0016 195 182 205 197
person 0.0014 482 191 497 229
person 0.0014 47 189 52 199
person 0.0011 103 185 115 198
person 0.0011 479 176 496 213
person 0.0010 318 196 322 206
person 0.0010 0 160 11 232
car 0.0033 431 189 448 202
car 0.0027 437 193 446 202
aeroplane 0.0013 493 81 499 86
aeroplane 0.0010 9 148 420 239
bus 0.0050 431 189 448 202
bus 0.0020 0 154 218 243
bus 0.0018 428 188 439 199
bus 0.0010 437 192 447 203
train 0.7927 2 150 419 234
train 0.1900 1 155 219 243
train 0.0556 212 166 417 222
train 0.0302 430 189 448 202
train 0.0164 19 124 440 207
train 0.0049 437 192 447 203
train 0.0043 177 149 289 192
train 0.0013 293 180 412 209
train 0.0011 427 188 440 199
boat 0.0013 430 189 448 202
bird 0.0014 493 81 499 86
bird 0.0011 0 31 3 38
chair 0.0050 479 230 500 259
chair 0.0027 460 230 499 257
chair 0.0010 460 230 483 252
pottedplant 0.0024 437 193 446 202
