person 0.0113 0 5 125 309
person 0.0112 6 0 330 339
person 0.0041 1 0 100 175
person 0.0010 -2 158 156 319
car 0.0015 2 0 333 324
motorbike 0.0011 0 0 330 342
bird 0.0034 72 0 330 329
bird 0.0013 -2 143 332 330
cat 0.0406 14 -1 329 325
cat 0.0203 0 3 101 161
cat 0.0121 1 3 118 300
dog 0.6781 14 -1 329 325
dog 0.0350 1 3 118 300
dog 0.0137 1 0 100 174
dog 0.0024 -5 158 188 322
dog 0.0010 92 82 330 380
horse 0.0144 71 0 331 330
horse 0.0018 0 3 136 312
sheep 0.0028 72 0 330 329
cow 0.0109 72 0 330 329
cow 0.0023 0 12 161 324
cow 0.0012 -2 158 156 319
bottle 0.0013 316 266 333 327
chair 0.0063 2 0 333 324
chair 0.0028 0 3 135 313
sofa 0.0203 1 3 118 298
sofa 0.0151 2 0 333 324
sofa 0.0037 1 0 100 176
