person 0.0019 451 225 499 330
person 0.0012 1 37 496 336
car 0.0027 0 7 28 31
car 0.0023 -1 -11 489 343
car 0.0019 0 8 20 23
car 0.0014 0 9 7 27
bird 0.0034 0 275 88 327
bird 0.0010 8 216 33 232
cat 0.5167 88 68 480 328
cat 0.0604 4 73 318 304
cat 0.0114 125 76 283 300
cat 0.0036 206 172 478 331
cat 0.0036 451 225 499 330
cat 0.0015 453 226 498 267
cat 0.0013 0 27 140 271
cat 0.0012 10 222 487 330
cat 0.0012 17 0 495 182
dog 0.0021 93 67 477 329
dog 0.0016 451 225 499 330
chair 0.0160 18 31 492 338
chair 0.0021 17 0 495 182
chair 0.0013 450 225 499 329
sofa 0.2351 1 37 496 336
sofa 0.0116 17 0 495 182
sofa 0.0057 5 221 485 328
sofa 0.0038 451 225 499 329
diningtable 0.0011 1 37 496 336
