person 0.7086 87 203 98 231
person 0.1779 103 210 112 223
person 0.1550 461 203 469 220
person 0.1383 452 199 466 245
person 0.0609 99 206 112 224
person 0.0550 459 199 469 239
person 0.0474 308 206 316 214
person 0.0440 422 197 432 209
person 0.0440 449 199 480 244
person 0.0376 457 203 468 226
person 0.0352 415 146 426 164
person 0.0344 308 206 324 214
person 0.0323 108 212 114 223
person 0.0271 450 190 463 234
person 0.0252 103 202 113 221
person 0.0166 298 207 306 214
person 0.0157 226 208 243 216
person 0.0155 106 164 113 170
person 0.0154 339 177 510 246
person 0.0142 88 203 101 220
person 0.0128 110 213 115 222
person 0.0127 180 201 199 220
person 0.0119 312 206 333 215
person 0.0115 425 195 438 206
person 0.0112 198 235 230 325
person 0.0107 213 207 227 216
person 0.0104 88 202 96 213
person 0.0102 427 189 475 244
person 0.0098 221 208 236 216
person 0.0096 474 207 482 216
person 0.0083 208 245 225 309
person 0.0080 207 207 223 216
person 0.0076 448 205 463 245
person 0.0074 193 204 204 220
person 0.0074 185 201 195 213
person 0.0068 456 197 472 232
person 0.0062 460 146 468 153
person 0.0060 156 206 174 217
person 0.0057 103 164 111 170
person 0.0054 109 201 116 213
person 0.0046 448 188 459 217
person 0.0045 418 200 428 214
person 0.0042 104 200 114 212
person 0.0042 333 129 494 202
person 0.0041 454 135 463 142
person 0.0041 444 193 496 245
person 0.0040 321 206 335 214
person 0.0038 210 258 223 272
person 0.0035 285 206 305 215
person 0.0035 478 207 489 215
person 0.0034 468 206 488 219
person 0.0032 455 144 464 153
person 0.0032 101 201 109 212
person 0.0032 440 189 460 230
person 0.0031 79 205 89 213
person 0.0030 423 178 432 187
person 0.0030 100 210 109 228
person 0.0030 66 207 77 218
person 0.0030 72 202 93 221
person 0.0029 307 203 314 213
person 0.0028 449 135 459 142
person 0.0026 98 201 124 221
person 0.0026 410 140 431 168
person 0.0025 411 190 449 230
person 0.0025 428 135 440 144
person 0.0025 101 164 109 169
person 0.0024 385 138 455 176
person 0.0024 325 207 342 214
person 0.0024 198 205 221 219
person 0.0023 342 126 509 266
person 0.0023 84 204 94 228
person 0.0023 418 193 429 206
person 0.0022 449 145 458 153
person 0.0022 195 206 208 219
person 0.0021 156 202 205 220
person 0.0021 424 135 433 145
person 0.0020 457 137 463 142
person 0.0018 419 183 437 209
person 0.0016 483 207 495 215
person 0.0016 459 201 469 209
person 0.0015 89 202 101 211
person 0.0015 188 203 204 213
person 0.0015 209 261 224 295
person 0.0014 444 194 458 245
person 0.0013 400 189 409 203
person 0.0013 412 195 435 221
person 0.0013 67 206 84 217
person 0.0012 397 164 440 224
person 0.0012 444 144 465 155
person 0.0011 299 204 307 213
person 0.0010 334 207 346 214
person 0.0010 297 204 323 216
person 0.0010 421 137 430 150
person 0.0010 295 207 310 215
car 0.1115 347 182 492 247
car 0.0509 321 206 335 214
car 0.0465 314 206 329 214
car 0.0357 334 207 346 214
car 0.0355 156 206 174 217
car 0.0347 225 208 243 216
car 0.0333 344 203 361 211
car 0.0316 336 204 354 212
car 0.0316 325 207 342 214
car 0.0285 102 208 111 223
car 0.0268 309 206 319 214
car 0.0262 280 205 305 215
car 0.0228 202 207 220 218
car 0.0149 212 207 230 216
car 0.0136 231 209 246 216
car 0.0135 87 203 98 231
car 0.0134 299 207 306 215
car 0.0128 221 208 236 216
car 0.0099 311 205 338 215
car 0.0075 306 206 314 214
car 0.0066 177 202 204 220
car 0.0057 296 205 324 215
car 0.0055 108 212 114 223
car 0.0051 450 202 499 243
car 0.0051 295 207 310 215
car 0.0050 96 205 113 224
car 0.0041 98 205 108 221
car 0.0040 200 205 230 218
car 0.0034 193 203 209 219
car 0.0031 66 207 77 218
car 0.0029 142 207 166 217
car 0.0028 453 199 477 244
car 0.0027 331 203 360 214
car 0.0023 348 205 359 215
car 0.0019 461 206 471 219
car 0.0014 109 201 116 213
car 0.0014 218 205 245 217
car 0.0014 142 210 158 217
car 0.0013 350 203 363 211
car 0.0011 67 206 84 217
car 0.0011 145 204 208 220
motorbike 0.0018 103 210 112 223
aeroplane 0.7047 59 87 501 220
aeroplane 0.0472 347 180 500 246
aeroplane 0.0412 332 124 495 246
aeroplane 0.0263 311 205 338 215
aeroplane 0.0217 331 203 360 214
aeroplane 0.0160 145 206 175 217
aeroplane 0.0156 344 203 360 211
aeroplane 0.0148 324 206 342 214
aeroplane 0.0117 332 206 349 214
aeroplane 0.0073 253 90 496 209
aeroplane 0.0068 336 204 354 212
aeroplane 0.0060 11 81 522 367
aeroplane 0.0051 122 204 176 217
aeroplane 0.0038 412 145 428 165
aeroplane 0.0034 385 138 455 176
aeroplane 0.0033 336 115 489 192
aeroplane 0.0028 350 203 363 211
aeroplane 0.0027 444 193 496 245
aeroplane 0.0027 389 131 483 185
aeroplane 0.0023 133 209 168 218
aeroplane 0.0022 66 207 78 218
aeroplane 0.0020 322 204 334 213
aeroplane 0.0019 157 207 180 218
aeroplane 0.0017 405 129 497 222
aeroplane 0.0017 100 204 167 221
aeroplane 0.0017 78 201 115 224
aeroplane 0.0016 135 202 204 222
aeroplane 0.0015 172 83 411 205
aeroplane 0.0015 172 202 203 220
aeroplane 0.0014 67 206 86 217
aeroplane 0.0013 80 118 317 217
aeroplane 0.0013 314 206 329 214
aeroplane 0.0012 279 204 306 215
aeroplane 0.0010 111 154 371 236
bus 0.0060 342 184 503 245
bus 0.0017 336 204 354 212
bus 0.0014 154 206 175 217
bus 0.0014 317 206 335 214
bus 0.0012 332 206 349 214
train 0.0014 346 184 498 247
train 0.0011 329 124 497 245
boat 0.0011 336 204 354 212
pottedplant 0.6229 0 294 61 368
pottedplant 0.0044 -2 296 110 374
pottedplant 0.0020 16 312 172 372
