person 0.0011 14 24 417 329
car 0.0013 14 24 417 329
cat 0.5808 15 24 416 329
cat 0.0050 265 16 415 320
dog 0.0037 14 24 417 329
chair 0.0374 12 23 440 331
chair 0.0028 0 4 44 292
chair 0.0017 24 1 491 93
chair 0.0012 221 4 478 348
sofa 0.0433 12 23 440 331
sofa 0.0024 24 1 491 93
diningtable 0.0466 19 7 467 347
diningtable 0.0119 -4 273 454 370
diningtable 0.0036 445 320 499 371
diningtable 0.0032 410 -1 499 361
diningtable 0.0027 0 1 74 261
diningtable 0.0020 6 2 511 81
diningtable 0.0016 3 186 463 366
diningtable 0.0012 348 0 497 207
tvmonitor 0.0019 15 24 416 329
