person 0.2028 261 280 332 387
person 0.0266 131 286 334 429
person 0.0034 0 -11 328 432
person 0.0032 239 295 332 446
person 0.0031 120 82 332 453
person 0.0016 0 405 330 499
car 0.0280 0 405 330 499
boat 0.0019 4 405 329 499
cat 0.6458 125 288 329 420
cat 0.0158 5 300 327 480
cat 0.0067 257 279 331 431
cat 0.0041 1 -9 328 429
cat 0.0022 3 401 328 498
dog 0.0379 125 288 329 421
dog 0.0055 260 281 332 427
dog 0.0023 5 300 327 480
dog 0.0013 0 -11 328 432
dog 0.0010 0 405 330 499
horse 0.0014 125 288 329 420
chair 0.0094 1 406 331 499
chair 0.0011 1 -9 328 429
sofa 0.0192 1 400 331 498
sofa 0.0074 1 -9 328 429
sofa 0.0020 5 291 329 493
diningtable 0.0298 4 405 329 499
diningtable 0.0136 5 297 329 485
diningtable 0.0010 1 -9 328 429
