person 0.8482 403 72 439 128
person 0.7367 75 57 100 90
person 0.7190 109 53 129 78
person 0.6390 371 66 403 136
person 0.3690 377 65 404 104
person 0.2116 210 85 259 128
person 0.1352 263 64 273 77
person 0.0579 231 88 256 125
person 0.0562 382 81 408 131
person 0.0369 153 93 191 125
person 0.0288 315 107 331 127
person 0.0248 106 55 130 94
person 0.0238 393 73 405 102
person 0.0227 391 96 415 127
person 0.0199 378 65 397 90
person 0.0155 393 78 411 125
person 0.0123 370 97 399 137
person 0.0120 396 75 425 125
person 0.0117 172 85 252 128
person 0.0106 215 53 232 68
person 0.0097 163 92 210 123
person 0.0084 386 79 405 106
person 0.0084 86 63 103 90
person 0.0083 104 70 115 86
person 0.0070 375 70 389 105
person 0.0060 96 65 125 92
person 0.0051 92 62 110 89
person 0.0048 89 58 100 74
person 0.0047 387 98 405 126
person 0.0047 144 73 281 126
person 0.0045 399 100 418 125
person 0.0045 167 94 195 121
person 0.0044 104 74 111 85
person 0.0042 99 68 134 107
person 0.0041 116 89 137 125
person 0.0041 76 53 122 97
person 0.0039 376 81 397 107
person 0.0039 375 90 400 120
person 0.0038 149 88 176 125
person 0.0035 307 106 337 129
person 0.0034 400 114 427 127
person 0.0034 218 91 285 128
person 0.0031 102 53 123 84
person 0.0029 388 67 404 91
person 0.0029 378 69 386 95
person 0.0029 213 89 243 124
person 0.0027 401 103 430 126
person 0.0025 369 101 383 128
person 0.0025 443 117 448 128
person 0.0025 211 54 225 68
person 0.0022 416 73 438 100
person 0.0020 70 61 87 87
person 0.0020 229 84 261 111
person 0.0019 105 81 142 125
person 0.0019 421 74 439 127
person 0.0019 399 73 415 116
person 0.0018 187 84 217 120
person 0.0017 367 87 389 132
person 0.0017 421 72 436 91
person 0.0017 213 102 254 129
person 0.0016 401 77 415 97
person 0.0015 390 114 401 128
person 0.0014 99 74 112 87
person 0.0013 148 100 173 131
person 0.0013 261 60 275 89
person 0.0013 249 59 269 76
person 0.0013 223 57 235 69
person 0.0012 70 59 436 186
person 0.0012 350 64 444 140
person 0.0012 407 113 440 129
person 0.0011 378 105 401 131
person 0.0011 31 82 48 94
person 0.0011 53 69 283 117
person 0.0010 219 74 296 115
bicycle 0.0036 400 113 438 128
bicycle 0.0025 78 60 100 92
bicycle 0.0021 99 74 112 87
bicycle 0.0012 104 74 111 85
bicycle 0.0012 87 63 103 91
bicycle 0.0012 103 60 129 100
car 0.6328 42 67 447 318
car 0.0232 211 85 259 127
car 0.0077 172 85 260 130
car 0.0040 82 67 294 123
car 0.0028 156 92 200 126
car 0.0027 315 107 331 127
car 0.0022 70 59 436 186
car 0.0015 298 235 438 305
car 0.0013 218 91 285 128
motorbike 0.0021 42 60 459 321
motorbike 0.0019 76 57 101 90
motorbike 0.0015 103 60 129 100
bus 0.0100 41 70 460 321
train 0.0012 41 69 458 322
dog 0.0013 443 117 447 127
bottle 0.1058 443 117 447 127
bottle 0.0042 441 116 449 128
bottle 0.0039 367 113 375 126
bottle 0.0014 402 72 439 128
bottle 0.0012 401 114 424 127
bottle 0.0010 391 114 401 128
chair 0.0050 77 57 101 90
chair 0.0026 87 63 103 91
chair 0.0025 402 72 439 129
chair 0.0014 105 71 113 86
chair 0.0012 106 53 128 85
chair 0.0010 93 63 110 90
pottedplant 0.0036 31 82 48 94
pottedplant 0.0010 443 117 448 128
