person 0.9025 121 114 168 228
person 0.1139 292 116 337 166
person 0.1097 427 79 438 93
person 0.0905 320 100 326 114
person 0.0849 255 91 266 108
person 0.0614 393 93 403 108
person 0.0479 98 141 103 151
person 0.0476 321 101 335 113
person 0.0336 464 146 499 204
person 0.0326 360 87 370 100
person 0.0321 232 111 243 123
person 0.0261 73 144 78 155
person 0.0205 326 100 336 112
person 0.0118 54 147 58 157
person 0.0100 267 116 326 157
person 0.0094 230 111 248 131
person 0.0077 320 101 337 123
person 0.0076 71 116 77 128
person 0.0071 462 89 471 104
person 0.0056 314 106 336 136
person 0.0054 448 149 499 231
person 0.0054 478 153 499 210
person 0.0048 318 115 338 128
person 0.0044 217 116 249 167
person 0.0040 257 96 265 112
person 0.0037 234 110 242 119
person 0.0035 197 119 284 257
person 0.0035 306 113 340 146
person 0.0034 319 103 328 119
person 0.0033 97 140 104 154
person 0.0027 111 113 208 230
person 0.0027 470 156 498 188
person 0.0024 486 161 499 195
person 0.0022 395 138 503 375
person 0.0021 489 178 499 199
person 0.0020 483 173 499 205
person 0.0020 297 119 320 153
person 0.0020 296 127 324 164
person 0.0019 284 115 335 145
person 0.0019 82 181 93 197
person 0.0019 55 144 81 160
person 0.0018 235 110 248 122
person 0.0018 478 147 500 184
person 0.0017 208 122 254 183
person 0.0015 50 150 58 161
person 0.0014 251 122 303 154
person 0.0013 80 175 98 197
person 0.0012 256 92 265 100
person 0.0012 324 107 337 121
person 0.0012 121 142 127 155
person 0.0011 128 152 168 212
person 0.0011 50 147 58 156
person 0.0011 317 100 324 115
bicycle 0.0090 256 92 266 108
bicycle 0.0062 393 93 403 108
bicycle 0.0024 397 144 499 373
bicycle 0.0020 293 120 336 167
bicycle 0.0011 321 101 335 113
bicycle 0.0010 71 116 77 128
bicycle 0.0010 427 78 438 93
bicycle 0.0010 270 117 325 152
bicycle 0.0010 198 123 284 256
car 0.3422 270 115 335 150
car 0.0713 291 116 338 165
car 0.0528 271 122 302 148
car 0.0210 0 156 9 165
car 0.0159 427 78 438 93
car 0.0094 393 94 403 108
car 0.0073 254 118 309 148
car 0.0063 462 89 472 103
car 0.0057 405 125 499 320
car 0.0039 316 115 338 144
car 0.0037 318 115 338 128
car 0.0031 0 154 13 166
car 0.0029 0 152 33 167
car 0.0026 360 87 370 100
car 0.0021 0 155 8 162
car 0.0020 325 101 336 113
car 0.0019 231 111 246 124
car 0.0019 0 218 26 240
car 0.0017 319 101 338 123
car 0.0016 120 137 132 155
car 0.0014 286 106 338 140
car 0.0012 295 116 324 144
car 0.0011 0 216 28 260
car 0.0011 160 134 172 144
car 0.0010 262 98 346 167
motorbike 0.8661 197 120 284 256
motorbike 0.8418 398 142 498 369
motorbike 0.6544 293 117 337 166
motorbike 0.2407 393 94 403 108
motorbike 0.1447 270 116 332 154
motorbike 0.0903 360 87 370 99
motorbike 0.0537 315 116 338 148
motorbike 0.0432 255 91 266 108
motorbike 0.0376 325 101 336 113
motorbike 0.0358 320 100 326 114
motorbike 0.0305 427 78 438 93
motorbike 0.0264 319 101 338 123
motorbike 0.0190 318 114 338 130
motorbike 0.0161 232 111 243 123
motorbike 0.0152 296 127 324 164
motorbike 0.0120 320 100 333 114
motorbike 0.0073 271 125 308 149
motorbike 0.0069 313 106 337 136
motorbike 0.0055 307 123 335 155
motorbike 0.0043 294 139 315 166
motorbike 0.0035 286 106 338 140
motorbike 0.0034 461 89 471 104
motorbike 0.0032 294 122 315 155
motorbike 0.0031 251 122 303 154
motorbike 0.0027 324 107 337 121
motorbike 0.0022 405 168 447 212
motorbike 0.0021 279 122 322 169
motorbike 0.0021 183 150 217 192
motorbike 0.0020 319 103 328 119
motorbike 0.0017 267 104 346 171
motorbike 0.0017 399 109 452 275
motorbike 0.0017 435 142 498 255
motorbike 0.0017 229 111 248 131
motorbike 0.0015 407 263 500 371
motorbike 0.0014 388 92 402 107
motorbike 0.0012 392 90 403 100
motorbike 0.0012 356 85 401 105
motorbike 0.0012 321 125 338 150
motorbike 0.0011 397 213 500 316
motorbike 0.0011 246 68 488 232
motorbike 0.0011 201 110 317 176
motorbike 0.0011 298 100 362 135
motorbike 0.0010 192 116 251 168
aeroplane 0.0018 427 79 438 93
bus 0.0015 270 115 335 150
train 0.0011 23 138 126 167
boat 0.0010 71 116 77 126
bird 0.0616 71 116 77 126
bird 0.0448 256 92 266 104
bird 0.0023 98 141 103 151
bird 0.0018 81 180 94 196
bird 0.0014 73 144 78 155
horse 0.0027 427 78 438 93
horse 0.0021 393 94 403 108
horse 0.0015 325 101 336 113
horse 0.0010 256 92 266 110
cow 0.0020 427 78 438 93
cow 0.0020 393 94 403 108
cow 0.0016 360 87 370 100
cow 0.0014 325 101 336 113
cow 0.0014 256 92 266 104
chair 0.0010 360 87 370 99
pottedplant 0.0010 256 92 266 104
diningtable 0.0015 0 172 149 264
