person 0.7236 0 143 83 252
person 0.6307 38 96 89 173
person 0.4480 202 13 464 377
person 0.4464 0 111 36 174
person 0.3558 -5 44 257 371
person 0.2071 0 102 35 147
person 0.1921 0 97 7 120
person 0.1747 0 97 11 131
person 0.1735 2 100 67 171
person 0.0673 1 102 90 207
person 0.0670 39 123 54 143
person 0.0472 0 116 23 150
person 0.0422 0 99 28 127
person 0.0404 9 117 39 151
person 0.0371 0 95 8 147
person 0.0334 0 185 29 248
person 0.0308 40 117 58 151
person 0.0241 0 245 76 292
person 0.0233 0 119 33 243
person 0.0231 55 94 89 148
person 0.0218 422 107 499 193
person 0.0192 0 117 10 148
person 0.0170 0 126 18 177
person 0.0168 0 92 6 110
person 0.0162 14 118 36 139
person 0.0143 0 145 10 173
person 0.0127 418 111 499 349
person 0.0115 69 94 87 111
person 0.0109 7 129 46 159
person 0.0109 34 107 71 153
person 0.0105 0 160 66 300
person 0.0092 23 92 101 258
person 0.0066 63 95 90 121
person 0.0059 0 139 20 250
person 0.0057 349 93 498 367
person 0.0053 216 16 375 226
person 0.0052 -9 127 514 372
person 0.0049 15 132 45 151
person 0.0042 1 229 79 275
person 0.0040 0 104 18 138
person 0.0036 22 120 37 136
person 0.0036 19 120 42 147
person 0.0035 29 125 56 152
person 0.0035 -2 144 73 198
person 0.0033 2 119 93 337
person 0.0030 0 134 31 181
person 0.0027 8 71 152 319
person 0.0026 0 205 24 241
person 0.0024 231 166 499 373
person 0.0023 0 244 72 267
person 0.0023 0 153 7 185
person 0.0022 39 128 81 174
person 0.0022 246 5 413 291
person 0.0022 0 217 34 263
person 0.0018 0 243 39 263
person 0.0018 69 95 92 158
person 0.0018 0 200 63 261
person 0.0018 0 144 19 194
person 0.0017 50 18 119 81
person 0.0016 36 129 49 148
person 0.0016 168 47 223 63
person 0.0015 119 34 259 356
person 0.0014 -13 243 496 376
person 0.0014 -6 7 482 298
person 0.0012 0 153 15 215
person 0.0012 0 235 82 355
person 0.0012 0 92 14 114
person 0.0011 0 131 11 161
person 0.0011 25 120 69 168
person 0.0010 76 96 89 110
person 0.0010 38 146 76 181
person 0.0010 0 189 7 206
car 0.0089 51 16 121 79
boat 0.0011 50 18 119 81
bottle 0.0040 422 107 499 195
bottle 0.0014 418 110 499 346
chair 0.5662 0 245 77 292
chair 0.1925 422 107 499 192
chair 0.0148 0 243 39 263
chair 0.0133 0 257 51 293
chair 0.0131 3 246 73 267
chair 0.0099 1 229 79 275
chair 0.0091 0 167 81 330
chair 0.0073 0 203 24 243
chair 0.0046 1 243 80 360
chair 0.0045 -7 184 509 370
chair 0.0041 0 228 32 259
chair 0.0036 0 148 80 257
chair 0.0034 0 255 68 313
chair 0.0033 405 104 498 357
chair 0.0030 231 166 499 375
chair 0.0023 -2 182 64 279
chair 0.0022 0 253 33 275
chair 0.0018 5 22 478 377
chair 0.0014 429 142 499 219
chair 0.0014 0 150 7 176
chair 0.0013 0 109 36 218
chair 0.0012 430 164 497 195
chair 0.0012 38 123 54 142
chair 0.0011 0 223 20 247
chair 0.0010 0 131 14 197
chair 0.0010 0 117 17 242
chair 0.0010 224 200 272 231
chair 0.0010 0 256 23 271
sofa 0.0675 -7 184 509 370
sofa 0.0254 5 22 478 377
sofa 0.0139 0 245 78 291
sofa 0.0069 231 166 499 375
sofa 0.0061 405 104 498 357
sofa 0.0026 -9 283 500 390
sofa 0.0015 0 244 81 365
sofa 0.0014 0 203 24 243
sofa 0.0013 418 186 498 326
sofa 0.0011 348 25 500 370
sofa 0.0011 0 160 66 300
sofa 0.0010 422 107 499 192
diningtable 0.1672 0 202 26 247
diningtable 0.0616 0 148 80 257
diningtable 0.0407 0 245 76 292
diningtable 0.0241 0 220 21 247
diningtable 0.0180 0 228 32 259
diningtable 0.0116 0 182 23 235
diningtable 0.0087 0 227 14 244
diningtable 0.0075 -2 182 64 279
diningtable 0.0061 0 243 39 263
diningtable 0.0049 0 200 21 223
diningtable 0.0049 3 214 34 250
diningtable 0.0041 0 197 10 209
diningtable 0.0033 0 203 12 212
diningtable 0.0033 0 206 15 246
diningtable 0.0023 0 234 70 269
diningtable 0.0017 7 129 46 159
diningtable 0.0017 477 339 499 373
diningtable 0.0015 0 142 23 248
diningtable 0.0014 422 107 499 192
diningtable 0.0013 0 238 19 251
diningtable 0.0013 0 205 13 226
diningtable 0.0011 0 189 8 206
diningtable 0.0010 -10 121 500 372
tvmonitor 0.8156 50 17 119 82
