person 0.0040 0 267 38 366
person 0.0036 1 2 30 57
bicycle 0.0060 0 8 496 363
car 0.3239 -2 7 497 361
car 0.0031 -1 -8 493 178
car 0.0028 2 202 488 370
car 0.0019 279 1 498 48
car 0.0013 264 18 503 364
motorbike 0.4161 0 8 496 363
motorbike 0.0068 2 202 488 370
aeroplane 0.0010 0 8 496 363
bus 0.0017 0 8 496 363
train 0.0018 0 8 496 363
bird 0.0031 277 19 285 24
bird 0.0020 0 272 36 358
cat 0.0945 0 265 38 361
cat 0.0055 1 264 94 370
dog 0.0112 0 267 39 366
dog 0.0010 1 264 94 370
bottle 0.0368 2 2 30 59
bottle 0.0033 0 6 14 73
diningtable 0.0017 0 8 496 363
tvmonitor 0.0032 279 1 498 48
