person 0.5223 0 103 125 369
person 0.0426 64 44 192 369
person 0.0117 0 129 31 372
person 0.0072 46 24 352 368
person 0.0043 0 95 81 312
person 0.0012 0 164 32 252
person 0.0011 0 161 13 221
bicycle 0.0025 156 54 396 276
bicycle 0.0015 23 14 402 348
bird 0.0042 108 19 150 70
cat 0.3070 150 55 392 277
cat 0.0072 100 19 150 70
cat 0.0024 46 24 352 368
cat 0.0019 287 55 401 178
dog 0.5582 155 57 390 278
dog 0.0058 21 16 404 347
dog 0.0027 67 29 252 369
dog 0.0012 100 19 150 70
horse 0.0011 109 19 151 71
bottle 0.0020 98 13 116 69
bottle 0.0010 271 1 287 27
chair 0.0519 0 104 125 369
chair 0.0428 21 16 404 347
chair 0.0196 155 56 391 278
chair 0.0119 0 216 34 371
chair 0.0113 67 29 252 369
chair 0.0060 361 45 501 202
chair 0.0039 0 174 54 375
chair 0.0023 0 227 16 375
chair 0.0018 111 19 150 71
chair 0.0017 316 53 401 184
chair 0.0015 0 213 99 371
chair 0.0012 75 84 324 274
chair 0.0012 368 53 407 76
chair 0.0010 0 128 24 380
chair 0.0010 138 59 182 115
sofa 0.0133 0 104 125 369
sofa 0.0043 12 17 415 373
sofa 0.0022 0 206 30 368
sofa 0.0014 363 43 501 205
pottedplant 0.0544 434 0 500 44
pottedplant 0.0053 402 3 475 53
pottedplant 0.0052 404 15 448 50
pottedplant 0.0022 316 53 401 184
pottedplant 0.0011 431 0 497 22
pottedplant 0.0010 439 0 482 34
pottedplant 0.0010 395 0 496 32
diningtable 0.0169 12 17 415 373
diningtable 0.0020 156 56 394 277
diningtable 0.0013 0 218 22 369
tvmonitor 0.0455 362 46 501 202
tvmonitor 0.0414 125 1 188 43
tvmonitor 0.0111 1 0 108 71
tvmonitor 0.0033 0 206 23 368
tvmonitor 0.0023 -1 40 168 367
tvmonitor 0.0022 104 19 151 69
tvmonitor 0.0017 126 0 227 50
tvmonitor 0.0015 110 0 196 65
