person 0.0010 63 27 501 356
car 0.0014 84 25 489 335
bus 0.0034 84 25 489 335
horse 0.0019 71 32 484 192
sheep 0.8568 66 123 407 350
sheep 0.2160 65 34 463 152
sheep 0.0851 89 28 483 273
sheep 0.0408 316 48 469 306
sheep 0.0162 243 18 487 352
sheep 0.0051 250 134 405 359
sheep 0.0036 62 35 318 324
sheep 0.0022 359 162 408 350
sheep 0.0016 377 77 463 355
sheep 0.0016 403 32 484 323
sheep 0.0012 60 7 499 100
sheep 0.0012 73 127 248 348
cow 0.0077 63 34 466 145
cow 0.0033 89 28 483 273
cow 0.0017 67 124 406 350
diningtable 0.0026 56 26 504 354
