person 0.9097 0 183 131 370
person 0.0190 239 255 261 276
person 0.0069 1 269 110 371
person 0.0059 158 243 373 346
person 0.0055 237 255 254 271
person 0.0054 247 258 265 279
person 0.0030 215 253 230 274
person 0.0028 47 197 158 375
person 0.0025 43 279 130 370
person 0.0024 -1 181 257 375
person 0.0020 369 291 377 317
person 0.0016 249 258 279 283
person 0.0013 218 254 238 275
person 0.0013 280 274 301 287
person 0.0012 138 196 173 212
person 0.0011 154 197 170 210
person 0.0011 226 255 240 275
person 0.0011 133 197 198 224
person 0.0010 175 202 233 225
bicycle 0.0019 135 196 170 214
bicycle 0.0010 114 196 173 219
car 0.9265 159 243 373 347
car 0.6474 136 199 235 230
car 0.2846 180 202 234 229
car 0.1148 134 196 174 217
car 0.0734 132 198 185 225
car 0.0130 99 332 376 373
car 0.0117 143 196 169 211
car 0.0071 105 194 165 218
car 0.0057 196 204 228 217
car 0.0036 127 206 179 231
car 0.0031 224 215 235 241
car 0.0031 138 200 166 224
car 0.0029 154 197 170 210
car 0.0027 191 207 236 242
car 0.0026 190 203 214 222
car 0.0023 133 191 163 210
car 0.0022 206 205 221 215
car 0.0021 89 192 201 236
car 0.0020 296 233 333 258
car 0.0019 154 199 173 220
car 0.0019 113 203 157 223
car 0.0016 346 183 374 210
car 0.0014 51 299 398 373
car 0.0013 161 199 182 223
car 0.0013 167 203 190 226
car 0.0013 185 204 207 226
car 0.0012 143 197 198 214
car 0.0010 115 189 168 210
motorbike 0.0011 135 196 170 214
motorbike 0.0011 158 244 372 346
bird 0.0017 368 291 377 325
bird 0.0010 369 294 377 313
dog 0.0024 368 291 377 325
bottle 0.0241 0 170 6 180
bottle 0.0158 0 137 6 150
bottle 0.0104 0 139 8 166
bottle 0.0104 0 188 5 197
bottle 0.0088 0 156 7 180
bottle 0.0074 0 153 7 164
bottle 0.0073 0 170 5 193
bottle 0.0061 0 205 5 216
bottle 0.0057 0 122 7 149
bottle 0.0032 0 118 6 131
bottle 0.0027 0 199 6 215
bottle 0.0027 0 164 7 216
bottle 0.0023 0 190 6 200
bottle 0.0022 0 209 5 235
bottle 0.0020 0 220 6 246
bottle 0.0019 0 186 6 222
bottle 0.0019 0 221 5 236
bottle 0.0017 0 102 8 139
tvmonitor 0.0011 158 244 372 346
