bird 0.0036 25 165 86 202
chair 0.1211 83 309 352 334
chair 0.0158 83 234 346 328
chair 0.0065 158 214 322 316
chair 0.0035 80 282 354 333
chair 0.0017 6 199 367 316
chair 0.0012 78 310 191 332
sofa 0.0068 82 307 352 332
pottedplant 0.2124 40 39 439 328
pottedplant 0.0096 0 196 370 316
pottedplant 0.0058 83 309 352 334
pottedplant 0.0051 80 232 349 329
pottedplant 0.0015 20 25 328 251
pottedplant 0.0012 23 163 95 199
pottedplant 0.0010 149 159 320 312
diningtable 0.1046 82 307 352 332
diningtable 0.0095 40 39 439 328
diningtable 0.0045 80 232 349 329
diningtable 0.0045 0 196 370 316
diningtable 0.0018 80 282 354 333
