person 0.0341 0 28 4 52
person 0.0091 0 0 18 21
person 0.0083 0 23 6 53
person 0.0042 113 0 357 219
person 0.0034 395 218 409 245
person 0.0031 0 0 13 49
person 0.0028 244 4 499 328
person 0.0027 0 1 9 30
person 0.0020 14 165 82 221
person 0.0016 178 66 194 83
person 0.0015 0 11 5 40
person 0.0014 389 213 410 252
person 0.0013 493 57 500 97
person 0.0013 0 90 25 110
bicycle 0.0136 0 30 4 54
bicycle 0.0024 0 31 6 61
car 0.8780 0 89 63 181
car 0.5700 38 0 166 73
car 0.2015 16 164 78 220
car 0.1777 225 15 244 30
car 0.0675 110 -1 359 221
car 0.0510 0 30 4 54
car 0.0259 0 90 62 137
car 0.0212 0 0 18 21
car 0.0160 246 8 502 331
car 0.0146 0 23 6 53
car 0.0135 0 105 19 130
car 0.0085 219 8 252 32
car 0.0080 12 154 113 226
car 0.0071 178 66 195 83
car 0.0070 111 1 277 165
car 0.0066 -2 -17 473 334
car 0.0039 227 5 276 32
car 0.0032 0 107 14 123
car 0.0028 11 166 143 250
car 0.0027 0 102 19 156
car 0.0023 0 2 8 49
car 0.0023 0 98 22 122
car 0.0020 0 0 19 40
car 0.0016 0 100 26 138
car 0.0016 223 22 234 30
car 0.0016 144 51 228 106
car 0.0015 3 0 21 10
car 0.0015 0 90 41 113
car 0.0014 0 126 14 148
car 0.0013 0 11 5 40
car 0.0013 0 92 22 107
car 0.0012 7 158 212 299
car 0.0011 198 8 432 237
car 0.0011 8 110 105 207
motorbike 0.0086 0 30 4 54
motorbike 0.0019 0 23 6 53
motorbike 0.0013 16 164 78 220
motorbike 0.0010 0 89 64 181
aeroplane 0.0031 16 165 83 220
bus 0.0483 107 -1 337 217
bus 0.0305 39 0 166 73
bus 0.0128 0 0 15 27
bus 0.0038 3 -6 475 335
bus 0.0026 0 23 6 53
bus 0.0019 0 88 63 181
bus 0.0015 0 29 4 52
bus 0.0014 0 0 13 49
bus 0.0014 16 165 83 220
bus 0.0012 248 2 505 328
bus 0.0010 0 0 21 17
train 0.0488 246 7 502 331
train 0.0037 113 -1 498 214
train 0.0010 362 21 499 302
train 0.0010 0 0 19 22
boat 0.0284 15 165 80 220
boat 0.0021 108 0 361 220
boat 0.0013 0 28 4 52
boat 0.0010 0 89 64 181
chair 0.0013 108 0 460 225
chair 0.0010 33 51 49 66
sofa 0.0010 54 2 515 323
pottedplant 0.0057 0 0 18 21
pottedplant 0.0034 0 28 4 52
diningtable 0.0266 3 -6 475 335
tvmonitor 0.0176 244 3 499 328
tvmonitor 0.0077 114 0 405 224
