person 0.0930 376 212 389 255
person 0.0039 377 229 387 255
person 0.0029 399 214 409 232
person 0.0026 0 295 24 374
person 0.0024 378 213 388 234
person 0.0018 379 207 394 248
person 0.0018 409 215 420 231
person 0.0015 214 212 279 258
person 0.0015 384 208 404 238
person 0.0014 382 215 394 234
person 0.0013 378 213 387 222
horse 0.8375 213 212 280 258
horse 0.0995 248 221 283 257
horse 0.0800 213 223 233 257
horse 0.0314 213 215 246 257
horse 0.0120 262 232 281 257
horse 0.0088 247 237 273 257
horse 0.0086 268 242 282 257
horse 0.0035 226 231 279 258
horse 0.0023 376 212 389 255
horse 0.0023 210 226 224 257
horse 0.0023 218 210 275 237
horse 0.0016 244 241 264 257
horse 0.0011 228 239 264 258
cow 0.0027 214 212 279 258
chair 0.0106 0 295 24 374
