person 0.8933 2 231 96 372
person 0.7103 55 335 139 374
person 0.1986 0 188 37 317
person 0.0672 116 187 216 343
person 0.0451 0 188 31 244
person 0.0158 0 360 9 374
person 0.0108 0 216 8 244
person 0.0066 0 213 17 242
person 0.0051 0 191 10 240
person 0.0044 463 301 499 372
person 0.0038 41 28 430 358
person 0.0038 247 156 388 365
person 0.0029 32 320 143 370
person 0.0028 0 188 20 225
person 0.0024 24 91 56 107
person 0.0020 0 318 80 373
person 0.0019 0 337 14 376
person 0.0018 109 80 229 357
person 0.0017 0 301 32 369
person 0.0016 80 96 112 120
person 0.0015 44 335 103 373
person 0.0015 118 245 165 335
person 0.0014 0 224 35 379
person 0.0014 1 354 13 374
person 0.0012 9 345 131 375
person 0.0012 119 157 166 289
person 0.0012 140 119 167 168
person 0.0012 -4 170 91 343
person 0.0012 115 107 171 195
person 0.0010 0 313 16 369
aeroplane 0.0013 30 7 504 359
bird 0.0177 117 185 218 342
bird 0.0091 246 154 394 360
bird 0.0032 0 190 37 326
cat 0.0466 247 156 388 365
cat 0.0454 117 186 217 341
cat 0.0086 55 335 139 374
cat 0.0047 0 187 37 319
cat 0.0027 57 24 477 360
cat 0.0021 2 230 94 373
cat 0.0019 80 97 112 120
cat 0.0012 0 188 25 242
cat 0.0012 114 141 414 364
dog 0.1175 116 188 216 339
dog 0.1022 246 153 387 366
dog 0.0073 0 188 37 317
dog 0.0062 55 335 139 374
dog 0.0020 2 230 94 373
dog 0.0019 57 24 477 360
dog 0.0013 0 188 26 242
horse 0.0030 116 188 216 339
horse 0.0017 247 156 388 365
sheep 0.0113 245 154 391 360
sheep 0.0088 116 188 216 339
sheep 0.0039 0 190 38 333
sheep 0.0014 57 24 477 360
cow 0.0022 247 156 388 365
cow 0.0016 117 185 218 342
bottle 0.0035 79 96 113 120
bottle 0.0026 52 352 62 369
chair 0.1297 463 301 499 372
chair 0.0244 57 24 477 360
chair 0.0068 0 313 16 369
chair 0.0044 246 154 390 364
chair 0.0030 2 230 94 373
chair 0.0028 0 356 12 374
chair 0.0023 0 192 38 371
chair 0.0021 100 151 435 372
chair 0.0020 0 312 14 339
chair 0.0018 116 185 217 338
chair 0.0015 0 308 29 365
chair 0.0012 463 241 499 381
chair 0.0010 0 318 80 373
chair 0.0010 124 71 354 332
sofa 0.0345 463 301 499 371
sofa 0.0087 0 313 17 370
sofa 0.0065 0 193 38 372
sofa 0.0039 10 333 140 373
sofa 0.0029 0 356 12 374
sofa 0.0025 57 24 477 360
sofa 0.0025 2 230 94 373
sofa 0.0018 0 301 32 369
sofa 0.0016 0 318 80 373
sofa 0.0014 0 188 31 241
sofa 0.0013 246 154 390 364
sofa 0.0012 116 185 217 338
sofa 0.0010 41 177 375 352
pottedplant 0.0318 79 96 113 119
diningtable 0.0040 462 300 499 372
diningtable 0.0029 30 7 504 359
diningtable 0.0027 0 312 15 360
tvmonitor 0.0366 30 7 504 359
tvmonitor 0.0084 463 301 499 372
tvmonitor 0.0032 79 97 113 120
tvmonitor 0.0031 2 140 51 239
tvmonitor 0.0026 0 178 35 236
tvmonitor 0.0014 116 185 217 338
