person 0.0244 193 1 241 26
person 0.0130 202 9 277 37
person 0.0044 101 10 257 73
person 0.0035 0 1 31 51
person 0.0014 232 6 278 35
person 0.0013 274 2 408 56
person 0.0013 451 1 500 88
person 0.0012 26 -2 105 59
bird 0.0010 26 0 101 71
bottle 0.0104 26 0 101 70
bottle 0.0032 193 0 237 20
bottle 0.0021 2 0 81 55
bottle 0.0015 451 0 500 88
bottle 0.0012 463 108 500 183
bottle 0.0012 0 1 31 51
chair 0.0023 274 2 408 56
chair 0.0013 451 0 500 92
chair 0.0011 27 0 102 66
chair 0.0010 101 10 257 73
diningtable 0.4164 8 25 505 359
diningtable 0.0440 177 186 234 256
diningtable 0.0297 5 277 477 370
diningtable 0.0266 -5 15 526 191
diningtable 0.0105 35 108 390 342
diningtable 0.0105 337 86 500 371
diningtable 0.0069 459 190 500 247
diningtable 0.0062 0 158 39 297
diningtable 0.0053 66 -6 442 100
diningtable 0.0048 192 45 453 141
diningtable 0.0046 86 8 301 82
diningtable 0.0036 452 1 500 107
diningtable 0.0036 201 116 311 180
diningtable 0.0030 275 1 407 57
diningtable 0.0027 442 140 500 251
diningtable 0.0025 0 168 17 219
diningtable 0.0020 16 23 119 117
diningtable 0.0020 0 129 114 312
diningtable 0.0020 -3 130 180 372
diningtable 0.0019 119 43 404 104
diningtable 0.0018 123 165 292 302
diningtable 0.0018 450 132 500 348
diningtable 0.0017 27 0 102 66
diningtable 0.0017 157 213 204 257
diningtable 0.0017 58 142 199 250
diningtable 0.0016 426 98 503 289
diningtable 0.0016 -2 116 55 307
diningtable 0.0016 225 243 299 284
diningtable 0.0016 139 240 359 293
diningtable 0.0015 1 233 114 368
diningtable 0.0015 361 241 500 368
diningtable 0.0013 179 11 316 65
diningtable 0.0011 406 55 465 129
diningtable 0.0011 212 14 273 38
diningtable 0.0010 3 167 49 215
