person 0.7606 153 160 212 298
person 0.0247 151 231 197 338
person 0.0138 154 162 208 237
person 0.0014 175 168 221 288
person 0.0012 166 207 207 286
person 0.0011 0 493 9 499
bird 0.0012 150 231 197 340
cat 0.0047 150 232 198 340
dog 0.8730 150 232 197 339
dog 0.0078 151 173 211 328
dog 0.0029 160 222 200 287
dog 0.0014 153 228 187 282
sheep 0.0046 151 232 197 339
cow 0.0023 151 232 197 339
bottle 0.0030 190 215 195 223
bottle 0.0016 181 213 194 226
bottle 0.0012 154 160 214 287
chair 0.0010 153 160 213 293
pottedplant 0.0011 113 205 137 251
