person 0.0066 484 401 499 466
person 0.0014 463 404 500 499
person 0.0010 486 401 499 438
car 0.0029 109 108 129 116
bird 0.0233 160 168 343 372
bird 0.0041 484 401 499 466
cat 0.2430 165 170 338 370
cat 0.0231 485 402 499 482
cat 0.0055 463 404 500 499
cat 0.0044 484 403 499 441
cat 0.0015 492 425 500 489
dog 0.2727 159 167 342 372
dog 0.0126 485 402 499 482
dog 0.0046 27 163 399 388
dog 0.0038 463 404 500 499
dog 0.0019 485 403 499 441
horse 0.0016 165 170 335 370
horse 0.0015 485 402 499 482
sheep 0.0069 165 170 338 370
sheep 0.0032 481 401 500 492
sheep 0.0015 463 404 500 499
sheep 0.0011 485 401 499 439
cow 0.0039 165 170 335 370
cow 0.0020 481 401 499 492
bottle 0.0013 103 219 127 257
chair 0.0035 160 168 343 372
chair 0.0023 484 401 499 466
chair 0.0012 124 98 391 382
pottedplant 0.7033 226 -5 396 262
pottedplant 0.5682 119 124 246 232
pottedplant 0.4249 107 4 255 246
pottedplant 0.4130 265 106 390 254
pottedplant 0.0454 141 10 436 353
pottedplant 0.0425 83 -8 406 236
pottedplant 0.0299 160 168 343 372
pottedplant 0.0260 255 50 394 379
pottedplant 0.0068 130 163 223 234
pottedplant 0.0038 108 125 177 235
pottedplant 0.0037 5 64 419 406
pottedplant 0.0033 71 221 141 350
pottedplant 0.0027 111 1 235 143
pottedplant 0.0026 198 2 313 181
pottedplant 0.0024 104 38 188 246
pottedplant 0.0023 117 94 359 273
pottedplant 0.0023 233 0 397 140
pottedplant 0.0021 61 32 215 380
pottedplant 0.0021 55 23 146 448
pottedplant 0.0019 101 220 131 258
pottedplant 0.0019 132 142 270 267
pottedplant 0.0018 73 107 136 380
pottedplant 0.0018 199 105 393 310
pottedplant 0.0017 82 97 209 256
pottedplant 0.0016 102 79 242 158
pottedplant 0.0014 84 218 137 294
pottedplant 0.0013 132 1 344 157
pottedplant 0.0011 212 68 284 172
pottedplant 0.0010 210 43 357 216
pottedplant 0.0010 -1 -2 115 470
diningtable 0.0018 43 26 438 388
diningtable 0.0012 161 169 345 377
diningtable 0.0011 -11 232 486 429
