person 0.0020 0 256 124 329
car 0.0016 -1 221 485 326
car 0.0010 -16 98 491 338
cat 0.7485 1 77 362 317
cat 0.0047 3 0 380 161
cat 0.0021 1 38 180 320
cat 0.0013 0 26 492 249
cat 0.0012 101 94 503 336
chair 0.0082 -1 221 485 326
chair 0.0035 -16 98 491 338
sofa 0.0764 -1 221 485 326
sofa 0.0249 0 103 515 341
sofa 0.0027 3 -13 485 157
sofa 0.0015 0 256 124 329
diningtable 0.0024 -6 58 521 338
diningtable 0.0022 -1 221 485 326
tvmonitor 0.0181 1 65 155 156
tvmonitor 0.0030 0 179 484 327
tvmonitor 0.0016 4 0 346 159
