person 0.0113 411 0 491 96
person 0.0110 393 0 438 42
person 0.0092 480 1 499 25
person 0.0062 471 4 499 149
person 0.0050 394 0 439 90
person 0.0046 429 0 440 13
person 0.0032 409 0 444 31
person 0.0032 493 0 499 7
person 0.0031 476 1 499 56
person 0.0027 425 0 440 18
person 0.0026 0 1 5 39
person 0.0024 391 0 426 27
person 0.0024 397 0 456 61
person 0.0020 389 0 410 36
person 0.0020 481 0 497 8
person 0.0017 489 32 500 152
person 0.0017 445 1 502 138
person 0.0015 0 0 14 40
person 0.0015 488 0 499 22
person 0.0014 399 0 415 30
person 0.0013 423 0 481 32
person 0.0013 391 0 418 52
person 0.0011 34 222 184 423
car 0.0087 223 203 497 444
car 0.0018 -8 174 494 489
car 0.0012 476 4 500 143
car 0.0010 479 1 499 32
motorbike 0.0011 -15 142 504 486
aeroplane 0.0017 0 122 525 457
bus 0.0281 220 205 498 429
bus 0.0022 476 4 499 149
bus 0.0010 408 1 483 103
train 0.1360 219 204 498 429
train 0.0099 0 122 525 457
train 0.0043 408 1 483 103
train 0.0019 471 2 500 150
train 0.0013 206 41 500 402
train 0.0011 221 199 498 286
boat 0.0016 479 1 499 27
boat 0.0012 3 140 518 494
bird 0.0010 30 183 270 425
cat 0.4773 28 173 278 426
cat 0.0262 32 218 171 418
cat 0.0022 31 138 279 296
cat 0.0014 480 1 499 25
dog 0.2750 31 183 269 425
dog 0.0020 32 218 171 418
horse 0.0022 29 183 270 422
cow 0.0028 30 183 270 425
bottle 0.0029 0 0 4 33
bottle 0.0015 493 0 499 7
bottle 0.0012 480 0 499 25
chair 0.2158 406 0 476 103
chair 0.0842 393 0 440 59
chair 0.0553 471 1 499 144
chair 0.0283 395 0 460 39
chair 0.0247 200 -1 261 36
chair 0.0239 261 0 315 33
chair 0.0221 316 0 402 35
chair 0.0188 427 0 440 16
chair 0.0149 412 0 443 30
chair 0.0146 396 0 438 26
chair 0.0145 426 0 454 17
chair 0.0135 422 0 467 29
chair 0.0120 434 0 497 90
chair 0.0116 193 1 262 71
chair 0.0103 477 2 499 77
chair 0.0092 389 0 410 36
chair 0.0085 489 32 500 152
chair 0.0082 479 0 499 32
chair 0.0074 424 0 442 24
chair 0.0064 432 0 466 9
chair 0.0058 223 205 496 439
chair 0.0056 433 0 441 12
chair 0.0055 387 0 414 55
chair 0.0048 255 0 310 83
chair 0.0047 209 0 319 32
chair 0.0044 399 0 415 30
chair 0.0037 418 1 462 78
chair 0.0032 5 0 64 24
chair 0.0032 419 0 487 52
chair 0.0026 411 1 499 154
chair 0.0024 491 87 500 155
chair 0.0022 422 0 440 9
chair 0.0021 61 0 186 26
chair 0.0019 407 21 451 96
chair 0.0019 0 0 14 38
chair 0.0016 387 0 401 32
chair 0.0016 480 54 499 154
chair 0.0016 0 0 6 51
chair 0.0015 489 15 499 48
chair 0.0014 321 0 438 53
chair 0.0014 128 0 335 90
chair 0.0012 462 9 497 91
chair 0.0010 410 2 432 37
chair 0.0010 278 0 355 34
chair 0.0010 0 2 4 37
sofa 0.0076 401 0 476 100
sofa 0.0042 476 4 499 142
sofa 0.0031 316 0 402 35
sofa 0.0021 479 0 499 31
sofa 0.0018 393 0 440 59
sofa 0.0017 -15 142 504 486
sofa 0.0016 469 0 499 85
sofa 0.0013 475 0 499 54
sofa 0.0010 35 199 213 426
pottedplant 0.0012 401 0 476 100
pottedplant 0.0011 480 0 499 25
pottedplant 0.0010 473 223 499 271
diningtable 0.0309 401 0 476 100
diningtable 0.0180 393 0 440 59
diningtable 0.0173 479 1 499 27
diningtable 0.0123 478 1 499 52
diningtable 0.0087 471 1 499 144
diningtable 0.0060 395 0 460 39
diningtable 0.0054 316 0 402 35
diningtable 0.0029 396 0 438 26
diningtable 0.0028 422 0 467 30
diningtable 0.0026 434 0 497 90
diningtable 0.0025 61 0 186 26
diningtable 0.0024 412 0 443 30
diningtable 0.0019 489 32 500 152
diningtable 0.0018 427 0 440 16
diningtable 0.0018 426 0 457 17
diningtable 0.0017 487 5 499 32
diningtable 0.0015 490 13 499 41
diningtable 0.0011 260 0 320 34
diningtable 0.0011 194 0 262 29
diningtable 0.0010 419 0 487 52
tvmonitor 0.0035 63 0 188 26
tvmonitor 0.0030 223 205 496 439
tvmonitor 0.0019 0 1 5 39
tvmonitor 0.0014 0 0 14 38
tvmonitor 0.0014 194 0 262 29
tvmonitor 0.0013 3 0 62 24
