person 0.7461 37 26 233 392
person 0.7145 379 227 455 395
person 0.6187 452 280 500 373
person 0.4291 219 186 260 228
person 0.3786 354 247 392 394
person 0.1943 470 232 500 277
person 0.1943 439 329 493 396
person 0.1217 469 232 500 319
person 0.0855 430 275 457 356
person 0.0733 203 185 261 260
person 0.0689 408 237 459 377
person 0.0350 467 329 500 386
person 0.0345 354 225 425 382
person 0.0291 438 329 482 369
person 0.0235 226 185 255 216
person 0.0175 432 311 455 353
person 0.0168 483 334 499 368
person 0.0162 127 72 232 336
person 0.0157 469 242 490 272
person 0.0150 143 135 325 311
person 0.0149 180 147 278 316
person 0.0130 458 238 494 296
person 0.0118 437 249 474 340
person 0.0115 482 292 499 365
person 0.0105 163 185 254 274
person 0.0105 477 221 500 260
person 0.0095 202 174 264 331
person 0.0093 102 67 431 381
person 0.0089 373 334 412 396
person 0.0085 216 189 243 224
person 0.0083 491 339 500 364
person 0.0082 441 359 499 397
person 0.0063 465 246 482 271
person 0.0063 455 279 498 331
person 0.0061 369 288 415 400
person 0.0061 418 263 453 339
person 0.0054 414 328 483 388
person 0.0052 385 233 428 313
person 0.0049 293 232 445 393
person 0.0049 199 185 248 221
person 0.0048 491 221 500 254
person 0.0048 371 243 396 321
person 0.0047 416 279 501 394
person 0.0047 438 339 467 388
person 0.0047 479 343 499 387
person 0.0040 469 206 499 268
person 0.0039 235 183 266 221
person 0.0039 431 257 462 333
person 0.0037 30 2 219 238
person 0.0035 422 269 448 318
person 0.0034 233 193 266 236
person 0.0034 453 249 474 302
person 0.0032 453 217 499 281
person 0.0031 62 116 225 300
person 0.0031 451 346 478 369
person 0.0030 482 233 500 267
person 0.0030 452 247 480 281
person 0.0029 368 231 421 330
person 0.0028 367 326 465 396
person 0.0028 200 113 303 373
person 0.0024 48 65 106 322
person 0.0024 355 306 397 384
person 0.0023 446 308 486 362
person 0.0022 146 137 215 280
person 0.0022 215 195 231 219
person 0.0022 105 86 206 254
person 0.0022 361 254 394 339
person 0.0021 218 178 496 399
person 0.0021 373 194 441 321
person 0.0020 -3 164 376 386
person 0.0019 478 362 499 396
person 0.0019 54 62 163 347
person 0.0019 240 197 265 222
person 0.0018 457 308 479 334
person 0.0017 489 292 500 351
person 0.0017 229 186 251 202
person 0.0016 374 254 393 298
person 0.0016 171 185 241 230
person 0.0016 211 188 235 238
person 0.0016 218 165 286 244
person 0.0016 367 269 390 321
person 0.0016 440 317 456 346
person 0.0016 389 166 479 355
person 0.0015 475 269 499 347
person 0.0014 187 167 256 235
person 0.0014 163 210 209 300
person 0.0014 227 195 253 226
person 0.0014 440 131 499 307
person 0.0014 487 237 500 303
person 0.0013 454 258 471 281
person 0.0013 460 265 496 314
person 0.0013 453 325 499 367
person 0.0013 489 320 500 361
person 0.0013 433 298 456 330
person 0.0012 438 354 458 371
person 0.0012 188 194 230 256
person 0.0012 461 354 477 374
person 0.0012 395 227 467 316
person 0.0012 369 76 501 392
person 0.0012 481 297 497 318
bicycle 0.0014 381 346 483 394
bicycle 0.0013 476 332 499 386
motorbike 0.0011 439 329 493 396
motorbike 0.0010 381 346 483 394
motorbike 0.0010 478 344 499 396
bird 0.0022 12 2 166 225
horse 0.8619 195 67 499 392
horse 0.0419 -1 188 322 395
horse 0.0218 1 234 207 397
horse 0.0161 339 70 500 266
horse 0.0134 18 40 242 396
horse 0.0077 221 186 262 228
horse 0.0065 135 179 312 353
horse 0.0050 202 174 264 331
horse 0.0042 194 107 370 395
horse 0.0032 191 185 259 268
horse 0.0026 123 200 411 393
horse 0.0022 180 147 278 316
horse 0.0016 467 233 499 273
horse 0.0013 378 225 418 302
horse 0.0013 354 243 392 365
horse 0.0013 153 178 234 292
horse 0.0012 94 139 224 332
horse 0.0010 216 186 265 255
cow 0.0032 1 225 334 392
cow 0.0013 190 68 497 393
cow 0.0011 18 40 242 396
bottle 0.0110 453 283 495 360
bottle 0.0017 439 330 481 396
bottle 0.0014 461 311 480 330
bottle 0.0014 110 236 132 256
bottle 0.0011 441 277 498 398
chair 0.2791 374 334 411 397
chair 0.1573 439 329 492 396
chair 0.1369 478 344 499 396
chair 0.0997 447 281 500 378
chair 0.0772 440 330 482 372
chair 0.0631 440 359 500 396
chair 0.0497 467 329 500 386
chair 0.0472 483 337 499 366
chair 0.0410 385 344 484 397
chair 0.0374 491 339 500 364
chair 0.0215 480 355 499 376
chair 0.0157 442 367 480 396
chair 0.0140 355 250 395 397
chair 0.0128 414 330 481 385
chair 0.0123 479 348 498 369
chair 0.0123 378 363 411 396
chair 0.0123 480 372 499 397
chair 0.0117 433 304 455 365
chair 0.0094 375 333 400 377
chair 0.0084 369 288 415 400
chair 0.0076 394 246 461 395
chair 0.0059 438 352 457 370
chair 0.0047 437 337 468 390
chair 0.0038 366 328 433 394
chair 0.0031 357 299 388 394
chair 0.0031 475 331 499 363
chair 0.0023 440 312 457 351
chair 0.0020 364 341 400 396
chair 0.0019 375 352 402 387
chair 0.0017 1 282 150 396
chair 0.0017 482 292 499 365
chair 0.0017 489 320 500 361
chair 0.0016 455 373 486 396
chair 0.0016 368 358 444 397
chair 0.0016 436 329 460 371
chair 0.0014 398 367 482 396
chair 0.0013 386 377 411 396
chair 0.0012 443 373 463 397
chair 0.0011 437 316 470 365
sofa 0.0027 1 282 150 396
sofa 0.0019 22 337 149 395
diningtable 0.0284 478 350 500 393
diningtable 0.0171 480 355 499 376
diningtable 0.0042 450 332 502 396
diningtable 0.0025 441 277 498 398
diningtable 0.0022 483 338 500 365
diningtable 0.0013 491 345 499 366
diningtable 0.0011 450 364 502 396
