person 0.0091 4 1 498 363
person 0.0091 0 85 72 207
person 0.0025 0 83 125 369
person 0.0018 10 -1 507 152
person 0.0015 0 0 225 366
bird 0.0018 0 83 72 204
cat 0.5174 57 2 501 365
cat 0.0434 0 102 122 371
cat 0.0280 2 0 286 363
cat 0.0209 0 86 72 204
cat 0.0140 111 187 501 376
cat 0.0067 266 77 498 373
cat 0.0025 457 25 500 114
cat 0.0025 378 0 497 91
cat 0.0023 471 55 499 116
cat 0.0022 -3 69 109 243
cat 0.0015 -5 4 218 248
cat 0.0014 432 3 498 112
cat 0.0011 16 260 460 371
cat 0.0010 62 100 146 170
dog 0.0403 53 3 501 363
dog 0.0075 0 83 125 369
dog 0.0061 0 86 72 204
dog 0.0030 2 0 286 363
dog 0.0012 111 187 501 376
sheep 0.0035 469 52 499 113
cow 0.0012 62 5 498 364
chair 0.0027 4 1 498 363
sofa 0.0154 4 1 498 363
sofa 0.0035 51 259 478 370
sofa 0.0032 380 1 498 60
sofa 0.0025 10 -1 507 152
sofa 0.0024 0 53 128 364
sofa 0.0021 0 86 72 204
sofa 0.0011 469 52 499 113
sofa 0.0010 0 2 228 364
sofa 0.0010 426 3 498 111
diningtable 0.0039 4 1 498 363
