person 0.5872 0 1 75 123
person 0.0157 0 0 72 328
person 0.0049 359 0 499 233
person 0.0039 -4 285 506 368
person 0.0038 0 1 102 183
person 0.0030 4 1 121 79
person 0.0025 332 218 497 370
person 0.0016 2 -6 191 327
person 0.0014 4 9 503 356
person 0.0013 0 12 55 181
person 0.0010 14 0 405 147
car 0.0016 4 9 503 356
car 0.0010 2 286 490 369
cat 0.4550 -1 3 485 342
cat 0.0145 2 -1 245 324
cat 0.0132 140 86 188 109
cat 0.0103 7 1 407 201
cat 0.0029 0 1 59 337
cat 0.0026 0 0 103 111
cat 0.0020 362 1 498 241
cat 0.0018 -4 285 506 368
cat 0.0015 121 47 444 288
cat 0.0014 1 176 495 370
cat 0.0012 0 28 18 306
cat 0.0010 212 5 372 294
dog 0.0103 2 4 428 322
dog 0.0013 0 2 75 126
bottle 0.0018 137 86 183 108
chair 0.0117 4 9 503 356
chair 0.0080 -4 285 506 368
chair 0.0072 360 0 498 232
chair 0.0016 332 218 498 370
chair 0.0012 8 180 499 373
sofa 0.0430 4 9 503 356
sofa 0.0345 -4 285 506 368
sofa 0.0182 332 218 497 370
sofa 0.0122 360 0 498 232
sofa 0.0073 1 176 495 370
sofa 0.0012 -7 -2 482 153
diningtable 0.0122 2 0 506 344
diningtable 0.0048 338 216 498 369
diningtable 0.0013 -4 285 506 368
tvmonitor 0.0013 360 0 498 223
