person 0.0022 0 200 8 219
person 0.0021 0 160 7 211
person 0.0015 0 180 10 249
person 0.0011 324 128 359 145
person 0.0010 0 188 8 230
train 0.0014 72 23 505 356
bird 0.0022 141 124 162 141
bird 0.0010 136 137 159 144
cat 0.0014 141 124 162 141
bottle 0.0082 142 123 162 140
bottle 0.0033 119 136 132 146
bottle 0.0016 158 146 166 160
bottle 0.0016 487 59 499 75
bottle 0.0013 140 135 162 143
bottle 0.0012 154 142 169 163
bottle 0.0011 325 129 359 148
chair 0.8710 54 119 133 222
chair 0.8661 117 129 212 250
chair 0.0636 0 160 7 216
chair 0.0281 0 180 10 249
chair 0.0211 0 188 8 230
chair 0.0175 0 200 8 219
chair 0.0103 0 197 14 258
chair 0.0073 141 124 162 141
chair 0.0065 119 136 133 146
chair 0.0038 95 123 216 188
chair 0.0038 133 124 173 155
chair 0.0036 99 121 133 149
chair 0.0030 0 160 15 222
chair 0.0029 109 134 200 177
chair 0.0027 55 123 132 166
chair 0.0025 65 123 198 219
chair 0.0023 0 202 18 296
chair 0.0023 128 145 205 203
chair 0.0020 103 132 131 148
chair 0.0019 131 137 179 172
chair 0.0016 77 119 156 187
chair 0.0016 107 131 182 208
chair 0.0014 86 126 140 212
chair 0.0013 0 170 26 278
chair 0.0012 0 205 9 236
chair 0.0011 0 156 5 196
chair 0.0011 100 116 148 163
chair 0.0011 366 111 499 183
chair 0.0011 138 133 189 160
chair 0.0010 0 181 5 205
chair 0.0010 97 126 135 179
sofa 0.0130 0 161 8 217
sofa 0.0115 0 180 10 249
sofa 0.0066 0 197 14 258
sofa 0.0057 0 200 9 220
sofa 0.0049 55 120 132 223
sofa 0.0045 0 188 8 230
sofa 0.0025 114 133 213 250
sofa 0.0012 72 23 505 356
pottedplant 0.0012 143 122 162 140
diningtable 0.0198 116 129 212 250
diningtable 0.0161 55 119 133 222
diningtable 0.0073 0 161 8 217
diningtable 0.0059 83 118 194 207
diningtable 0.0049 100 129 189 176
diningtable 0.0045 0 188 8 230
diningtable 0.0043 141 124 162 141
diningtable 0.0037 0 200 8 219
diningtable 0.0033 119 136 133 146
diningtable 0.0028 0 180 10 249
diningtable 0.0024 133 124 173 155
diningtable 0.0018 119 137 177 163
diningtable 0.0015 0 201 15 276
diningtable 0.0014 72 23 505 356
diningtable 0.0010 114 138 167 151
tvmonitor 0.0104 0 160 7 211
