person 0.1103 477 101 499 273
person 0.0401 259 117 271 130
person 0.0278 345 109 366 129
person 0.0249 1 136 15 154
person 0.0204 485 104 499 180
person 0.0182 485 119 499 150
person 0.0177 0 135 20 180
person 0.0170 0 137 9 153
person 0.0151 288 115 311 128
person 0.0138 492 112 499 130
person 0.0129 264 118 277 130
person 0.0098 491 81 499 137
person 0.0074 286 106 309 130
person 0.0069 492 80 499 98
person 0.0059 489 113 499 142
person 0.0058 494 108 499 124
person 0.0043 350 110 372 131
person 0.0040 34 133 46 149
person 0.0038 19 133 42 154
person 0.0037 459 88 496 281
person 0.0033 319 107 391 128
person 0.0033 7 135 35 154
person 0.0030 0 139 12 162
person 0.0028 269 115 279 130
person 0.0028 478 130 499 210
person 0.0028 246 112 256 129
person 0.0025 482 104 499 147
person 0.0021 56 71 222 117
person 0.0021 445 104 499 203
person 0.0021 284 112 301 129
person 0.0018 255 115 267 129
person 0.0016 262 110 274 129
person 0.0015 221 113 235 128
person 0.0014 3 134 21 150
person 0.0013 171 86 212 119
person 0.0011 67 86 115 113
person 0.0011 468 110 498 178
person 0.0010 246 101 373 136
person 0.0010 43 106 55 142
bicycle 0.6290 0 137 23 180
bicycle 0.2010 0 152 18 180
bicycle 0.1734 4 135 40 179
bicycle 0.1550 17 133 42 156
bicycle 0.0486 11 137 34 162
bicycle 0.0303 35 134 47 150
bicycle 0.0222 25 132 41 151
bicycle 0.0213 1 136 15 154
bicycle 0.0121 0 137 9 153
bicycle 0.0102 0 139 12 162
bicycle 0.0072 8 143 28 179
bicycle 0.0059 15 135 33 150
bicycle 0.0044 0 163 12 180
bicycle 0.0026 29 136 46 155
bicycle 0.0023 19 135 48 173
bicycle 0.0016 28 125 47 152
car 0.7517 222 96 490 232
car 0.5651 369 106 494 191
car 0.1671 10 64 312 291
car 0.0654 477 79 500 267
car 0.0557 485 121 500 150
car 0.0355 486 94 499 224
car 0.0217 478 130 499 210
car 0.0112 445 104 499 203
car 0.0097 485 120 499 183
car 0.0093 370 106 471 142
car 0.0088 471 142 496 194
car 0.0084 492 82 500 98
car 0.0070 491 112 499 136
car 0.0048 342 107 372 130
car 0.0046 492 80 499 115
car 0.0044 455 112 468 135
car 0.0044 459 88 496 281
car 0.0042 49 69 224 125
car 0.0039 468 110 498 178
car 0.0029 435 110 494 164
car 0.0027 222 113 237 128
car 0.0026 36 64 237 170
car 0.0024 465 164 494 199
car 0.0021 475 115 500 149
car 0.0020 17 133 42 156
car 0.0017 222 103 355 232
car 0.0015 36 135 47 149
car 0.0014 29 132 46 150
car 0.0014 489 150 499 198
car 0.0012 479 177 492 200
car 0.0010 486 133 499 166
car 0.0010 0 136 30 180
motorbike 0.0146 0 137 23 181
motorbike 0.0126 19 133 42 154
motorbike 0.0117 477 101 499 273
motorbike 0.0030 6 135 36 154
motorbike 0.0025 0 148 14 180
motorbike 0.0023 487 113 499 147
motorbike 0.0023 492 82 499 97
motorbike 0.0021 35 134 47 150
motorbike 0.0015 491 81 499 137
motorbike 0.0013 2 134 34 169
motorbike 0.0013 7 136 45 180
motorbike 0.0010 14 139 33 160
motorbike 0.0010 491 112 499 136
bus 0.0246 9 65 314 296
bus 0.0037 483 95 499 266
bus 0.0026 469 78 499 268
bus 0.0012 485 104 499 180
train 0.0014 471 87 500 278
train 0.0011 9 65 315 297
dog 0.0012 473 113 500 282
bottle 0.0019 476 101 499 271
bottle 0.0011 454 109 467 135
pottedplant 0.0014 473 100 500 275
