person 0.3946 399 13 433 66
person 0.0205 385 4 434 77
person 0.0145 401 21 426 56
person 0.0051 406 15 427 46
person 0.0043 485 108 499 125
person 0.0042 372 -3 462 83
person 0.0032 395 7 440 48
person 0.0029 382 5 408 78
person 0.0020 479 43 500 81
person 0.0018 398 11 449 82
person 0.0018 165 81 278 281
person 0.0013 306 150 333 204
person 0.0012 414 24 431 55
person 0.0012 303 212 344 252
person 0.0010 436 0 455 69
car 0.0039 479 43 500 81
bird 0.0037 485 108 500 125
bird 0.0018 303 211 346 252
bird 0.0010 158 85 277 276
cat 0.0080 166 83 276 277
cat 0.0062 485 108 500 125
cat 0.0016 303 212 344 252
cat 0.0011 400 13 433 65
dog 0.9222 157 85 277 277
dog 0.0043 400 13 433 65
dog 0.0033 485 108 500 125
dog 0.0019 133 69 386 290
dog 0.0013 303 212 344 252
sheep 0.0022 158 85 277 276
cow 0.0016 158 85 277 276
bottle 0.6655 282 150 301 207
bottle 0.6539 308 147 332 205
bottle 0.5016 341 158 361 201
bottle 0.1689 327 166 345 203
bottle 0.1239 296 153 323 205
bottle 0.0984 360 166 369 201
bottle 0.0930 300 165 315 205
bottle 0.0344 302 211 344 253
bottle 0.0274 312 167 337 202
bottle 0.0264 312 154 363 205
bottle 0.0234 349 164 367 201
bottle 0.0203 478 42 500 82
bottle 0.0134 311 147 328 166
bottle 0.0114 276 163 286 209
bottle 0.0110 277 145 359 260
bottle 0.0087 313 147 329 185
bottle 0.0082 339 145 358 162
bottle 0.0077 277 168 294 207
bottle 0.0075 282 149 299 169
bottle 0.0053 275 174 281 206
bottle 0.0047 278 166 286 190
bottle 0.0044 233 129 364 232
bottle 0.0043 270 166 282 220
bottle 0.0042 323 145 346 202
bottle 0.0037 188 119 399 260
bottle 0.0037 275 161 291 242
bottle 0.0029 485 109 499 125
bottle 0.0027 270 153 310 247
bottle 0.0026 488 48 499 81
bottle 0.0025 266 164 281 247
bottle 0.0022 298 185 311 203
bottle 0.0017 279 162 296 193
bottle 0.0016 310 218 339 246
bottle 0.0015 338 141 360 177
bottle 0.0014 328 188 340 203
bottle 0.0013 354 152 369 202
bottle 0.0011 306 159 330 192
bottle 0.0011 358 157 367 193
bottle 0.0011 275 152 288 197
bottle 0.0011 300 159 316 187
bottle 0.0010 257 165 282 264
chair 0.0038 166 83 276 277
chair 0.0019 399 13 433 66
chair 0.0014 485 108 499 125
chair 0.0010 134 65 387 295
diningtable 0.0024 277 145 359 260
diningtable 0.0020 302 211 345 252
diningtable 0.0019 308 164 334 205
tvmonitor 0.1658 395 6 438 74
tvmonitor 0.0533 372 -3 462 83
tvmonitor 0.0213 478 42 500 82
tvmonitor 0.0151 399 12 429 60
tvmonitor 0.0017 488 48 499 81
