person 0.0230 0 1 82 111
person 0.0187 462 97 499 216
person 0.0150 488 94 499 146
person 0.0082 426 227 498 306
person 0.0069 482 93 499 197
person 0.0023 1 3 116 154
person 0.0020 356 180 500 299
person 0.0017 475 94 499 147
person 0.0017 425 241 470 307
person 0.0012 82 -17 506 361
person 0.0010 0 147 198 369
car 0.0023 426 227 498 306
car 0.0019 354 178 501 301
bird 0.0026 426 227 498 306
cat 0.5760 137 47 481 367
cat 0.0851 426 227 498 306
cat 0.0231 312 183 500 360
cat 0.0208 124 81 369 282
cat 0.0149 125 80 248 238
cat 0.0079 425 241 470 307
cat 0.0066 67 25 321 330
cat 0.0051 386 228 500 372
cat 0.0050 352 181 500 295
cat 0.0039 488 95 499 149
cat 0.0021 462 97 499 216
cat 0.0021 179 227 490 371
cat 0.0018 479 93 499 200
cat 0.0010 266 137 513 320
dog 0.0125 426 227 498 306
dog 0.0056 156 66 497 376
dog 0.0010 488 95 499 149
bottle 0.0026 488 94 499 146
bottle 0.0022 462 97 499 216
bottle 0.0018 426 227 498 306
chair 0.6028 0 2 86 152
chair 0.0451 462 133 499 219
chair 0.0262 82 -18 502 364
chair 0.0141 0 77 77 152
chair 0.0099 214 -1 499 193
chair 0.0085 -1 90 46 154
chair 0.0041 0 92 21 149
chair 0.0031 84 56 126 89
chair 0.0030 118 57 385 353
chair 0.0028 79 25 218 128
chair 0.0024 0 146 199 369
chair 0.0024 105 24 177 48
chair 0.0022 13 11 141 153
chair 0.0020 91 43 140 81
chair 0.0019 426 227 498 306
chair 0.0016 489 96 499 146
chair 0.0015 74 24 215 77
chair 0.0015 0 1 67 92
chair 0.0014 35 6 134 100
chair 0.0014 479 93 499 200
chair 0.0011 33 18 92 140
chair 0.0011 168 40 219 66
chair 0.0011 138 180 500 371
chair 0.0011 0 93 19 124
chair 0.0010 90 36 197 59
chair 0.0010 -2 31 303 370
sofa 0.0668 82 -17 506 361
sofa 0.0410 216 -1 498 243
sofa 0.0127 0 1 86 153
sofa 0.0115 0 147 198 369
sofa 0.0079 462 133 499 219
sofa 0.0046 153 218 498 374
sofa 0.0042 16 107 372 373
sofa 0.0027 159 216 324 372
sofa 0.0027 68 6 491 168
sofa 0.0019 348 183 500 293
sofa 0.0017 67 25 321 330
sofa 0.0017 74 28 232 85
sofa 0.0012 426 227 498 306
sofa 0.0011 266 44 507 355
sofa 0.0010 82 39 224 70
diningtable 0.0450 78 24 220 125
diningtable 0.0159 104 26 180 54
diningtable 0.0115 82 39 224 70
diningtable 0.0078 90 36 197 59
diningtable 0.0071 1 3 88 154
diningtable 0.0040 82 -18 502 364
diningtable 0.0019 2 89 53 154
diningtable 0.0018 -3 19 240 153
diningtable 0.0016 462 133 499 217
diningtable 0.0014 84 56 126 89
diningtable 0.0013 116 56 199 103
diningtable 0.0013 101 5 191 54
diningtable 0.0012 0 146 199 369
diningtable 0.0010 168 40 219 66
tvmonitor 0.0194 217 -4 497 238
tvmonitor 0.0186 426 227 498 306
tvmonitor 0.0113 462 132 499 218
tvmonitor 0.0104 345 180 501 300
tvmonitor 0.0033 489 96 499 146
tvmonitor 0.0032 119 -9 494 366
