person 0.0352 229 137 254 177
person 0.0060 78 122 427 263
person 0.0030 119 115 397 202
person 0.0017 244 103 254 123
person 0.0017 156 136 179 170
person 0.0014 139 143 178 170
person 0.0014 201 102 208 123
person 0.0012 134 148 161 173
car 0.9394 63 121 455 274
car 0.0013 229 141 256 176
bus 0.0012 65 121 457 273
boat 0.0012 65 121 457 273
dog 0.0019 229 141 254 176
sofa 0.0013 65 121 457 273
pottedplant 0.0246 118 65 149 126
pottedplant 0.0091 68 90 84 110
pottedplant 0.0048 67 91 87 125
pottedplant 0.0012 125 74 149 109
