person 0.0056 0 118 9 232
person 0.0028 279 351 327 373
person 0.0019 320 291 487 374
person 0.0017 279 331 393 374
person 0.0015 31 133 409 371
person 0.0011 259 207 310 271
person 0.0010 356 174 434 241
train 0.0012 345 0 500 80
bird 0.0016 256 207 311 270
bottle 0.0205 157 175 180 204
bottle 0.0103 253 209 310 271
bottle 0.0089 330 232 382 257
bottle 0.0032 495 58 499 87
bottle 0.0020 166 173 184 201
bottle 0.0019 268 233 310 275
bottle 0.0019 281 209 299 239
bottle 0.0019 154 144 235 173
bottle 0.0018 187 197 400 311
bottle 0.0015 0 118 12 237
bottle 0.0013 51 146 480 362
bottle 0.0013 120 171 189 203
bottle 0.0013 313 220 380 248
bottle 0.0011 110 160 163 181
bottle 0.0010 155 171 163 185
chair 0.8908 8 248 153 372
chair 0.8880 357 174 434 241
chair 0.8666 252 150 307 194
chair 0.8163 70 143 145 171
chair 0.8088 367 286 484 373
chair 0.7606 208 120 267 168
chair 0.5357 14 174 116 314
chair 0.3070 17 175 73 250
chair 0.1017 208 122 265 145
chair 0.0808 307 307 470 373
chair 0.0791 111 160 157 181
chair 0.0495 0 118 12 237
chair 0.0406 10 236 46 282
chair 0.0326 13 234 85 298
chair 0.0317 18 173 57 223
chair 0.0278 23 224 127 332
chair 0.0277 32 309 152 373
chair 0.0195 88 151 152 178
chair 0.0179 313 332 394 374
chair 0.0129 392 231 418 246
chair 0.0117 4 238 62 362
chair 0.0110 203 162 261 188
chair 0.0098 247 164 301 209
chair 0.0092 276 351 325 374
chair 0.0087 299 170 308 194
chair 0.0084 0 109 8 216
chair 0.0079 46 249 115 342
chair 0.0064 150 128 322 197
chair 0.0063 106 264 211 373
chair 0.0057 14 154 133 254
chair 0.0045 0 119 5 159
chair 0.0039 0 144 23 245
chair 0.0037 6 231 50 312
chair 0.0036 1 170 48 261
chair 0.0036 32 232 111 274
chair 0.0031 154 144 241 172
chair 0.0031 0 173 12 256
chair 0.0031 223 182 295 206
chair 0.0028 12 150 110 210
chair 0.0028 77 144 180 179
chair 0.0027 68 163 127 174
chair 0.0026 112 168 160 190
chair 0.0025 124 174 166 205
chair 0.0025 26 146 447 369
chair 0.0024 223 167 328 216
chair 0.0024 10 200 52 287
chair 0.0023 162 136 357 227
chair 0.0023 154 175 185 205
chair 0.0021 24 206 79 245
chair 0.0021 292 247 495 375
chair 0.0019 42 203 109 291
chair 0.0018 0 121 4 138
chair 0.0017 0 116 7 174
chair 0.0017 173 131 274 167
chair 0.0017 122 131 457 267
chair 0.0016 14 142 154 176
chair 0.0016 70 152 115 171
chair 0.0016 425 284 497 371
chair 0.0015 104 157 184 211
chair 0.0014 373 214 428 250
chair 0.0014 40 152 179 231
chair 0.0013 7 157 73 188
chair 0.0013 0 115 3 133
chair 0.0013 97 160 147 175
chair 0.0013 23 165 70 179
chair 0.0012 107 154 175 175
chair 0.0012 19 186 52 262
chair 0.0012 373 301 446 368
chair 0.0011 0 162 9 233
chair 0.0011 159 208 258 255
chair 0.0011 31 174 56 209
chair 0.0011 -5 155 212 362
chair 0.0011 280 337 353 374
chair 0.0011 29 171 77 222
chair 0.0010 187 147 245 169
chair 0.0010 1 259 42 373
chair 0.0010 0 230 21 255
chair 0.0010 14 163 72 210
chair 0.0010 0 124 42 237
chair 0.0010 295 163 309 193
chair 0.0010 307 165 473 328
sofa 0.0120 69 143 146 172
sofa 0.0078 208 122 265 167
sofa 0.0027 26 146 447 369
sofa 0.0025 356 173 434 242
sofa 0.0025 365 284 485 373
sofa 0.0023 17 173 111 275
sofa 0.0021 9 239 153 372
sofa 0.0019 252 151 307 193
sofa 0.0018 0 118 9 232
pottedplant 0.0072 49 161 468 360
pottedplant 0.0044 254 208 312 270
pottedplant 0.0019 120 173 418 293
pottedplant 0.0018 252 209 297 246
pottedplant 0.0013 154 0 196 153
diningtable 0.4379 26 146 447 369
diningtable 0.1780 158 209 261 258
diningtable 0.0325 78 195 359 268
diningtable 0.0325 254 208 312 270
diningtable 0.0287 34 141 400 275
diningtable 0.0235 69 143 147 172
diningtable 0.0205 0 118 12 237
diningtable 0.0182 153 175 183 204
diningtable 0.0172 207 121 266 165
diningtable 0.0148 254 235 325 284
diningtable 0.0130 106 139 307 211
diningtable 0.0126 110 160 157 182
diningtable 0.0112 40 156 289 244
diningtable 0.0092 158 148 252 179
diningtable 0.0080 160 174 423 303
diningtable 0.0077 89 129 381 228
diningtable 0.0053 124 174 166 205
diningtable 0.0050 252 150 307 195
diningtable 0.0049 17 174 66 247
diningtable 0.0044 221 183 290 206
diningtable 0.0041 173 191 469 361
diningtable 0.0038 233 204 380 250
diningtable 0.0036 15 167 65 209
diningtable 0.0033 88 154 237 210
diningtable 0.0033 17 173 111 275
diningtable 0.0033 155 138 276 173
diningtable 0.0032 28 161 263 354
diningtable 0.0029 216 196 394 288
diningtable 0.0029 203 162 261 188
diningtable 0.0028 12 150 110 210
diningtable 0.0027 208 120 266 143
diningtable 0.0024 0 144 23 245
diningtable 0.0023 112 168 160 190
diningtable 0.0022 303 305 484 373
diningtable 0.0022 104 157 184 211
diningtable 0.0021 292 207 368 242
diningtable 0.0020 7 157 73 188
diningtable 0.0020 3 148 137 186
diningtable 0.0020 200 169 248 182
diningtable 0.0019 88 151 152 178
diningtable 0.0018 0 109 8 216
diningtable 0.0018 252 209 297 246
diningtable 0.0017 356 174 435 241
diningtable 0.0014 226 170 326 216
diningtable 0.0014 313 220 380 248
diningtable 0.0014 8 248 153 372
diningtable 0.0014 127 186 161 205
diningtable 0.0012 40 152 179 231
diningtable 0.0012 44 161 129 252
diningtable 0.0012 157 156 239 173
diningtable 0.0011 21 151 196 303
diningtable 0.0011 281 209 298 237
diningtable 0.0010 23 165 70 179
diningtable 0.0010 152 142 238 167
diningtable 0.0010 0 119 5 159
tvmonitor 0.0129 345 0 500 80
tvmonitor 0.0013 208 122 265 167
tvmonitor 0.0011 495 58 500 87
