person 0.8846 183 22 444 397
person 0.5181 379 110 498 393
person 0.0735 434 118 499 378
person 0.0126 5 101 59 158
person 0.0102 0 86 88 192
person 0.0055 318 36 471 388
person 0.0029 381 248 499 387
person 0.0027 224 125 486 366
person 0.0023 444 107 499 202
person 0.0021 146 47 290 380
person 0.0020 189 100 432 277
person 0.0017 8 106 48 143
person 0.0016 0 0 18 70
person 0.0015 380 148 463 294
bottle 0.0047 434 151 445 164
bottle 0.0046 427 144 444 163
bottle 0.0045 430 151 440 164
bottle 0.0042 205 176 229 197
bottle 0.0028 438 145 445 162
bottle 0.0026 228 173 254 199
bottle 0.0019 429 159 447 194
bottle 0.0012 178 172 241 202
bottle 0.0012 430 155 446 169
bottle 0.0010 0 0 18 70
bottle 0.0010 426 147 437 166
bottle 0.0010 428 152 443 173
bottle 0.0010 215 178 237 202
chair 0.0571 377 112 499 396
chair 0.0541 382 298 497 389
chair 0.0190 434 118 499 378
chair 0.0148 203 295 256 344
chair 0.0115 92 336 264 399
chair 0.0099 235 114 487 396
chair 0.0098 253 290 419 397
chair 0.0075 380 298 483 344
chair 0.0068 0 0 18 70
chair 0.0064 168 329 253 385
chair 0.0058 372 262 480 372
chair 0.0057 194 311 239 353
chair 0.0054 -1 324 33 347
chair 0.0054 247 286 331 381
chair 0.0052 429 162 448 198
chair 0.0050 189 291 259 380
chair 0.0046 187 323 228 352
chair 0.0041 324 315 417 396
chair 0.0034 307 299 458 393
chair 0.0030 401 226 500 387
chair 0.0029 411 141 455 281
chair 0.0025 346 144 464 379
chair 0.0025 380 148 463 294
chair 0.0022 280 226 485 392
chair 0.0021 419 147 455 216
chair 0.0020 236 291 298 352
chair 0.0016 449 296 499 389
chair 0.0016 442 110 499 207
chair 0.0015 2 63 173 235
chair 0.0014 2 289 92 394
chair 0.0014 196 331 227 345
chair 0.0013 196 188 427 389
chair 0.0012 -1 291 85 349
chair 0.0012 420 143 448 184
chair 0.0011 394 192 448 296
chair 0.0011 222 294 257 331
chair 0.0010 426 161 446 216
chair 0.0010 397 124 451 342
chair 0.0010 374 307 446 385
chair 0.0010 380 306 429 331
sofa 0.0216 377 112 499 396
sofa 0.0094 434 118 499 378
sofa 0.0038 235 114 487 396
sofa 0.0023 381 248 499 387
diningtable 0.0350 4 200 263 385
diningtable 0.0228 62 209 197 277
tvmonitor 0.7708 -1 65 172 255
tvmonitor 0.0387 0 0 18 70
tvmonitor 0.0350 -2 77 95 241
tvmonitor 0.0228 68 71 171 202
tvmonitor 0.0213 148 77 274 201
tvmonitor 0.0090 1 86 80 170
tvmonitor 0.0060 0 94 19 251
tvmonitor 0.0053 70 209 197 274
tvmonitor 0.0037 4 101 60 158
tvmonitor 0.0018 433 107 499 329
tvmonitor 0.0014 219 72 273 195
tvmonitor 0.0011 60 79 270 224
tvmonitor 0.0010 113 97 233 204
