person 0.0256 449 171 456 184
person 0.0227 384 142 467 208
person 0.0217 436 171 453 184
person 0.0119 434 168 449 186
person 0.0118 448 169 458 189
person 0.0087 451 172 456 189
person 0.0044 451 169 457 180
person 0.0041 408 157 461 194
person 0.0040 434 167 456 192
person 0.0034 394 153 429 194
person 0.0032 436 165 447 181
person 0.0029 396 163 420 179
person 0.0026 401 166 413 177
person 0.0023 393 154 411 178
person 0.0023 428 167 443 184
person 0.0021 440 168 453 180
person 0.0019 392 159 419 187
person 0.0016 415 149 449 202
person 0.0015 429 161 461 200
person 0.0013 400 157 413 175
car 0.0023 387 142 465 207
boat 0.0012 384 143 467 207
bird 0.0045 138 120 157 141
cat 0.0013 138 120 157 141
cat 0.0013 119 115 164 154
dog 0.0039 138 120 157 141
dog 0.0011 119 115 164 154
horse 0.0020 139 120 158 142
horse 0.0010 116 115 164 159
chair 0.0017 384 143 467 207
sofa 0.0021 384 143 467 207
tvmonitor 0.8968 386 141 467 208
tvmonitor 0.0021 434 168 449 186
tvmonitor 0.0016 415 149 449 202
tvmonitor 0.0014 408 157 461 194
tvmonitor 0.0011 434 167 456 192
