person 0.0061 1 327 309 498
person 0.0024 20 367 167 500
person 0.0023 -11 -4 398 416
person 0.0023 118 114 205 209
person 0.0010 256 67 317 144
bird 0.0010 256 66 317 143
cat 0.3516 35 368 187 499
cat 0.2157 255 67 318 143
cat 0.0333 120 113 203 210
cat 0.0082 6 334 309 500
cat 0.0039 156 9 382 261
cat 0.0014 257 66 315 106
dog 0.8459 115 114 203 209
dog 0.8142 256 67 317 143
dog 0.6581 39 371 187 498
dog 0.0551 147 -6 395 245
dog 0.0322 6 334 309 500
dog 0.0060 -10 14 374 380
dog 0.0048 257 66 315 106
dog 0.0021 101 84 242 218
dog 0.0014 103 164 199 210
dog 0.0013 230 56 361 171
horse 0.0011 259 68 319 134
cow 0.0012 256 67 318 143
cow 0.0010 120 113 204 211
bottle 0.0011 381 133 390 146
chair 0.3590 157 11 382 259
chair 0.3251 8 45 324 375
chair 0.1071 255 67 317 143
chair 0.0803 4 181 313 499
chair 0.0346 110 114 205 215
chair 0.0078 164 19 340 170
chair 0.0046 237 72 388 244
chair 0.0043 2 46 169 212
chair 0.0035 108 314 167 341
chair 0.0032 26 289 274 369
chair 0.0017 -7 326 166 510
chair 0.0017 27 352 323 498
sofa 0.4641 1 15 372 403
sofa 0.2148 157 10 382 260
sofa 0.1551 1 327 309 498
sofa 0.0985 110 113 206 215
sofa 0.0737 2 164 357 501
sofa 0.0444 255 67 317 143
sofa 0.0076 12 138 311 365
sofa 0.0056 -7 326 166 510
sofa 0.0056 237 72 388 244
sofa 0.0047 38 374 185 498
sofa 0.0038 26 289 274 369
sofa 0.0016 -3 46 228 346
sofa 0.0016 164 19 340 170
sofa 0.0012 2 46 169 212
diningtable 0.0013 -7 326 166 510
diningtable 0.0013 7 331 317 499
