person 0.0127 0 281 11 328
person 0.0045 87 0 445 52
person 0.0045 39 28 484 303
person 0.0019 0 0 61 24
person 0.0014 140 136 376 299
person 0.0011 357 14 499 293
bicycle 0.0111 0 0 61 24
car 0.0012 0 0 59 23
motorbike 0.0021 0 0 61 24
boat 0.0014 0 0 60 26
bird 0.0014 1 0 59 32
cat 0.0748 141 136 375 298
cat 0.0300 76 29 479 303
dog 0.3155 41 28 482 303
dog 0.2276 104 133 374 305
dog 0.0475 21 46 272 308
dog 0.0199 36 164 243 303
dog 0.0053 0 42 99 320
dog 0.0028 28 -1 502 164
dog 0.0025 56 30 192 274
dog 0.0023 33 206 177 307
dog 0.0010 259 40 431 299
horse 0.0020 41 28 483 309
horse 0.0019 141 137 375 299
sheep 0.0108 79 31 482 309
sheep 0.0102 79 123 383 302
cow 0.0689 57 26 415 310
cow 0.0443 141 137 375 299
cow 0.0011 35 79 264 304
chair 0.0324 346 13 497 294
chair 0.0150 87 0 445 52
chair 0.0114 0 42 99 320
chair 0.0113 0 281 11 328
chair 0.0106 73 29 482 302
chair 0.0040 384 2 499 58
chair 0.0032 28 -1 502 164
chair 0.0019 0 0 60 28
chair 0.0014 1 23 182 309
sofa 0.0569 73 29 482 302
sofa 0.0424 346 14 496 294
sofa 0.0350 0 42 99 320
sofa 0.0232 87 0 445 52
sofa 0.0094 28 -1 502 164
sofa 0.0054 2 35 194 322
sofa 0.0042 0 281 11 328
sofa 0.0041 382 2 499 60
sofa 0.0020 15 -2 425 96
sofa 0.0010 1 0 164 65
pottedplant 0.0068 384 2 499 58
pottedplant 0.0016 0 0 60 28
diningtable 0.0031 76 29 479 303
diningtable 0.0023 0 281 11 328
diningtable 0.0015 0 0 61 24
