person 0.7093 47 139 66 183
person 0.0544 49 140 65 162
person 0.0366 48 157 63 187
person 0.0344 48 142 57 159
person 0.0255 63 145 70 175
person 0.0241 19 149 34 175
person 0.0153 227 142 235 153
person 0.0110 65 146 72 161
person 0.0098 64 144 77 166
person 0.0081 243 136 257 154
person 0.0069 65 146 82 178
person 0.0058 24 147 35 172
person 0.0056 132 125 149 152
person 0.0048 342 145 352 156
person 0.0039 222 140 236 155
person 0.0038 79 146 91 159
person 0.0035 72 146 88 164
person 0.0033 278 140 291 152
person 0.0030 126 124 161 154
person 0.0029 113 134 130 161
person 0.0029 324 149 332 157
person 0.0027 59 157 68 178
person 0.0024 43 143 59 167
person 0.0018 64 141 73 155
person 0.0015 370 142 383 156
person 0.0015 84 145 98 159
person 0.0014 102 128 129 160
person 0.0014 383 145 391 157
person 0.0013 68 85 406 244
person 0.0013 23 144 34 164
person 0.0012 346 145 357 156
person 0.0012 146 126 174 155
person 0.0011 234 137 247 154
person 0.0011 296 141 307 154
person 0.0010 358 143 371 155
person 0.0010 52 138 63 148
person 0.0010 75 148 93 168
person 0.0010 80 138 99 159
bicycle 0.6380 48 162 61 188
bicycle 0.3302 47 141 65 186
bicycle 0.0224 19 149 34 175
bicycle 0.0193 50 156 67 184
bicycle 0.0065 59 157 68 178
bicycle 0.0048 24 147 35 172
bicycle 0.0042 63 145 70 175
bicycle 0.0028 65 146 82 178
bicycle 0.0023 33 156 69 184
bicycle 0.0014 48 142 79 181
bicycle 0.0014 107 129 130 159
bicycle 0.0014 56 161 72 184
bicycle 0.0013 90 132 128 161
bicycle 0.0013 74 145 93 162
bicycle 0.0012 68 156 80 179
bicycle 0.0010 45 163 54 185
bicycle 0.0010 100 129 120 159
car 0.0042 457 168 477 184
car 0.0030 458 168 478 176
car 0.0030 412 166 475 182
car 0.0020 48 162 62 188
car 0.0014 48 140 67 183
car 0.0011 421 167 468 177
car 0.0010 19 148 33 173
motorbike 0.0595 49 162 61 188
motorbike 0.0117 47 140 66 185
motorbike 0.0055 50 156 67 184
motorbike 0.0029 18 149 34 175
motorbike 0.0018 63 145 70 175
motorbike 0.0016 59 157 68 178
bus 0.9467 68 85 406 243
dog 0.0021 18 150 31 174
horse 0.0037 48 153 63 187
bottle 0.0012 49 162 61 188
chair 0.0052 19 150 33 175
pottedplant 0.0011 19 150 32 175
