person 0.8977 249 287 285 367
person 0.8399 204 332 241 373
person 0.0349 195 333 258 380
person 0.0136 55 232 376 441
person 0.0091 220 334 241 370
person 0.0080 56 306 369 406
person 0.0033 249 289 282 332
person 0.0022 248 306 260 324
person 0.0021 196 332 229 368
person 0.0016 348 293 352 298
person 0.0015 113 280 143 316
person 0.0013 156 281 334 379
person 0.0013 249 305 268 326
person 0.0012 78 345 367 399
person 0.0012 207 331 235 351
person 0.0012 263 302 284 364
person 0.0011 210 349 242 374
person 0.0010 215 335 256 371
aeroplane 0.0027 32 -7 249 390
bus 0.0011 27 0 369 409
train 0.0010 55 232 376 441
boat 0.2742 204 332 242 374
boat 0.2376 32 -8 248 390
boat 0.1535 78 345 367 399
boat 0.1469 55 232 376 441
boat 0.0794 348 293 352 298
boat 0.0416 58 49 370 406
boat 0.0345 56 306 369 406
boat 0.0339 348 291 353 297
boat 0.0280 9 339 21 345
boat 0.0194 1 339 18 345
boat 0.0106 43 304 69 340
boat 0.0104 346 293 353 299
boat 0.0079 349 289 369 296
boat 0.0074 27 304 82 346
boat 0.0055 0 335 23 348
boat 0.0047 249 288 284 366
boat 0.0028 7 335 23 343
boat 0.0028 347 286 373 298
boat 0.0028 348 295 353 299
boat 0.0027 49 319 82 347
boat 0.0023 32 334 46 340
boat 0.0021 29 332 51 342
boat 0.0020 328 291 352 299
boat 0.0020 331 291 341 297
boat 0.0020 26 322 68 346
boat 0.0020 296 289 361 305
boat 0.0019 37 313 70 352
boat 0.0018 13 336 40 345
boat 0.0018 223 310 236 316
boat 0.0017 1 339 12 348
boat 0.0016 179 291 233 338
boat 0.0016 24 335 45 342
boat 0.0015 54 328 78 339
boat 0.0013 1 334 19 344
boat 0.0013 220 308 238 314
boat 0.0012 37 331 56 340
boat 0.0012 5 315 63 348
boat 0.0011 44 326 61 341
boat 0.0010 220 304 238 317
bird 0.0298 348 293 353 298
bird 0.0033 346 292 352 297
bird 0.0019 9 339 21 345
diningtable 0.0017 55 232 376 441
diningtable 0.0011 69 311 365 406
