person 0.9304 17 50 192 369
person 0.9296 188 80 296 370
person 0.9189 279 29 435 372
person 0.0102 0 254 19 303
person 0.0061 0 254 33 318
person 0.0043 0 252 3 268
person 0.0028 0 325 11 340
person 0.0017 36 106 343 362
person 0.0017 0 251 7 275
person 0.0017 152 79 398 370
person 0.0015 0 255 17 280
person 0.0013 147 65 223 374
person 0.0013 0 354 40 374
person 0.0013 0 325 24 345
person 0.0013 231 77 334 362
person 0.0012 92 76 213 374
person 0.0011 0 321 17 336
person 0.0010 0 287 31 356
bottle 0.0403 28 264 39 298
bottle 0.0298 43 301 68 344
bottle 0.0049 31 267 46 302
bottle 0.0048 2 262 45 317
bottle 0.0031 0 300 82 372
bottle 0.0015 278 274 292 283
bottle 0.0014 28 312 46 331
bottle 0.0012 25 293 62 331
chair 0.1270 0 254 19 303
chair 0.0697 0 254 33 318
chair 0.0162 29 266 42 299
chair 0.0071 0 255 17 280
chair 0.0061 12 224 245 371
chair 0.0061 0 252 4 269
chair 0.0058 0 323 27 345
chair 0.0056 0 251 8 277
chair 0.0049 -1 262 49 344
chair 0.0044 19 224 114 342
chair 0.0036 0 356 45 374
chair 0.0029 111 223 374 371
chair 0.0023 45 305 69 346
chair 0.0022 173 221 204 374
chair 0.0021 0 275 25 325
chair 0.0018 0 354 13 373
chair 0.0017 0 258 94 356
chair 0.0017 0 320 13 337
chair 0.0016 1 304 89 373
chair 0.0016 0 287 31 356
chair 0.0016 0 267 13 321
chair 0.0012 25 251 52 301
chair 0.0012 0 251 3 264
chair 0.0012 0 338 82 371
chair 0.0011 70 355 87 374
chair 0.0010 18 240 102 303
chair 0.0010 27 312 46 330
chair 0.0010 188 83 297 370
sofa 0.1398 0 254 19 303
sofa 0.1136 0 254 33 318
sofa 0.0424 12 224 245 371
sofa 0.0352 111 223 374 371
sofa 0.0219 0 294 88 378
sofa 0.0156 0 323 27 345
sofa 0.0100 0 258 94 356
sofa 0.0091 -7 276 190 368
sofa 0.0071 -1 262 49 344
sofa 0.0054 0 287 31 356
sofa 0.0053 39 143 338 368
sofa 0.0050 0 251 8 277
sofa 0.0050 188 83 297 370
sofa 0.0049 0 255 17 280
sofa 0.0042 19 224 114 342
sofa 0.0040 43 301 68 344
sofa 0.0038 173 221 204 374
sofa 0.0031 0 288 40 329
sofa 0.0027 29 266 42 299
sofa 0.0020 0 275 25 325
sofa 0.0014 0 267 13 321
sofa 0.0014 269 16 443 355
sofa 0.0013 27 312 46 330
sofa 0.0013 0 252 4 269
sofa 0.0012 17 51 193 367
sofa 0.0012 277 261 305 314
sofa 0.0010 225 247 356 329
sofa 0.0010 23 304 51 336
pottedplant 0.0012 0 253 18 298
diningtable 0.2098 1 304 89 373
diningtable 0.1197 44 301 68 347
diningtable 0.0223 0 257 37 324
diningtable 0.0217 16 322 81 363
diningtable 0.0199 -7 248 125 362
diningtable 0.0128 0 323 27 345
diningtable 0.0059 0 338 82 371
diningtable 0.0043 1 276 47 357
diningtable 0.0040 -15 300 188 370
diningtable 0.0034 17 227 206 370
diningtable 0.0033 27 312 46 330
diningtable 0.0027 23 304 51 336
diningtable 0.0027 0 311 49 377
diningtable 0.0019 48 330 67 346
diningtable 0.0018 0 258 19 299
diningtable 0.0017 0 355 47 374
diningtable 0.0015 0 302 30 346
diningtable 0.0012 2 271 87 351
diningtable 0.0010 21 311 60 352
diningtable 0.0010 29 266 42 299
diningtable 0.0010 4 358 88 375
tvmonitor 0.0017 0 259 35 323
tvmonitor 0.0010 0 323 27 345
