person 0.9419 8 84 127 373
person 0.9121 347 90 498 372
person 0.8961 228 160 352 368
person 0.0181 349 219 439 310
person 0.0145 143 154 411 368
person 0.0102 0 140 19 318
person 0.0073 383 250 415 294
person 0.0049 95 57 478 378
person 0.0048 364 243 428 300
person 0.0048 239 170 244 183
person 0.0029 231 187 494 366
person 0.0027 355 253 376 295
person 0.0026 288 254 498 373
person 0.0023 434 331 500 372
person 0.0022 254 138 275 148
person 0.0022 373 248 399 300
person 0.0022 315 178 320 184
person 0.0019 0 356 44 376
person 0.0018 479 161 500 327
person 0.0018 478 278 499 320
person 0.0017 376 177 383 182
person 0.0017 48 80 164 377
person 0.0014 472 149 489 181
person 0.0014 226 181 232 187
person 0.0013 0 254 10 309
person 0.0011 344 225 464 355
person 0.0011 -9 108 297 362
person 0.0010 287 327 389 374
person 0.0010 58 227 506 373
person 0.0010 0 216 14 305
bicycle 0.0042 0 355 43 375
bicycle 0.0022 282 301 497 372
bicycle 0.0011 0 256 15 316
bicycle 0.0010 36 9 495 378
car 0.0025 474 248 500 331
car 0.0019 0 356 43 375
car 0.0019 58 227 506 373
car 0.0017 477 278 499 320
car 0.0017 0 160 10 166
car 0.0015 228 161 352 369
car 0.0012 476 177 499 211
car 0.0010 436 317 500 371
motorbike 0.0156 281 308 497 371
motorbike 0.0026 304 243 503 368
motorbike 0.0019 0 356 43 375
motorbike 0.0014 434 331 500 372
aeroplane 0.0274 32 4 496 367
aeroplane 0.0064 58 227 506 373
aeroplane 0.0044 228 161 352 369
aeroplane 0.0032 88 28 508 203
aeroplane 0.0010 270 24 496 310
bus 0.0021 36 9 495 378
bus 0.0011 228 161 352 369
train 0.0033 228 161 352 369
train 0.0016 36 9 495 378
train 0.0011 58 227 506 373
boat 0.3685 36 9 495 378
boat 0.1531 19 175 406 373
boat 0.1468 60 280 492 370
boat 0.1193 282 301 497 372
boat 0.0696 232 161 351 369
boat 0.0403 0 255 12 299
boat 0.0294 91 28 506 201
boat 0.0190 169 172 495 372
boat 0.0184 304 243 503 368
boat 0.0160 434 331 500 372
boat 0.0155 294 173 396 189
boat 0.0136 230 321 438 373
boat 0.0125 0 356 42 375
boat 0.0113 269 27 496 310
boat 0.0107 0 160 10 166
boat 0.0097 183 222 391 370
boat 0.0096 314 302 368 332
boat 0.0087 70 164 290 342
boat 0.0076 366 246 445 324
boat 0.0072 -20 181 216 368
boat 0.0064 0 261 25 333
boat 0.0058 226 281 445 348
boat 0.0049 75 284 274 371
boat 0.0047 387 249 416 297
boat 0.0045 469 160 499 214
boat 0.0042 308 177 387 185
boat 0.0040 477 177 500 211
boat 0.0035 -16 22 296 385
boat 0.0031 275 147 402 204
boat 0.0030 372 244 425 304
boat 0.0029 238 170 246 184
boat 0.0028 7 85 127 372
boat 0.0028 0 286 22 327
boat 0.0027 244 172 269 188
boat 0.0027 461 301 499 362
boat 0.0026 441 285 499 376
boat 0.0024 248 82 418 269
boat 0.0024 314 177 320 183
boat 0.0021 253 175 267 187
boat 0.0020 141 302 429 372
boat 0.0019 478 177 500 193
boat 0.0019 244 162 268 185
boat 0.0017 0 264 37 377
boat 0.0017 358 323 501 372
boat 0.0016 471 169 496 199
boat 0.0016 343 178 352 183
boat 0.0016 294 164 402 197
boat 0.0016 474 277 500 330
boat 0.0015 376 177 383 182
boat 0.0014 201 346 287 373
boat 0.0014 159 161 167 165
boat 0.0014 93 191 242 314
boat 0.0014 301 176 359 188
boat 0.0014 -15 232 141 368
boat 0.0014 269 117 412 188
boat 0.0013 237 166 253 184
boat 0.0013 299 301 385 352
boat 0.0013 286 324 391 374
boat 0.0012 0 254 77 349
boat 0.0011 143 331 382 370
boat 0.0011 -2 19 451 136
boat 0.0011 336 87 499 373
boat 0.0010 1 24 347 211
boat 0.0010 332 249 354 261
horse 0.0112 281 308 497 371
cow 0.0034 282 301 497 372
bottle 0.0966 381 251 413 295
bottle 0.0483 375 243 399 298
bottle 0.0248 349 219 439 310
bottle 0.0155 393 253 407 287
bottle 0.0143 297 105 502 388
bottle 0.0115 364 243 428 300
bottle 0.0102 396 255 420 297
bottle 0.0074 355 254 376 294
bottle 0.0032 394 256 406 272
bottle 0.0025 294 254 493 371
bottle 0.0016 358 239 385 287
bottle 0.0013 234 194 491 363
chair 0.0444 433 339 499 374
chair 0.0401 0 256 13 306
chair 0.0129 0 355 43 375
chair 0.0060 476 315 500 335
chair 0.0057 0 257 21 326
chair 0.0044 447 319 499 365
chair 0.0029 475 326 500 352
chair 0.0021 477 280 500 321
chair 0.0019 0 265 9 299
chair 0.0015 441 285 499 376
chair 0.0010 0 293 21 321
chair 0.0010 0 254 21 293
sofa 0.0040 435 331 500 373
sofa 0.0012 477 279 499 323
sofa 0.0010 304 243 503 368
diningtable 0.0461 433 321 499 373
diningtable 0.0117 475 315 500 343
diningtable 0.0072 476 279 499 328
diningtable 0.0049 461 301 499 362
diningtable 0.0035 441 272 500 374
diningtable 0.0029 475 326 500 352
diningtable 0.0021 304 243 503 368
diningtable 0.0015 0 356 43 375
diningtable 0.0014 341 321 511 372
diningtable 0.0014 0 256 13 306
