person 0.8282 269 103 435 349
person 0.8120 24 49 284 358
person 0.0045 57 88 498 362
person 0.0032 407 154 499 371
person 0.0011 476 151 499 185
boat 0.0011 21 73 492 367
cat 0.0012 476 152 499 187
bottle 0.0031 153 290 236 358
bottle 0.0015 146 253 275 361
bottle 0.0015 320 302 449 372
chair 0.0191 269 115 495 376
chair 0.0135 396 149 501 368
chair 0.0061 24 49 284 358
chair 0.0026 13 102 498 369
chair 0.0010 315 293 452 371
sofa 0.1705 21 73 492 367
sofa 0.0958 407 153 499 371
sofa 0.0380 269 115 495 376
sofa 0.0151 42 49 295 358
sofa 0.0042 34 214 477 375
sofa 0.0034 5 26 513 222
sofa 0.0016 361 84 501 335
diningtable 0.0015 -11 117 488 365
diningtable 0.0012 29 223 445 367
