person 0.0015 404 2 486 140
person 0.0011 364 0 444 64
person 0.0010 296 45 440 339
cat 0.0016 455 41 491 80
bottle 0.0789 140 0 182 25
bottle 0.0169 90 2 148 33
bottle 0.0061 219 1 236 31
bottle 0.0039 57 2 88 22
bottle 0.0025 205 0 240 31
bottle 0.0021 211 1 224 31
bottle 0.0013 200 0 209 28
bottle 0.0010 463 41 495 112
chair 0.0311 203 0 271 33
chair 0.0301 215 0 240 31
chair 0.0274 274 1 363 54
chair 0.0182 47 20 436 335
chair 0.0107 221 2 234 31
chair 0.0105 405 41 487 142
chair 0.0103 232 2 269 34
chair 0.0093 233 0 248 27
chair 0.0079 296 45 440 339
chair 0.0071 208 -3 301 42
chair 0.0051 364 0 445 64
chair 0.0041 254 1 316 38
chair 0.0035 211 0 229 31
chair 0.0033 239 0 269 21
chair 0.0031 226 0 243 26
chair 0.0028 433 86 485 145
chair 0.0025 275 2 303 39
chair 0.0022 456 45 494 82
chair 0.0021 236 0 255 18
chair 0.0021 249 1 276 32
chair 0.0019 475 80 499 155
chair 0.0018 255 0 269 18
chair 0.0017 468 58 500 139
chair 0.0016 403 0 489 112
chair 0.0013 222 -2 364 63
chair 0.0012 228 13 282 41
chair 0.0012 472 70 499 112
chair 0.0010 333 25 366 56
chair 0.0010 273 0 344 35
sofa 0.4058 47 21 439 333
sofa 0.0063 296 45 440 339
sofa 0.0014 363 0 442 64
sofa 0.0011 405 41 487 142
pottedplant 0.0035 91 1 143 33
pottedplant 0.0031 57 2 89 22
pottedplant 0.0015 141 0 181 24
diningtable 0.0049 471 82 499 169
diningtable 0.0025 433 86 485 145
diningtable 0.0023 51 21 444 335
diningtable 0.0017 468 58 500 139
diningtable 0.0016 483 103 500 212
diningtable 0.0015 405 41 487 142
diningtable 0.0012 485 129 500 185
diningtable 0.0010 203 0 271 33
diningtable 0.0010 262 0 348 42
tvmonitor 0.0020 365 0 444 65
