person 0.0058 198 108 313 234
person 0.0036 164 193 181 229
person 0.0021 106 39 127 77
person 0.0015 99 204 267 371
person 0.0010 79 154 179 378
bird 0.0018 164 193 181 229
bird 0.0011 230 199 263 234
bird 0.0010 143 196 169 220
horse 0.0011 103 37 126 78
bottle 0.0031 230 199 263 234
bottle 0.0014 164 190 182 223
bottle 0.0013 80 158 174 352
bottle 0.0012 253 202 265 237
bottle 0.0012 391 196 461 265
bottle 0.0011 418 197 460 233
bottle 0.0011 183 202 201 236
bottle 0.0010 263 162 347 239
bottle 0.0010 152 191 171 218
chair 0.8420 287 200 450 376
chair 0.8067 95 227 264 371
chair 0.4562 265 162 346 221
chair 0.2245 78 164 154 358
chair 0.1229 75 163 150 230
chair 0.0783 202 122 346 233
chair 0.0538 216 180 372 377
chair 0.0531 287 212 340 239
chair 0.0380 228 107 261 143
chair 0.0329 304 162 346 218
chair 0.0323 256 165 361 261
chair 0.0209 260 180 326 232
chair 0.0175 73 168 312 368
chair 0.0137 386 196 460 289
chair 0.0121 123 305 262 372
chair 0.0119 264 196 306 224
chair 0.0108 155 190 186 234
chair 0.0096 200 251 346 377
chair 0.0070 229 201 263 235
chair 0.0068 281 173 373 331
chair 0.0067 260 116 283 142
chair 0.0051 77 164 147 181
chair 0.0048 283 239 392 379
chair 0.0048 269 197 310 213
chair 0.0039 232 115 253 146
chair 0.0038 331 224 348 235
chair 0.0037 305 126 458 337
chair 0.0036 262 115 314 167
chair 0.0036 137 188 202 241
chair 0.0033 294 222 342 243
chair 0.0032 75 165 148 200
chair 0.0032 207 217 356 322
chair 0.0030 259 112 301 150
chair 0.0030 323 162 344 218
chair 0.0030 152 231 307 380
chair 0.0029 304 194 324 214
chair 0.0028 196 105 317 197
chair 0.0026 127 162 149 179
chair 0.0025 264 192 337 216
chair 0.0025 378 190 448 370
chair 0.0024 260 184 310 209
chair 0.0024 483 183 499 277
chair 0.0023 415 197 463 232
chair 0.0021 92 225 148 365
chair 0.0019 234 239 301 370
chair 0.0018 269 210 297 224
chair 0.0017 271 194 348 252
chair 0.0016 228 192 333 257
chair 0.0016 278 118 307 151
chair 0.0016 347 193 466 320
chair 0.0016 202 236 282 374
chair 0.0016 276 197 302 218
chair 0.0015 128 161 150 194
chair 0.0015 157 195 214 245
chair 0.0015 77 172 249 281
chair 0.0015 247 220 362 288
chair 0.0015 312 204 329 217
chair 0.0013 265 211 292 237
chair 0.0013 211 190 326 230
chair 0.0013 252 110 262 140
chair 0.0013 231 204 286 334
chair 0.0013 279 216 340 257
chair 0.0013 316 52 426 308
chair 0.0013 268 150 344 199
chair 0.0011 135 144 380 289
chair 0.0011 313 195 327 213
chair 0.0011 259 115 280 131
chair 0.0011 306 143 397 316
chair 0.0010 295 213 364 261
chair 0.0010 148 231 216 363
chair 0.0010 287 125 306 149
chair 0.0010 307 213 344 236
chair 0.0010 139 202 164 220
chair 0.0010 263 112 288 131
sofa 0.0057 196 118 322 239
sofa 0.0029 95 227 264 371
sofa 0.0026 262 162 346 223
sofa 0.0023 96 165 382 303
sofa 0.0022 296 204 440 371
sofa 0.0016 203 181 334 239
sofa 0.0015 229 201 263 235
sofa 0.0011 78 165 155 358
pottedplant 0.7992 326 3 441 54
pottedplant 0.7769 198 108 313 237
pottedplant 0.0332 230 199 263 234
pottedplant 0.0306 324 24 381 53
pottedplant 0.0247 187 110 247 216
pottedplant 0.0156 262 162 346 223
pottedplant 0.0085 227 107 262 143
pottedplant 0.0085 196 150 238 215
pottedplant 0.0080 84 120 351 294
pottedplant 0.0072 193 134 280 226
pottedplant 0.0069 278 118 307 151
pottedplant 0.0067 203 181 334 239
pottedplant 0.0051 259 112 301 150
pottedplant 0.0051 323 28 347 52
pottedplant 0.0049 262 115 314 167
pottedplant 0.0048 150 155 281 248
pottedplant 0.0045 358 20 444 58
pottedplant 0.0044 264 193 306 227
pottedplant 0.0040 196 198 287 251
pottedplant 0.0038 287 125 306 149
pottedplant 0.0036 246 112 320 201
pottedplant 0.0029 343 35 413 51
pottedplant 0.0026 363 42 429 54
pottedplant 0.0026 218 161 357 274
pottedplant 0.0024 158 190 190 229
pottedplant 0.0021 195 105 272 194
pottedplant 0.0020 265 205 283 229
pottedplant 0.0020 287 212 340 239
pottedplant 0.0019 78 186 344 268
pottedplant 0.0019 218 116 293 185
pottedplant 0.0019 223 175 374 376
pottedplant 0.0018 334 31 431 59
pottedplant 0.0017 331 36 376 52
pottedplant 0.0016 348 40 368 53
pottedplant 0.0015 338 26 364 51
pottedplant 0.0014 253 202 265 237
pottedplant 0.0013 362 38 395 50
pottedplant 0.0012 395 26 440 54
pottedplant 0.0012 185 157 198 210
pottedplant 0.0011 78 165 253 369
pottedplant 0.0011 363 5 407 51
pottedplant 0.0011 198 200 230 218
pottedplant 0.0010 76 165 150 324
pottedplant 0.0010 114 108 279 231
pottedplant 0.0010 339 21 420 48
diningtable 0.4275 90 186 370 374
diningtable 0.1319 105 225 279 373
diningtable 0.0918 230 200 263 235
diningtable 0.0683 196 198 287 251
diningtable 0.0465 216 208 371 374
diningtable 0.0251 78 186 344 268
diningtable 0.0169 64 120 373 304
diningtable 0.0103 152 110 340 259
diningtable 0.0080 248 171 368 312
diningtable 0.0068 286 212 338 241
diningtable 0.0050 262 163 346 223
diningtable 0.0048 150 155 281 248
diningtable 0.0046 115 187 255 258
diningtable 0.0042 294 170 452 354
diningtable 0.0039 271 194 348 252
diningtable 0.0035 77 164 166 364
diningtable 0.0033 157 195 214 245
diningtable 0.0026 483 183 499 277
diningtable 0.0026 123 217 242 266
diningtable 0.0025 269 142 392 365
diningtable 0.0023 203 181 334 239
diningtable 0.0021 206 219 361 295
diningtable 0.0017 310 221 348 237
diningtable 0.0016 183 202 201 236
diningtable 0.0015 163 190 182 229
diningtable 0.0013 96 166 235 350
diningtable 0.0013 173 212 205 243
diningtable 0.0013 143 230 223 254
diningtable 0.0013 189 251 324 375
diningtable 0.0011 135 180 234 237
diningtable 0.0011 279 216 340 257
tvmonitor 0.0013 194 109 324 235
