person 0.1504 20 0 327 490
person 0.0185 7 0 316 247
person 0.0125 105 234 207 501
person 0.0090 298 -2 331 139
person 0.0077 215 5 333 509
person 0.0077 -1 29 72 485
person 0.0071 278 0 317 157
person 0.0041 1 -4 150 486
person 0.0023 1 465 39 499
person 0.0021 205 232 330 499
person 0.0020 285 118 331 219
person 0.0019 258 96 331 375
person 0.0018 81 235 113 476
person 0.0017 275 0 310 33
person 0.0017 280 18 331 244
person 0.0016 298 119 330 173
person 0.0012 268 0 302 21
bicycle 0.0015 283 132 331 227
bicycle 0.0014 223 17 334 499
bicycle 0.0010 105 234 207 501
car 0.0027 1 103 15 142
car 0.0015 9 0 321 251
car 0.0012 8 12 45 225
car 0.0010 300 120 330 168
motorbike 0.0010 283 132 331 227
bus 0.0013 11 -1 317 249
train 0.0036 11 -1 317 249
bird 0.0022 7 0 316 247
cat 0.0012 9 0 314 249
dog 0.0013 7 0 315 251
horse 0.0076 7 0 316 247
bottle 0.0378 214 238 332 499
bottle 0.0378 1 328 53 496
bottle 0.0089 1 173 61 504
bottle 0.0070 1 469 40 500
bottle 0.0052 1 439 44 498
bottle 0.0036 7 0 315 251
bottle 0.0033 209 242 267 496
bottle 0.0026 11 -1 303 496
bottle 0.0023 5 207 112 500
bottle 0.0012 252 341 328 501
bottle 0.0011 105 234 207 501
chair 0.0073 205 238 326 497
chair 0.0053 207 242 267 499
chair 0.0040 255 50 330 467
chair 0.0025 260 150 333 317
chair 0.0025 105 234 207 501
chair 0.0019 17 0 328 494
chair 0.0014 260 203 331 285
chair 0.0011 7 0 316 247
pottedplant 0.0041 10 2 294 501
diningtable 0.0036 303 462 331 499
diningtable 0.0020 205 232 330 499
diningtable 0.0019 200 358 315 498
diningtable 0.0018 20 0 327 490
diningtable 0.0015 304 482 331 500
diningtable 0.0014 272 457 332 499
diningtable 0.0014 105 239 210 500
diningtable 0.0014 3 332 58 498
diningtable 0.0011 7 0 316 247
diningtable 0.0011 207 238 269 500
