person 0.1719 251 171 272 192
person 0.1605 198 128 209 140
person 0.1435 177 133 188 147
person 0.1394 228 168 239 192
person 0.1369 201 127 212 140
person 0.1122 261 170 275 192
person 0.0954 195 167 212 198
person 0.0946 136 111 316 237
person 0.0941 182 131 192 144
person 0.0867 247 172 263 193
person 0.0812 226 171 250 193
person 0.0648 197 129 204 142
person 0.0483 197 127 203 138
person 0.0460 261 171 271 185
person 0.0424 179 181 190 195
person 0.0424 164 184 176 198
person 0.0397 148 186 157 199
person 0.0383 227 177 237 193
person 0.0322 254 172 266 185
person 0.0315 181 130 203 144
person 0.0267 242 171 254 194
person 0.0246 265 170 287 192
person 0.0214 154 191 164 199
person 0.0214 160 189 168 198
person 0.0209 162 144 263 213
person 0.0200 280 171 290 193
person 0.0166 232 167 254 188
person 0.0160 153 188 167 199
person 0.0159 183 183 194 197
person 0.0153 207 159 257 196
person 0.0140 175 140 184 149
person 0.0137 206 126 216 137
person 0.0132 165 139 174 149
person 0.0130 217 122 227 135
person 0.0124 180 129 190 141
person 0.0111 236 176 251 195
person 0.0107 221 121 231 134
person 0.0107 184 129 194 141
person 0.0100 274 168 292 192
person 0.0096 180 179 190 189
person 0.0093 190 174 207 196
person 0.0091 228 119 234 132
person 0.0076 229 181 236 192
person 0.0070 282 175 293 193
person 0.0064 166 190 176 197
person 0.0053 207 129 219 138
person 0.0052 148 185 166 200
person 0.0047 193 133 202 143
person 0.0046 216 128 225 138
person 0.0046 240 121 252 131
person 0.0042 203 123 212 135
person 0.0042 146 192 154 201
person 0.0033 175 185 186 198
person 0.0033 210 156 231 196
person 0.0033 182 177 193 190
person 0.0033 256 169 276 201
person 0.0031 160 142 171 152
person 0.0030 199 123 207 135
person 0.0030 190 166 219 203
person 0.0029 258 180 270 197
person 0.0029 167 136 183 151
person 0.0028 190 181 202 197
person 0.0028 67 212 74 226
person 0.0028 266 174 292 198
person 0.0026 177 178 184 188
person 0.0023 205 170 271 214
person 0.0019 242 182 251 193
person 0.0018 148 142 158 154
person 0.0016 155 144 165 154
person 0.0015 244 121 258 130
person 0.0015 154 183 166 197
person 0.0014 218 119 235 134
person 0.0014 166 135 174 147
person 0.0013 146 182 153 197
person 0.0012 294 175 304 193
person 0.0012 254 181 266 195
person 0.0011 259 167 304 195
person 0.0011 194 162 208 190
person 0.0011 203 131 215 144
person 0.0011 236 118 252 132
person 0.0011 200 122 218 144
person 0.0010 252 121 263 130
person 0.0010 233 172 254 201
person 0.0010 165 178 176 190
person 0.0010 82 212 90 226
bicycle 0.0017 82 212 90 226
bicycle 0.0016 31 211 61 228
bicycle 0.0012 73 212 94 228
bicycle 0.0011 63 211 75 225
bicycle 0.0011 82 210 103 225
bicycle 0.0010 51 211 80 228
car 0.0117 23 196 43 205
car 0.0038 29 209 60 228
car 0.0017 486 43 500 269
car 0.0017 300 198 314 226
car 0.0014 306 200 316 224
car 0.0011 296 203 310 225
bus 0.9328 132 98 309 238
bus 0.0179 162 144 263 213
bus 0.0077 207 159 257 196
bus 0.0035 226 167 239 195
bus 0.0028 197 166 214 189
bus 0.0025 229 165 238 185
bus 0.0025 142 153 298 228
bus 0.0015 197 104 245 229
bus 0.0011 23 196 43 205
train 0.0077 135 95 311 240
boat 0.0013 136 111 316 237
