person 0.0205 438 185 451 202
person 0.0184 410 188 428 201
person 0.0180 408 165 498 257
person 0.0150 288 110 330 145
person 0.0109 167 91 213 138
person 0.0100 297 95 344 145
person 0.0099 429 184 468 199
person 0.0059 418 181 488 205
person 0.0052 442 181 464 202
person 0.0039 146 83 197 137
person 0.0039 163 107 205 142
person 0.0038 419 187 429 201
person 0.0038 58 150 70 169
person 0.0031 57 151 74 176
person 0.0029 271 92 324 145
person 0.0024 76 13 434 375
person 0.0022 180 101 225 137
person 0.0021 479 187 492 201
person 0.0021 0 100 104 284
person 0.0020 324 97 345 143
person 0.0019 225 87 310 146
person 0.0017 51 141 71 170
person 0.0013 187 92 244 138
person 0.0012 409 190 419 201
person 0.0012 438 176 475 200
person 0.0012 194 86 286 135
person 0.0012 138 89 180 144
person 0.0010 176 108 202 135
person 0.0010 408 191 424 205
car 0.5220 408 167 499 259
car 0.0303 76 18 436 367
car 0.0085 410 188 429 202
car 0.0017 398 174 452 256
car 0.0014 0 100 104 285
car 0.0012 406 184 432 247
car 0.0012 418 181 488 205
bus 0.9096 0 100 104 285
bus 0.5721 80 15 433 371
bus 0.1437 409 167 499 256
bus 0.0147 84 80 123 283
bus 0.0053 83 94 107 182
bus 0.0046 51 96 114 283
bus 0.0034 84 71 109 242
bus 0.0030 405 55 491 283
bus 0.0020 404 49 439 284
bus 0.0015 78 50 144 311
bus 0.0011 408 145 489 228
bus 0.0011 0 100 91 189
train 0.0111 409 169 499 258
train 0.0051 76 18 436 367
train 0.0026 1 99 101 287
boat 0.0030 409 169 499 258
