person 0.0019 51 137 174 312
person 0.0011 335 172 485 269
motorbike 0.0010 336 169 500 313
bird 0.0036 133 144 185 183
bird 0.0019 360 235 423 301
bird 0.0012 478 176 499 194
dog 0.0027 346 173 501 315
dog 0.0021 196 180 341 281
dog 0.0016 49 158 152 312
horse 0.0025 341 172 501 314
horse 0.0017 196 180 341 281
horse 0.0013 136 177 191 278
horse 0.0012 327 191 370 278
horse 0.0011 49 158 152 312
sheep 0.0032 346 173 501 315
sheep 0.0023 199 180 342 282
sheep 0.0020 325 186 376 280
sheep 0.0019 48 144 163 313
sheep 0.0018 136 179 191 279
sheep 0.0013 478 177 499 197
sheep 0.0010 356 230 416 301
cow 0.9008 199 180 342 282
cow 0.8797 49 144 164 313
cow 0.8757 343 174 499 311
cow 0.8223 136 178 190 279
cow 0.4713 325 186 376 280
cow 0.0953 335 179 365 203
cow 0.0521 327 172 433 293
cow 0.0517 477 178 500 232
cow 0.0477 331 173 486 242
cow 0.0443 478 178 499 203
cow 0.0281 326 181 365 220
cow 0.0209 355 226 420 302
cow 0.0196 98 148 195 291
cow 0.0120 136 144 185 187
cow 0.0096 255 182 376 279
cow 0.0087 323 190 355 215
cow 0.0057 450 175 500 264
cow 0.0052 330 173 457 209
cow 0.0043 59 143 168 200
cow 0.0034 480 188 500 262
cow 0.0032 346 203 395 296
cow 0.0028 133 143 163 182
cow 0.0027 52 155 120 204
cow 0.0026 483 178 500 194
cow 0.0026 70 164 97 173
cow 0.0025 332 177 397 234
cow 0.0025 471 183 500 301
cow 0.0021 478 176 499 189
cow 0.0019 70 142 186 240
cow 0.0019 340 179 369 195
cow 0.0019 68 161 112 176
cow 0.0019 430 179 500 310
cow 0.0018 334 176 396 207
cow 0.0017 374 173 447 309
cow 0.0017 57 161 113 184
cow 0.0016 324 192 349 208
cow 0.0015 329 222 366 279
cow 0.0015 64 191 144 310
cow 0.0014 139 148 189 247
cow 0.0014 156 167 185 188
cow 0.0013 354 172 438 233
cow 0.0012 97 146 187 209
cow 0.0011 91 146 165 187
cow 0.0011 141 173 164 189
cow 0.0011 289 186 363 222
cow 0.0011 320 185 364 246
cow 0.0010 67 257 90 299
