person 0.7576 381 157 417 194
person 0.1830 241 58 520 314
person 0.1077 327 151 353 181
person 0.0714 293 91 483 253
person 0.0673 398 163 417 194
person 0.0413 339 153 354 181
person 0.0132 164 80 175 96
person 0.0089 144 81 161 100
person 0.0086 365 161 409 196
person 0.0057 375 161 401 191
person 0.0051 105 70 134 98
person 0.0045 323 145 360 190
person 0.0031 286 123 389 210
person 0.0031 359 159 387 196
person 0.0024 424 0 442 8
person 0.0018 295 146 350 188
person 0.0013 472 128 499 149
person 0.0013 314 152 346 183
person 0.0011 361 166 378 197
car 0.0269 424 0 442 8
car 0.0012 0 16 10 36
motorbike 0.0018 245 49 508 336
aeroplane 0.0014 245 49 508 336
bus 0.0038 250 20 504 312
bus 0.0011 293 91 483 253
train 0.7049 258 98 497 314
train 0.6066 74 23 488 194
train 0.1154 381 158 416 193
train 0.0122 272 86 432 237
train 0.0075 65 30 296 191
train 0.0046 326 149 354 179
train 0.0046 21 32 516 315
train 0.0023 69 17 496 111
train 0.0022 286 123 389 210
boat 0.0021 245 49 508 336
cow 0.0012 424 0 442 7
