person 0.6294 163 215 205 268
person 0.4906 111 221 151 268
person 0.4307 235 217 272 270
person 0.4259 84 26 140 90
person 0.4075 136 216 198 269
person 0.3965 163 21 186 39
person 0.3385 222 217 272 346
person 0.3102 82 37 107 70
person 0.2718 93 225 127 267
person 0.1592 134 215 153 267
person 0.1353 110 231 136 265
person 0.1300 141 82 258 395
person 0.1160 92 221 111 266
person 0.0880 32 31 377 487
person 0.0838 85 36 107 56
person 0.0567 76 36 107 101
person 0.0501 246 217 271 256
person 0.0389 187 220 232 266
person 0.0317 101 26 140 72
person 0.0290 122 210 301 298
person 0.0244 135 198 153 242
person 0.0224 100 121 359 413
person 0.0191 266 27 290 48
person 0.0179 174 215 207 251
person 0.0176 90 23 147 141
person 0.0166 138 214 153 248
person 0.0163 203 222 260 267
person 0.0162 124 198 157 258
person 0.0154 161 20 188 55
person 0.0135 203 215 272 297
person 0.0135 239 214 278 326
person 0.0132 265 27 302 74
person 0.0122 217 249 247 360
person 0.0117 216 192 266 414
person 0.0101 204 226 234 265
person 0.0099 193 216 293 373
person 0.0093 205 136 225 152
person 0.0091 132 220 170 267
person 0.0090 226 157 297 429
person 0.0087 88 151 259 352
person 0.0085 154 17 188 89
person 0.0082 185 217 213 262
person 0.0080 262 27 294 57
person 0.0073 77 23 172 104
person 0.0070 249 218 268 241
person 0.0065 84 34 99 53
person 0.0065 200 213 233 256
person 0.0061 168 218 189 253
person 0.0060 262 28 309 152
person 0.0056 49 36 102 104
person 0.0056 93 28 126 69
person 0.0054 198 235 243 355
person 0.0050 223 219 263 281
person 0.0047 99 174 223 309
person 0.0042 109 30 132 64
person 0.0037 93 234 105 266
person 0.0037 227 232 269 307
person 0.0037 227 207 311 352
person 0.0036 211 226 228 257
person 0.0026 205 277 239 356
person 0.0026 102 36 115 60
person 0.0025 78 41 99 74
person 0.0025 256 217 273 239
person 0.0024 218 279 237 352
person 0.0024 217 229 235 262
person 0.0023 246 220 278 284
person 0.0023 190 199 254 340
person 0.0023 188 222 211 247
person 0.0023 111 242 130 267
person 0.0022 114 25 150 67
person 0.0021 170 225 199 262
person 0.0020 96 220 107 241
person 0.0019 149 15 191 136
person 0.0019 110 243 148 269
person 0.0018 103 213 129 262
person 0.0017 202 192 268 260
person 0.0016 89 187 131 279
person 0.0016 243 237 263 263
person 0.0015 53 30 141 118
person 0.0015 222 261 241 334
person 0.0015 97 40 143 109
person 0.0014 221 296 246 357
person 0.0014 133 196 150 226
person 0.0013 221 222 246 267
person 0.0013 206 270 262 377
person 0.0012 48 65 91 107
person 0.0012 107 24 165 82
person 0.0012 200 220 220 247
person 0.0012 146 18 207 75
person 0.0011 303 325 342 388
person 0.0011 263 29 315 94
person 0.0010 196 234 223 268
person 0.0010 135 193 164 250
person 0.0010 113 20 166 142
person 0.0010 214 233 227 267
person 0.0010 221 240 247 292
car 0.0017 40 -18 382 489
motorbike 0.0010 30 141 354 455
aeroplane 0.0010 40 -18 382 489
bus 0.6221 40 -18 382 489
bus 0.2730 141 82 258 395
bus 0.1495 162 215 206 268
bus 0.0413 236 216 272 268
bus 0.0138 221 217 272 320
bus 0.0125 100 121 359 413
bus 0.0080 122 210 301 298
bus 0.0036 64 139 357 297
bus 0.0033 101 222 151 268
bus 0.0026 91 219 126 268
bus 0.0019 88 151 259 352
bus 0.0013 202 192 268 260
train 0.0238 32 25 373 489
train 0.0025 141 82 258 395
train 0.0020 167 216 205 268
train 0.0015 100 121 359 413
train 0.0015 234 216 272 274
train 0.0013 221 217 272 320
boat 0.0027 40 -18 382 489
chair 0.0021 47 68 91 110
chair 0.0016 76 36 107 101
chair 0.0012 136 218 201 270
diningtable 0.0020 -1 0 404 468
