person 0.0075 0 17 4 28
person 0.0033 314 179 320 201
person 0.0022 8 22 19 33
person 0.0020 307 172 340 189
person 0.0018 131 171 153 202
person 0.0018 4 20 18 30
person 0.0015 312 175 325 197
person 0.0014 116 187 131 203
person 0.0013 47 42 56 51
person 0.0012 163 191 169 199
person 0.0010 117 173 136 203
car 0.0071 115 188 126 202
car 0.0071 335 171 351 191
car 0.0027 200 141 290 204
car 0.0019 294 170 333 193
car 0.0018 305 174 343 192
car 0.0015 162 189 178 199
car 0.0013 125 171 157 201
car 0.0012 297 171 319 189
car 0.0010 321 174 338 191
car 0.0010 286 166 319 192
aeroplane 0.0125 334 171 350 191
aeroplane 0.0063 198 132 290 203
aeroplane 0.0052 2 12 135 221
aeroplane 0.0017 321 172 349 191
bus 0.0102 334 171 350 191
bus 0.0052 1 4 139 220
bus 0.0025 474 171 499 197
bus 0.0014 200 141 290 204
bus 0.0013 322 172 348 191
train 0.8607 1 4 139 220
train 0.5926 196 133 291 203
train 0.2896 334 171 350 191
train 0.0903 320 172 349 191
train 0.0576 290 169 348 192
train 0.0331 307 172 340 189
train 0.0228 321 175 336 191
train 0.0138 284 169 319 192
train 0.0128 74 132 313 208
train 0.0048 297 171 319 189
train 0.0038 252 147 363 198
train 0.0032 117 166 174 201
train 0.0024 208 131 282 177
train 0.0022 472 171 499 198
train 0.0022 130 171 155 202
train 0.0022 0 33 325 219
train 0.0020 2 49 134 151
train 0.0020 224 132 272 152
train 0.0018 310 175 327 198
train 0.0016 270 167 326 198
train 0.0013 201 125 331 174
boat 0.0098 334 171 350 191
boat 0.0026 200 141 290 204
cat 0.0011 200 141 290 204
dog 0.0014 200 141 290 204
horse 0.0026 200 141 290 204
horse 0.0023 334 171 350 191
horse 0.0020 1 10 138 223
cow 0.0033 334 171 350 191
cow 0.0019 200 141 290 204
cow 0.0011 322 172 348 191
pottedplant 0.0013 335 171 351 191
