person 0.0417 208 189 231 213
person 0.0204 89 206 116 222
person 0.0079 54 202 60 215
person 0.0062 275 200 287 208
person 0.0062 226 196 243 212
person 0.0038 249 200 265 214
person 0.0030 71 209 84 220
person 0.0030 293 197 302 204
person 0.0030 286 201 293 206
person 0.0026 67 211 74 221
person 0.0025 289 199 302 206
person 0.0023 152 200 175 213
person 0.0021 264 201 277 206
person 0.0019 172 203 180 211
person 0.0019 272 209 359 241
person 0.0019 420 198 433 281
person 0.0019 328 207 339 218
person 0.0018 78 208 88 219
person 0.0017 257 199 266 205
person 0.0017 331 200 351 207
person 0.0017 286 199 295 205
person 0.0016 297 205 315 219
person 0.0015 331 201 342 208
person 0.0014 339 201 354 209
person 0.0013 242 198 252 205
person 0.0012 209 196 241 214
person 0.0012 342 197 354 207
person 0.0012 334 195 345 204
person 0.0012 234 199 246 210
person 0.0011 65 207 80 221
person 0.0010 324 210 336 220
person 0.0010 280 205 322 227
person 0.0010 296 195 305 204
bicycle 0.0011 66 211 78 221
car 0.8291 270 211 375 241
car 0.7922 246 202 264 215
car 0.6977 87 207 119 223
car 0.4212 297 205 315 219
car 0.3823 275 199 287 208
car 0.3626 152 200 179 212
car 0.1987 235 200 246 211
car 0.1926 229 198 241 211
car 0.1826 239 199 251 208
car 0.1515 207 187 243 213
car 0.1252 284 200 296 207
car 0.1175 289 199 302 206
car 0.0956 209 196 231 213
car 0.0820 342 197 354 207
car 0.0725 242 198 252 205
car 0.0623 257 199 266 205
car 0.0598 327 203 352 212
car 0.0596 276 199 305 211
car 0.0586 328 212 374 242
car 0.0466 293 197 302 204
car 0.0460 294 199 305 205
car 0.0423 241 202 254 213
car 0.0407 330 199 351 208
car 0.0393 339 201 354 209
car 0.0372 329 203 342 213
car 0.0357 331 201 342 208
car 0.0288 346 193 355 205
car 0.0285 264 201 277 206
car 0.0243 66 210 85 221
car 0.0233 332 198 356 212
car 0.0186 291 205 334 220
car 0.0171 291 203 302 209
car 0.0170 281 205 321 227
car 0.0169 296 195 305 204
car 0.0142 244 197 257 203
car 0.0141 138 196 172 213
car 0.0140 314 206 354 219
car 0.0138 285 203 359 225
car 0.0138 171 203 180 211
car 0.0121 74 209 87 222
car 0.0120 113 212 122 221
car 0.0112 107 208 122 222
car 0.0095 232 196 249 209
car 0.0094 260 198 269 204
car 0.0093 300 202 314 209
car 0.0089 334 195 345 204
car 0.0075 235 197 245 206
car 0.0071 254 198 264 206
car 0.0069 269 216 328 240
car 0.0067 328 207 339 218
car 0.0065 275 196 289 210
car 0.0058 256 200 267 213
car 0.0057 304 197 313 205
car 0.0048 328 206 348 218
car 0.0046 220 190 243 210
car 0.0046 223 201 243 213
car 0.0045 266 197 276 204
car 0.0039 67 212 76 221
car 0.0035 81 208 100 222
car 0.0032 282 197 301 207
car 0.0031 331 194 342 205
car 0.0026 326 207 364 218
car 0.0026 150 193 186 213
car 0.0025 146 198 164 213
car 0.0024 236 201 252 215
car 0.0024 78 208 88 219
car 0.0023 319 204 341 217
car 0.0022 131 206 149 214
car 0.0020 324 210 336 220
car 0.0019 244 193 266 221
car 0.0018 317 215 335 239
car 0.0018 268 195 350 231
car 0.0017 127 202 168 215
car 0.0017 294 205 308 220
car 0.0016 235 188 273 218
car 0.0016 294 195 311 206
car 0.0015 54 202 60 215
car 0.0014 230 206 239 213
car 0.0013 333 209 373 223
car 0.0012 155 195 178 208
car 0.0012 338 208 353 216
car 0.0012 248 196 264 211
car 0.0011 311 207 331 220
car 0.0010 151 196 168 206
car 0.0010 237 206 245 213
car 0.0010 322 193 350 209
car 0.0010 323 193 365 225
car 0.0010 270 221 307 239
motorbike 0.0028 275 200 287 208
motorbike 0.0017 66 211 78 221
bus 0.3977 208 188 243 213
bus 0.0305 209 196 231 213
bus 0.0272 226 195 242 211
bus 0.0084 87 206 117 223
bus 0.0043 245 201 263 214
bus 0.0039 152 200 180 213
bus 0.0030 242 197 252 205
bus 0.0022 235 195 248 210
bus 0.0018 150 193 186 213
bus 0.0016 279 208 376 244
bus 0.0016 187 186 239 211
bus 0.0016 343 195 354 205
bus 0.0015 299 204 316 219
bus 0.0013 204 176 244 219
train 0.0035 208 188 242 213
pottedplant 0.0441 462 355 497 374
pottedplant 0.0047 0 131 9 144
pottedplant 0.0039 66 211 78 221
pottedplant 0.0014 54 202 60 215
pottedplant 0.0014 390 205 425 225
pottedplant 0.0011 66 209 88 221
