person 0.4912 178 133 500 372
person 0.3339 106 131 208 190
person 0.2892 83 133 209 235
person 0.1686 319 135 441 269
person 0.0851 200 139 479 272
person 0.0538 129 175 140 201
person 0.0246 446 170 501 273
person 0.0217 360 156 500 281
person 0.0195 110 160 168 217
person 0.0184 168 132 185 150
person 0.0151 317 137 493 329
person 0.0149 126 171 144 203
person 0.0136 86 161 144 196
person 0.0117 53 145 186 218
person 0.0099 114 129 188 158
person 0.0099 139 131 156 154
person 0.0082 171 161 394 293
person 0.0080 320 143 406 230
person 0.0079 426 158 496 211
person 0.0072 465 196 500 273
person 0.0058 93 147 170 194
person 0.0056 209 190 347 245
person 0.0052 397 177 500 369
person 0.0047 42 168 168 254
person 0.0046 -2 139 399 376
person 0.0046 119 159 153 197
person 0.0037 430 169 480 206
person 0.0037 140 129 211 161
person 0.0029 133 132 176 188
person 0.0029 202 229 381 367
person 0.0029 465 175 500 238
person 0.0028 85 170 151 208
person 0.0027 313 165 399 266
person 0.0027 103 168 140 202
person 0.0027 286 156 430 304
person 0.0026 420 267 499 373
person 0.0024 111 140 151 172
person 0.0024 146 134 153 155
person 0.0024 486 184 500 209
person 0.0024 168 134 176 149
person 0.0023 103 183 131 202
person 0.0020 105 217 431 370
person 0.0019 139 143 209 185
person 0.0019 103 162 154 186
person 0.0019 110 151 194 203
person 0.0018 71 82 88 94
person 0.0018 373 138 438 257
person 0.0016 146 134 174 159
person 0.0015 128 163 143 192
person 0.0014 118 132 154 153
person 0.0013 373 142 498 230
person 0.0013 463 170 499 209
person 0.0012 281 220 499 372
person 0.0012 0 150 10 201
person 0.0011 38 83 58 93
person 0.0011 131 131 149 153
person 0.0011 147 132 183 178
person 0.0010 119 152 150 179
car 0.0019 0 250 217 371
bird 0.0011 20 24 64 71
cat 0.0052 129 176 140 203
cat 0.0040 103 168 140 202
cat 0.0024 86 161 144 196
cat 0.0022 81 133 206 239
cat 0.0018 104 180 130 203
cat 0.0017 107 190 128 205
cat 0.0012 76 192 109 210
cat 0.0010 103 162 154 186
dog 0.0032 93 164 140 201
dog 0.0031 322 138 441 266
dog 0.0029 107 190 128 205
dog 0.0025 129 176 140 203
dog 0.0024 103 183 131 202
dog 0.0019 81 133 206 239
dog 0.0011 73 190 110 209
dog 0.0010 41 165 168 250
dog 0.0010 203 140 479 271
bottle 0.2908 129 176 140 201
bottle 0.0287 126 171 144 203
bottle 0.0200 127 167 140 194
bottle 0.0141 107 190 128 204
bottle 0.0117 106 177 132 203
bottle 0.0114 110 160 168 217
bottle 0.0107 105 162 158 195
bottle 0.0099 81 133 206 239
bottle 0.0097 100 191 121 205
bottle 0.0083 132 185 140 202
bottle 0.0040 94 165 139 200
bottle 0.0034 119 193 133 215
bottle 0.0026 108 197 131 214
bottle 0.0025 104 192 114 205
bottle 0.0020 85 170 151 208
bottle 0.0016 78 190 127 205
bottle 0.0014 124 186 137 203
bottle 0.0012 82 190 129 224
bottle 0.0011 146 134 152 154
bottle 0.0011 74 192 107 216
bottle 0.0011 119 183 142 204
bottle 0.0011 82 191 107 207
bottle 0.0010 101 183 121 201
chair 0.2074 82 138 213 244
chair 0.1710 0 156 34 243
chair 0.1011 0 201 33 243
chair 0.0933 419 267 499 373
chair 0.0717 159 173 215 241
chair 0.0620 92 132 209 199
chair 0.0346 0 187 30 225
chair 0.0332 0 150 11 203
chair 0.0318 1 252 215 370
chair 0.0201 130 175 141 200
chair 0.0175 174 139 503 375
chair 0.0168 41 181 165 254
chair 0.0131 110 160 168 217
chair 0.0121 41 149 88 215
chair 0.0120 190 151 205 175
chair 0.0113 209 192 328 239
chair 0.0109 1 150 55 225
chair 0.0102 73 149 87 194
chair 0.0087 312 170 499 372
chair 0.0072 87 161 134 200
chair 0.0069 67 167 121 208
chair 0.0067 73 190 110 209
chair 0.0059 59 148 88 197
chair 0.0053 0 202 28 213
chair 0.0046 5 150 85 238
chair 0.0045 62 186 126 216
chair 0.0043 75 152 116 191
chair 0.0039 62 167 152 218
chair 0.0039 139 143 209 185
chair 0.0036 85 184 130 205
chair 0.0035 88 162 125 185
chair 0.0034 0 205 28 221
chair 0.0031 120 139 195 232
chair 0.0030 53 145 186 218
chair 0.0029 174 193 343 261
chair 0.0026 181 181 236 237
chair 0.0025 320 136 437 267
chair 0.0025 174 149 207 178
chair 0.0022 465 199 499 272
chair 0.0022 1 193 27 204
chair 0.0022 117 169 235 248
chair 0.0022 82 190 129 224
chair 0.0019 171 161 394 293
chair 0.0018 186 198 218 236
chair 0.0018 0 147 28 200
chair 0.0018 194 148 223 174
chair 0.0017 217 170 371 239
chair 0.0017 107 190 128 205
chair 0.0017 126 171 144 203
chair 0.0016 283 135 487 293
chair 0.0016 325 147 383 219
chair 0.0016 141 242 177 267
chair 0.0016 70 246 133 270
chair 0.0015 0 149 8 164
chair 0.0015 0 156 21 224
chair 0.0015 0 166 7 197
chair 0.0015 79 260 123 273
chair 0.0015 9 164 42 232
chair 0.0015 106 198 130 214
chair 0.0013 104 180 130 203
chair 0.0013 0 146 8 184
chair 0.0012 92 165 118 176
chair 0.0011 44 219 167 256
chair 0.0010 110 207 133 220
chair 0.0010 209 175 222 198
chair 0.0010 160 148 204 168
sofa 0.8383 -1 250 217 371
sofa 0.3213 78 138 214 243
sofa 0.2888 174 139 503 375
sofa 0.2005 419 267 498 372
sofa 0.1925 42 164 168 254
sofa 0.0649 92 131 209 201
sofa 0.0546 110 160 168 217
sofa 0.0424 313 171 499 371
sofa 0.0236 283 135 487 293
sofa 0.0203 320 136 437 267
sofa 0.0195 156 172 214 242
sofa 0.0164 210 192 327 239
sofa 0.0157 130 175 141 200
sofa 0.0131 171 161 394 293
sofa 0.0110 77 261 122 274
sofa 0.0106 100 207 133 217
sofa 0.0102 67 183 121 220
sofa 0.0078 0 149 36 242
sofa 0.0077 105 217 431 370
sofa 0.0075 53 145 186 218
sofa 0.0075 241 141 454 243
sofa 0.0073 93 164 140 201
sofa 0.0071 126 171 144 203
sofa 0.0062 71 254 129 273
sofa 0.0062 412 163 499 361
sofa 0.0058 320 143 405 228
sofa 0.0058 44 203 162 262
sofa 0.0056 218 245 500 371
sofa 0.0055 62 167 152 218
sofa 0.0051 106 198 130 214
sofa 0.0051 217 170 371 239
sofa 0.0051 465 199 500 272
sofa 0.0042 202 229 381 367
sofa 0.0041 120 143 195 238
sofa 0.0039 85 184 130 205
sofa 0.0037 0 150 10 201
sofa 0.0035 139 143 209 185
sofa 0.0033 174 193 343 261
sofa 0.0032 73 190 110 209
sofa 0.0030 86 178 168 230
sofa 0.0027 88 162 125 185
sofa 0.0026 0 201 33 243
sofa 0.0025 82 190 129 224
sofa 0.0023 262 134 345 209
sofa 0.0021 445 169 500 273
sofa 0.0021 278 136 317 198
sofa 0.0021 85 158 144 188
sofa 0.0018 -2 139 399 376
sofa 0.0018 345 261 510 373
sofa 0.0017 88 215 114 225
sofa 0.0016 35 148 87 231
sofa 0.0016 142 241 181 270
sofa 0.0015 157 192 331 352
sofa 0.0015 52 191 132 242
sofa 0.0014 101 148 176 198
sofa 0.0012 358 155 499 282
sofa 0.0011 40 223 157 254
sofa 0.0010 68 199 109 228
sofa 0.0010 117 169 235 248
pottedplant 0.2228 9 17 71 92
pottedplant 0.0310 20 24 64 71
pottedplant 0.0229 280 127 316 193
pottedplant 0.0020 129 176 140 201
pottedplant 0.0017 262 134 345 209
pottedplant 0.0013 131 87 174 127
pottedplant 0.0013 35 37 47 56
pottedplant 0.0012 80 135 209 236
pottedplant 0.0010 7 21 37 95
diningtable 0.0661 41 181 165 254
diningtable 0.0101 0 201 33 243
diningtable 0.0052 0 156 34 243
diningtable 0.0044 100 207 133 217
diningtable 0.0040 69 136 212 239
diningtable 0.0038 420 267 499 372
diningtable 0.0036 1 252 213 369
diningtable 0.0026 0 203 28 213
diningtable 0.0025 67 183 121 220
diningtable 0.0019 0 187 30 225
diningtable 0.0016 77 261 122 274
diningtable 0.0016 44 219 167 256
diningtable 0.0015 110 160 168 217
diningtable 0.0015 0 148 9 201
diningtable 0.0011 70 246 133 270
diningtable 0.0010 191 192 335 243
diningtable 0.0010 91 132 202 189
tvmonitor 0.0091 0 150 9 204
tvmonitor 0.0036 37 82 59 94
tvmonitor 0.0036 9 18 71 93
tvmonitor 0.0029 3 80 27 95
tvmonitor 0.0018 72 82 89 94
tvmonitor 0.0017 0 149 29 240
