person 0.4534 152 28 249 331
person 0.0375 39 28 339 384
person 0.0113 83 82 297 320
person 0.0016 113 73 377 491
person 0.0013 0 42 250 290
person 0.0010 156 96 173 132
car 0.0023 153 28 247 331
car 0.0023 -11 15 386 270
aeroplane 0.0016 -11 15 386 270
bus 0.0055 -9 4 387 219
bus 0.0027 153 28 247 331
bus 0.0010 82 32 303 301
train 0.0013 -17 15 393 267
boat 0.0010 -17 15 393 267
horse 0.6811 9 53 374 501
horse 0.0138 32 30 339 317
horse 0.0123 153 28 247 331
horse 0.0038 116 176 381 490
horse 0.0032 -3 66 193 498
horse 0.0016 240 195 373 482
cow 0.0034 4 157 374 498
tvmonitor 0.0041 8 3 367 188
