person 0.8099 230 91 497 329
person 0.0483 469 302 499 372
person 0.0170 490 47 500 93
person 0.0096 485 163 499 220
person 0.0079 467 241 499 373
person 0.0073 407 92 441 109
person 0.0043 406 4 497 84
person 0.0038 347 182 495 328
person 0.0034 395 21 436 74
person 0.0033 387 11 465 79
person 0.0026 445 201 499 348
person 0.0025 481 167 500 299
person 0.0024 466 7 500 86
person 0.0021 395 38 419 74
person 0.0021 484 35 499 93
person 0.0018 0 178 12 191
person 0.0018 249 91 495 213
person 0.0015 320 90 375 143
person 0.0013 427 19 485 78
person 0.0012 493 41 499 71
person 0.0010 0 177 40 193
person 0.0010 398 58 412 73
car 0.0027 242 8 363 92
car 0.0021 417 7 491 82
sheep 0.0015 41 199 58 215
bottle 0.0402 491 44 500 94
bottle 0.0068 202 127 254 166
bottle 0.0037 210 158 273 186
bottle 0.0024 229 133 250 164
bottle 0.0023 487 30 500 91
bottle 0.0020 493 41 499 71
bottle 0.0016 495 47 500 65
bottle 0.0014 218 135 264 170
bottle 0.0014 214 215 243 265
chair 0.2401 407 92 442 109
chair 0.0150 484 162 499 219
chair 0.0123 469 302 499 372
chair 0.0078 381 92 444 111
chair 0.0065 356 93 496 325
chair 0.0042 423 93 444 109
chair 0.0042 481 167 500 300
chair 0.0034 401 92 483 162
chair 0.0033 -2 150 287 367
chair 0.0030 424 155 499 310
chair 0.0026 427 91 498 196
chair 0.0022 232 89 498 337
chair 0.0019 202 127 254 166
chair 0.0016 227 90 330 157
chair 0.0015 430 82 498 146
chair 0.0014 56 220 207 320
chair 0.0013 422 91 464 105
chair 0.0013 386 8 497 97
chair 0.0012 327 111 497 234
chair 0.0012 386 129 497 265
chair 0.0011 445 201 499 348
sofa 0.0778 217 88 491 342
sofa 0.0150 468 300 499 372
sofa 0.0055 485 163 499 220
sofa 0.0039 405 92 442 108
sofa 0.0020 481 167 500 300
sofa 0.0016 337 110 494 331
sofa 0.0013 234 90 376 170
sofa 0.0012 177 88 460 216
pottedplant 0.0034 399 4 498 84
pottedplant 0.0029 490 47 500 93
pottedplant 0.0013 423 17 483 78
pottedplant 0.0010 466 7 500 86
diningtable 0.0178 -2 150 287 367
diningtable 0.0094 469 302 499 372
diningtable 0.0013 430 92 499 160
tvmonitor 0.1239 233 2 360 94
tvmonitor 0.0453 383 4 497 85
tvmonitor 0.0103 1 146 289 330
tvmonitor 0.0080 388 12 442 76
tvmonitor 0.0053 422 18 488 79
tvmonitor 0.0035 229 90 338 157
tvmonitor 0.0027 466 7 500 86
tvmonitor 0.0021 490 47 499 93
tvmonitor 0.0015 144 12 172 57
tvmonitor 0.0010 429 0 476 22
