person 0.7067 123 28 365 302
person 0.4624 -1 193 174 281
person 0.0064 -4 89 274 318
person 0.0057 0 185 223 356
person 0.0049 0 259 88 373
person 0.0022 2 171 330 292
person 0.0015 3 247 162 371
person 0.0012 484 328 500 373
person 0.0010 488 329 499 346
person 0.0010 25 114 454 336
bottle 0.0155 0 259 88 373
bottle 0.0049 451 342 498 374
bottle 0.0048 484 330 500 373
bottle 0.0021 79 323 116 367
bottle 0.0010 448 327 499 362
chair 0.4423 302 128 423 302
chair 0.0563 108 98 461 308
chair 0.0200 305 135 499 340
chair 0.0198 13 38 398 333
chair 0.0113 0 257 88 374
chair 0.0096 23 180 451 323
chair 0.0086 319 7 474 318
chair 0.0065 139 201 308 314
chair 0.0060 191 211 238 314
chair 0.0045 -1 193 174 281
chair 0.0034 127 150 349 304
chair 0.0030 114 19 365 266
chair 0.0029 154 167 257 302
chair 0.0024 312 153 383 300
chair 0.0019 341 273 494 338
chair 0.0017 229 274 443 329
chair 0.0016 484 328 500 374
chair 0.0011 78 235 479 327
sofa 0.0033 0 259 88 373
sofa 0.0010 34 124 488 331
pottedplant 0.0039 0 257 87 375
diningtable 0.2474 22 279 488 368
diningtable 0.0301 5 203 475 345
diningtable 0.0180 0 259 88 373
diningtable 0.0141 204 322 391 368
diningtable 0.0088 164 239 281 309
diningtable 0.0078 277 328 494 372
diningtable 0.0060 276 328 357 368
diningtable 0.0058 80 324 115 367
diningtable 0.0049 18 271 208 370
diningtable 0.0039 191 233 252 310
diningtable 0.0034 18 314 368 369
diningtable 0.0034 365 342 496 372
diningtable 0.0030 234 320 268 365
diningtable 0.0027 162 304 324 368
diningtable 0.0020 67 226 326 329
diningtable 0.0020 205 276 253 304
diningtable 0.0019 68 296 177 364
diningtable 0.0018 218 274 458 347
diningtable 0.0014 325 6 482 326
diningtable 0.0014 85 44 431 321
diningtable 0.0012 0 191 224 283
diningtable 0.0010 139 201 308 314
