person 0.6857 244 35 289 94
person 0.5865 279 30 314 81
person 0.3319 489 139 499 176
person 0.0659 476 137 499 180
person 0.0385 391 179 412 199
person 0.0373 246 32 310 116
person 0.0275 463 139 500 191
person 0.0119 391 189 412 200
person 0.0102 493 137 500 166
person 0.0095 240 37 285 141
person 0.0093 355 151 367 176
person 0.0093 450 131 499 321
person 0.0082 483 141 499 204
person 0.0080 296 135 319 182
person 0.0059 0 212 6 238
person 0.0057 114 178 128 193
person 0.0047 0 188 4 220
person 0.0039 0 193 3 213
person 0.0037 258 37 281 59
person 0.0037 112 179 132 202
person 0.0035 278 136 315 190
person 0.0033 464 219 500 324
person 0.0032 226 72 406 273
person 0.0032 284 30 308 57
person 0.0032 446 132 499 221
person 0.0030 272 46 313 104
person 0.0029 97 181 137 216
person 0.0029 146 179 171 206
person 0.0029 482 254 499 292
person 0.0028 262 35 289 63
person 0.0026 254 33 286 75
person 0.0025 335 64 475 339
person 0.0025 0 165 7 241
person 0.0023 151 184 187 209
person 0.0022 36 201 50 219
person 0.0022 156 182 174 205
person 0.0021 0 201 5 233
person 0.0020 285 145 306 185
person 0.0019 217 48 487 316
person 0.0018 363 147 376 175
person 0.0018 266 35 301 91
person 0.0018 84 184 124 216
person 0.0017 82 183 133 288
person 0.0016 47 200 110 294
person 0.0016 114 128 123 139
person 0.0016 40 198 53 215
person 0.0016 116 176 126 188
person 0.0014 481 202 499 322
person 0.0013 356 150 365 161
person 0.0013 490 160 499 179
person 0.0013 482 158 499 180
person 0.0013 229 100 254 154
person 0.0013 160 184 181 204
person 0.0012 478 134 500 242
person 0.0011 130 183 164 209
person 0.0011 110 182 143 209
person 0.0011 34 198 55 229
person 0.0010 495 136 500 151
person 0.0010 301 136 316 170
bicycle 0.0128 455 245 499 371
bicycle 0.0061 446 164 499 373
bicycle 0.0022 463 249 500 312
bicycle 0.0016 479 257 499 298
bicycle 0.0011 465 304 499 371
bicycle 0.0010 0 212 6 238
car 0.0031 449 130 500 369
car 0.0023 107 184 214 325
car 0.0021 49 208 113 296
car 0.0013 458 253 499 373
car 0.0013 83 209 131 299
car 0.0012 0 193 3 213
car 0.0011 0 188 4 220
bus 0.0670 197 47 490 359
bus 0.0062 359 65 501 346
bus 0.0052 446 142 499 369
train 0.3492 197 46 491 360
train 0.0064 445 137 499 371
train 0.0059 359 65 501 346
train 0.0031 452 138 499 201
train 0.0025 156 75 427 286
boat 0.0019 206 46 483 334
horse 0.8432 105 183 213 324
horse 0.7881 159 184 263 316
horse 0.7247 47 197 106 294
horse 0.2077 80 188 142 297
horse 0.1064 100 182 161 310
horse 0.0729 84 185 130 218
horse 0.0559 63 184 121 289
horse 0.0489 80 187 111 215
horse 0.0316 62 190 103 215
horse 0.0285 45 200 78 286
horse 0.0226 100 183 154 217
horse 0.0212 84 183 127 254
horse 0.0200 68 197 89 210
horse 0.0178 155 185 206 213
horse 0.0171 50 194 90 217
horse 0.0162 69 185 124 232
horse 0.0142 50 188 111 247
horse 0.0139 150 184 188 209
horse 0.0131 139 183 174 209
horse 0.0124 110 182 143 209
horse 0.0114 47 195 85 235
horse 0.0091 45 197 72 222
horse 0.0083 73 192 94 209
horse 0.0082 111 179 132 203
horse 0.0074 86 206 120 287
horse 0.0068 136 184 159 208
horse 0.0060 83 184 110 244
horse 0.0054 170 192 260 255
horse 0.0053 104 185 151 253
horse 0.0048 34 198 55 229
horse 0.0047 61 197 83 214
horse 0.0046 120 186 162 213
horse 0.0042 153 187 236 240
horse 0.0041 108 185 133 217
horse 0.0039 70 203 111 277
horse 0.0038 97 186 119 218
horse 0.0037 33 197 73 256
horse 0.0036 91 190 113 221
horse 0.0035 127 186 153 206
horse 0.0031 82 195 104 217
horse 0.0031 49 197 67 213
horse 0.0031 55 196 75 212
horse 0.0029 121 186 144 204
horse 0.0028 0 154 9 232
horse 0.0022 129 182 199 232
horse 0.0022 140 192 163 211
horse 0.0021 39 198 54 219
horse 0.0020 134 186 148 204
horse 0.0018 0 212 6 238
horse 0.0018 160 184 181 204
horse 0.0018 108 185 198 258
horse 0.0017 156 182 174 205
horse 0.0017 151 180 168 205
horse 0.0016 85 203 106 224
horse 0.0015 147 189 170 210
horse 0.0014 105 190 125 223
horse 0.0014 168 186 194 208
horse 0.0014 95 208 119 260
horse 0.0013 44 197 60 213
horse 0.0012 96 180 123 204
horse 0.0012 169 185 223 210
horse 0.0012 50 173 120 212
horse 0.0012 33 204 49 237
horse 0.0012 96 201 129 278
horse 0.0011 42 170 133 260
horse 0.0011 47 200 70 236
cow 0.0029 46 196 105 294
cow 0.0021 105 183 213 324
cow 0.0018 160 186 262 319
cow 0.0014 48 197 69 221
cow 0.0011 64 197 83 211
cow 0.0010 76 186 116 216
chair 0.0023 391 189 412 199
chair 0.0021 456 245 499 372
chair 0.0016 391 179 412 199
