person 0.1778 437 95 499 261
person 0.0757 379 83 451 260
person 0.0685 89 107 177 238
person 0.0617 479 99 499 189
person 0.0487 468 93 500 250
person 0.0436 402 103 462 291
person 0.0410 480 102 499 121
person 0.0387 96 101 159 187
person 0.0372 445 193 499 268
person 0.0365 401 48 494 262
person 0.0330 484 104 499 256
person 0.0233 479 98 500 142
person 0.0211 451 10 498 244
person 0.0185 110 126 169 206
person 0.0174 472 15 500 193
person 0.0173 80 120 237 258
person 0.0150 477 12 499 121
person 0.0140 490 227 500 283
person 0.0115 105 136 155 181
person 0.0101 470 197 499 262
person 0.0100 210 213 236 246
person 0.0099 335 106 454 291
person 0.0084 412 113 498 323
person 0.0076 342 320 360 375
person 0.0076 489 154 499 189
person 0.0071 78 364 87 375
person 0.0068 74 27 421 272
person 0.0066 426 194 499 355
person 0.0054 485 106 499 162
person 0.0050 483 212 500 282
person 0.0047 464 198 500 308
person 0.0046 392 48 444 188
person 0.0045 487 115 500 190
person 0.0043 160 203 299 254
person 0.0038 319 209 398 257
person 0.0036 197 213 252 245
person 0.0035 459 8 500 138
person 0.0034 405 86 432 113
person 0.0033 486 226 499 257
person 0.0028 335 244 418 284
person 0.0024 345 32 451 231
person 0.0024 317 136 422 271
person 0.0023 64 117 159 216
person 0.0022 471 230 497 259
person 0.0021 358 110 431 252
person 0.0020 0 348 34 368
person 0.0020 266 55 465 301
person 0.0019 406 146 454 256
person 0.0018 0 156 31 347
person 0.0018 478 76 500 121
person 0.0017 234 232 243 243
person 0.0016 44 149 392 292
person 0.0015 437 3 500 94
person 0.0015 75 205 184 260
person 0.0015 201 123 241 165
person 0.0015 357 178 475 330
person 0.0015 411 179 457 305
person 0.0014 482 5 500 55
person 0.0013 419 -7 497 199
person 0.0013 129 92 322 211
person 0.0012 403 227 481 370
person 0.0012 347 318 370 375
person 0.0012 116 141 140 175
person 0.0012 226 223 242 246
person 0.0011 418 180 464 258
person 0.0010 187 210 236 251
person 0.0010 468 4 499 69
person 0.0010 488 199 500 255
person 0.0010 442 194 476 246
person 0.0010 479 196 499 238
person 0.0010 445 199 461 244
person 0.0010 438 361 445 375
person 0.0010 452 223 494 269
person 0.0010 207 135 250 177
person 0.0010 487 4 500 39
bicycle 0.0020 0 348 31 368
bicycle 0.0019 449 194 499 266
car 0.0050 0 348 31 368
car 0.0018 233 364 266 375
car 0.0015 481 102 499 121
car 0.0012 338 245 415 285
car 0.0011 77 336 331 373
car 0.0010 75 218 242 265
motorbike 0.0026 454 196 499 263
motorbike 0.0011 0 348 31 368
aeroplane 0.2384 63 50 452 293
aeroplane 0.0236 87 101 157 180
aeroplane 0.0125 81 120 237 257
aeroplane 0.0061 71 186 255 265
aeroplane 0.0051 77 210 179 261
aeroplane 0.0046 64 101 170 228
aeroplane 0.0040 160 203 299 254
aeroplane 0.0039 44 149 392 292
aeroplane 0.0032 195 93 427 258
aeroplane 0.0028 129 92 322 211
aeroplane 0.0027 197 213 252 245
aeroplane 0.0023 96 22 420 206
aeroplane 0.0022 348 82 454 261
aeroplane 0.0016 183 6 250 28
aeroplane 0.0013 183 108 486 337
aeroplane 0.0013 263 54 465 303
aeroplane 0.0013 105 121 161 189
aeroplane 0.0011 442 195 499 277
aeroplane 0.0011 117 102 155 154
aeroplane 0.0010 312 209 392 251
boat 0.0015 65 27 429 273
bird 0.0034 96 101 159 187
bottle 0.0043 340 321 360 374
bottle 0.0014 330 321 347 372
bottle 0.0013 490 227 500 283
chair 0.0194 335 245 417 304
chair 0.0118 292 246 418 328
chair 0.0081 17 24 75 78
chair 0.0052 443 194 499 274
chair 0.0047 437 3 500 94
chair 0.0046 322 233 415 284
chair 0.0045 472 6 499 110
chair 0.0032 407 190 489 313
chair 0.0030 405 162 462 343
chair 0.0024 447 4 500 213
chair 0.0023 13 26 83 110
chair 0.0020 335 216 478 333
chair 0.0020 74 6 120 75
chair 0.0019 405 85 432 111
chair 0.0018 479 99 499 189
chair 0.0018 414 6 477 79
chair 0.0017 473 5 500 55
chair 0.0016 472 15 500 193
chair 0.0016 265 11 350 52
chair 0.0014 406 3 492 151
chair 0.0014 430 52 499 265
chair 0.0013 424 20 489 114
chair 0.0013 429 41 484 92
chair 0.0013 324 209 424 310
chair 0.0012 415 197 467 289
chair 0.0011 252 18 327 56
chair 0.0010 454 106 499 279
chair 0.0010 464 191 499 261
chair 0.0010 450 4 491 58
chair 0.0010 322 213 393 243
