person 0.0030 71 142 116 192
person 0.0020 0 125 43 210
person 0.0013 37 239 273 371
person 0.0012 481 26 500 258
person 0.0011 0 211 21 295
person 0.0010 65 111 75 125
car 0.0028 72 141 120 194
car 0.0011 0 125 43 210
bus 0.0043 0 122 42 209
bird 0.0058 344 204 362 223
bird 0.0032 311 1 371 50
bird 0.0027 119 123 135 137
bird 0.0016 310 119 319 125
bird 0.0010 252 113 316 127
cat 0.0012 481 26 500 258
bottle 0.0963 379 184 390 224
bottle 0.0859 82 220 92 237
bottle 0.0033 344 203 362 224
bottle 0.0012 22 195 30 208
bottle 0.0011 0 125 43 210
bottle 0.0010 43 112 55 123
chair 0.3604 296 217 421 366
chair 0.1019 227 296 317 373
chair 0.0974 37 239 273 371
chair 0.0302 0 210 23 299
chair 0.0065 0 195 40 280
chair 0.0065 18 244 39 278
chair 0.0058 0 126 43 210
chair 0.0024 15 211 39 284
chair 0.0020 0 122 44 289
chair 0.0013 11 241 39 292
chair 0.0012 13 199 39 254
chair 0.0011 153 277 330 373
chair 0.0010 0 208 21 256
chair 0.0010 275 277 304 295
sofa 0.7915 37 239 273 371
sofa 0.6209 296 217 421 366
sofa 0.0074 0 210 23 299
sofa 0.0050 228 296 318 373
sofa 0.0024 0 125 43 210
sofa 0.0016 72 141 120 194
sofa 0.0014 143 257 284 356
pottedplant 0.0168 344 204 362 223
pottedplant 0.0106 82 220 92 237
pottedplant 0.0058 0 122 42 209
pottedplant 0.0035 379 184 390 223
pottedplant 0.0017 119 123 136 141
pottedplant 0.0014 0 118 6 124
pottedplant 0.0014 0 36 40 200
pottedplant 0.0013 254 114 314 126
diningtable 0.0021 0 210 23 299
diningtable 0.0017 226 294 318 373
tvmonitor 0.6376 0 122 42 209
tvmonitor 0.4755 72 143 121 194
tvmonitor 0.0150 0 210 23 299
tvmonitor 0.0079 470 24 499 262
tvmonitor 0.0021 434 18 498 362
tvmonitor 0.0016 487 47 499 101
tvmonitor 0.0014 0 195 40 280
tvmonitor 0.0011 482 71 499 271
tvmonitor 0.0011 18 247 37 287
