person 0.0139 0 8 372 494
person 0.0013 294 0 374 30
bird 0.0185 0 2 369 497
bird 0.0031 21 363 29 371
bird 0.0018 231 107 283 158
cat 0.1033 2 10 371 498
cat 0.0024 300 0 373 31
cat 0.0011 230 104 283 158
dog 0.1690 -2 0 373 494
dog 0.0030 294 0 374 30
dog 0.0020 -4 1 370 229
horse 0.0608 2 10 371 498
sheep 0.0077 -3 1 374 494
sheep 0.0043 299 0 373 30
cow 0.0942 0 4 370 496
cow 0.0019 294 0 374 30
chair 0.0013 0 8 372 494
sofa 0.0024 -2 0 373 494
pottedplant 0.0017 0 8 372 494
diningtable 0.0016 0 8 372 494
