person 0.8746 285 182 375 263
person 0.6685 0 176 30 305
person 0.2428 263 147 281 173
person 0.1968 24 150 44 176
person 0.1275 487 196 500 242
person 0.1162 427 135 456 182
person 0.0448 306 233 365 264
person 0.0372 424 131 473 190
person 0.0263 0 175 27 207
person 0.0244 488 197 499 222
person 0.0216 0 175 27 245
person 0.0204 15 153 43 186
person 0.0163 0 257 27 354
person 0.0150 328 215 343 236
person 0.0093 487 134 499 194
person 0.0084 1 164 39 367
person 0.0077 264 176 432 270
person 0.0071 317 214 354 237
person 0.0062 332 221 346 232
person 0.0060 489 218 499 243
person 0.0056 488 169 500 228
person 0.0042 450 202 483 242
person 0.0042 478 75 500 124
person 0.0041 13 178 28 207
person 0.0025 468 205 492 245
person 0.0024 329 203 355 245
person 0.0022 26 151 43 165
person 0.0021 388 216 408 243
person 0.0016 327 220 337 237
person 0.0016 -3 91 41 317
person 0.0015 423 122 501 210
person 0.0015 478 194 497 241
person 0.0014 488 135 500 165
person 0.0014 0 61 17 103
person 0.0014 427 137 447 169
person 0.0013 418 70 479 133
person 0.0012 453 131 495 200
person 0.0012 467 185 498 242
person 0.0011 329 223 342 235
person 0.0011 0 62 16 174
person 0.0011 471 131 487 194
person 0.0011 429 139 462 211
person 0.0010 -2 118 44 225
person 0.0010 253 144 271 174
bird 0.0010 388 218 403 239
bottle 0.0114 487 134 499 194
bottle 0.0042 471 131 487 194
bottle 0.0031 487 198 499 244
bottle 0.0020 450 202 483 242
bottle 0.0019 426 133 462 187
bottle 0.0016 475 134 495 198
bottle 0.0010 423 130 487 199
chair 0.0145 307 234 364 264
chair 0.0061 0 172 31 345
chair 0.0030 0 284 23 373
chair 0.0028 308 354 449 374
chair 0.0023 0 283 18 324
chair 0.0022 25 318 198 372
chair 0.0019 374 310 405 342
chair 0.0010 297 250 310 262
chair 0.0010 288 184 373 263
sofa 0.0010 0 172 31 345
pottedplant 0.0010 488 214 499 243
diningtable 0.0039 -12 249 492 358
diningtable 0.0025 0 285 18 323
diningtable 0.0014 0 280 30 372
diningtable 0.0012 308 235 364 265
diningtable 0.0012 0 281 24 337
diningtable 0.0012 306 353 450 373
diningtable 0.0011 0 163 30 384
diningtable 0.0010 256 264 440 296
tvmonitor 0.6550 248 40 423 178
tvmonitor 0.5853 15 36 195 249
tvmonitor 0.0837 233 35 432 282
tvmonitor 0.0754 425 132 467 188
tvmonitor 0.0562 424 130 493 201
tvmonitor 0.0190 486 135 500 201
tvmonitor 0.0126 374 310 405 342
tvmonitor 0.0109 420 71 483 133
tvmonitor 0.0105 308 235 364 265
tvmonitor 0.0104 24 150 44 176
tvmonitor 0.0094 284 183 374 263
tvmonitor 0.0063 0 52 18 181
tvmonitor 0.0060 258 146 286 173
tvmonitor 0.0059 15 153 43 186
tvmonitor 0.0054 22 39 460 353
tvmonitor 0.0049 478 76 499 127
tvmonitor 0.0046 0 58 18 121
tvmonitor 0.0031 13 29 250 355
tvmonitor 0.0029 264 249 418 291
tvmonitor 0.0029 0 175 27 245
tvmonitor 0.0028 255 137 506 291
tvmonitor 0.0027 249 0 415 44
tvmonitor 0.0027 462 131 498 197
tvmonitor 0.0026 249 175 455 272
tvmonitor 0.0025 0 94 15 159
tvmonitor 0.0025 419 62 500 182
tvmonitor 0.0024 24 150 196 311
tvmonitor 0.0020 410 94 500 225
tvmonitor 0.0020 0 84 25 204
tvmonitor 0.0019 0 176 27 208
tvmonitor 0.0019 0 116 13 136
tvmonitor 0.0019 20 31 189 141
tvmonitor 0.0016 192 40 260 296
tvmonitor 0.0016 200 185 229 215
tvmonitor 0.0016 0 62 16 90
tvmonitor 0.0016 308 354 449 374
tvmonitor 0.0016 0 130 36 189
tvmonitor 0.0016 430 141 457 177
tvmonitor 0.0014 488 136 500 172
tvmonitor 0.0013 24 272 177 295
tvmonitor 0.0013 14 81 191 175
tvmonitor 0.0011 163 192 192 218
tvmonitor 0.0011 336 178 424 266
tvmonitor 0.0011 250 262 468 299
tvmonitor 0.0011 0 49 41 201
tvmonitor 0.0011 0 129 16 176
tvmonitor 0.0010 22 206 196 275
tvmonitor 0.0010 488 169 500 228
tvmonitor 0.0010 476 137 499 210
