person 0.8377 18 253 68 402
person 0.6993 309 264 347 367
person 0.6203 78 248 111 394
person 0.5800 333 267 350 365
person 0.5320 0 279 35 409
person 0.5207 188 228 247 287
person 0.4055 295 267 311 288
person 0.3491 15 245 47 287
person 0.2787 44 254 70 303
person 0.2655 0 258 17 290
person 0.2543 43 256 75 357
person 0.2123 292 267 305 286
person 0.1927 308 263 320 285
person 0.1714 333 267 348 289
person 0.1305 340 266 350 289
person 0.1196 302 269 314 291
person 0.1026 290 265 300 287
person 0.1005 0 261 18 315
person 0.0984 161 235 209 286
person 0.0957 135 245 159 287
person 0.0881 301 264 314 283
person 0.0862 325 261 347 281
person 0.0852 325 269 346 302
person 0.0810 165 244 191 283
person 0.0794 13 253 34 289
person 0.0774 310 262 325 279
person 0.0740 312 268 344 323
person 0.0670 66 269 78 303
person 0.0625 46 254 63 275
person 0.0619 291 262 299 275
person 0.0591 322 265 334 277
person 0.0573 242 146 276 197
person 0.0562 147 181 229 338
person 0.0500 77 261 101 350
person 0.0453 0 250 14 275
person 0.0451 57 265 78 311
person 0.0438 164 225 232 281
person 0.0402 308 271 317 290
person 0.0385 18 246 39 278
person 0.0382 0 250 9 266
person 0.0369 338 268 350 310
person 0.0302 299 265 308 274
person 0.0282 80 336 109 394
person 0.0249 216 232 250 286
person 0.0226 291 238 300 272
person 0.0209 1 252 28 287
person 0.0207 54 34 293 412
person 0.0195 27 248 46 279
person 0.0190 304 263 312 275
person 0.0183 290 272 297 291
person 0.0182 122 243 147 286
person 0.0178 52 255 69 287
person 0.0174 12 273 40 319
person 0.0172 123 245 136 283
person 0.0169 0 321 20 406
person 0.0168 57 301 70 357
person 0.0167 91 242 110 270
person 0.0166 326 270 346 347
person 0.0162 86 242 130 395
person 0.0161 2 257 19 278
person 0.0158 315 262 327 275
person 0.0156 19 249 62 305
person 0.0151 301 267 333 297
person 0.0148 305 277 314 294
person 0.0131 8 285 31 315
person 0.0127 147 250 166 280
person 0.0122 15 261 39 304
person 0.0121 43 250 55 266
person 0.0115 57 269 73 349
person 0.0114 77 285 91 337
person 0.0113 0 285 17 315
person 0.0113 76 136 113 167
person 0.0112 236 90 253 116
person 0.0111 296 277 310 294
person 0.0111 0 255 11 284
person 0.0111 290 273 304 294
person 0.0104 97 245 111 263
person 0.0102 310 316 328 358
person 0.0101 313 233 325 256
person 0.0082 80 238 108 334
person 0.0081 68 270 78 289
person 0.0081 289 261 306 290
person 0.0079 317 259 349 287
person 0.0077 155 244 176 277
person 0.0076 143 254 162 286
person 0.0075 103 248 111 260
person 0.0074 110 246 137 286
person 0.0074 87 246 118 279
person 0.0071 0 258 37 314
person 0.0068 307 269 326 363
person 0.0066 310 326 325 350
person 0.0066 89 242 138 328
person 0.0065 40 256 62 287
person 0.0064 170 237 197 272
person 0.0062 320 239 366 401
person 0.0062 62 271 79 347
person 0.0060 194 255 242 288
person 0.0054 13 270 33 295
person 0.0052 179 224 230 262
person 0.0051 227 233 249 273
bicycle 0.0015 291 280 304 294
bicycle 0.0012 296 277 310 294
car 0.0123 328 262 349 285
car 0.0085 327 260 349 274
car 0.0046 316 270 345 313
car 0.0038 325 269 346 302
car 0.0035 62 252 79 263
car 0.0028 337 248 350 260
car 0.0027 333 266 350 295
car 0.0024 331 267 345 287
car 0.0021 67 271 78 298
car 0.0019 66 248 77 256
car 0.0018 330 251 350 270
car 0.0015 295 270 312 295
car 0.0013 55 253 76 272
car 0.0013 59 250 77 258
car 0.0013 66 268 77 282
car 0.0012 18 250 69 402
car 0.0011 322 266 335 283
car 0.0011 340 265 350 284
car 0.0011 46 254 69 291
car 0.0011 323 256 348 268
car 0.0010 339 260 350 274
motorbike 0.0013 15 245 67 400
motorbike 0.0012 0 262 35 410
motorbike 0.0012 67 271 78 298
bus 0.8708 63 36 293 406
bus 0.0705 168 222 236 290
bus 0.0313 147 181 229 338
bus 0.0079 116 199 241 279
bus 0.0064 161 235 209 286
bus 0.0049 330 251 350 270
bus 0.0042 327 260 349 274
bus 0.0041 328 262 349 285
bus 0.0036 316 270 345 313
bus 0.0033 326 210 354 253
bus 0.0029 326 253 343 271
bus 0.0026 339 249 349 261
bus 0.0025 339 261 349 283
bus 0.0023 130 232 164 278
bus 0.0020 308 264 347 367
bus 0.0014 79 246 129 395
bus 0.0011 333 265 350 297
bus 0.0011 62 215 290 425
bus 0.0010 329 242 351 278
train 0.0015 59 37 289 408
train 0.0013 308 264 347 367
train 0.0011 330 272 355 365
dog 0.0018 246 148 277 197
bottle 0.0026 190 322 197 334
