person 0.7107 367 168 406 208
person 0.6906 67 173 91 201
person 0.6523 176 172 201 210
person 0.5907 155 175 179 210
person 0.0990 411 168 434 202
person 0.0977 302 188 315 217
person 0.0657 20 86 418 319
person 0.0351 291 186 314 220
person 0.0278 35 166 57 194
person 0.0258 376 169 429 204
person 0.0256 129 167 214 224
person 0.0221 306 186 318 213
person 0.0188 39 175 56 195
person 0.0187 187 200 202 213
person 0.0167 154 174 173 199
person 0.0147 31 163 56 182
person 0.0135 297 190 319 230
person 0.0121 88 171 106 200
person 0.0114 40 182 53 194
person 0.0094 112 171 125 207
person 0.0092 276 153 300 206
person 0.0090 418 164 436 195
person 0.0081 74 172 97 199
person 0.0079 346 167 372 206
person 0.0077 51 173 63 195
person 0.0074 43 171 62 195
person 0.0073 187 194 209 213
person 0.0069 115 174 125 196
person 0.0068 397 167 421 202
person 0.0066 304 192 323 236
person 0.0063 359 164 389 207
person 0.0059 132 180 147 228
person 0.0056 182 172 199 194
person 0.0056 71 174 92 190
person 0.0053 405 174 445 212
person 0.0051 112 179 126 228
person 0.0050 208 182 231 213
person 0.0043 283 190 314 236
person 0.0042 134 177 159 214
person 0.0041 303 177 316 211
person 0.0040 46 13 55 25
person 0.0040 331 145 363 208
person 0.0039 125 192 147 242
person 0.0038 162 174 192 207
person 0.0035 44 136 257 264
person 0.0035 180 170 218 213
person 0.0035 368 164 396 191
person 0.0034 371 176 395 208
person 0.0033 31 157 52 175
person 0.0033 142 173 172 210
person 0.0033 202 13 214 26
person 0.0031 336 174 359 208
person 0.0028 413 166 434 185
person 0.0027 496 234 499 251
person 0.0026 305 203 316 221
person 0.0026 208 192 225 213
person 0.0026 116 176 137 208
person 0.0025 66 183 82 201
person 0.0025 281 151 296 190
person 0.0024 394 169 412 199
person 0.0023 362 169 382 202
person 0.0023 51 170 79 199
person 0.0021 219 140 359 244
person 0.0020 132 207 146 249
person 0.0020 377 168 405 189
person 0.0020 304 206 324 251
person 0.0020 111 195 128 240
person 0.0019 29 165 45 178
person 0.0019 290 164 314 210
person 0.0018 355 162 374 195
person 0.0018 67 173 84 189
person 0.0018 84 166 99 187
person 0.0018 159 117 440 284
person 0.0017 40 163 59 186
person 0.0017 475 153 485 177
person 0.0015 134 174 157 197
person 0.0015 489 97 499 114
person 0.0015 193 180 225 213
person 0.0014 148 183 174 215
person 0.0013 17 141 102 246
person 0.0013 56 174 73 196
person 0.0012 93 187 105 201
person 0.0012 309 185 326 220
person 0.0012 380 191 411 213
person 0.0011 321 173 345 213
person 0.0011 72 169 86 185
person 0.0011 168 177 185 203
person 0.0011 189 182 209 211
person 0.0011 392 158 453 216
person 0.0010 379 183 432 218
person 0.0010 394 201 458 225
person 0.0010 37 156 53 168
person 0.0010 16 15 28 25
person 0.0010 358 173 377 207
person 0.0010 490 151 499 195
bicycle 0.1220 0 251 14 303
bicycle 0.0674 7 256 45 289
bicycle 0.0276 17 258 52 307
bicycle 0.0237 465 250 500 302
bicycle 0.0219 0 255 27 297
bicycle 0.0054 22 258 62 326
bicycle 0.0047 6 266 35 289
bicycle 0.0034 0 236 17 288
bicycle 0.0033 26 257 46 290
bicycle 0.0030 0 248 13 268
bicycle 0.0020 0 252 12 280
bicycle 0.0013 20 257 83 306
car 0.0100 387 201 458 225
car 0.0022 0 249 15 302
car 0.0012 405 174 445 212
motorbike 0.0039 0 251 14 303
bus 0.8963 14 96 456 304
bus 0.0754 175 172 203 211
bus 0.0069 155 175 184 212
bus 0.0033 129 167 214 224
bus 0.0021 18 122 275 283
bus 0.0018 66 173 91 201
bus 0.0018 366 168 407 209
bus 0.0015 489 152 499 173
bus 0.0015 491 158 499 195
bus 0.0012 29 163 60 194
bus 0.0011 9 182 465 347
bus 0.0010 11 124 141 282
train 0.0030 14 96 456 304
chair 0.0030 156 175 181 211
chair 0.0013 92 185 105 201
chair 0.0012 0 251 12 308
pottedplant 0.0360 339 19 356 39
pottedplant 0.0296 345 34 371 62
pottedplant 0.0293 46 14 54 26
pottedplant 0.0149 15 15 28 25
pottedplant 0.0110 338 18 357 55
pottedplant 0.0099 13 13 37 25
pottedplant 0.0092 20 14 33 26
pottedplant 0.0070 40 13 54 26
pottedplant 0.0043 34 11 50 25
pottedplant 0.0038 344 27 362 58
pottedplant 0.0037 26 12 37 25
pottedplant 0.0020 12 12 24 25
pottedplant 0.0018 346 17 368 54
pottedplant 0.0018 339 22 373 67
pottedplant 0.0016 46 7 56 25
pottedplant 0.0013 20 7 39 25
pottedplant 0.0010 48 14 62 29
pottedplant 0.0010 11 7 30 25
diningtable 0.0012 16 93 472 305
