person 0.0027 260 142 296 219
aeroplane 0.0021 260 142 296 219
bird 0.7081 260 142 296 219
bird 0.0859 301 296 322 334
bird 0.0326 188 194 199 211
bird 0.0307 301 296 318 322
bird 0.0291 181 194 199 217
bird 0.0268 271 142 296 195
bird 0.0244 52 271 76 293
bird 0.0220 348 219 359 238
bird 0.0185 45 275 71 303
bird 0.0184 299 284 344 342
bird 0.0155 209 263 230 281
bird 0.0142 106 249 128 267
bird 0.0133 178 199 194 219
bird 0.0119 210 265 224 279
bird 0.0114 47 277 61 302
bird 0.0113 60 271 76 287
bird 0.0109 229 243 251 264
bird 0.0102 263 201 282 218
bird 0.0099 304 296 332 325
bird 0.0098 54 278 72 299
bird 0.0095 219 256 242 280
bird 0.0092 305 258 361 323
bird 0.0092 180 205 197 221
bird 0.0089 332 260 359 295
bird 0.0077 182 191 197 208
bird 0.0076 262 141 288 176
bird 0.0075 344 214 361 241
bird 0.0071 140 312 154 321
bird 0.0070 171 191 202 222
bird 0.0068 224 254 257 283
bird 0.0066 14 291 26 301
bird 0.0066 262 191 286 221
bird 0.0065 334 223 356 251
bird 0.0064 267 140 292 162
bird 0.0063 40 276 62 308
bird 0.0063 261 141 326 224
bird 0.0062 370 262 394 289
bird 0.0062 173 269 190 290
bird 0.0062 250 263 263 279
bird 0.0061 188 289 224 316
bird 0.0060 351 209 362 231
bird 0.0059 227 246 244 263
bird 0.0059 169 190 197 211
bird 0.0059 222 260 234 277
bird 0.0057 338 224 355 241
bird 0.0056 276 143 295 174
bird 0.0056 105 253 119 269
bird 0.0055 245 264 269 286
bird 0.0053 167 191 183 212
bird 0.0052 328 266 359 312
bird 0.0051 213 262 243 287
bird 0.0051 362 183 387 208
bird 0.0050 99 253 122 279
bird 0.0048 177 194 194 212
bird 0.0047 238 289 253 319
bird 0.0046 332 261 379 302
bird 0.0046 42 261 73 287
bird 0.0044 334 232 350 250
bird 0.0043 224 235 256 267
bird 0.0042 264 202 291 223
bird 0.0042 175 272 213 311
bird 0.0042 341 221 361 248
bird 0.0041 102 245 131 274
bird 0.0041 0 229 5 253
bird 0.0040 327 257 352 284
bird 0.0040 217 258 261 293
bird 0.0040 183 212 197 230
bird 0.0039 36 285 56 312
bird 0.0039 233 236 252 259
bird 0.0038 276 141 291 158
bird 0.0038 249 312 262 328
bird 0.0038 97 264 113 294
bird 0.0037 260 163 291 241
bird 0.0036 308 209 327 247
bird 0.0036 200 266 226 287
bird 0.0035 327 215 362 253
bird 0.0035 285 293 330 344
bird 0.0035 52 270 87 300
bird 0.0034 202 294 224 313
bird 0.0034 492 56 500 74
bird 0.0034 182 266 234 317
bird 0.0034 11 289 29 305
bird 0.0034 57 267 74 283
bird 0.0033 99 292 116 317
bird 0.0033 198 162 217 180
bird 0.0033 361 259 400 298
bird 0.0033 136 309 156 325
bird 0.0033 253 144 282 212
bird 0.0032 0 221 8 251
bird 0.0032 98 277 117 306
bird 0.0032 376 255 401 285
bird 0.0032 173 198 185 216
bird 0.0031 185 218 195 234
bird 0.0031 433 63 440 72
bird 0.0031 135 310 150 320
bird 0.0030 174 271 196 299
bird 0.0030 381 257 396 276
bird 0.0030 100 288 114 303
bird 0.0029 215 139 308 227
bird 0.0029 97 273 106 292
cat 0.0016 260 143 295 219
dog 0.0021 260 143 295 219
