person 0.0026 452 275 499 334
person 0.0015 83 89 109 98
person 0.0014 0 83 7 88
bicycle 0.0011 452 276 498 337
motorbike 0.0034 452 275 499 334
aeroplane 0.0021 83 89 109 97
boat 0.0017 392 0 499 110
bird 0.9024 98 188 290 312
bird 0.4072 83 89 109 97
bird 0.0986 89 193 132 212
bird 0.0780 92 189 287 234
bird 0.0770 132 7 139 13
bird 0.0601 1 84 7 88
bird 0.0317 47 87 53 93
bird 0.0269 315 303 389 354
bird 0.0204 95 276 285 312
bird 0.0139 296 0 385 74
bird 0.0115 310 255 499 356
bird 0.0112 372 2 492 109
bird 0.0069 84 84 109 95
bird 0.0045 83 89 109 104
bird 0.0031 131 4 140 12
bird 0.0029 89 249 249 311
bird 0.0026 94 191 156 214
bird 0.0022 3 103 14 110
bird 0.0022 302 270 425 354
bird 0.0019 452 275 499 334
bird 0.0017 0 83 9 90
bird 0.0016 89 191 191 221
bird 0.0014 44 88 53 98
bird 0.0014 46 87 54 96
bird 0.0012 80 198 209 229
bird 0.0011 401 28 459 107
bird 0.0011 129 7 138 14
bird 0.0010 89 172 290 219
dog 0.0026 99 190 289 313
dog 0.0011 83 89 109 97
cow 0.0011 452 275 499 334
bottle 0.0014 316 303 389 352
pottedplant 0.0192 376 1 500 109
pottedplant 0.0073 452 275 499 334
