person 0.0100 312 0 357 29
person 0.0087 325 0 363 20
person 0.0074 313 0 336 30
person 0.0063 341 0 361 19
person 0.0045 309 0 377 55
person 0.0040 270 1 362 136
person 0.0037 184 494 203 499
person 0.0032 323 0 377 33
person 0.0032 0 0 46 67
person 0.0030 309 0 338 54
person 0.0027 290 0 349 73
person 0.0025 325 0 345 21
person 0.0014 246 0 328 34
person 0.0012 0 0 41 23
person 0.0011 0 0 64 129
person 0.0010 287 51 359 135
person 0.0010 251 0 330 80
bicycle 0.0054 283 21 359 137
car 0.0075 0 0 53 72
car 0.0058 283 5 361 137
car 0.0049 0 0 64 129
car 0.0030 0 0 42 46
car 0.0016 313 0 336 30
car 0.0010 262 0 335 133
motorbike 0.0059 283 21 359 137
motorbike 0.0013 296 251 401 391
train 0.0022 268 1 362 136
boat 0.0020 277 11 361 137
bird 0.0029 185 493 202 499
bottle 0.0013 287 38 360 136
chair 0.0060 282 1 382 133
chair 0.0048 284 49 358 136
chair 0.0014 316 0 348 23
chair 0.0011 313 0 336 30
chair 0.0011 255 0 347 140
pottedplant 0.2954 296 251 401 391
pottedplant 0.2558 3 11 325 502
pottedplant 0.1468 284 74 403 404
pottedplant 0.0423 282 1 381 133
pottedplant 0.0384 38 212 291 496
pottedplant 0.0186 316 0 402 120
pottedplant 0.0142 136 53 389 511
pottedplant 0.0089 309 0 377 55
pottedplant 0.0063 312 0 357 29
pottedplant 0.0054 285 51 356 135
pottedplant 0.0052 323 0 377 33
pottedplant 0.0049 -6 0 332 183
pottedplant 0.0047 192 2 325 134
pottedplant 0.0040 242 -24 397 368
pottedplant 0.0034 309 -12 402 241
pottedplant 0.0031 0 364 49 468
pottedplant 0.0030 323 0 402 66
pottedplant 0.0029 254 0 348 139
pottedplant 0.0025 0 430 129 499
pottedplant 0.0024 336 0 369 22
pottedplant 0.0023 155 141 310 449
pottedplant 0.0023 1 -8 175 483
pottedplant 0.0020 0 297 70 472
pottedplant 0.0019 290 0 349 73
pottedplant 0.0017 322 123 408 362
pottedplant 0.0016 0 1 65 153
pottedplant 0.0015 0 0 322 84
pottedplant 0.0013 308 -1 339 56
pottedplant 0.0012 251 0 330 80
pottedplant 0.0012 329 54 358 119
pottedplant 0.0011 0 -4 123 342
pottedplant 0.0010 0 0 53 72
pottedplant 0.0010 191 135 400 397
pottedplant 0.0010 189 -9 348 218
diningtable 0.0024 -7 23 370 493
diningtable 0.0015 5 367 403 499
diningtable 0.0014 52 266 297 497
