person 0.2181 0 1 20 60
person 0.0350 0 -1 108 266
person 0.0294 0 3 29 250
person 0.0095 0 6 172 339
person 0.0092 0 42 10 59
person 0.0065 0 25 13 60
person 0.0052 0 0 36 56
person 0.0044 0 0 20 26
person 0.0035 0 -6 50 351
person 0.0023 0 8 15 42
person 0.0012 10 12 469 328
bicycle 0.7492 10 14 470 328
bicycle 0.0101 0 232 114 331
bicycle 0.0054 158 39 450 275
bicycle 0.0022 19 128 366 329
bicycle 0.0020 22 18 262 316
bicycle 0.0016 287 54 443 273
car 0.0011 0 0 20 58
motorbike 0.0016 10 14 470 328
train 0.0014 10 14 470 328
bottle 0.0032 0 0 21 56
bottle 0.0016 228 227 255 275
bottle 0.0011 226 217 280 283
bottle 0.0010 260 123 327 222
bottle 0.0010 281 126 336 191
chair 0.0032 14 14 467 323
chair 0.0020 -1 229 114 331
pottedplant 0.0798 0 233 111 330
pottedplant 0.0025 0 234 51 328
diningtable 0.0012 10 14 470 328
