person 0.5816 16 18 292 362
person 0.4530 161 26 501 361
person 0.0086 0 322 19 365
person 0.0076 483 206 500 365
person 0.0037 487 271 500 361
person 0.0029 2 292 26 364
person 0.0029 332 40 496 361
person 0.0026 459 43 500 333
person 0.0017 259 24 508 265
person 0.0014 340 19 505 190
person 0.0014 438 50 500 208
bottle 0.0010 0 322 19 365
chair 0.4434 434 47 500 210
chair 0.3767 236 53 283 173
chair 0.1898 0 322 19 365
chair 0.0564 2 292 26 363
chair 0.0370 479 205 500 354
chair 0.0307 57 50 301 173
chair 0.0226 8 13 365 363
chair 0.0173 360 31 505 203
chair 0.0104 253 20 507 358
chair 0.0103 473 203 499 293
chair 0.0093 426 43 501 350
chair 0.0060 488 281 499 362
chair 0.0041 459 205 499 364
chair 0.0037 -1 23 322 222
chair 0.0036 174 46 288 178
chair 0.0029 0 66 36 309
chair 0.0027 0 237 27 373
chair 0.0024 251 24 497 164
chair 0.0022 89 23 426 258
chair 0.0015 207 44 332 169
chair 0.0014 158 39 397 186
chair 0.0013 467 93 499 342
sofa 0.1020 37 23 487 369
sofa 0.0323 473 204 500 359
sofa 0.0203 437 43 499 343
sofa 0.0098 0 322 19 365
sofa 0.0093 253 21 507 357
sofa 0.0072 475 204 499 278
sofa 0.0070 203 236 270 280
sofa 0.0064 106 181 513 363
sofa 0.0048 360 31 505 203
sofa 0.0046 0 294 25 362
sofa 0.0040 236 53 283 173
sofa 0.0031 62 53 300 172
sofa 0.0028 446 204 499 364
sofa 0.0022 14 31 340 260
sofa 0.0016 -18 137 399 365
sofa 0.0012 486 240 499 362
sofa 0.0011 393 193 498 362
sofa 0.0011 467 93 499 342
sofa 0.0011 78 193 320 310
sofa 0.0010 184 237 230 267
sofa 0.0010 248 25 498 163
diningtable 0.0442 0 322 19 365
diningtable 0.0137 0 294 25 362
diningtable 0.0022 479 206 500 353
diningtable 0.0019 475 204 499 278
diningtable 0.0010 31 119 504 371
tvmonitor 0.0032 0 4 40 248
