person 0.1134 0 208 62 328
person 0.0746 0 210 135 368
person 0.0365 401 315 500 372
person 0.0083 274 312 504 372
person 0.0060 20 233 88 267
person 0.0033 254 241 501 372
person 0.0029 4 182 35 233
person 0.0026 132 89 290 211
person 0.0023 12 179 49 232
person 0.0022 -3 320 139 373
person 0.0021 322 234 342 269
person 0.0018 203 119 257 165
person 0.0018 178 139 200 163
person 0.0013 -6 186 73 276
person 0.0012 87 243 104 273
car 0.0036 218 282 259 307
cat 0.0010 404 315 499 372
dog 0.0013 0 206 135 367
dog 0.0010 0 208 62 328
bottle 0.0850 321 235 341 269
bottle 0.0076 103 112 117 151
bottle 0.0019 219 281 259 306
bottle 0.0018 312 234 330 255
bottle 0.0017 112 116 126 151
bottle 0.0016 3 42 27 102
bottle 0.0015 313 234 335 269
bottle 0.0013 327 230 347 249
bottle 0.0013 327 229 373 253
bottle 0.0011 234 0 251 17
chair 0.6172 0 212 138 374
chair 0.4273 -3 320 139 373
chair 0.1223 270 312 499 372
chair 0.0998 0 208 63 326
chair 0.0496 20 233 88 267
chair 0.0264 73 223 129 278
chair 0.0139 403 316 499 372
chair 0.0121 27 238 71 263
chair 0.0105 9 178 51 233
chair 0.0063 257 238 499 372
chair 0.0049 10 232 127 274
chair 0.0031 3 165 100 302
chair 0.0027 22 220 83 324
chair 0.0026 21 192 154 323
chair 0.0024 3 222 74 265
chair 0.0023 36 246 135 342
chair 0.0019 7 189 34 232
chair 0.0016 14 233 71 253
chair 0.0016 21 349 132 374
chair 0.0015 1 277 89 369
chair 0.0015 31 243 52 260
chair 0.0013 3 42 27 101
chair 0.0013 54 332 137 374
chair 0.0012 0 323 67 366
sofa 0.3173 270 312 499 372
sofa 0.1194 403 315 499 373
sofa 0.0841 0 210 135 368
sofa 0.0395 0 208 62 328
sofa 0.0236 258 237 497 372
sofa 0.0097 -2 321 139 374
sofa 0.0021 144 202 394 353
sofa 0.0019 20 233 88 267
sofa 0.0010 392 272 500 370
pottedplant 0.0024 251 0 278 13
pottedplant 0.0012 237 0 274 15
pottedplant 0.0012 234 0 251 17
diningtable 0.0342 144 202 394 353
diningtable 0.0179 219 282 259 307
diningtable 0.0069 266 312 496 372
diningtable 0.0025 407 316 499 372
diningtable 0.0023 -3 320 139 373
diningtable 0.0013 163 231 222 284
diningtable 0.0013 237 192 495 375
diningtable 0.0012 0 220 137 373
tvmonitor 0.8897 134 95 280 222
tvmonitor 0.0172 1 40 29 105
tvmonitor 0.0101 58 112 105 163
tvmonitor 0.0036 144 99 224 210
tvmonitor 0.0030 155 0 224 41
tvmonitor 0.0028 163 126 203 175
tvmonitor 0.0020 142 115 197 194
tvmonitor 0.0016 177 139 201 164
tvmonitor 0.0013 191 113 246 185
tvmonitor 0.0013 0 93 32 119
tvmonitor 0.0013 172 120 221 191
tvmonitor 0.0010 146 124 179 183
tvmonitor 0.0010 0 41 10 102
