person 0.0029 59 2 224 177
person 0.0010 0 207 50 372
car 0.0011 -3 175 488 366
cat 0.5363 38 44 488 344
cat 0.0115 59 1 220 145
cat 0.0017 13 1 225 240
dog 0.0705 60 50 496 338
dog 0.0013 58 -1 222 164
chair 0.0190 58 -1 222 164
chair 0.0121 38 44 488 344
chair 0.0062 482 80 500 218
chair 0.0040 473 80 500 281
chair 0.0035 0 208 51 370
chair 0.0031 422 81 500 265
chair 0.0023 6 270 500 369
chair 0.0022 1 179 147 372
chair 0.0014 9 0 218 353
chair 0.0013 -3 175 488 366
sofa 0.0318 -3 175 488 366
sofa 0.0227 6 270 500 369
sofa 0.0217 0 206 53 366
sofa 0.0106 0 177 133 371
sofa 0.0084 38 44 488 344
sofa 0.0025 58 -1 222 164
sofa 0.0022 483 78 500 216
pottedplant 0.0010 58 -1 222 164
diningtable 0.0223 -3 175 488 366
diningtable 0.0172 6 270 500 369
diningtable 0.0036 0 208 48 369
tvmonitor 0.0142 483 78 500 216
tvmonitor 0.0041 492 10 500 83
tvmonitor 0.0014 422 81 500 265
