person 0.0050 2 27 342 248
person 0.0032 0 6 27 119
person 0.0019 0 63 15 119
person 0.0014 12 0 348 98
person 0.0013 249 0 303 103
person 0.0013 65 42 327 174
person 0.0012 22 77 126 192
person 0.0012 153 53 292 174
person 0.0010 8 136 343 260
person 0.0010 268 0 315 111
car 0.0064 -2 22 348 251
car 0.0047 2 0 249 84
cat 0.2683 6 37 256 192
cat 0.2038 153 53 292 174
cat 0.0599 22 77 126 192
cat 0.0174 -2 22 348 251
cat 0.0096 3 0 247 84
cat 0.0038 106 47 327 217
cat 0.0035 0 55 20 121
cat 0.0027 0 6 29 109
cat 0.0020 1 9 131 199
cat 0.0015 48 124 126 190
cat 0.0015 12 95 49 141
cat 0.0013 0 11 9 103
cat 0.0011 8 136 343 260
dog 0.0543 16 39 324 175
dog 0.0238 156 50 295 175
dog 0.0080 21 74 132 193
dog 0.0010 2 19 167 196
sheep 0.0018 153 53 292 174
sheep 0.0015 16 39 324 175
bottle 0.0010 342 30 350 76
chair 0.0252 315 10 348 131
chair 0.0170 14 40 336 174
chair 0.0116 1 0 252 87
chair 0.0088 292 4 344 124
chair 0.0079 322 11 349 89
chair 0.0051 338 24 349 74
chair 0.0048 0 6 27 119
chair 0.0021 342 34 350 74
chair 0.0021 4 87 343 261
chair 0.0020 268 0 315 111
chair 0.0020 228 1 275 68
chair 0.0019 153 53 292 174
chair 0.0016 249 0 303 103
chair 0.0012 0 55 20 121
chair 0.0010 322 75 350 134
chair 0.0010 55 0 336 71
sofa 0.0579 5 41 344 182
sofa 0.0161 1 1 253 87
sofa 0.0153 4 87 343 261
sofa 0.0022 0 3 30 114
sofa 0.0017 125 42 344 242
sofa 0.0016 153 49 290 179
sofa 0.0010 42 0 326 62
diningtable 0.0027 308 7 347 126
diningtable 0.0020 2 27 342 248
tvmonitor 0.0105 1 1 253 87
tvmonitor 0.0023 2 27 342 248
tvmonitor 0.0011 302 5 346 119
