person 0.8722 210 145 410 372
person 0.7569 100 144 279 375
person 0.6906 83 194 195 371
person 0.4503 0 319 24 375
person 0.1417 0 309 83 373
person 0.1090 109 233 137 262
person 0.0923 102 219 145 294
person 0.0368 115 195 194 303
person 0.0255 484 194 499 245
person 0.0250 0 364 12 375
person 0.0170 87 230 143 360
person 0.0126 155 21 469 387
person 0.0122 285 25 421 376
person 0.0118 0 360 19 375
person 0.0110 481 192 499 370
person 0.0101 344 152 365 171
person 0.0097 113 235 166 274
person 0.0073 63 119 226 343
person 0.0070 332 17 499 375
person 0.0065 43 218 158 371
person 0.0061 130 172 214 321
person 0.0057 226 182 237 201
person 0.0056 339 147 371 261
person 0.0055 142 195 195 275
person 0.0053 326 73 370 310
person 0.0045 91 267 128 342
person 0.0041 92 296 116 322
person 0.0041 19 52 117 207
person 0.0037 88 289 122 336
person 0.0036 91 238 139 313
person 0.0032 95 212 167 346
person 0.0028 -3 23 172 377
person 0.0027 315 137 399 359
person 0.0027 0 347 18 376
person 0.0025 3 62 117 317
person 0.0024 178 153 301 376
person 0.0022 88 261 177 373
person 0.0022 151 205 205 355
person 0.0020 43 62 390 356
person 0.0018 0 278 164 373
person 0.0016 344 146 367 185
person 0.0015 335 175 447 370
person 0.0015 482 75 500 287
person 0.0014 454 190 499 369
person 0.0013 100 219 227 342
person 0.0013 0 216 16 261
person 0.0011 114 231 137 250
person 0.0011 342 185 368 248
person 0.0011 57 167 176 305
person 0.0011 0 307 28 336
person 0.0010 0 169 19 264
person 0.0010 404 167 417 175
person 0.0010 456 51 499 352
person 0.0010 307 139 316 148
person 0.0010 84 295 132 366
bicycle 0.0166 0 306 80 370
car 0.0066 0 307 85 373
motorbike 0.0048 0 306 80 370
aeroplane 0.0012 334 1 500 368
bus 0.0024 334 1 500 368
bus 0.0010 0 307 85 373
train 0.0016 19 19 458 386
train 0.0011 334 1 500 368
train 0.0011 0 23 218 380
boat 0.0084 0 306 85 374
boat 0.0022 19 19 458 386
boat 0.0016 110 233 137 262
boat 0.0014 0 244 135 369
boat 0.0014 1 125 169 383
bird 0.0022 484 195 499 245
cat 0.0129 484 194 499 245
dog 0.0033 484 195 499 245
dog 0.0020 0 308 83 373
dog 0.0010 0 319 25 374
horse 0.0037 0 308 83 373
horse 0.0016 484 194 499 245
horse 0.0012 0 319 26 374
cow 0.0073 484 194 499 245
cow 0.0011 0 308 83 373
bottle 0.0122 92 296 116 322
bottle 0.0038 92 278 118 336
bottle 0.0032 101 0 128 68
bottle 0.0024 110 233 137 262
bottle 0.0020 87 230 143 360
bottle 0.0015 102 219 145 294
chair 0.2995 1 308 80 373
chair 0.0484 0 321 24 374
chair 0.0039 0 361 17 376
chair 0.0037 351 226 447 373
chair 0.0033 75 341 91 370
chair 0.0025 1 305 159 374
chair 0.0024 89 342 142 374
chair 0.0017 333 1 501 369
chair 0.0017 86 312 144 373
chair 0.0014 20 57 117 206
chair 0.0012 86 193 193 371
chair 0.0011 -1 310 39 373
sofa 0.0460 1 308 80 373
sofa 0.0015 0 319 26 374
sofa 0.0014 39 227 478 372
sofa 0.0011 0 217 160 370
pottedplant 0.0025 0 170 18 261
pottedplant 0.0013 0 216 16 261
diningtable 0.0024 0 308 84 373
diningtable 0.0017 0 217 160 370
diningtable 0.0010 92 296 116 322
tvmonitor 0.0028 110 233 137 262
tvmonitor 0.0016 1 308 80 373
