person 0.0363 227 79 499 324
person 0.0034 67 -11 489 336
person 0.0016 465 1 499 45
person 0.0012 328 0 483 29
car 0.0066 77 -8 478 329
motorbike 0.0018 77 -8 478 329
boat 0.0066 77 -8 478 329
bird 0.0010 137 200 343 323
cat 0.0043 132 64 359 324
cat 0.0013 164 12 499 326
dog 0.4523 132 64 359 324
dog 0.2778 75 0 486 330
dog 0.0323 227 79 499 324
dog 0.0229 134 188 346 326
dog 0.0083 94 31 207 298
dog 0.0019 179 17 391 245
dog 0.0012 208 221 344 325
cow 0.0014 227 79 499 324
chair 0.0493 52 -18 483 336
chair 0.0032 136 64 352 316
chair 0.0027 311 77 497 323
chair 0.0021 111 12 416 257
sofa 0.0652 67 -11 489 336
sofa 0.0097 227 79 499 324
sofa 0.0029 316 3 499 133
sofa 0.0016 136 62 362 325
pottedplant 0.0014 467 1 499 46
diningtable 0.0095 52 -18 483 336
diningtable 0.0085 1 11 119 322
diningtable 0.0051 316 3 499 133
diningtable 0.0019 78 8 307 306
diningtable 0.0013 5 1 226 324
