person 0.0576 209 87 344 210
person 0.0113 278 113 307 175
person 0.0071 262 103 315 186
person 0.0015 20 164 199 501
cat 0.0027 129 225 153 238
bottle 0.0058 210 245 225 269
chair 0.9159 1 164 207 498
chair 0.0120 -4 164 133 421
chair 0.0087 45 300 206 496
chair 0.0013 177 164 201 245
chair 0.0010 36 400 202 499
sofa 0.0024 28 165 203 501
pottedplant 0.0047 178 164 200 241
diningtable 0.0016 157 215 329 373
diningtable 0.0010 1 164 207 498
tvmonitor 0.8788 206 90 341 222
tvmonitor 0.0023 262 103 315 186
