person 0.2883 301 104 319 128
person 0.1337 13 128 43 178
person 0.0844 13 129 44 221
person 0.0588 311 106 319 128
person 0.0156 307 100 319 124
person 0.0089 21 169 62 223
person 0.0078 17 135 130 225
person 0.0063 313 100 320 122
person 0.0057 23 142 83 216
person 0.0056 56 152 91 176
person 0.0041 61 159 87 175
person 0.0037 23 133 42 169
person 0.0031 311 95 319 114
person 0.0030 246 169 321 236
person 0.0030 27 156 60 192
person 0.0028 301 101 314 122
person 0.0023 301 109 312 129
person 0.0021 19 132 64 195
person 0.0020 262 62 280 87
person 0.0019 67 85 85 137
person 0.0019 273 141 318 167
person 0.0016 98 91 110 109
person 0.0016 279 143 300 161
person 0.0016 30 151 86 191
person 0.0015 14 130 23 151
person 0.0015 13 129 38 154
person 0.0014 73 89 83 117
person 0.0011 301 98 319 116
person 0.0010 27 138 46 187
person 0.0010 286 146 319 173
boat 0.0014 164 112 316 222
bird 0.0017 13 128 43 162
cat 0.0088 274 141 304 159
cat 0.0037 13 128 43 162
cat 0.0036 279 144 299 160
cat 0.0027 273 141 318 167
cat 0.0017 286 144 299 156
cat 0.0017 57 155 86 175
cat 0.0016 13 129 44 221
cat 0.0011 17 135 130 225
cat 0.0010 21 169 62 223
cat 0.0010 245 143 262 161
dog 0.0072 277 142 300 159
dog 0.0038 285 144 299 158
dog 0.0030 273 141 318 167
dog 0.0020 280 148 298 163
dog 0.0011 13 128 43 162
bottle 0.0057 185 97 194 111
bottle 0.0047 270 111 275 119
bottle 0.0031 268 111 273 120
bottle 0.0021 314 108 319 129
bottle 0.0018 263 110 269 120
bottle 0.0017 273 112 279 121
bottle 0.0016 217 127 224 162
chair 0.0299 242 170 320 236
chair 0.0204 192 122 225 159
chair 0.0187 167 155 259 225
chair 0.0121 173 155 217 169
chair 0.0097 57 166 129 223
chair 0.0079 168 136 315 227
chair 0.0075 168 152 222 198
chair 0.0069 207 116 264 162
chair 0.0058 168 118 229 196
chair 0.0054 13 129 44 221
chair 0.0048 263 122 281 134
chair 0.0047 169 102 266 212
chair 0.0041 16 153 129 225
chair 0.0034 182 117 216 163
chair 0.0033 131 150 168 185
chair 0.0032 178 112 198 156
chair 0.0032 21 169 62 223
chair 0.0032 300 127 319 137
chair 0.0031 238 113 264 161
chair 0.0031 203 121 223 154
chair 0.0028 186 110 286 168
chair 0.0028 20 131 69 223
chair 0.0026 201 122 236 164
chair 0.0022 301 104 319 129
chair 0.0022 116 81 187 188
chair 0.0020 221 134 248 163
chair 0.0019 253 145 317 179
chair 0.0019 274 141 304 159
chair 0.0019 244 141 262 162
chair 0.0018 191 123 201 155
chair 0.0017 59 154 90 175
chair 0.0017 273 141 318 167
chair 0.0016 27 156 60 192
chair 0.0015 287 202 320 235
chair 0.0015 294 134 319 160
chair 0.0015 286 146 319 173
chair 0.0014 55 150 106 179
chair 0.0014 211 123 226 159
chair 0.0014 97 118 131 173
chair 0.0013 165 143 259 184
chair 0.0012 172 144 232 172
chair 0.0012 301 129 320 146
chair 0.0012 13 128 43 163
chair 0.0011 196 119 217 151
chair 0.0010 58 161 127 188
chair 0.0010 44 129 124 200
chair 0.0010 263 127 282 136
sofa 0.2858 243 169 320 236
sofa 0.1582 167 151 317 226
sofa 0.0353 16 153 129 225
sofa 0.0111 244 141 262 162
sofa 0.0070 273 141 318 167
sofa 0.0066 255 143 320 216
sofa 0.0065 22 158 74 224
sofa 0.0055 38 146 130 196
sofa 0.0047 56 169 129 224
sofa 0.0046 13 129 44 221
sofa 0.0046 168 152 222 198
sofa 0.0045 168 102 270 220
sofa 0.0041 173 155 217 169
sofa 0.0041 286 146 319 173
sofa 0.0040 237 113 265 161
sofa 0.0035 206 116 266 162
sofa 0.0033 186 110 286 168
sofa 0.0033 49 157 118 184
sofa 0.0031 253 145 317 179
sofa 0.0029 166 168 259 227
sofa 0.0027 39 109 130 220
sofa 0.0024 274 141 304 159
sofa 0.0022 56 152 91 176
sofa 0.0022 286 201 319 233
sofa 0.0022 23 184 63 223
sofa 0.0020 56 167 127 188
sofa 0.0020 168 118 229 196
sofa 0.0019 194 121 231 160
sofa 0.0016 3 217 140 238
sofa 0.0016 294 134 319 160
sofa 0.0015 300 103 319 128
sofa 0.0014 295 155 320 179
sofa 0.0013 165 143 259 184
sofa 0.0012 61 159 87 175
sofa 0.0012 310 154 320 170
sofa 0.0011 27 136 89 207
sofa 0.0011 28 154 71 192
pottedplant 0.1998 238 113 264 161
pottedplant 0.0420 243 139 263 161
pottedplant 0.0256 206 116 266 162
pottedplant 0.0195 196 119 229 157
pottedplant 0.0162 186 110 286 168
pottedplant 0.0090 262 62 280 86
pottedplant 0.0080 13 129 44 221
pottedplant 0.0070 159 101 326 224
pottedplant 0.0064 271 141 299 159
pottedplant 0.0062 182 111 197 154
pottedplant 0.0061 211 122 237 161
pottedplant 0.0052 21 169 62 223
pottedplant 0.0036 20 134 80 223
pottedplant 0.0032 233 111 261 146
pottedplant 0.0028 216 119 232 146
pottedplant 0.0026 211 118 230 136
pottedplant 0.0025 13 128 43 162
pottedplant 0.0021 243 131 259 151
pottedplant 0.0019 221 134 248 163
pottedplant 0.0019 260 137 280 158
pottedplant 0.0018 229 110 283 161
pottedplant 0.0017 30 145 68 211
pottedplant 0.0017 202 120 224 149
pottedplant 0.0017 295 138 320 158
pottedplant 0.0017 144 56 173 80
pottedplant 0.0015 286 146 319 173
pottedplant 0.0015 291 55 319 92
pottedplant 0.0015 241 112 258 140
pottedplant 0.0015 227 126 256 149
pottedplant 0.0015 173 116 233 174
pottedplant 0.0014 120 58 146 83
pottedplant 0.0012 216 124 226 160
pottedplant 0.0011 266 141 288 161
pottedplant 0.0011 263 142 313 174
pottedplant 0.0010 251 136 305 168
pottedplant 0.0010 261 95 281 120
pottedplant 0.0010 309 149 320 170
diningtable 0.0048 245 169 320 237
diningtable 0.0041 165 146 318 228
diningtable 0.0030 26 153 131 224
diningtable 0.0028 300 126 320 137
diningtable 0.0019 46 138 135 193
diningtable 0.0018 170 162 264 226
diningtable 0.0017 300 103 319 128
diningtable 0.0013 301 129 320 146
diningtable 0.0012 56 161 126 186
diningtable 0.0010 294 134 319 160
tvmonitor 0.1135 52 95 66 132
tvmonitor 0.0231 97 116 129 169
tvmonitor 0.0116 51 86 83 135
tvmonitor 0.0051 301 101 319 127
tvmonitor 0.0041 181 111 197 155
tvmonitor 0.0012 64 84 87 147
