person 0.3929 29 191 68 263
person 0.0395 64 191 73 222
person 0.0345 32 187 63 228
person 0.0248 58 227 72 261
person 0.0242 36 188 57 210
person 0.0186 61 200 74 235
person 0.0093 16 205 58 290
person 0.0082 0 286 88 373
person 0.0082 61 211 72 227
person 0.0065 66 190 73 212
person 0.0056 8 205 52 236
person 0.0042 0 262 8 290
person 0.0042 46 199 72 256
person 0.0028 31 193 50 217
person 0.0025 0 261 6 273
person 0.0017 32 201 43 216
person 0.0016 484 224 499 256
person 0.0016 61 216 73 236
person 0.0015 488 143 499 176
person 0.0015 485 177 499 253
person 0.0014 487 165 498 175
person 0.0013 12 210 35 221
person 0.0011 62 215 74 256
person 0.0011 23 210 42 234
person 0.0010 31 199 52 227
person 0.0010 138 199 176 234
person 0.0010 52 208 72 224
bicycle 0.0039 60 216 73 260
bicycle 0.0010 61 200 74 235
car 0.0091 8 210 35 234
car 0.0091 61 211 72 227
car 0.0064 484 224 499 256
car 0.0060 10 209 33 221
car 0.0034 61 200 74 235
car 0.0031 9 205 51 236
car 0.0029 485 177 499 253
car 0.0022 60 216 73 260
car 0.0014 489 169 499 177
car 0.0011 12 196 67 262
bird 0.0064 487 166 495 174
bird 0.0044 44 159 49 167
bird 0.0022 488 143 499 176
bottle 0.0051 64 191 73 222
bottle 0.0051 492 141 499 174
bottle 0.0048 133 180 155 223
bottle 0.0040 61 260 71 276
bottle 0.0028 36 187 56 209
bottle 0.0026 0 262 8 290
bottle 0.0024 59 234 72 261
bottle 0.0020 31 190 70 260
bottle 0.0018 485 228 500 257
bottle 0.0018 61 200 74 235
bottle 0.0014 13 208 30 219
bottle 0.0010 66 190 73 212
bottle 0.0010 0 261 6 273
chair 0.5602 0 285 89 373
chair 0.1727 59 225 73 261
chair 0.0859 13 228 54 294
chair 0.0821 24 194 68 273
chair 0.0483 437 207 458 251
chair 0.0306 0 261 9 292
chair 0.0252 50 219 72 261
chair 0.0205 61 210 73 244
chair 0.0152 35 213 67 264
chair 0.0147 208 186 363 356
chair 0.0141 0 284 30 299
chair 0.0131 61 211 72 227
chair 0.0118 63 219 74 251
chair 0.0106 63 216 74 237
chair 0.0097 38 297 91 374
chair 0.0095 13 220 70 318
chair 0.0081 0 261 6 273
chair 0.0079 0 267 22 303
chair 0.0071 1 283 48 366
chair 0.0070 0 282 13 293
chair 0.0059 0 244 29 316
chair 0.0057 8 205 52 236
chair 0.0057 484 228 500 258
chair 0.0056 58 236 69 262
chair 0.0055 8 212 33 240
chair 0.0050 -3 229 60 356
chair 0.0048 62 193 73 224
chair 0.0047 211 263 268 349
chair 0.0047 32 187 63 228
chair 0.0044 48 346 87 374
chair 0.0044 59 195 74 239
chair 0.0041 42 231 65 261
chair 0.0040 0 272 6 292
chair 0.0038 49 204 72 239
chair 0.0033 54 213 71 227
chair 0.0032 36 188 57 210
chair 0.0032 1 343 65 374
chair 0.0032 0 279 37 317
chair 0.0030 485 177 499 253
chair 0.0025 53 218 70 236
chair 0.0025 34 210 61 233
chair 0.0025 0 243 8 284
chair 0.0023 65 191 73 215
chair 0.0022 439 206 458 223
chair 0.0021 32 197 49 217
chair 0.0020 54 210 71 222
chair 0.0020 13 213 35 231
chair 0.0020 0 284 8 295
chair 0.0020 32 201 43 216
chair 0.0019 12 210 35 221
chair 0.0019 7 230 28 247
chair 0.0019 24 339 85 374
chair 0.0019 431 205 493 255
chair 0.0016 226 261 268 322
chair 0.0016 29 227 65 274
chair 0.0014 58 256 71 276
chair 0.0014 39 354 80 375
chair 0.0013 23 210 42 234
chair 0.0012 33 291 61 364
chair 0.0012 0 259 5 270
chair 0.0012 26 214 36 231
chair 0.0012 214 211 296 352
chair 0.0011 -1 281 71 340
chair 0.0010 4 224 23 261
chair 0.0010 31 199 52 227
chair 0.0010 214 71 425 363
sofa 0.3279 0 286 88 374
sofa 0.0789 14 225 52 293
sofa 0.0547 24 194 68 273
sofa 0.0250 0 261 9 292
sofa 0.0101 0 285 30 299
sofa 0.0083 13 220 70 318
sofa 0.0071 224 195 363 355
sofa 0.0065 0 244 29 316
sofa 0.0063 0 267 22 303
sofa 0.0048 0 282 13 293
sofa 0.0048 0 261 6 273
sofa 0.0048 0 251 45 350
sofa 0.0044 58 227 72 261
sofa 0.0028 12 203 57 250
sofa 0.0027 211 265 267 347
sofa 0.0027 0 279 37 318
sofa 0.0021 484 224 499 256
sofa 0.0017 29 227 65 274
sofa 0.0014 139 199 175 232
sofa 0.0013 0 272 6 292
sofa 0.0012 50 219 72 261
sofa 0.0012 35 213 67 264
sofa 0.0012 1 230 84 357
sofa 0.0011 225 262 269 321
sofa 0.0011 206 142 410 362
sofa 0.0011 32 187 63 228
sofa 0.0011 7 206 42 240
sofa 0.0011 1 277 29 296
sofa 0.0011 1 291 54 361
pottedplant 0.6495 310 60 432 364
pottedplant 0.5556 470 79 500 109
pottedplant 0.4758 139 198 175 234
pottedplant 0.3712 37 188 57 210
pottedplant 0.2168 134 183 159 231
pottedplant 0.0599 32 188 62 218
pottedplant 0.0511 348 217 410 363
pottedplant 0.0429 65 191 73 213
pottedplant 0.0308 30 191 67 262
pottedplant 0.0172 213 87 424 356
pottedplant 0.0107 337 54 438 238
pottedplant 0.0097 483 80 499 105
pottedplant 0.0097 328 164 422 362
pottedplant 0.0088 62 193 73 224
pottedplant 0.0087 437 207 458 252
pottedplant 0.0057 31 193 50 217
pottedplant 0.0038 234 191 368 359
pottedplant 0.0034 59 200 74 236
pottedplant 0.0034 158 200 175 232
pottedplant 0.0034 13 208 30 219
pottedplant 0.0027 455 90 495 117
pottedplant 0.0026 152 212 175 234
pottedplant 0.0025 348 302 406 359
pottedplant 0.0022 33 163 59 216
pottedplant 0.0021 43 185 74 218
pottedplant 0.0021 371 108 465 332
pottedplant 0.0021 27 183 55 214
pottedplant 0.0021 490 138 499 174
pottedplant 0.0020 484 228 500 258
pottedplant 0.0018 8 202 39 235
pottedplant 0.0018 156 224 174 233
pottedplant 0.0018 32 201 43 216
pottedplant 0.0017 150 182 175 227
pottedplant 0.0017 350 61 435 155
pottedplant 0.0013 25 153 70 224
pottedplant 0.0013 139 219 164 232
pottedplant 0.0013 10 212 34 230
pottedplant 0.0012 485 177 499 253
pottedplant 0.0012 466 88 498 140
pottedplant 0.0010 60 216 73 260
pottedplant 0.0010 0 262 8 290
pottedplant 0.0010 8 200 57 242
pottedplant 0.0010 468 85 491 114
diningtable 0.0197 61 211 72 227
diningtable 0.0183 29 191 68 263
diningtable 0.0138 60 216 73 260
diningtable 0.0133 0 286 87 373
diningtable 0.0116 0 262 8 291
diningtable 0.0099 61 200 74 235
diningtable 0.0092 61 216 73 236
diningtable 0.0065 0 284 30 299
diningtable 0.0065 9 205 51 236
diningtable 0.0049 13 228 54 294
diningtable 0.0048 0 283 13 293
diningtable 0.0048 12 210 35 221
diningtable 0.0047 12 212 37 232
diningtable 0.0035 0 261 6 273
diningtable 0.0034 49 201 71 241
diningtable 0.0029 0 267 22 303
diningtable 0.0026 0 244 29 316
diningtable 0.0022 0 272 6 292
diningtable 0.0022 52 208 71 224
diningtable 0.0019 54 213 71 227
diningtable 0.0019 7 211 33 243
diningtable 0.0018 0 352 84 375
diningtable 0.0018 484 228 500 258
diningtable 0.0017 32 187 63 228
diningtable 0.0015 22 206 43 222
diningtable 0.0015 0 251 45 350
diningtable 0.0014 46 206 72 262
diningtable 0.0013 23 221 70 268
diningtable 0.0013 437 208 459 252
diningtable 0.0012 23 210 42 234
diningtable 0.0012 36 188 57 210
diningtable 0.0011 56 230 70 262
diningtable 0.0011 36 209 64 233
tvmonitor 0.0103 37 188 56 209
tvmonitor 0.0042 62 193 73 224
tvmonitor 0.0032 484 228 500 259
tvmonitor 0.0019 34 188 60 220
tvmonitor 0.0015 485 177 499 253
tvmonitor 0.0011 65 191 73 215
tvmonitor 0.0011 0 261 9 292
