person 0.1226 170 167 181 191
person 0.0316 169 179 179 193
person 0.0285 88 161 94 176
person 0.0244 172 167 180 180
person 0.0219 85 158 92 172
person 0.0157 89 167 95 181
person 0.0114 80 157 92 171
person 0.0103 80 162 89 173
person 0.0095 168 176 183 204
person 0.0070 86 158 94 179
person 0.0057 16 154 24 167
person 0.0057 223 152 239 178
person 0.0043 75 157 85 172
person 0.0041 64 157 78 170
person 0.0030 23 164 30 177
person 0.0025 77 165 83 172
person 0.0024 17 161 28 180
person 0.0019 57 158 73 170
person 0.0018 56 161 66 169
person 0.0014 39 161 49 168
person 0.0014 172 165 179 174
person 0.0013 23 159 32 170
person 0.0012 68 162 76 171
person 0.0011 88 158 95 171
car 0.0011 65 157 78 169
car 0.0011 79 155 92 168
car 0.0011 57 158 73 170
car 0.0010 39 161 49 168
car 0.0010 56 161 66 169
train 0.8349 107 105 414 340
train 0.0080 64 156 78 170
train 0.0060 58 154 84 170
train 0.0045 79 154 92 169
train 0.0044 56 158 75 170
train 0.0037 70 155 92 172
train 0.0035 14 154 23 165
train 0.0031 39 153 75 169
train 0.0030 40 160 51 169
train 0.0027 55 161 67 169
train 0.0027 41 154 52 168
train 0.0025 51 152 66 168
train 0.0023 44 151 59 168
train 0.0022 41 158 61 169
train 0.0016 30 151 61 169
train 0.0013 14 153 25 172
train 0.0010 15 151 34 172
