person 0.0035 134 118 147 128
person 0.0031 221 192 308 275
person 0.0022 479 158 499 224
person 0.0018 75 160 85 188
person 0.0017 238 113 244 123
person 0.0014 -1 309 71 357
person 0.0014 0 188 94 290
person 0.0014 390 219 501 366
person 0.0012 284 165 307 191
person 0.0011 56 229 223 370
bicycle 0.0033 429 153 498 220
bicycle 0.0012 473 148 500 229
boat 0.0013 303 141 336 159
cat 0.0036 0 306 48 337
cat 0.0033 222 193 307 275
cat 0.0014 0 306 71 350
cat 0.0011 0 311 13 335
dog 0.0051 222 193 307 275
dog 0.0017 0 306 61 345
dog 0.0016 134 118 147 128
bottle 0.0166 242 221 252 239
bottle 0.0106 173 213 190 248
bottle 0.0070 222 193 307 275
bottle 0.0059 132 253 144 267
bottle 0.0057 75 160 85 188
bottle 0.0043 385 24 397 50
bottle 0.0035 113 257 122 270
bottle 0.0022 284 139 299 160
bottle 0.0018 225 214 293 255
bottle 0.0018 284 149 300 159
bottle 0.0017 104 214 111 229
bottle 0.0016 242 226 258 240
bottle 0.0015 174 236 185 251
bottle 0.0013 95 213 110 229
bottle 0.0011 478 156 499 221
bottle 0.0010 303 141 336 160
chair 0.6212 221 192 308 275
chair 0.5831 395 295 453 374
chair 0.4173 432 295 499 374
chair 0.0770 0 190 95 289
chair 0.0355 394 223 500 379
chair 0.0331 477 157 500 224
chair 0.0202 383 229 435 327
chair 0.0147 438 333 499 373
chair 0.0094 0 285 161 320
chair 0.0085 424 183 493 236
chair 0.0082 468 353 500 374
chair 0.0079 1 236 222 370
chair 0.0055 404 325 485 373
chair 0.0048 0 284 160 359
chair 0.0043 0 306 72 357
chair 0.0034 430 170 487 210
chair 0.0033 0 316 148 373
chair 0.0029 434 245 500 353
chair 0.0027 427 142 500 237
chair 0.0025 0 306 48 337
chair 0.0023 424 215 494 255
chair 0.0023 2 362 136 375
chair 0.0020 436 330 471 372
chair 0.0019 278 162 310 192
chair 0.0018 399 278 485 372
chair 0.0018 0 245 39 318
chair 0.0017 429 303 464 373
chair 0.0014 462 73 500 239
chair 0.0014 426 319 453 373
chair 0.0013 173 214 189 250
chair 0.0013 222 235 304 276
chair 0.0011 476 231 500 255
chair 0.0011 78 260 97 272
chair 0.0011 234 186 301 230
chair 0.0011 304 196 339 220
chair 0.0010 225 214 293 255
chair 0.0010 94 212 108 230
chair 0.0010 475 253 500 275
chair 0.0010 476 319 500 372
chair 0.0010 424 234 496 258
sofa 0.8344 0 188 94 290
sofa 0.6923 0 237 222 370
sofa 0.3016 223 193 305 275
sofa 0.0612 0 285 161 320
sofa 0.0513 1 302 143 371
sofa 0.0167 0 306 72 357
sofa 0.0122 479 157 499 225
sofa 0.0101 0 261 134 346
sofa 0.0071 0 306 48 337
sofa 0.0043 0 238 87 364
sofa 0.0040 2 297 143 327
sofa 0.0033 138 250 220 368
sofa 0.0030 -6 193 144 346
sofa 0.0026 48 309 81 321
sofa 0.0025 78 232 218 303
sofa 0.0019 225 214 293 255
sofa 0.0018 0 245 39 318
sofa 0.0015 424 188 494 236
sofa 0.0015 394 223 500 379
sofa 0.0015 424 215 494 255
sofa 0.0014 1 245 162 307
sofa 0.0012 1 205 71 326
sofa 0.0012 394 294 498 373
sofa 0.0011 132 254 146 268
pottedplant 0.7181 151 154 213 248
pottedplant 0.0352 173 213 191 247
pottedplant 0.0222 302 141 335 158
pottedplant 0.0116 284 149 300 159
pottedplant 0.0095 161 208 202 251
pottedplant 0.0041 284 139 299 160
pottedplant 0.0039 439 88 465 114
pottedplant 0.0037 437 49 468 80
pottedplant 0.0022 480 62 499 80
pottedplant 0.0020 98 154 234 271
pottedplant 0.0020 154 156 210 187
pottedplant 0.0020 117 160 200 235
pottedplant 0.0019 197 155 208 167
pottedplant 0.0017 186 156 209 173
pottedplant 0.0014 196 190 213 229
pottedplant 0.0013 194 158 211 178
pottedplant 0.0013 161 204 191 239
pottedplant 0.0013 363 33 391 58
pottedplant 0.0013 135 118 147 128
pottedplant 0.0012 152 167 159 176
pottedplant 0.0011 173 224 187 250
pottedplant 0.0011 152 165 160 182
pottedplant 0.0011 379 28 396 52
diningtable 0.2852 389 225 499 348
diningtable 0.0918 0 312 144 372
diningtable 0.0489 424 295 499 373
diningtable 0.0368 404 233 499 260
diningtable 0.0276 0 229 224 364
diningtable 0.0156 395 295 453 374
diningtable 0.0142 429 245 499 336
diningtable 0.0108 133 253 145 267
diningtable 0.0079 422 188 495 250
diningtable 0.0075 63 231 215 273
diningtable 0.0073 2 222 221 299
diningtable 0.0048 119 255 153 267
diningtable 0.0043 395 154 502 306
diningtable 0.0041 -1 285 160 354
diningtable 0.0035 137 256 170 270
diningtable 0.0035 155 239 171 250
diningtable 0.0035 473 252 500 275
diningtable 0.0034 0 306 71 356
diningtable 0.0032 479 157 499 225
diningtable 0.0028 101 257 122 269
diningtable 0.0028 97 237 182 280
diningtable 0.0022 422 229 445 239
diningtable 0.0020 383 229 435 327
diningtable 0.0018 79 260 97 273
diningtable 0.0018 437 248 495 281
diningtable 0.0018 65 227 168 306
diningtable 0.0017 45 184 234 280
diningtable 0.0017 173 214 189 250
diningtable 0.0015 150 176 211 261
diningtable 0.0014 89 268 143 286
diningtable 0.0014 220 194 307 274
diningtable 0.0013 2 362 136 375
diningtable 0.0013 99 203 188 250
diningtable 0.0013 0 188 95 291
diningtable 0.0013 126 257 143 268
diningtable 0.0010 161 208 202 251
diningtable 0.0010 462 240 499 319
diningtable 0.0010 48 309 81 321
tvmonitor 0.8946 86 127 176 185
tvmonitor 0.0118 479 157 499 225
tvmonitor 0.0017 1 190 94 288
tvmonitor 0.0016 464 82 499 165
tvmonitor 0.0014 221 193 307 274
