person 0.0010 456 129 494 258
dog 0.0021 205 101 320 312
dog 0.0019 456 129 494 258
horse 0.0021 456 129 494 258
horse 0.0016 205 101 322 310
horse 0.0011 312 123 419 259
sheep 0.0032 455 130 494 257
sheep 0.0017 207 102 318 310
sheep 0.0016 312 123 419 259
cow 0.8977 206 103 319 308
cow 0.8546 313 122 422 259
cow 0.8354 455 130 494 256
cow 0.0455 205 111 417 293
cow 0.0136 460 130 494 144
cow 0.0048 456 133 493 198
cow 0.0044 463 181 494 254
cow 0.0036 417 130 504 257
cow 0.0029 311 131 372 192
cow 0.0021 477 131 494 144
cow 0.0013 312 120 422 180
cow 0.0013 474 133 497 270
cow 0.0013 478 187 494 251
cow 0.0011 352 140 484 255
cow 0.0011 484 133 493 145
