person 0.0021 162 75 305 240
person 0.0018 31 31 490 360
person 0.0010 0 332 65 372
bird 0.0016 162 65 306 241
cat 0.1047 163 76 305 239
cat 0.0181 135 42 367 243
cat 0.0117 7 8 514 364
cat 0.0018 110 70 233 215
cat 0.0010 85 108 277 271
dog 0.0047 149 66 304 243
bottle 0.0015 163 76 305 239
chair 0.0115 199 333 496 373
chair 0.0107 201 266 423 353
chair 0.0048 1 333 65 372
chair 0.0026 23 219 237 370
chair 0.0020 162 75 305 240
chair 0.0017 19 36 348 366
sofa 0.0241 7 8 514 364
sofa 0.0086 162 75 305 240
sofa 0.0039 88 32 419 243
sofa 0.0014 23 219 237 370
sofa 0.0011 207 265 425 345
sofa 0.0010 202 334 497 373
pottedplant 0.1335 21 220 240 371
pottedplant 0.0599 133 17 488 349
pottedplant 0.0232 135 42 367 243
pottedplant 0.0169 162 76 305 240
pottedplant 0.0045 13 75 421 368
pottedplant 0.0034 268 29 491 279
pottedplant 0.0028 201 175 429 356
pottedplant 0.0020 204 264 423 351
pottedplant 0.0019 400 87 498 304
pottedplant 0.0011 402 204 501 336
diningtable 0.1935 0 332 64 372
diningtable 0.1046 202 334 497 373
diningtable 0.0762 29 33 492 360
diningtable 0.0197 18 215 501 370
diningtable 0.0113 190 172 418 366
diningtable 0.0112 199 256 416 355
diningtable 0.0087 162 75 305 240
diningtable 0.0042 202 294 499 372
diningtable 0.0039 -7 326 226 373
diningtable 0.0015 21 219 231 370
diningtable 0.0012 19 120 343 373
