person 0.0164 106 275 127 294
person 0.0062 115 271 128 292
person 0.0045 177 273 187 291
person 0.0044 99 274 120 295
person 0.0031 158 273 212 299
person 0.0029 431 114 445 122
person 0.0027 166 273 191 290
person 0.0025 174 273 185 287
person 0.0023 137 267 206 315
person 0.0021 159 234 170 243
person 0.0017 492 112 499 121
person 0.0017 168 273 178 288
person 0.0015 178 274 206 298
person 0.0013 144 113 155 127
person 0.0012 270 95 285 132
person 0.0011 145 276 186 322
person 0.0011 95 275 112 295
person 0.0011 27 257 41 280
person 0.0011 493 114 499 127
person 0.0011 366 119 375 132
person 0.0011 441 116 459 122
person 0.0010 104 266 131 292
car 0.0282 456 114 475 122
car 0.0195 442 117 461 123
car 0.0108 431 114 446 121
car 0.0097 342 106 361 112
car 0.0076 176 275 212 301
car 0.0066 445 116 472 123
car 0.0060 438 116 455 122
car 0.0040 372 112 386 120
car 0.0033 492 112 499 121
car 0.0032 0 259 6 271
car 0.0030 484 115 499 123
car 0.0030 430 189 500 244
car 0.0028 493 114 499 127
car 0.0024 444 118 461 130
car 0.0021 134 120 149 128
car 0.0021 9 101 34 111
car 0.0020 429 113 457 124
car 0.0018 453 114 479 127
car 0.0016 340 104 368 118
car 0.0014 493 122 499 136
car 0.0013 0 111 18 117
car 0.0012 221 121 236 129
car 0.0012 0 99 36 113
car 0.0012 364 116 380 132
car 0.0012 218 115 236 130
car 0.0011 366 111 390 130
car 0.0011 480 116 495 123
car 0.0010 74 114 87 118
motorbike 0.0013 12 27 508 327
aeroplane 0.6963 12 27 508 327
aeroplane 0.0171 215 91 256 129
aeroplane 0.0108 0 99 36 113
aeroplane 0.0077 146 87 367 131
aeroplane 0.0070 215 98 242 124
aeroplane 0.0068 12 224 498 371
aeroplane 0.0065 52 25 276 65
aeroplane 0.0062 30 19 508 183
aeroplane 0.0050 214 108 238 129
aeroplane 0.0039 -1 89 39 115
aeroplane 0.0033 0 85 26 108
aeroplane 0.0033 181 86 297 135
aeroplane 0.0027 269 94 286 131
aeroplane 0.0025 224 91 289 131
aeroplane 0.0025 288 95 309 110
aeroplane 0.0024 50 30 273 144
aeroplane 0.0022 130 115 158 128
aeroplane 0.0021 215 107 235 118
aeroplane 0.0017 9 38 300 210
aeroplane 0.0016 239 92 273 126
aeroplane 0.0016 184 98 266 132
aeroplane 0.0015 260 88 309 122
aeroplane 0.0014 8 101 35 111
aeroplane 0.0013 0 83 23 99
aeroplane 0.0011 0 257 5 269
aeroplane 0.0010 434 127 499 239
aeroplane 0.0010 134 119 150 128
aeroplane 0.0010 277 85 357 117
aeroplane 0.0010 92 76 463 141
bus 0.0017 430 189 500 244
bus 0.0014 7 100 37 112
train 0.0149 433 189 499 244
train 0.0017 480 202 500 243
train 0.0011 0 99 36 113
boat 0.0292 430 189 500 244
boat 0.0069 480 199 500 242
boat 0.0038 434 127 499 239
