person 0.8135 160 184 350 503
person 0.0581 173 249 187 269
person 0.0203 18 246 40 269
person 0.0062 0 3 389 463
person 0.0056 204 261 322 358
person 0.0052 181 239 341 390
person 0.0027 158 265 230 329
person 0.0018 0 274 16 311
person 0.0015 290 261 319 271
person 0.0014 6 264 49 342
person 0.0013 3 250 38 272
person 0.0012 170 256 230 272
person 0.0011 47 261 98 331
person 0.0011 147 260 233 404
person 0.0011 345 416 374 499
person 0.0011 77 155 317 397
person 0.0010 159 253 206 286
person 0.0010 144 189 263 499
bicycle 0.0013 180 402 214 500
car 0.2827 335 283 355 308
car 0.0759 337 285 362 318
car 0.0415 336 283 354 296
car 0.0292 341 289 355 314
car 0.0155 291 266 322 356
car 0.0123 339 292 376 330
car 0.0117 339 289 354 332
car 0.0087 290 261 319 272
car 0.0067 335 283 377 312
car 0.0055 169 230 345 354
car 0.0049 321 282 357 321
car 0.0031 337 286 373 357
car 0.0030 1 -7 380 443
car 0.0029 297 275 351 334
car 0.0026 162 207 350 449
car 0.0025 335 283 366 299
car 0.0025 182 257 230 270
car 0.0025 343 301 356 326
car 0.0024 325 277 352 303
car 0.0021 336 289 355 368
car 0.0019 287 269 351 389
car 0.0017 345 290 381 317
car 0.0016 147 260 233 404
car 0.0012 341 294 364 390
car 0.0010 331 267 375 471
car 0.0010 369 294 375 308
aeroplane 0.0034 -3 4 361 458
bus 0.0495 1 -7 380 443
bus 0.0016 349 132 370 191
bus 0.0010 123 102 379 378
train 0.0287 -3 4 361 458
train 0.0015 160 183 350 503
train 0.0014 -30 -14 201 485
train 0.0011 36 84 168 388
boat 0.0038 8 -11 372 466
bottle 0.0061 265 388 276 402
bottle 0.0022 144 258 203 423
bottle 0.0014 173 249 187 269
bottle 0.0011 16 302 63 492
bottle 0.0010 17 245 40 268
bottle 0.0010 145 312 163 373
chair 0.5345 97 264 158 334
chair 0.5161 47 263 98 331
chair 0.4464 0 313 46 499
chair 0.3158 158 265 230 338
chair 0.2101 31 238 191 499
chair 0.1695 15 294 62 493
chair 0.1575 148 263 227 401
chair 0.1512 7 268 53 390
chair 0.1467 55 264 156 352
chair 0.1393 161 184 350 503
chair 0.1125 0 275 17 309
chair 0.0946 17 245 40 268
chair 0.0902 345 410 374 500
chair 0.0804 36 311 60 392
chair 0.0779 173 249 187 269
chair 0.0606 138 245 234 485
chair 0.0544 181 403 216 500
chair 0.0534 24 285 59 410
chair 0.0502 182 257 230 270
chair 0.0360 2 286 31 443
chair 0.0322 147 266 165 321
chair 0.0285 6 263 47 339
chair 0.0255 290 261 318 270
chair 0.0150 164 254 232 290
chair 0.0147 47 253 101 391
chair 0.0144 149 312 218 498
chair 0.0129 0 284 12 309
chair 0.0128 98 264 181 368
chair 0.0105 11 312 141 500
chair 0.0101 167 234 345 348
chair 0.0096 259 393 344 478
chair 0.0091 149 222 275 403
chair 0.0090 147 268 196 339
chair 0.0084 63 113 147 148
chair 0.0082 3 250 38 272
chair 0.0080 250 253 350 491
chair 0.0078 168 261 228 277
chair 0.0077 140 307 326 500
chair 0.0074 146 286 190 429
chair 0.0069 24 232 137 360
chair 0.0067 150 258 182 311
chair 0.0063 12 397 40 498
chair 0.0063 152 255 213 313
chair 0.0053 169 366 213 501
chair 0.0050 30 383 169 499
chair 0.0046 48 244 162 409
chair 0.0045 145 268 176 371
chair 0.0045 201 396 349 500
chair 0.0044 132 268 183 398
chair 0.0043 158 257 225 273
chair 0.0038 0 3 389 463
chair 0.0038 264 408 370 500
chair 0.0034 284 478 344 499
chair 0.0034 147 287 167 377
chair 0.0032 146 314 173 393
chair 0.0031 0 261 88 486
chair 0.0029 157 247 191 296
chair 0.0026 173 387 247 499
chair 0.0026 2 299 14 311
chair 0.0025 25 245 44 272
chair 0.0025 0 252 19 280
chair 0.0024 2 283 18 322
chair 0.0023 122 265 171 326
chair 0.0022 1 265 34 316
chair 0.0022 77 155 317 397
chair 0.0022 24 128 136 412
chair 0.0021 344 308 375 501
chair 0.0020 7 256 103 367
chair 0.0020 3 310 62 424
chair 0.0018 1 274 17 292
chair 0.0017 3 293 17 313
chair 0.0016 47 230 107 317
chair 0.0016 146 319 162 369
chair 0.0013 45 310 63 381
chair 0.0013 344 391 374 465
chair 0.0012 5 251 24 274
chair 0.0012 162 260 185 284
chair 0.0012 70 222 165 319
chair 0.0011 163 265 183 278
chair 0.0011 -22 23 190 445
chair 0.0011 44 207 161 261
chair 0.0010 182 225 335 280
chair 0.0010 125 291 199 496
sofa 0.0030 8 265 56 418
sofa 0.0024 161 184 350 503
sofa 0.0017 158 268 219 333
sofa 0.0016 345 410 375 500
sofa 0.0011 97 264 158 333
sofa 0.0010 0 275 17 309
sofa 0.0010 47 261 98 331
diningtable 0.0262 0 274 16 311
diningtable 0.0081 182 257 227 269
diningtable 0.0061 345 410 374 500
diningtable 0.0059 0 284 12 309
diningtable 0.0058 0 300 57 498
diningtable 0.0053 158 268 219 333
diningtable 0.0047 97 264 158 332
diningtable 0.0038 22 304 182 497
diningtable 0.0032 2 260 44 433
diningtable 0.0028 15 251 38 269
diningtable 0.0024 47 263 98 331
diningtable 0.0022 9 268 51 377
diningtable 0.0021 -3 4 361 458
diningtable 0.0018 168 261 228 277
diningtable 0.0017 0 306 31 482
diningtable 0.0017 2 298 14 311
diningtable 0.0015 69 264 163 353
diningtable 0.0015 143 253 205 429
diningtable 0.0014 258 398 347 498
diningtable 0.0014 158 257 225 273
diningtable 0.0012 173 251 191 268
tvmonitor 0.0013 65 111 140 148
