person 0.0057 130 165 136 173
person 0.0039 161 161 171 170
person 0.0033 135 164 145 174
person 0.0024 172 157 182 169
person 0.0020 49 197 67 241
person 0.0019 160 157 171 169
person 0.0015 127 164 134 173
person 0.0015 166 164 174 169
person 0.0014 116 180 127 190
person 0.0013 121 179 134 189
person 0.0013 112 179 123 189
person 0.0012 484 211 499 231
person 0.0012 157 159 168 169
person 0.0012 48 213 63 240
car 0.0081 52 202 116 240
car 0.0052 484 211 499 231
car 0.0035 65 214 120 242
car 0.0024 -1 195 59 220
car 0.0023 488 216 500 235
car 0.0019 482 196 500 234
car 0.0017 71 208 96 222
car 0.0016 48 207 212 244
car 0.0015 74 204 108 239
car 0.0015 481 210 500 242
car 0.0014 489 204 500 228
car 0.0014 59 201 98 232
car 0.0013 79 222 116 242
car 0.0011 80 210 100 219
car 0.0011 77 212 144 243
car 0.0010 239 213 247 221
aeroplane 0.0037 67 150 486 219
bus 0.0030 46 149 478 246
bus 0.0010 0 196 61 226
train 0.5058 46 149 478 246
train 0.0165 35 204 485 270
train 0.0133 479 194 500 237
train 0.0118 0 189 63 223
train 0.0077 49 196 118 244
train 0.0050 67 124 489 210
train 0.0035 471 211 500 246
train 0.0034 4 184 68 207
train 0.0030 484 207 499 235
train 0.0030 110 195 453 244
train 0.0024 487 195 499 224
train 0.0019 473 192 499 221
train 0.0014 50 192 86 238
train 0.0013 456 194 501 248
train 0.0013 41 148 342 218
train 0.0012 331 214 480 249
train 0.0011 464 206 493 241
train 0.0011 25 215 485 323
train 0.0011 31 187 83 234
train 0.0010 131 167 480 226
train 0.0010 29 186 62 203
boat 0.0045 67 152 489 239
bird 0.0030 373 44 393 52
