person 0.8963 10 201 67 365
person 0.4036 220 202 234 218
person 0.3237 279 192 308 219
person 0.1397 407 179 440 229
person 0.0868 194 202 207 218
person 0.0402 326 179 353 216
person 0.0334 109 106 454 320
person 0.0333 326 198 339 216
person 0.0310 117 195 137 221
person 0.0306 402 168 456 235
person 0.0262 402 187 427 231
person 0.0229 70 197 85 222
person 0.0147 0 18 49 152
person 0.0147 403 174 431 219
person 0.0142 416 191 439 225
person 0.0120 401 199 418 230
person 0.0118 423 188 446 226
person 0.0110 341 191 356 216
person 0.0103 104 191 116 216
person 0.0080 410 182 434 212
person 0.0078 126 200 139 220
person 0.0075 0 175 15 221
person 0.0071 75 195 84 210
person 0.0070 161 207 171 219
person 0.0070 363 186 377 215
person 0.0059 131 202 139 217
person 0.0058 411 204 431 229
person 0.0045 104 195 123 220
person 0.0043 425 200 441 227
person 0.0042 366 190 382 215
person 0.0039 343 181 370 216
person 0.0037 479 138 499 162
person 0.0037 326 177 341 205
person 0.0037 468 125 479 135
person 0.0036 0 112 13 136
person 0.0035 275 190 295 216
person 0.0035 86 193 97 208
person 0.0033 0 217 22 323
person 0.0031 28 207 34 222
person 0.0030 364 197 375 215
person 0.0029 421 173 457 223
person 0.0027 148 208 160 220
person 0.0026 415 149 463 244
person 0.0026 268 198 296 219
person 0.0024 361 198 372 216
person 0.0023 255 78 512 259
person 0.0023 70 195 82 214
person 0.0023 2 114 29 139
person 0.0022 0 178 11 207
person 0.0022 369 89 501 299
person 0.0022 -4 3 53 255
person 0.0022 154 204 163 219
person 0.0021 346 200 359 216
person 0.0020 433 125 496 289
person 0.0019 457 119 480 135
person 0.0019 82 196 98 221
person 0.0019 402 189 419 217
person 0.0018 119 191 137 212
person 0.0017 250 202 262 218
person 0.0017 108 191 128 216
person 0.0017 4 67 39 89
person 0.0017 265 200 282 219
person 0.0016 0 171 26 233
person 0.0016 288 187 312 214
person 0.0016 152 203 169 220
person 0.0015 351 203 365 216
person 0.0015 85 207 98 221
person 0.0015 70 204 80 222
person 0.0015 380 186 411 220
person 0.0014 0 81 22 167
person 0.0014 454 121 468 136
person 0.0013 71 191 88 214
person 0.0013 72 206 89 222
person 0.0013 377 190 387 216
person 0.0013 428 210 440 227
person 0.0013 191 203 199 217
person 0.0012 30 201 51 221
person 0.0012 0 223 42 349
person 0.0012 219 192 235 216
person 0.0012 435 140 449 153
person 0.0011 270 121 443 287
person 0.0011 6 221 22 284
person 0.0011 0 189 11 213
person 0.0010 159 261 171 278
person 0.0010 12 180 43 235
person 0.0010 286 200 313 219
person 0.0010 -1 98 59 308
person 0.0010 103 190 112 206
person 0.0010 399 164 425 210
car 0.0134 0 217 22 323
car 0.0108 10 203 67 363
car 0.0034 0 194 20 268
car 0.0028 0 189 37 325
car 0.0028 0 289 18 326
car 0.0020 0 290 8 318
car 0.0017 0 252 16 327
car 0.0017 14 115 477 314
car 0.0016 0 217 21 239
car 0.0015 1 265 27 325
car 0.0014 454 105 499 300
car 0.0011 229 88 491 174
bus 0.7882 19 123 478 315
bus 0.4563 454 105 499 300
bus 0.3447 0 16 52 247
bus 0.1303 228 85 495 159
bus 0.0582 260 87 498 253
bus 0.0561 281 190 306 220
bus 0.0518 412 93 499 294
bus 0.0391 0 218 22 323
bus 0.0322 402 168 456 235
bus 0.0296 0 85 24 306
bus 0.0217 0 139 20 269
bus 0.0182 0 175 16 221
bus 0.0163 407 179 440 229
bus 0.0157 1 207 64 352
bus 0.0130 1 124 48 345
bus 0.0106 0 189 37 325
bus 0.0098 1 146 41 256
bus 0.0062 0 206 20 254
bus 0.0054 9 96 476 232
bus 0.0052 0 3 80 366
bus 0.0050 325 176 357 218
bus 0.0034 0 171 26 233
bus 0.0026 208 114 452 294
bus 0.0024 461 182 499 294
bus 0.0023 1 42 51 156
bus 0.0017 307 145 376 233
bus 0.0014 235 98 423 149
bus 0.0012 0 217 21 240
bus 0.0011 0 177 11 207
train 0.0932 231 87 496 156
train 0.0386 14 115 477 314
train 0.0191 0 16 52 247
train 0.0131 0 218 22 323
train 0.0051 0 85 24 306
train 0.0035 2 78 492 197
train 0.0030 0 175 16 221
train 0.0022 454 80 499 292
train 0.0020 0 139 20 269
train 0.0020 10 203 67 363
boat 0.0018 14 115 477 314
chair 0.0080 401 201 427 230
chair 0.0077 411 204 431 229
chair 0.0028 406 183 437 229
chair 0.0024 194 203 208 218
chair 0.0020 148 208 160 220
chair 0.0019 119 201 137 220
chair 0.0016 220 202 235 219
chair 0.0015 162 209 171 219
chair 0.0011 407 210 427 230
diningtable 0.0016 19 123 478 315
