dog 0.0013 261 174 494 359
sheep 0.7290 3 188 175 394
sheep 0.6088 143 150 253 267
sheep 0.5020 23 162 491 397
sheep 0.4909 130 7 487 213
sheep 0.1674 6 41 436 239
sheep 0.1286 249 172 494 358
sheep 0.1080 0 218 137 349
sheep 0.0804 101 190 179 262
sheep 0.0710 93 209 423 309
sheep 0.0645 220 222 299 273
sheep 0.0577 0 187 179 267
sheep 0.0516 51 99 467 317
sheep 0.0439 18 248 365 396
sheep 0.0398 7 1 356 61
sheep 0.0365 83 139 386 283
sheep 0.0354 296 1 486 64
sheep 0.0311 345 175 494 315
sheep 0.0263 1 236 62 393
sheep 0.0228 221 179 339 274
sheep 0.0216 455 186 498 270
sheep 0.0211 178 0 495 377
sheep 0.0143 196 156 444 276
sheep 0.0122 441 183 498 389
sheep 0.0117 450 185 496 219
sheep 0.0110 5 0 504 139
sheep 0.0086 114 171 372 381
sheep 0.0076 91 169 244 286
sheep 0.0060 1 201 152 244
sheep 0.0057 266 174 376 258
sheep 0.0052 2 54 271 300
sheep 0.0047 4 46 167 234
sheep 0.0043 0 258 36 396
sheep 0.0042 0 147 16 233
sheep 0.0038 259 176 386 337
sheep 0.0037 298 2 390 63
sheep 0.0020 196 1 310 61
sheep 0.0016 338 9 493 196
sheep 0.0016 214 0 426 64
sheep 0.0016 104 193 168 224
sheep 0.0016 0 367 5 394
sheep 0.0013 447 156 497 245
sheep 0.0013 0 225 18 363
sheep 0.0012 324 62 500 328
sheep 0.0012 0 320 33 397
sheep 0.0011 136 126 296 241
sheep 0.0011 42 256 220 388
sheep 0.0010 13 262 148 392
sheep 0.0010 3 214 116 233
cow 0.0027 141 149 259 264
cow 0.0012 23 162 491 397
cow 0.0010 137 -6 486 384
diningtable 0.0015 6 164 472 395
