person 0.0590 184 28 388 219
person 0.0382 158 6 502 354
person 0.0210 0 92 16 168
person 0.0124 142 228 243 328
person 0.0082 272 71 408 318
person 0.0045 182 274 203 317
person 0.0033 161 284 197 324
person 0.0031 158 267 210 322
person 0.0028 317 168 370 246
person 0.0024 0 83 19 253
person 0.0022 402 78 499 372
person 0.0021 443 44 464 113
person 0.0019 0 79 11 143
person 0.0018 227 28 464 264
person 0.0018 0 92 7 113
person 0.0017 433 93 457 119
person 0.0015 443 75 461 113
person 0.0012 167 251 236 322
person 0.0010 0 82 37 355
bicycle 0.0015 0 93 16 171
bicycle 0.0014 158 1 502 356
car 0.0168 0 91 17 173
car 0.0018 185 17 490 223
motorbike 0.0037 142 230 242 329
motorbike 0.0030 0 93 16 171
motorbike 0.0020 158 6 502 354
aeroplane 0.0035 187 26 390 236
bus 0.0188 0 93 16 171
train 0.0616 0 93 16 171
train 0.0043 176 26 487 245
bird 0.0177 184 28 389 218
bird 0.0015 161 285 197 325
cat 0.0036 184 25 486 237
cat 0.0023 142 230 238 328
dog 0.0071 142 230 242 328
dog 0.0054 183 25 485 237
horse 0.0090 142 230 242 328
horse 0.0040 184 25 486 237
cow 0.0041 183 25 485 237
cow 0.0016 142 230 242 329
bottle 0.0039 0 90 16 167
bottle 0.0015 158 1 502 356
chair 0.0421 140 228 244 328
chair 0.0075 0 96 17 173
chair 0.0012 187 28 429 225
chair 0.0010 408 18 426 31
chair 0.0010 167 251 236 322
sofa 0.0050 142 230 242 328
pottedplant 0.0086 142 230 242 328
pottedplant 0.0018 187 26 390 236
pottedplant 0.0015 0 89 15 168
pottedplant 0.0014 158 1 502 356
diningtable 0.0180 7 168 526 382
diningtable 0.0071 139 228 245 328
diningtable 0.0036 26 28 488 355
diningtable 0.0032 33 212 439 340
tvmonitor 0.0418 0 93 16 171
