person 0.8457 251 241 348 372
person 0.7608 381 225 444 347
person 0.7323 1 235 63 351
person 0.7109 181 237 297 372
person 0.6843 33 231 84 354
person 0.6011 122 231 138 288
person 0.4130 141 260 152 288
person 0.3753 354 236 392 304
person 0.2699 187 240 211 293
person 0.2576 90 241 108 288
person 0.2276 163 246 176 281
person 0.1520 368 264 490 354
person 0.1481 20 240 113 367
person 0.1481 5 236 41 297
person 0.1326 458 257 477 290
person 0.1319 180 240 234 353
person 0.1301 184 237 222 305
person 0.1131 310 268 346 300
person 0.1119 0 237 28 348
person 0.1001 133 244 143 287
person 0.0781 290 250 312 295
person 0.0546 292 257 325 299
person 0.0377 153 248 165 281
person 0.0362 35 234 78 292
person 0.0354 253 244 333 317
person 0.0349 240 239 303 376
person 0.0326 69 250 88 282
person 0.0316 0 279 148 368
person 0.0296 290 260 306 291
person 0.0289 235 240 289 328
person 0.0273 456 259 497 291
person 0.0254 345 220 364 242
person 0.0249 394 225 424 259
person 0.0218 274 255 341 335
person 0.0216 0 239 14 268
person 0.0199 76 250 91 280
person 0.0197 206 238 236 273
person 0.0194 129 252 141 287
person 0.0192 218 238 237 265
person 0.0191 85 239 99 278
person 0.0188 64 236 107 312
person 0.0187 326 291 383 326
person 0.0181 359 225 433 316
person 0.0173 107 231 142 287
person 0.0167 246 241 270 294
person 0.0166 230 239 259 315
person 0.0162 55 246 87 283
person 0.0162 105 245 123 285
person 0.0158 331 252 399 332
person 0.0154 148 250 162 283
person 0.0146 168 247 179 283
person 0.0140 118 243 130 285
person 0.0131 461 241 481 281
person 0.0131 295 265 350 327
person 0.0116 219 237 269 327
person 0.0105 288 245 302 286
person 0.0103 0 238 21 297
person 0.0101 0 239 8 259
person 0.0096 459 255 471 283
person 0.0093 378 226 419 257
person 0.0088 391 222 417 250
person 0.0082 448 259 487 304
person 0.0071 436 233 448 246
person 0.0069 392 227 437 278
person 0.0056 352 227 384 252
person 0.0055 412 232 426 258
person 0.0055 195 237 230 291
person 0.0054 250 239 275 278
person 0.0054 470 241 483 270
person 0.0053 443 241 487 290
person 0.0051 217 239 250 283
person 0.0051 244 248 260 307
person 0.0050 185 248 204 283
person 0.0049 343 220 377 247
person 0.0049 417 233 437 259
person 0.0049 175 245 196 293
person 0.0048 233 240 258 282
person 0.0047 348 219 358 232
person 0.0047 23 234 44 286
person 0.0047 291 256 302 281
person 0.0045 427 237 460 280
person 0.0045 116 258 125 280
person 0.0044 187 241 206 270
person 0.0044 433 233 449 254
person 0.0044 192 235 219 269
person 0.0043 476 262 500 284
person 0.0043 272 248 300 290
person 0.0041 335 220 380 300
person 0.0040 462 251 489 284
person 0.0039 56 250 76 279
person 0.0039 296 237 445 362
person 0.0039 346 220 356 237
person 0.0038 453 250 470 285
person 0.0036 438 234 453 250
person 0.0035 371 234 388 257
person 0.0035 422 234 444 272
person 0.0035 374 228 418 290
person 0.0035 369 232 383 251
person 0.0034 28 241 43 264
person 0.0033 285 258 299 285
bicycle 0.3119 312 269 346 301
bicycle 0.1697 368 279 492 353
bicycle 0.1695 182 340 270 375
bicycle 0.1301 461 261 499 291
bicycle 0.1105 322 296 367 322
bicycle 0.1030 458 258 477 291
bicycle 0.0877 326 303 422 372
bicycle 0.0610 180 309 403 372
bicycle 0.0488 474 262 500 284
bicycle 0.0483 313 297 376 354
bicycle 0.0400 448 259 487 304
bicycle 0.0366 297 266 337 304
bicycle 0.0334 326 296 386 330
bicycle 0.0266 295 265 350 327
bicycle 0.0265 252 240 348 372
bicycle 0.0254 176 336 339 372
bicycle 0.0244 312 283 362 324
bicycle 0.0236 328 296 375 312
bicycle 0.0206 327 316 384 374
bicycle 0.0197 438 260 492 334
bicycle 0.0177 490 263 499 281
bicycle 0.0176 354 236 392 304
bicycle 0.0171 379 225 445 349
bicycle 0.0164 141 260 151 288
bicycle 0.0161 324 278 383 316
bicycle 0.0129 281 295 401 373
bicycle 0.0120 472 269 499 292
bicycle 0.0108 336 303 364 324
bicycle 0.0102 331 252 399 332
bicycle 0.0097 343 300 400 343
bicycle 0.0096 360 304 447 352
bicycle 0.0096 352 295 392 322
bicycle 0.0092 466 268 486 295
bicycle 0.0091 458 286 499 347
bicycle 0.0089 170 289 192 326
bicycle 0.0085 449 280 491 325
bicycle 0.0082 318 292 353 315
bicycle 0.0076 323 269 363 306
bicycle 0.0075 172 260 265 374
bicycle 0.0067 345 220 365 242
bicycle 0.0058 484 306 499 359
bicycle 0.0057 347 295 386 311
bicycle 0.0052 443 241 487 290
bicycle 0.0047 343 220 377 247
bicycle 0.0046 169 289 190 307
bicycle 0.0042 326 297 352 313
bicycle 0.0042 298 309 371 372
bicycle 0.0041 455 280 486 311
bicycle 0.0039 351 228 380 249
bicycle 0.0038 261 315 356 373
bicycle 0.0037 333 288 384 311
bicycle 0.0037 159 343 239 374
bicycle 0.0036 0 281 146 368
bicycle 0.0036 433 260 473 293
bicycle 0.0035 339 297 365 311
bicycle 0.0034 292 258 323 299
bicycle 0.0034 359 298 394 334
bicycle 0.0034 166 287 208 350
bicycle 0.0033 337 301 382 359
bicycle 0.0033 341 292 418 328
bicycle 0.0030 274 255 341 335
bicycle 0.0030 320 280 345 305
bicycle 0.0029 303 275 329 301
bicycle 0.0028 462 290 488 314
bicycle 0.0028 175 296 191 345
bicycle 0.0028 320 229 369 297
bicycle 0.0026 460 272 481 303
bicycle 0.0026 354 318 426 359
bicycle 0.0025 296 237 445 362
bicycle 0.0025 207 239 319 373
bicycle 0.0025 355 307 388 348
bicycle 0.0025 179 241 229 349
bicycle 0.0024 122 232 139 288
bicycle 0.0023 464 240 488 280
bicycle 0.0023 490 313 499 366
bicycle 0.0023 428 251 461 285
bicycle 0.0023 419 287 496 359
bicycle 0.0023 332 270 354 302
bicycle 0.0021 329 302 354 323
bicycle 0.0021 328 295 491 370
bicycle 0.0021 362 234 384 254
bicycle 0.0020 32 232 84 354
bicycle 0.0020 318 261 347 289
bicycle 0.0020 371 234 388 257
bicycle 0.0020 304 252 344 295
bicycle 0.0019 323 328 479 375
bicycle 0.0019 326 337 419 374
bicycle 0.0019 474 309 499 366
bicycle 0.0018 435 270 454 282
bicycle 0.0018 357 230 376 247
bicycle 0.0017 277 293 336 368
bicycle 0.0017 355 286 389 309
bicycle 0.0017 167 280 230 363
bicycle 0.0016 490 304 499 343
bicycle 0.0016 492 272 500 290
bicycle 0.0015 187 246 208 295
bicycle 0.0014 309 278 336 307
bicycle 0.0014 210 347 278 374
bicycle 0.0013 319 299 343 314
bicycle 0.0013 450 265 472 298
car 0.0179 458 230 486 247
car 0.0107 456 259 497 291
car 0.0100 443 241 487 290
car 0.0088 429 230 486 253
car 0.0063 252 240 348 372
car 0.0030 382 224 447 345
car 0.0028 421 231 470 278
car 0.0027 345 221 363 242
car 0.0027 -1 279 147 367
car 0.0027 312 269 347 302
car 0.0022 355 237 391 301
car 0.0021 429 232 459 254
car 0.0020 441 233 460 246
car 0.0020 459 241 482 281
car 0.0018 457 257 474 290
car 0.0017 2 237 40 293
car 0.0016 435 266 455 284
car 0.0015 0 239 14 261
car 0.0014 428 251 461 285
car 0.0014 445 231 471 247
car 0.0013 89 239 107 281
car 0.0011 367 269 493 356
car 0.0011 460 232 484 257
car 0.0011 471 263 500 288
car 0.0011 169 290 190 313
car 0.0011 187 239 313 372
car 0.0010 0 235 38 262
car 0.0010 479 259 500 280
motorbike 0.8719 0 280 146 368
motorbike 0.5524 352 278 493 354
motorbike 0.5448 329 309 421 373
motorbike 0.3499 312 268 346 301
motorbike 0.3244 180 340 270 374
motorbike 0.2478 32 232 84 354
motorbike 0.2351 380 225 444 349
motorbike 0.2028 180 309 403 372
motorbike 0.1075 20 240 113 367
motorbike 0.0846 323 298 465 362
motorbike 0.0749 176 336 339 372
motorbike 0.0655 459 260 499 290
motorbike 0.0621 458 257 477 291
motorbike 0.0447 249 241 344 374
motorbike 0.0375 298 271 338 305
motorbike 0.0339 360 304 447 352
motorbike 0.0312 332 310 377 373
motorbike 0.0311 313 297 376 354
motorbike 0.0250 448 259 487 304
motorbike 0.0235 295 265 350 327
motorbike 0.0215 180 237 290 373
motorbike 0.0191 354 236 392 304
motorbike 0.0183 345 220 365 242
motorbike 0.0180 478 262 499 283
motorbike 0.0159 324 296 381 323
motorbike 0.0158 171 291 191 339
motorbike 0.0152 438 260 492 334
motorbike 0.0136 281 295 401 373
motorbike 0.0113 443 241 487 290
motorbike 0.0109 341 340 422 373
motorbike 0.0107 383 281 453 348
motorbike 0.0106 351 306 406 349
motorbike 0.0105 338 296 393 336
motorbike 0.0102 312 290 362 322
motorbike 0.0101 169 289 190 307
motorbike 0.0098 0 311 8 328
motorbike 0.0097 3 281 92 353
motorbike 0.0077 141 259 151 289
motorbike 0.0077 332 302 368 325
motorbike 0.0077 354 318 426 359
motorbike 0.0075 0 300 11 338
motorbike 0.0072 159 343 239 374
motorbike 0.0069 0 241 35 354
motorbike 0.0066 172 251 216 351
motorbike 0.0065 166 287 208 350
motorbike 0.0064 489 263 499 281
motorbike 0.0063 331 252 399 332
motorbike 0.0061 167 302 274 376
motorbike 0.0061 341 292 418 328
motorbike 0.0060 303 275 329 301
motorbike 0.0059 261 315 356 373
motorbike 0.0057 324 277 383 317
motorbike 0.0054 291 253 341 301
motorbike 0.0054 428 251 461 285
motorbike 0.0048 343 220 377 247
motorbike 0.0047 224 232 376 343
motorbike 0.0045 1 235 63 351
motorbike 0.0042 167 280 230 363
motorbike 0.0039 320 280 345 305
motorbike 0.0038 41 291 93 353
motorbike 0.0038 351 227 384 252
motorbike 0.0038 323 328 479 375
motorbike 0.0037 0 311 9 345
motorbike 0.0035 328 296 375 312
motorbike 0.0031 435 270 454 282
motorbike 0.0031 416 286 495 359
motorbike 0.0030 469 269 500 293
motorbike 0.0029 169 281 193 315
motorbike 0.0028 357 295 395 325
motorbike 0.0028 429 265 465 291
motorbike 0.0027 298 309 371 372
motorbike 0.0026 421 231 470 278
motorbike 0.0026 18 290 64 341
motorbike 0.0026 459 241 482 281
motorbike 0.0025 369 316 412 351
motorbike 0.0024 187 246 208 295
motorbike 0.0023 333 288 384 311
motorbike 0.0023 296 237 445 362
motorbike 0.0022 419 249 476 308
motorbike 0.0021 395 246 490 349
motorbike 0.0020 69 277 147 363
motorbike 0.0020 320 229 369 297
motorbike 0.0018 360 314 393 355
motorbike 0.0017 0 272 18 344
motorbike 0.0017 449 280 491 325
motorbike 0.0017 434 252 475 292
motorbike 0.0016 354 295 389 311
motorbike 0.0016 452 289 498 353
motorbike 0.0016 0 301 30 354
motorbike 0.0015 274 255 341 335
motorbike 0.0015 277 293 336 368
motorbike 0.0015 64 236 107 312
motorbike 0.0015 327 269 358 304
motorbike 0.0014 66 254 87 292
motorbike 0.0014 394 225 422 257
motorbike 0.0014 363 301 389 329
motorbike 0.0012 371 234 388 257
motorbike 0.0012 179 237 235 359
motorbike 0.0011 89 245 109 299
motorbike 0.0011 282 231 398 320
train 0.0013 128 126 485 323
boat 0.0050 130 118 444 286
boat 0.0011 80 161 91 205
boat 0.0010 173 140 323 246
bird 0.0340 89 97 95 105
bird 0.0013 477 89 487 101
horse 0.0013 348 264 490 355
horse 0.0013 459 259 478 292
cow 0.0015 -3 278 149 368
chair 0.0012 183 342 271 374
chair 0.0011 249 243 345 375
diningtable 0.0010 328 302 366 325
