person 0.8971 34 33 98 188
person 0.8149 83 34 115 185
person 0.6139 265 171 333 362
person 0.5248 285 142 333 235
person 0.3939 268 95 306 147
person 0.2239 311 145 333 173
person 0.1849 296 171 333 242
person 0.0856 107 111 268 466
person 0.0534 109 31 142 103
person 0.0463 285 169 318 236
person 0.0421 74 175 200 473
person 0.0359 103 41 124 123
person 0.0343 102 38 128 176
person 0.0321 209 83 260 162
person 0.0297 259 144 306 230
person 0.0233 105 43 122 95
person 0.0230 114 270 205 470
person 0.0177 297 167 332 350
person 0.0169 272 170 330 254
person 0.0167 271 148 314 189
person 0.0158 263 177 299 235
person 0.0155 106 49 120 79
person 0.0152 0 156 117 452
person 0.0135 112 47 135 117
person 0.0133 271 191 326 297
person 0.0126 298 145 331 180
person 0.0124 256 139 305 190
person 0.0112 116 155 270 334
person 0.0107 301 193 333 289
person 0.0104 119 51 144 89
person 0.0103 303 142 331 214
person 0.0103 258 101 307 182
person 0.0102 293 321 333 387
person 0.0086 109 25 133 82
person 0.0082 82 34 91 56
person 0.0070 128 51 149 84
person 0.0058 274 269 333 377
person 0.0058 119 103 221 171
person 0.0056 284 141 330 190
person 0.0055 277 214 327 258
person 0.0055 292 317 333 453
person 0.0054 159 270 218 372
person 0.0049 265 81 299 128
person 0.0046 73 185 143 353
person 0.0046 306 262 333 307
person 0.0044 39 52 61 81
person 0.0037 79 42 89 56
person 0.0037 279 155 311 213
person 0.0036 51 55 63 76
person 0.0035 47 33 143 188
person 0.0035 86 34 114 114
person 0.0034 84 34 108 58
person 0.0033 120 33 164 87
person 0.0033 219 0 259 53
person 0.0032 301 206 331 247
person 0.0031 113 97 265 267
person 0.0030 50 157 81 186
person 0.0030 282 95 312 137
person 0.0030 133 -1 142 8
person 0.0029 110 59 124 81
person 0.0028 113 37 184 112
person 0.0027 291 292 332 366
person 0.0027 45 49 67 86
person 0.0025 269 235 311 275
person 0.0024 274 231 306 252
person 0.0024 50 41 64 80
person 0.0024 21 13 302 428
person 0.0024 164 294 220 350
person 0.0023 44 62 81 109
person 0.0023 127 0 140 8
person 0.0022 196 113 221 148
person 0.0022 265 75 294 109
person 0.0022 301 126 324 160
person 0.0021 255 117 278 174
person 0.0020 134 241 236 451
person 0.0020 302 138 327 171
person 0.0020 308 131 332 166
person 0.0020 127 27 150 58
person 0.0020 88 34 114 71
person 0.0020 197 130 289 391
person 0.0020 302 92 329 145
person 0.0020 97 34 116 64
person 0.0019 277 240 332 321
person 0.0019 40 262 238 464
person 0.0018 277 156 303 185
person 0.0018 257 119 271 151
person 0.0017 78 34 88 54
person 0.0017 107 61 137 197
person 0.0016 51 39 62 64
person 0.0015 119 0 131 8
person 0.0015 0 149 80 279
person 0.0015 257 107 283 151
person 0.0014 106 60 120 130
person 0.0014 169 107 240 156
person 0.0014 253 143 275 181
person 0.0014 38 52 64 102
person 0.0013 131 61 143 86
person 0.0013 239 241 332 371
person 0.0013 270 220 300 246
person 0.0013 113 49 139 79
bicycle 0.3598 0 370 90 500
bicycle 0.2068 0 381 47 499
bicycle 0.0451 256 139 305 190
bicycle 0.0371 259 144 306 230
bicycle 0.0331 263 181 291 232
bicycle 0.0278 284 143 332 235
bicycle 0.0170 0 336 108 448
bicycle 0.0157 267 96 306 149
bicycle 0.0110 258 102 307 182
bicycle 0.0099 269 154 305 188
bicycle 0.0092 270 173 308 234
bicycle 0.0071 270 139 313 180
bicycle 0.0071 254 142 284 180
bicycle 0.0064 261 226 331 363
bicycle 0.0047 1 249 113 493
bicycle 0.0041 113 293 215 464
bicycle 0.0038 210 144 277 225
bicycle 0.0030 191 272 318 426
bicycle 0.0030 265 160 298 220
bicycle 0.0028 263 191 282 225
bicycle 0.0027 274 192 295 235
bicycle 0.0022 276 140 308 166
bicycle 0.0021 45 354 104 427
bicycle 0.0021 253 151 275 198
bicycle 0.0018 200 193 327 397
bicycle 0.0018 87 148 224 476
bicycle 0.0017 293 320 333 454
bicycle 0.0016 256 154 280 185
bicycle 0.0016 157 298 220 352
bicycle 0.0015 269 114 306 163
bicycle 0.0015 265 185 318 328
bicycle 0.0014 256 156 281 229
bicycle 0.0014 0 429 34 499
bicycle 0.0014 272 172 330 253
bicycle 0.0013 264 183 288 210
bicycle 0.0012 294 135 323 171
bicycle 0.0012 270 180 291 199
bicycle 0.0011 253 148 271 180
bicycle 0.0011 158 296 233 425
bicycle 0.0011 301 144 332 174
bicycle 0.0011 209 85 261 171
bicycle 0.0010 269 235 311 275
car 0.0058 0 152 116 473
car 0.0036 191 279 316 425
car 0.0014 293 321 333 387
motorbike 0.7383 293 320 333 454
motorbike 0.4290 191 273 318 427
motorbike 0.2787 259 246 332 363
motorbike 0.0334 293 321 333 387
motorbike 0.0296 263 181 291 232
motorbike 0.0282 256 139 305 190
motorbike 0.0277 259 144 306 230
motorbike 0.0259 299 383 334 455
motorbike 0.0242 267 173 333 349
motorbike 0.0230 0 358 107 501
motorbike 0.0215 158 297 239 431
motorbike 0.0215 284 143 332 235
motorbike 0.0192 120 286 228 456
motorbike 0.0149 290 265 334 351
motorbike 0.0140 264 218 324 318
motorbike 0.0138 105 140 258 476
motorbike 0.0128 267 96 306 149
motorbike 0.0109 197 202 322 388
motorbike 0.0104 0 376 46 502
motorbike 0.0080 217 279 326 374
motorbike 0.0076 190 345 311 425
motorbike 0.0067 258 102 307 182
motorbike 0.0064 254 146 282 182
motorbike 0.0059 308 269 333 308
motorbike 0.0053 270 173 308 234
motorbike 0.0049 249 266 306 369
motorbike 0.0048 169 195 281 461
motorbike 0.0045 269 154 305 188
motorbike 0.0043 263 191 282 225
motorbike 0.0041 269 235 311 275
motorbike 0.0037 244 220 313 346
motorbike 0.0037 262 168 293 213
motorbike 0.0033 188 308 235 424
motorbike 0.0031 265 244 302 285
motorbike 0.0029 0 251 115 458
motorbike 0.0025 139 245 244 385
motorbike 0.0023 295 294 332 366
motorbike 0.0023 253 150 276 201
motorbike 0.0022 75 161 196 474
motorbike 0.0021 258 153 297 200
motorbike 0.0020 254 243 304 321
motorbike 0.0020 265 182 314 290
motorbike 0.0020 281 289 333 422
motorbike 0.0017 256 156 281 229
motorbike 0.0017 232 251 296 337
motorbike 0.0016 270 139 313 180
motorbike 0.0014 264 183 288 210
motorbike 0.0013 210 144 277 225
motorbike 0.0012 265 247 323 296
motorbike 0.0012 258 318 341 456
motorbike 0.0012 159 292 218 359
motorbike 0.0012 18 351 108 425
motorbike 0.0011 266 201 290 236
motorbike 0.0011 303 304 332 341
motorbike 0.0011 297 256 330 303
motorbike 0.0010 277 293 327 349
motorbike 0.0010 267 238 298 267
boat 0.0030 0 152 116 473
boat 0.0021 33 48 288 422
boat 0.0017 114 141 269 329
boat 0.0010 72 184 150 348
bird 0.0012 219 0 259 53
dog 0.0011 261 226 331 363
horse 0.0011 261 226 331 363
bottle 0.0015 83 13 92 30
bottle 0.0011 183 14 195 35
chair 0.0956 0 358 107 501
chair 0.0415 21 352 107 425
chair 0.0181 59 354 105 422
chair 0.0157 1 265 111 477
chair 0.0101 308 74 332 141
chair 0.0079 159 301 217 349
chair 0.0079 267 96 310 156
chair 0.0064 304 104 327 128
chair 0.0058 301 105 328 147
chair 0.0051 159 270 218 372
chair 0.0050 307 143 332 173
chair 0.0045 107 139 257 474
chair 0.0043 313 76 331 107
chair 0.0038 160 10 199 48
chair 0.0034 0 149 116 417
chair 0.0029 256 139 305 190
chair 0.0028 258 101 307 182
chair 0.0025 158 297 239 431
chair 0.0021 286 141 332 224
chair 0.0018 134 241 236 451
chair 0.0018 301 126 324 160
chair 0.0018 303 124 319 148
chair 0.0012 0 393 44 500
chair 0.0012 255 116 286 178
chair 0.0012 270 139 313 180
chair 0.0011 300 106 318 129
sofa 0.0062 0 149 116 417
pottedplant 0.0016 114 141 269 329
pottedplant 0.0011 73 187 146 351
diningtable 0.0059 1 156 116 498
diningtable 0.0032 0 358 107 501
diningtable 0.0021 2 288 112 468
diningtable 0.0018 0 270 115 380
diningtable 0.0012 2 358 106 428
tvmonitor 0.0010 159 12 198 49
