person 0.0052 444 170 464 198
person 0.0027 372 93 501 368
person 0.0022 14 366 36 374
person 0.0010 476 98 499 193
bicycle 0.0010 103 343 284 372
car 0.0111 103 343 284 372
car 0.0065 -1 26 112 156
car 0.0026 460 97 499 209
car 0.0021 372 97 501 371
motorbike 0.0045 103 343 284 372
motorbike 0.0022 372 93 501 368
aeroplane 0.6193 -8 54 478 355
aeroplane 0.0194 372 93 501 368
aeroplane 0.0039 453 98 499 207
aeroplane 0.0027 131 76 476 288
aeroplane 0.0023 -4 212 476 371
aeroplane 0.0015 403 95 498 207
aeroplane 0.0014 476 99 499 159
bus 0.0022 0 10 131 161
bus 0.0016 460 97 499 209
bus 0.0012 102 342 281 373
train 0.0234 446 96 500 205
train 0.0113 0 19 131 157
train 0.0088 4 34 444 374
train 0.0083 372 93 501 368
train 0.0073 393 97 499 198
train 0.0071 475 97 499 208
train 0.0044 462 98 499 163
train 0.0019 103 343 284 372
boat 0.0050 372 97 501 371
boat 0.0013 57 342 294 372
bird 0.0049 59 146 81 159
cat 0.0028 59 146 81 159
cat 0.0010 0 154 11 171
bottle 0.0033 60 145 81 159
bottle 0.0024 134 122 144 145
bottle 0.0018 48 140 60 159
bottle 0.0011 0 155 11 171
chair 0.0026 117 344 282 371
chair 0.0016 0 155 11 171
pottedplant 0.0074 0 154 11 171
diningtable 0.0010 407 305 499 371
tvmonitor 0.0857 0 19 131 157
