person 0.3968 -3 1 254 366
person 0.3198 275 145 429 302
person 0.2042 15 18 456 350
person 0.1324 185 123 441 377
person 0.0117 88 38 244 239
person 0.0079 1 13 147 312
person 0.0053 325 154 429 263
person 0.0052 276 205 391 301
person 0.0037 78 142 243 253
person 0.0036 26 193 447 372
person 0.0025 65 136 300 363
person 0.0025 416 331 446 374
person 0.0025 230 207 360 307
person 0.0023 270 178 404 262
person 0.0017 155 232 316 372
person 0.0017 280 199 342 242
person 0.0013 105 225 248 372
person 0.0013 64 62 195 324
person 0.0012 78 62 336 288
person 0.0011 6 224 289 370
person 0.0010 4 100 245 288
person 0.0010 284 228 354 300
bicycle 0.0078 151 260 221 371
bicycle 0.0041 121 234 313 371
bicycle 0.0038 4 189 429 373
bicycle 0.0013 129 210 238 357
bottle 0.0444 153 267 214 373
bottle 0.0386 154 327 191 373
bottle 0.0024 223 68 256 92
bottle 0.0016 156 304 196 366
bottle 0.0014 156 329 229 374
bottle 0.0013 180 117 441 335
bottle 0.0011 180 331 214 365
bottle 0.0011 187 329 203 350
bottle 0.0010 165 326 194 354
chair 0.2200 90 35 244 228
chair 0.1390 177 171 445 373
chair 0.0988 7 22 460 365
chair 0.0236 420 232 499 372
chair 0.0205 151 260 221 371
chair 0.0158 96 89 224 291
chair 0.0139 1 3 242 361
chair 0.0134 70 227 402 372
chair 0.0127 148 263 312 372
chair 0.0115 78 142 243 253
chair 0.0111 129 210 238 357
chair 0.0096 84 145 279 360
chair 0.0095 154 2 223 49
chair 0.0074 69 28 341 276
chair 0.0071 2 20 224 179
chair 0.0064 264 145 433 304
chair 0.0057 116 43 218 134
chair 0.0054 128 91 444 334
chair 0.0044 93 67 224 174
chair 0.0037 93 118 225 213
chair 0.0030 303 221 429 372
chair 0.0020 137 155 219 236
chair 0.0018 154 169 205 233
chair 0.0018 124 127 301 268
chair 0.0014 393 237 440 371
chair 0.0014 130 217 203 250
chair 0.0014 152 217 210 347
chair 0.0013 323 279 361 368
chair 0.0013 182 181 213 229
chair 0.0011 160 61 248 228
chair 0.0011 105 4 322 76
chair 0.0010 136 165 225 294
chair 0.0010 210 10 302 40
sofa 0.0227 420 232 499 372
sofa 0.0051 37 38 470 358
sofa 0.0026 90 35 244 228
sofa 0.0024 184 122 441 375
sofa 0.0021 2 20 224 179
sofa 0.0015 -3 1 254 366
sofa 0.0013 393 237 440 371
sofa 0.0010 264 145 433 304
diningtable 0.0092 88 37 244 240
diningtable 0.0050 36 14 283 348
diningtable 0.0022 4 189 429 373
diningtable 0.0019 152 259 221 371
diningtable 0.0018 1 7 173 321
diningtable 0.0014 121 234 313 371
diningtable 0.0012 104 102 227 280
diningtable 0.0010 56 10 459 239
