person 0.8514 41 93 296 372
person 0.8193 263 45 501 367
person 0.1713 377 69 500 368
person 0.0066 435 48 499 366
person 0.0064 388 221 499 370
person 0.0045 490 106 499 131
person 0.0021 494 104 500 123
person 0.0020 85 61 480 375
person 0.0019 458 271 499 370
person 0.0015 454 119 500 345
person 0.0012 481 106 500 131
person 0.0011 236 194 317 369
bird 0.0012 268 47 492 310
dog 0.0026 280 44 509 366
dog 0.0018 41 93 296 372
horse 0.0062 263 45 501 367
cow 0.0020 263 45 501 367
bottle 0.0020 165 353 182 374
bottle 0.0013 162 337 183 373
chair 0.0011 56 166 299 370
chair 0.0010 0 330 45 372
pottedplant 0.0011 489 104 499 128
diningtable 0.0072 0 330 45 372
