person 0.2001 47 267 64 282
person 0.1179 44 266 51 281
person 0.0838 55 267 64 281
person 0.0570 0 261 6 276
person 0.0401 24 265 29 275
person 0.0288 27 264 32 274
person 0.0231 65 268 73 281
person 0.0156 46 264 54 276
person 0.0143 21 264 27 275
person 0.0122 12 257 17 267
person 0.0077 125 259 131 267
person 0.0072 85 266 92 272
person 0.0065 14 259 20 272
person 0.0063 71 269 89 283
person 0.0062 51 263 62 275
person 0.0054 66 265 72 273
person 0.0050 44 264 50 273
person 0.0046 108 265 115 270
person 0.0045 33 266 43 275
person 0.0039 32 264 52 278
person 0.0036 89 265 98 271
person 0.0032 85 266 91 277
person 0.0031 33 260 40 272
person 0.0030 121 258 130 268
person 0.0030 21 265 31 275
person 0.0029 73 259 78 269
person 0.0026 57 264 67 274
person 0.0026 0 261 10 279
person 0.0025 113 265 120 271
person 0.0025 113 259 123 268
person 0.0023 48 259 64 278
person 0.0020 104 264 111 269
person 0.0020 48 274 64 283
person 0.0017 23 268 28 276
person 0.0016 99 265 108 270
person 0.0012 43 255 66 283
person 0.0011 5 258 14 275
person 0.0011 37 268 52 281
person 0.0010 10 263 18 275
bicycle 0.0040 46 267 65 283
bicycle 0.0022 44 268 52 282
bicycle 0.0018 55 269 65 282
car 0.7281 70 270 89 284
car 0.3929 45 267 64 283
car 0.2227 104 265 112 269
car 0.1564 54 269 65 282
car 0.1102 108 265 115 270
car 0.0761 65 268 73 281
car 0.0599 99 265 108 270
car 0.0381 44 268 52 282
car 0.0314 48 274 64 283
car 0.0234 121 258 130 266
car 0.0177 113 256 120 264
car 0.0159 113 259 123 268
car 0.0153 85 266 92 272
car 0.0139 114 254 122 263
car 0.0138 87 266 96 272
car 0.0123 125 259 131 267
car 0.0106 85 266 91 277
car 0.0091 96 264 106 270
car 0.0072 46 264 54 276
car 0.0070 42 261 68 281
car 0.0066 65 274 73 282
car 0.0057 113 265 120 271
car 0.0048 66 265 72 273
car 0.0043 48 259 64 278
car 0.0041 57 275 66 282
car 0.0041 44 275 59 283
car 0.0039 51 263 62 275
car 0.0038 80 270 90 283
car 0.0027 105 262 112 267
car 0.0020 73 259 78 269
car 0.0019 114 253 120 259
car 0.0017 44 264 50 273
car 0.0016 57 264 67 274
car 0.0015 69 256 89 285
car 0.0015 76 265 88 272
car 0.0015 81 269 95 282
car 0.0014 113 255 132 268
car 0.0013 88 265 113 277
car 0.0012 0 261 6 277
car 0.0012 54 266 83 284
car 0.0012 32 264 52 278
car 0.0011 43 275 50 282
car 0.0011 37 268 52 281
car 0.0010 105 257 123 269
car 0.0010 102 259 123 274
motorbike 0.2716 46 267 65 283
motorbike 0.1057 55 269 65 282
motorbike 0.0864 44 268 52 282
motorbike 0.0081 69 270 88 284
motorbike 0.0065 44 275 59 283
motorbike 0.0033 57 275 66 282
motorbike 0.0022 44 262 63 291
motorbike 0.0021 43 275 50 282
motorbike 0.0016 45 263 55 276
motorbike 0.0012 65 271 73 282
bus 0.0099 46 267 64 282
bus 0.0036 70 269 89 284
bus 0.0016 44 251 70 270
bus 0.0014 41 252 74 281
horse 0.0026 46 267 64 282
cow 0.0021 46 267 64 282
