person 0.3744 0 211 112 301
person 0.2180 0 211 54 297
person 0.0609 222 224 402 296
person 0.0172 -1 217 223 298
person 0.0152 192 231 204 240
person 0.0119 331 226 399 296
person 0.0100 1 259 171 296
person 0.0094 15 270 133 299
person 0.0052 29 206 44 232
person 0.0031 217 236 338 293
person 0.0030 29 206 40 217
person 0.0025 215 262 357 297
person 0.0025 46 270 98 299
person 0.0024 208 230 223 238
person 0.0022 1 204 50 247
person 0.0019 15 204 43 229
person 0.0018 37 205 87 232
person 0.0016 229 240 301 287
person 0.0016 0 213 10 231
person 0.0015 0 254 44 299
person 0.0014 76 247 266 295
person 0.0014 360 214 373 227
person 0.0014 276 170 292 189
person 0.0014 0 212 18 234
person 0.0013 0 226 32 297
person 0.0013 127 245 216 294
person 0.0013 239 248 273 278
person 0.0013 165 182 384 295
person 0.0012 0 214 9 256
person 0.0011 24 208 84 297
person 0.0011 20 165 45 250
person 0.0010 -12 235 394 300
person 0.0010 0 215 12 294
bicycle 0.0020 211 255 335 298
bicycle 0.0016 219 233 387 295
car 0.0291 5 6 384 288
car 0.0099 363 158 380 164
car 0.0087 0 4 401 115
car 0.0022 323 144 343 153
car 0.0018 68 223 88 231
car 0.0017 209 270 331 298
car 0.0010 165 165 380 246
motorbike 0.0030 223 224 401 296
motorbike 0.0013 211 269 332 297
motorbike 0.0010 218 238 330 289
aeroplane 0.0606 0 4 401 115
aeroplane 0.0284 5 6 384 288
aeroplane 0.0027 165 165 380 246
aeroplane 0.0023 -1 -3 397 61
aeroplane 0.0011 6 181 412 301
bus 0.0061 5 6 384 288
bus 0.0035 0 4 401 115
train 0.0347 5 6 384 288
train 0.0089 -5 1 401 114
boat 0.4339 68 197 166 234
boat 0.2594 191 231 204 240
boat 0.1425 165 165 380 246
boat 0.1350 4 15 387 287
boat 0.1149 0 212 169 299
boat 0.0913 66 223 88 231
boat 0.0820 211 230 223 238
boat 0.0649 161 192 257 238
boat 0.0601 209 270 331 298
boat 0.0483 155 175 299 237
boat 0.0436 37 244 381 299
boat 0.0418 1 259 171 296
boat 0.0352 76 247 266 295
boat 0.0342 47 219 89 231
boat 0.0322 81 228 96 232
boat 0.0289 78 225 95 232
boat 0.0268 264 168 369 242
boat 0.0263 6 181 412 301
boat 0.0231 12 188 201 275
boat 0.0222 44 141 357 260
boat 0.0219 61 225 85 231
boat 0.0211 160 215 207 236
boat 0.0211 168 222 213 240
boat 0.0202 62 211 89 232
boat 0.0197 128 246 215 295
boat 0.0184 30 186 169 244
boat 0.0150 202 188 392 295
boat 0.0142 39 205 88 232
boat 0.0138 218 236 339 294
boat 0.0124 204 230 227 240
boat 0.0120 161 216 248 238
boat 0.0118 63 224 77 230
boat 0.0113 151 226 170 233
boat 0.0107 163 254 353 298
boat 0.0098 244 196 349 238
boat 0.0095 91 269 166 297
boat 0.0090 47 225 88 232
boat 0.0076 64 218 84 231
boat 0.0075 194 232 221 239
boat 0.0068 138 129 322 246
boat 0.0068 72 221 95 232
boat 0.0065 50 192 232 235
boat 0.0063 212 228 240 238
boat 0.0058 275 213 317 227
boat 0.0056 9 139 123 278
boat 0.0053 179 194 255 221
boat 0.0050 363 158 380 164
boat 0.0049 200 232 215 237
boat 0.0048 287 215 304 224
boat 0.0045 142 224 170 233
boat 0.0041 34 192 98 237
boat 0.0041 211 228 224 235
boat 0.0040 180 103 385 271
boat 0.0038 35 222 80 232
boat 0.0038 86 217 203 234
boat 0.0032 193 236 206 240
boat 0.0032 165 143 287 228
boat 0.0031 191 230 213 241
boat 0.0030 13 273 131 298
boat 0.0029 34 124 181 252
boat 0.0028 280 211 307 223
boat 0.0028 197 220 247 243
boat 0.0027 274 170 292 189
boat 0.0025 65 207 81 230
boat 0.0024 60 224 117 238
boat 0.0024 262 203 311 228
boat 0.0023 11 101 238 269
boat 0.0022 29 204 48 229
boat 0.0022 257 209 315 237
boat 0.0021 67 168 173 232
boat 0.0020 0 0 393 98
boat 0.0020 62 217 75 229
boat 0.0020 26 198 125 266
boat 0.0020 53 211 241 249
boat 0.0019 140 227 165 234
boat 0.0019 -11 127 157 314
boat 0.0017 73 192 145 224
boat 0.0017 26 228 157 264
boat 0.0017 54 208 105 235
boat 0.0017 229 240 301 287
boat 0.0016 76 219 149 235
boat 0.0015 18 175 93 245
boat 0.0015 142 222 188 234
boat 0.0014 43 206 72 229
boat 0.0014 160 201 198 234
boat 0.0014 323 144 343 153
boat 0.0013 150 228 180 235
boat 0.0012 287 169 326 194
boat 0.0012 0 211 53 296
boat 0.0012 195 235 231 244
boat 0.0012 249 219 320 242
boat 0.0012 0 110 48 227
boat 0.0011 230 162 341 235
boat 0.0011 20 165 45 250
boat 0.0011 50 266 203 297
boat 0.0011 257 214 264 223
boat 0.0011 191 220 204 238
boat 0.0010 20 218 94 242
boat 0.0010 46 215 165 244
boat 0.0010 300 169 341 198
bird 0.0111 308 168 324 189
bird 0.0019 363 157 381 166
bird 0.0013 257 214 264 223
bird 0.0012 300 169 341 198
bird 0.0011 288 168 326 193
cat 0.0011 254 224 399 297
dog 0.0059 223 223 402 296
horse 0.0165 254 224 399 297
cow 0.0090 223 223 402 296
cow 0.0012 331 226 399 296
chair 0.0013 -4 264 219 297
chair 0.0011 133 246 213 294
chair 0.0010 223 223 402 296
sofa 0.0015 1 259 171 296
sofa 0.0012 13 273 131 298
pottedplant 0.0010 191 231 204 240
tvmonitor 0.0108 4 15 387 287
tvmonitor 0.0019 0 112 46 219
