person 0.6463 10 28 491 304
person 0.0073 -2 94 333 310
person 0.0039 279 99 498 297
person 0.0038 438 98 499 227
person 0.0035 7 146 494 345
person 0.0028 462 112 500 215
person 0.0021 0 92 162 271
person 0.0013 -1 220 168 317
boat 0.0010 10 28 491 304
dog 0.0015 1 27 486 302
chair 0.3449 0 97 161 239
chair 0.0683 0 96 22 231
chair 0.0099 7 91 262 263
chair 0.0091 -2 39 344 305
chair 0.0062 0 97 55 236
chair 0.0018 5 111 496 333
chair 0.0015 26 268 495 318
chair 0.0014 0 87 29 323
chair 0.0010 -15 77 130 326
sofa 0.0626 10 28 491 304
sofa 0.0047 5 96 155 240
sofa 0.0034 7 146 494 345
sofa 0.0019 26 268 495 318
sofa 0.0018 2 91 205 307
sofa 0.0013 0 97 22 231
diningtable 0.0728 26 268 495 318
diningtable 0.0107 415 251 499 316
diningtable 0.0056 7 146 494 345
diningtable 0.0044 13 278 284 317
diningtable 0.0031 1 27 486 302
diningtable 0.0031 0 97 161 239
diningtable 0.0011 0 97 22 231
