car 0.0012 287 58 297 65
bird 0.0039 308 173 336 225
bird 0.0016 82 150 139 192
bird 0.0012 491 109 499 118
cat 0.0019 306 171 336 225
dog 0.0232 306 171 336 224
dog 0.0024 326 162 385 206
dog 0.0022 84 151 139 191
horse 0.0023 307 172 336 224
horse 0.0010 84 151 139 191
sheep 0.9166 246 128 318 225
sheep 0.9113 129 129 202 199
sheep 0.8737 326 162 385 206
sheep 0.8668 83 150 140 191
sheep 0.8251 306 171 336 225
sheep 0.0855 252 127 318 154
sheep 0.0209 254 128 298 145
sheep 0.0141 288 129 317 156
sheep 0.0038 305 169 379 221
sheep 0.0036 248 126 302 188
sheep 0.0027 84 143 174 193
sheep 0.0020 287 58 297 65
sheep 0.0019 127 147 152 192
sheep 0.0016 411 171 447 199
sheep 0.0014 281 202 311 225
sheep 0.0012 307 168 320 180
sheep 0.0011 263 192 295 223
sheep 0.0010 122 133 167 192
sheep 0.0010 375 63 391 69
cow 0.0077 306 172 336 225
cow 0.0041 326 162 385 206
cow 0.0033 83 151 139 191
cow 0.0026 246 128 318 225
cow 0.0023 131 129 203 199
