person 0.0033 287 172 320 204
person 0.0022 180 127 267 226
person 0.0016 484 193 499 221
person 0.0013 492 200 499 223
car 0.0321 484 193 499 221
car 0.0069 452 179 500 223
car 0.0059 492 200 499 223
car 0.0045 465 182 500 212
car 0.0030 486 192 500 206
car 0.0027 468 191 500 224
car 0.0016 -4 145 492 347
car 0.0016 406 175 501 229
car 0.0010 287 172 320 204
bird 0.8859 180 124 268 224
bird 0.2827 287 172 317 204
bird 0.0146 290 171 344 206
bird 0.0122 267 145 358 213
bird 0.0085 287 138 319 202
bird 0.0082 287 171 312 191
bird 0.0048 123 100 443 245
bird 0.0043 272 167 327 207
bird 0.0041 154 127 337 220
bird 0.0038 483 193 499 220
bird 0.0037 22 84 491 299
bird 0.0029 250 106 400 245
bird 0.0024 0 38 153 249
bird 0.0017 -9 25 288 245
bird 0.0015 290 164 334 196
bird 0.0014 181 133 226 220
bird 0.0013 265 205 297 238
bird 0.0013 287 169 306 183
bird 0.0012 491 199 499 224
bird 0.0011 287 173 303 205
cat 0.0039 288 171 320 204
dog 0.0019 483 193 499 220
dog 0.0018 179 125 268 223
dog 0.0017 288 171 320 204
sheep 0.0011 179 125 268 223
sofa 0.0028 13 219 492 370
pottedplant 0.0033 1 37 138 253
pottedplant 0.0015 0 89 87 253
