person 0.9258 210 76 300 171
person 0.8919 125 95 212 202
person 0.8560 284 100 498 365
person 0.8382 309 79 379 155
person 0.5995 18 109 145 353
person 0.2445 470 137 499 221
person 0.1318 21 108 126 256
person 0.0126 16 114 302 338
person 0.0126 281 75 389 204
person 0.0111 323 238 347 299
person 0.0071 0 138 4 164
person 0.0066 95 101 265 218
person 0.0059 353 201 379 216
person 0.0059 350 190 375 220
person 0.0055 471 137 499 179
person 0.0053 442 129 500 334
person 0.0046 492 311 499 372
person 0.0046 468 133 500 311
person 0.0037 360 98 368 110
person 0.0035 33 93 379 209
person 0.0035 44 118 173 230
person 0.0035 215 146 463 334
person 0.0034 0 332 74 373
person 0.0033 0 172 92 312
person 0.0030 105 135 145 205
person 0.0028 319 143 413 276
person 0.0028 280 93 496 233
person 0.0021 489 202 500 233
person 0.0018 480 167 500 249
person 0.0015 0 173 48 253
person 0.0014 99 125 185 204
person 0.0014 64 143 322 260
person 0.0014 362 100 374 109
person 0.0013 342 195 502 369
person 0.0012 345 196 391 232
person 0.0012 484 138 500 214
person 0.0012 0 255 83 362
person 0.0012 223 75 405 163
person 0.0012 286 82 478 170
person 0.0010 173 86 317 197
person 0.0010 355 193 374 211
person 0.0010 51 108 130 212
dog 0.0014 470 137 500 214
bottle 0.8145 324 239 347 295
bottle 0.0061 136 320 179 362
bottle 0.0039 354 198 378 218
bottle 0.0037 308 230 370 302
bottle 0.0035 237 175 435 317
bottle 0.0033 343 239 371 277
bottle 0.0031 332 239 354 290
bottle 0.0023 351 193 369 213
bottle 0.0021 326 239 348 269
bottle 0.0017 200 175 215 194
bottle 0.0017 0 138 4 163
bottle 0.0016 260 223 365 293
bottle 0.0015 353 192 366 204
bottle 0.0015 201 175 213 185
bottle 0.0012 335 137 344 152
bottle 0.0012 350 202 361 215
bottle 0.0010 246 166 272 188
chair 0.6997 0 331 74 373
chair 0.6931 1 175 108 359
chair 0.6206 381 312 499 371
chair 0.2350 384 255 499 369
chair 0.1717 470 138 500 224
chair 0.1546 0 174 44 257
chair 0.1005 0 173 69 296
chair 0.0622 12 108 145 361
chair 0.0603 120 138 136 200
chair 0.0540 0 276 79 367
chair 0.0398 492 311 499 372
chair 0.0323 420 139 500 363
chair 0.0306 490 203 499 230
chair 0.0192 124 97 212 204
chair 0.0185 402 264 477 320
chair 0.0184 17 247 132 362
chair 0.0144 468 133 500 311
chair 0.0143 0 139 4 163
chair 0.0130 118 134 152 198
chair 0.0117 476 159 500 253
chair 0.0114 424 275 458 307
chair 0.0100 0 175 44 351
chair 0.0094 493 210 500 237
chair 0.0077 291 104 501 369
chair 0.0063 118 148 130 195
chair 0.0059 429 262 499 321
chair 0.0054 484 197 500 238
chair 0.0051 493 340 499 373
chair 0.0051 99 125 185 204
chair 0.0048 487 199 499 221
chair 0.0039 485 309 499 373
chair 0.0036 197 133 213 170
chair 0.0036 6 210 122 305
chair 0.0036 468 134 499 179
chair 0.0035 391 335 487 374
chair 0.0033 44 118 173 230
chair 0.0030 117 120 148 178
chair 0.0027 460 195 499 356
chair 0.0025 0 138 5 186
chair 0.0023 120 118 152 140
chair 0.0023 119 152 129 178
chair 0.0023 490 276 500 365
chair 0.0023 342 195 502 369
chair 0.0023 469 143 492 171
chair 0.0022 1 158 96 263
chair 0.0020 431 236 499 304
chair 0.0019 466 14 500 151
chair 0.0019 493 328 499 363
chair 0.0018 22 108 126 256
chair 0.0017 481 182 500 224
chair 0.0017 479 175 500 337
chair 0.0017 488 211 500 240
chair 0.0017 0 174 44 211
chair 0.0017 0 335 152 375
chair 0.0015 472 135 498 148
chair 0.0015 108 110 306 200
chair 0.0014 465 148 481 169
chair 0.0014 428 260 492 273
chair 0.0014 466 249 499 342
chair 0.0013 53 269 128 347
chair 0.0013 485 249 500 346
chair 0.0012 493 298 500 350
chair 0.0012 12 188 129 270
chair 0.0012 24 122 245 283
chair 0.0012 470 88 499 168
chair 0.0011 0 187 30 312
chair 0.0011 482 193 500 216
chair 0.0011 -1 221 73 336
chair 0.0011 121 148 134 183
chair 0.0011 117 128 132 179
chair 0.0010 0 288 57 340
chair 0.0010 121 124 146 138
chair 0.0010 200 172 213 185
chair 0.0010 112 101 172 192
sofa 0.2014 470 138 500 219
sofa 0.0117 0 174 46 252
sofa 0.0065 442 129 500 334
sofa 0.0051 0 331 74 373
sofa 0.0043 468 133 500 311
sofa 0.0039 471 137 499 179
sofa 0.0029 125 96 212 201
sofa 0.0024 490 203 499 230
sofa 0.0024 381 311 500 372
sofa 0.0020 476 159 500 253
sofa 0.0018 285 99 498 361
sofa 0.0014 1 165 84 309
sofa 0.0013 0 138 4 164
sofa 0.0012 469 143 492 171
sofa 0.0011 9 94 421 276
pottedplant 0.0053 260 188 298 209
pottedplant 0.0014 344 238 373 275
pottedplant 0.0014 249 176 289 203
diningtable 0.3773 16 144 437 361
diningtable 0.0110 82 137 445 257
diningtable 0.0039 245 166 272 189
diningtable 0.0035 249 176 289 203
diningtable 0.0034 147 193 460 353
diningtable 0.0024 0 331 73 373
diningtable 0.0020 490 203 499 230
diningtable 0.0018 244 189 323 217
diningtable 0.0018 4 242 130 362
diningtable 0.0017 323 238 347 299
diningtable 0.0013 16 101 183 355
diningtable 0.0013 223 174 394 228
diningtable 0.0012 282 259 318 282
diningtable 0.0012 163 93 511 321
diningtable 0.0012 252 184 303 210
diningtable 0.0011 233 227 400 317
diningtable 0.0010 470 138 500 219
tvmonitor 0.0039 465 15 497 86
tvmonitor 0.0027 0 139 4 163
tvmonitor 0.0012 470 137 500 214
