person 0.8128 191 223 251 325
person 0.0708 240 132 254 158
person 0.0681 229 136 241 160
person 0.0283 458 262 499 453
person 0.0186 220 146 235 166
person 0.0157 229 136 238 150
person 0.0155 239 131 249 148
person 0.0150 213 140 232 166
person 0.0127 228 143 243 166
person 0.0111 226 136 237 156
person 0.0098 210 140 225 164
person 0.0094 228 276 252 326
person 0.0092 190 227 221 302
person 0.0087 463 264 498 358
person 0.0071 163 217 291 333
person 0.0058 240 146 253 160
person 0.0048 203 258 255 327
person 0.0041 241 129 252 145
person 0.0035 225 224 258 274
person 0.0034 478 259 499 348
person 0.0029 228 152 237 166
person 0.0028 250 137 261 155
person 0.0027 231 250 256 312
person 0.0027 238 130 246 143
person 0.0026 423 261 493 455
person 0.0026 215 138 227 160
person 0.0024 481 271 499 437
person 0.0024 479 212 500 321
person 0.0023 208 136 244 166
person 0.0023 316 137 327 155
person 0.0019 224 136 233 148
person 0.0019 97 210 373 347
person 0.0017 272 219 338 322
person 0.0017 491 227 499 286
person 0.0016 324 234 356 290
person 0.0016 248 116 264 146
person 0.0015 191 262 221 313
person 0.0015 232 312 249 326
person 0.0014 59 169 70 190
person 0.0013 285 242 349 367
person 0.0013 294 260 334 305
person 0.0013 196 227 243 268
person 0.0013 296 137 309 156
person 0.0013 214 150 231 169
person 0.0012 215 123 255 160
person 0.0012 212 149 223 168
person 0.0012 205 139 219 161
person 0.0011 233 290 250 326
person 0.0011 192 243 213 298
person 0.0011 463 230 498 297
person 0.0011 318 132 332 155
person 0.0010 311 137 321 153
person 0.0010 39 141 111 229
bicycle 0.0017 8 91 66 287
bicycle 0.0015 27 161 124 386
bicycle 0.0011 48 145 113 233
bicycle 0.0010 297 302 352 368
car 0.0065 48 145 113 233
car 0.0022 291 280 351 371
car 0.0020 260 197 335 330
car 0.0013 11 176 130 395
car 0.0011 322 237 355 290
car 0.0011 116 128 154 154
motorbike 0.0040 265 193 334 311
motorbike 0.0039 48 145 113 233
motorbike 0.0026 16 169 127 385
motorbike 0.0012 37 153 115 297
motorbike 0.0011 48 187 110 243
bus 0.0016 74 180 442 372
bus 0.0011 190 223 252 324
train 0.0068 82 192 439 374
train 0.0018 260 193 333 305
train 0.0018 190 223 252 324
boat 0.0033 243 146 322 235
horse 0.0022 461 257 499 382
chair 0.0393 289 270 350 370
chair 0.0125 191 224 243 324
chair 0.0106 304 305 351 369
chair 0.0087 294 263 334 306
chair 0.0082 265 220 351 369
chair 0.0082 456 266 498 463
chair 0.0076 191 263 216 302
chair 0.0038 260 193 333 305
chair 0.0034 291 293 341 337
chair 0.0032 294 234 347 317
chair 0.0028 322 234 357 288
chair 0.0021 48 145 113 233
chair 0.0018 354 232 383 288
chair 0.0016 293 285 336 313
chair 0.0015 27 161 124 386
chair 0.0014 387 273 438 313
chair 0.0013 423 261 493 455
chair 0.0013 190 265 203 297
chair 0.0012 329 236 384 290
chair 0.0011 365 268 422 315
chair 0.0010 8 91 66 287
chair 0.0010 240 146 253 161
chair 0.0010 380 234 437 296
sofa 0.0030 295 301 350 370
pottedplant 0.4467 243 145 321 236
pottedplant 0.4043 51 145 113 230
pottedplant 0.2032 340 280 469 376
pottedplant 0.0656 339 280 406 370
pottedplant 0.0652 251 188 321 236
pottedplant 0.0527 48 186 113 229
pottedplant 0.0475 304 305 351 369
pottedplant 0.0421 64 144 108 191
pottedplant 0.0362 412 284 438 314
pottedplant 0.0354 116 129 153 155
pottedplant 0.0325 387 282 443 316
pottedplant 0.0314 352 279 412 330
pottedplant 0.0302 375 310 470 376
pottedplant 0.0270 0 8 66 272
pottedplant 0.0206 367 279 399 323
pottedplant 0.0172 340 282 487 449
pottedplant 0.0147 452 260 498 454
pottedplant 0.0130 38 146 115 280
pottedplant 0.0115 32 127 123 375
pottedplant 0.0113 262 195 334 307
pottedplant 0.0109 152 100 194 133
pottedplant 0.0109 340 299 383 366
pottedplant 0.0079 148 130 186 203
pottedplant 0.0072 292 269 353 370
pottedplant 0.0065 10 127 66 244
pottedplant 0.0053 51 129 120 155
pottedplant 0.0053 379 286 435 371
pottedplant 0.0051 244 168 269 193
pottedplant 0.0051 115 127 153 206
pottedplant 0.0047 375 280 417 318
pottedplant 0.0046 244 165 286 201
pottedplant 0.0043 0 142 32 239
pottedplant 0.0041 401 298 458 366
pottedplant 0.0039 409 289 452 334
pottedplant 0.0039 0 135 19 271
pottedplant 0.0039 103 103 155 153
pottedplant 0.0038 407 287 429 312
pottedplant 0.0036 360 307 425 371
pottedplant 0.0036 2 45 62 178
pottedplant 0.0035 0 163 20 224
pottedplant 0.0034 67 143 97 162
pottedplant 0.0033 0 17 93 372
pottedplant 0.0033 244 168 259 185
pottedplant 0.0031 16 85 109 225
pottedplant 0.0030 237 119 281 196
pottedplant 0.0028 237 77 330 242
pottedplant 0.0027 339 301 359 335
pottedplant 0.0026 391 287 449 347
pottedplant 0.0024 1 101 28 334
pottedplant 0.0024 218 138 255 167
pottedplant 0.0023 4 110 60 331
pottedplant 0.0023 342 320 399 376
pottedplant 0.0023 422 258 493 426
pottedplant 0.0023 414 302 473 397
pottedplant 0.0022 312 267 421 359
pottedplant 0.0022 378 251 442 319
pottedplant 0.0020 323 235 357 289
pottedplant 0.0018 148 106 194 182
pottedplant 0.0018 244 161 266 184
pottedplant 0.0016 89 158 118 195
pottedplant 0.0014 296 245 345 306
pottedplant 0.0014 245 175 264 197
pottedplant 0.0014 462 256 499 350
pottedplant 0.0014 339 300 368 351
pottedplant 0.0014 242 162 304 214
pottedplant 0.0014 1 94 45 220
pottedplant 0.0014 378 227 438 290
pottedplant 0.0013 62 140 112 164
pottedplant 0.0013 263 194 323 258
pottedplant 0.0012 89 121 155 184
pottedplant 0.0012 59 145 92 168
pottedplant 0.0012 58 169 71 190
pottedplant 0.0011 392 298 468 434
pottedplant 0.0011 409 308 457 331
pottedplant 0.0011 0 132 22 209
pottedplant 0.0011 340 295 375 333
pottedplant 0.0010 383 283 407 315
pottedplant 0.0010 416 280 436 305
pottedplant 0.0010 376 316 418 347
