person 0.0727 262 96 336 138
person 0.0199 216 85 279 129
person 0.0095 74 36 479 280
person 0.0078 264 104 343 160
person 0.0064 213 86 314 142
person 0.0051 165 84 221 126
person 0.0044 280 97 329 125
person 0.0039 486 49 498 77
person 0.0034 362 63 368 79
person 0.0032 171 80 257 130
person 0.0032 418 39 498 126
person 0.0027 488 49 500 95
person 0.0027 421 52 452 129
person 0.0026 225 92 358 183
person 0.0024 363 62 378 98
person 0.0022 451 49 499 99
person 0.0021 65 15 213 133
person 0.0020 366 86 391 106
person 0.0020 491 50 500 79
person 0.0018 182 83 212 123
person 0.0018 364 64 390 106
person 0.0018 362 34 392 104
person 0.0018 217 77 252 125
person 0.0015 362 58 373 87
person 0.0015 154 98 211 129
person 0.0014 288 99 350 146
person 0.0013 482 49 493 72
person 0.0012 152 82 274 153
person 0.0010 145 81 204 128
person 0.0010 133 64 391 202
car 0.8372 64 18 217 110
car 0.4532 428 49 499 123
car 0.4337 72 41 418 301
car 0.2065 450 51 499 103
car 0.1084 87 17 220 71
car 0.0169 448 44 496 81
car 0.0151 63 49 179 125
car 0.0138 486 49 499 90
car 0.0088 434 48 487 94
car 0.0082 449 56 469 72
car 0.0073 63 57 148 107
car 0.0052 480 49 494 72
car 0.0051 425 17 492 103
car 0.0051 471 50 496 76
car 0.0045 401 1 499 120
car 0.0041 366 87 391 106
car 0.0031 491 50 500 79
car 0.0031 449 51 471 91
car 0.0030 421 53 453 129
car 0.0024 216 85 268 133
car 0.0023 341 1 385 17
car 0.0023 464 56 490 75
car 0.0021 451 57 465 82
car 0.0020 196 81 286 143
car 0.0019 112 20 224 51
car 0.0019 454 65 498 123
car 0.0018 453 36 459 43
car 0.0016 441 49 470 74
car 0.0015 362 34 392 104
car 0.0013 85 -7 491 156
car 0.0013 487 48 495 63
car 0.0012 259 97 338 143
car 0.0012 225 92 358 183
car 0.0012 432 35 486 72
car 0.0012 452 57 479 86
car 0.0011 463 57 492 88
car 0.0011 403 26 465 117
car 0.0010 483 61 500 103
motorbike 0.0010 422 50 499 125
bus 0.0017 72 41 418 301
bus 0.0016 65 16 214 132
bus 0.0015 428 49 499 123
dog 0.0027 260 97 337 140
dog 0.0010 71 39 410 300
dog 0.0010 214 87 312 139
sofa 0.0015 61 43 436 300
