person 0.8794 50 98 274 434
person 0.8688 243 72 452 437
person 0.0079 128 138 262 409
person 0.0036 31 110 477 418
person 0.0027 242 153 313 375
person 0.0026 194 102 321 425
person 0.0022 290 83 432 317
person 0.0010 66 154 210 392
boat 0.0013 18 199 443 432
bottle 0.0015 140 276 170 306
chair 0.0256 300 335 419 435
chair 0.0214 424 220 446 300
chair 0.0166 389 215 452 419
chair 0.0164 326 208 453 422
chair 0.0142 414 212 448 349
chair 0.0111 252 88 451 437
chair 0.0075 35 200 432 431
chair 0.0056 242 167 311 406
chair 0.0044 73 329 217 435
chair 0.0043 403 220 445 299
chair 0.0042 164 214 360 432
chair 0.0020 54 96 282 434
chair 0.0020 95 213 268 408
chair 0.0019 277 269 420 437
chair 0.0019 408 168 448 292
chair 0.0018 71 285 287 435
chair 0.0016 142 266 178 324
chair 0.0015 234 226 309 350
chair 0.0014 194 102 321 425
chair 0.0013 362 213 448 311
chair 0.0010 424 131 451 353
sofa 0.0150 18 199 443 432
sofa 0.0065 54 95 281 433
sofa 0.0046 164 214 360 432
sofa 0.0038 81 314 282 433
sofa 0.0020 82 197 239 401
sofa 0.0019 229 211 330 421
sofa 0.0018 252 88 451 437
sofa 0.0016 300 335 422 436
sofa 0.0011 142 266 178 324
sofa 0.0011 38 308 478 436
