person 0.1266 147 96 159 116
person 0.1136 53 86 79 113
person 0.0943 415 96 426 111
person 0.0436 200 99 210 117
person 0.0425 83 100 94 119
person 0.0361 38 93 51 108
person 0.0353 115 95 125 132
person 0.0301 116 105 125 121
person 0.0282 209 100 218 115
person 0.0273 51 83 68 106
person 0.0220 82 92 97 117
person 0.0201 78 96 93 116
person 0.0193 371 105 378 113
person 0.0184 39 86 65 111
person 0.0169 417 98 429 114
person 0.0167 176 107 184 116
person 0.0160 60 93 78 117
person 0.0158 203 101 215 117
person 0.0154 143 106 153 117
person 0.0154 38 79 78 115
person 0.0145 495 115 499 131
person 0.0143 98 103 109 119
person 0.0139 47 89 70 116
person 0.0138 352 106 359 113
person 0.0121 192 101 203 117
person 0.0113 382 106 389 114
person 0.0111 284 87 304 112
person 0.0105 149 100 163 117
person 0.0097 178 104 187 116
person 0.0092 391 103 402 114
person 0.0091 302 99 313 120
person 0.0090 279 91 298 113
person 0.0082 361 107 370 113
person 0.0072 187 107 197 117
person 0.0068 84 103 99 123
person 0.0067 294 94 311 120
person 0.0067 213 99 223 114
person 0.0062 443 109 452 116
person 0.0060 385 103 396 114
person 0.0059 64 87 85 116
person 0.0058 394 104 406 114
person 0.0058 36 62 204 162
person 0.0058 98 97 110 131
person 0.0055 145 88 159 127
person 0.0052 136 88 170 124
person 0.0051 445 108 456 117
person 0.0050 113 89 127 138
person 0.0046 277 96 291 114
person 0.0042 88 103 108 120
person 0.0040 143 111 152 117
person 0.0039 412 102 421 116
person 0.0038 119 100 126 137
person 0.0037 422 102 435 115
person 0.0035 169 104 179 116
person 0.0034 46 95 62 115
person 0.0030 140 108 149 117
person 0.0030 438 108 447 116
person 0.0029 37 85 54 106
person 0.0027 189 97 215 117
person 0.0027 405 100 422 114
person 0.0026 257 82 307 130
person 0.0026 454 107 464 117
person 0.0025 112 98 125 121
person 0.0025 98 98 108 112
person 0.0023 35 95 49 112
person 0.0022 151 59 157 66
person 0.0022 495 95 500 135
person 0.0021 79 90 105 123
person 0.0020 413 89 428 115
person 0.0018 217 98 225 110
person 0.0018 493 112 498 127
person 0.0018 35 67 87 143
person 0.0018 494 116 499 142
person 0.0018 117 85 186 139
person 0.0018 116 94 126 115
person 0.0018 174 108 186 122
person 0.0018 457 108 467 117
person 0.0017 496 106 500 125
person 0.0017 218 98 232 116
person 0.0017 388 99 396 111
person 0.0016 426 105 438 116
person 0.0016 492 102 498 137
person 0.0016 375 101 389 113
person 0.0015 71 103 84 119
person 0.0015 216 102 226 117
person 0.0015 280 90 310 120
person 0.0015 115 109 127 141
person 0.0014 303 92 315 129
person 0.0014 425 96 436 107
person 0.0014 391 98 400 111
person 0.0014 480 108 486 117
person 0.0014 93 91 108 119
person 0.0013 305 108 313 122
person 0.0013 74 104 92 124
person 0.0013 63 102 77 119
person 0.0013 467 108 475 116
person 0.0012 305 103 317 120
person 0.0012 494 132 500 157
person 0.0012 353 97 362 112
person 0.0011 363 100 377 115
car 0.4253 0 105 29 114
car 0.0400 0 105 30 124
car 0.0100 0 105 10 113
car 0.0052 495 115 499 131
car 0.0047 0 106 32 139
car 0.0043 1 101 28 111
car 0.0022 20 106 30 112
car 0.0017 6 103 36 116
car 0.0015 38 79 78 115
bus 0.9337 240 61 496 172
bus 0.9271 26 58 244 162
bus 0.0063 146 95 160 117
bus 0.0034 495 115 499 131
bus 0.0031 136 88 170 124
bus 0.0017 495 95 500 135
bus 0.0010 494 116 499 143
train 0.0036 26 58 244 162
train 0.0024 239 62 495 173
chair 0.0013 392 103 403 114
pottedplant 0.0019 494 120 500 156
