person 0.2253 341 0 499 366
person 0.0371 1 243 135 370
person 0.0343 426 0 499 140
person 0.0130 4 -12 506 365
person 0.0037 3 230 316 373
person 0.0026 90 287 175 376
person 0.0021 364 4 499 193
person 0.0021 42 251 220 370
person 0.0018 445 -9 499 363
person 0.0015 87 65 394 372
person 0.0014 11 1 479 196
person 0.0011 96 263 286 373
cat 0.0019 87 65 394 372
cat 0.0017 348 7 501 357
dog 0.3262 50 34 417 368
dog 0.0072 341 0 499 366
dog 0.0021 170 257 277 360
dog 0.0021 168 74 496 372
dog 0.0020 2 0 270 370
dog 0.0016 5 1 480 252
dog 0.0011 203 54 381 351
bottle 0.0048 222 281 270 353
bottle 0.0027 190 259 273 359
chair 0.0322 1 242 140 370
chair 0.0124 7 18 427 372
chair 0.0026 322 117 497 368
sofa 0.2475 4 -12 506 365
sofa 0.0884 1 243 139 370
sofa 0.0279 348 27 500 355
sofa 0.0108 36 1 483 140
sofa 0.0077 87 65 394 372
sofa 0.0050 227 11 496 372
sofa 0.0031 2 16 281 378
sofa 0.0024 108 224 505 370
sofa 0.0023 189 258 272 359
sofa 0.0016 4 242 279 371
sofa 0.0014 220 279 270 356
sofa 0.0013 46 285 476 384
sofa 0.0013 427 0 499 139
sofa 0.0012 276 0 496 141
diningtable 0.0130 1 243 135 370
diningtable 0.0034 4 -12 506 365
