person 0.0078 351 145 369 167
person 0.0060 456 154 499 250
person 0.0050 404 301 447 342
person 0.0043 444 83 500 246
person 0.0023 466 144 499 348
person 0.0017 0 57 9 154
person 0.0016 7 17 478 346
person 0.0015 344 108 388 162
person 0.0014 114 146 138 187
person 0.0013 483 65 499 96
person 0.0012 229 139 259 174
person 0.0010 348 128 371 167
bicycle 0.0015 2 75 490 345
car 0.0327 0 54 490 342
car 0.0013 10 0 299 319
car 0.0013 454 153 499 250
motorbike 0.0085 4 -12 481 329
motorbike 0.0014 14 146 501 337
aeroplane 0.0032 0 54 490 342
bus 0.1575 16 27 503 336
bus 0.0065 4 -2 283 326
bus 0.0021 57 11 495 204
bus 0.0013 438 85 499 248
train 0.0376 16 27 503 336
train 0.0028 4 -2 283 326
train 0.0011 -5 20 119 340
boat 0.0040 15 43 501 340
bird 0.0056 404 301 446 342
bird 0.0010 466 172 499 343
cat 0.0135 404 300 446 342
dog 0.0043 404 300 446 342
chair 0.0015 456 154 499 248
chair 0.0013 4 -2 283 326
pottedplant 0.0073 466 144 499 348
pottedplant 0.0018 456 154 499 250
pottedplant 0.0017 411 153 498 340
diningtable 0.0015 0 54 490 342
tvmonitor 0.0049 437 90 500 183
tvmonitor 0.0019 0 54 490 342
