person 0.0453 158 151 220 212
person 0.0070 217 171 234 205
person 0.0033 492 194 499 217
person 0.0021 494 193 499 207
person 0.0020 451 242 499 368
person 0.0012 463 195 501 240
person 0.0010 476 241 500 286
bicycle 0.0048 463 195 499 238
car 0.0134 335 178 347 188
car 0.0029 335 136 351 146
car 0.0028 334 180 349 191
car 0.0016 334 183 368 201
car 0.0015 344 189 378 203
car 0.0014 334 133 348 143
car 0.0012 342 174 385 199
bird 0.0069 356 245 379 266
bird 0.0013 218 171 233 204
bird 0.0010 14 86 36 107
cat 0.0363 356 245 379 266
cat 0.0073 341 208 377 259
cat 0.0027 351 200 409 260
cat 0.0019 344 245 392 287
dog 0.0111 356 245 379 266
dog 0.0022 341 208 377 259
dog 0.0012 351 200 409 260
bottle 0.0212 220 174 237 205
bottle 0.0056 130 193 142 222
bottle 0.0036 356 247 377 266
bottle 0.0027 0 356 27 375
bottle 0.0013 124 197 136 221
bottle 0.0011 134 203 141 222
chair 0.7945 192 334 285 374
chair 0.7084 413 201 451 256
chair 0.5546 333 196 366 249
chair 0.2358 61 300 140 373
chair 0.1978 387 193 412 203
chair 0.1974 449 241 499 370
chair 0.1793 345 194 431 252
chair 0.1698 348 189 378 201
chair 0.1309 392 200 438 255
chair 0.0875 345 190 416 224
chair 0.0754 335 190 377 218
chair 0.0745 348 199 388 250
chair 0.0691 348 190 415 205
chair 0.0542 361 191 422 212
chair 0.0528 342 189 392 212
chair 0.0425 87 280 438 375
chair 0.0398 341 208 377 259
chair 0.0332 387 193 426 207
chair 0.0330 377 202 416 254
chair 0.0329 472 241 500 291
chair 0.0271 390 197 434 217
chair 0.0248 463 195 499 238
chair 0.0246 347 183 420 201
chair 0.0238 482 241 500 280
chair 0.0212 417 205 450 227
chair 0.0194 386 194 406 253
chair 0.0166 415 200 486 255
chair 0.0153 361 199 404 254
chair 0.0148 393 199 434 209
chair 0.0132 333 186 372 197
chair 0.0121 399 193 434 206
chair 0.0120 429 203 455 254
chair 0.0112 376 193 440 229
chair 0.0112 342 187 384 232
chair 0.0102 353 206 376 244
chair 0.0101 333 199 356 235
chair 0.0098 427 197 478 232
chair 0.0093 386 188 410 198
chair 0.0090 343 187 394 198
chair 0.0087 335 178 348 188
chair 0.0087 334 195 363 215
chair 0.0086 101 270 285 369
chair 0.0077 350 175 379 196
chair 0.0072 371 192 410 204
chair 0.0069 316 252 421 316
chair 0.0068 487 242 500 269
chair 0.0067 428 198 453 224
chair 0.0066 406 194 428 203
chair 0.0066 25 348 136 375
chair 0.0061 -1 297 99 373
chair 0.0061 324 196 353 247
chair 0.0055 450 238 501 309
chair 0.0050 333 182 367 202
chair 0.0046 356 244 380 264
chair 0.0045 334 185 357 195
chair 0.0043 387 182 403 193
chair 0.0043 333 211 351 248
chair 0.0042 400 200 440 228
chair 0.0041 407 201 432 207
chair 0.0041 334 190 357 198
chair 0.0039 374 189 406 243
chair 0.0039 383 192 402 202
chair 0.0038 356 177 412 196
chair 0.0038 388 314 460 372
chair 0.0038 446 205 499 282
chair 0.0037 396 243 500 372
chair 0.0035 344 245 392 287
chair 0.0032 340 201 362 231
chair 0.0032 387 219 403 253
chair 0.0029 287 300 470 372
chair 0.0029 387 203 404 227
chair 0.0029 357 188 380 197
chair 0.0028 350 194 376 223
chair 0.0027 157 151 218 213
chair 0.0026 371 185 409 198
chair 0.0025 377 179 407 194
chair 0.0025 492 194 499 227
chair 0.0024 395 196 420 206
chair 0.0024 478 225 499 274
chair 0.0022 494 195 499 216
chair 0.0022 407 187 436 200
chair 0.0022 382 192 407 223
chair 0.0021 411 203 433 224
chair 0.0021 33 327 146 376
chair 0.0021 340 212 362 248
chair 0.0019 440 152 454 209
chair 0.0019 390 221 412 254
chair 0.0019 443 199 464 229
chair 0.0019 438 205 452 238
chair 0.0018 419 218 446 254
chair 0.0018 446 195 494 251
chair 0.0017 43 295 234 376
chair 0.0016 415 204 435 218
chair 0.0016 406 201 432 211
chair 0.0015 318 192 419 301
chair 0.0014 361 173 379 192
chair 0.0014 15 283 145 369
chair 0.0013 409 197 438 208
chair 0.0013 392 181 443 217
chair 0.0013 344 212 411 265
sofa 0.7156 94 273 431 375
sofa 0.5664 449 241 499 370
sofa 0.1081 194 333 285 373
sofa 0.0892 61 300 140 373
sofa 0.0295 65 270 280 373
sofa 0.0266 473 240 500 290
sofa 0.0125 0 297 98 373
sofa 0.0117 11 331 125 374
sofa 0.0094 316 252 421 316
sofa 0.0068 396 243 500 372
sofa 0.0053 482 241 499 280
sofa 0.0040 388 314 460 372
sofa 0.0037 455 240 500 315
sofa 0.0037 20 347 105 373
sofa 0.0035 287 300 470 372
sofa 0.0030 68 239 462 349
sofa 0.0026 158 151 220 213
sofa 0.0024 343 190 417 252
sofa 0.0023 333 197 362 249
sofa 0.0023 15 283 145 369
sofa 0.0019 0 354 27 375
sofa 0.0018 106 260 279 339
sofa 0.0017 361 191 422 212
sofa 0.0015 380 192 416 204
sofa 0.0015 212 289 399 372
sofa 0.0014 61 291 202 373
sofa 0.0014 348 190 415 205
sofa 0.0014 357 247 377 267
sofa 0.0012 487 242 500 269
sofa 0.0012 355 191 427 229
sofa 0.0011 463 194 499 238
sofa 0.0010 220 256 453 360
pottedplant 0.6012 0 297 66 372
pottedplant 0.5295 464 195 499 237
pottedplant 0.0501 0 352 30 375
pottedplant 0.0298 490 194 499 236
pottedplant 0.0163 479 193 499 232
pottedplant 0.0139 467 239 500 288
pottedplant 0.0123 493 195 499 224
pottedplant 0.0116 349 175 379 196
pottedplant 0.0107 219 174 236 205
pottedplant 0.0106 356 245 379 266
pottedplant 0.0087 424 196 489 247
pottedplant 0.0082 11 331 125 374
pottedplant 0.0062 414 198 452 244
pottedplant 0.0059 465 198 500 284
pottedplant 0.0057 478 204 500 249
pottedplant 0.0055 347 180 407 202
pottedplant 0.0047 27 353 42 369
pottedplant 0.0044 9 351 47 373
pottedplant 0.0039 487 193 499 218
pottedplant 0.0038 462 210 494 241
pottedplant 0.0038 348 190 380 203
pottedplant 0.0036 451 195 485 236
pottedplant 0.0031 0 297 37 364
pottedplant 0.0030 428 195 478 228
pottedplant 0.0030 355 243 380 255
pottedplant 0.0030 9 341 60 370
pottedplant 0.0029 464 201 482 236
pottedplant 0.0029 465 186 498 219
pottedplant 0.0029 336 198 377 259
pottedplant 0.0027 494 193 499 207
pottedplant 0.0024 0 333 47 374
pottedplant 0.0023 355 171 383 191
pottedplant 0.0021 333 178 369 194
pottedplant 0.0020 478 217 499 240
pottedplant 0.0020 481 225 499 273
pottedplant 0.0019 421 198 455 227
pottedplant 0.0019 157 152 220 212
pottedplant 0.0018 319 247 419 316
pottedplant 0.0017 344 245 392 287
pottedplant 0.0014 22 302 65 357
pottedplant 0.0013 20 347 105 373
pottedplant 0.0013 22 351 51 369
pottedplant 0.0013 346 189 417 205
pottedplant 0.0012 462 194 489 218
pottedplant 0.0012 466 218 489 234
pottedplant 0.0011 1 284 105 364
pottedplant 0.0010 336 154 392 208
pottedplant 0.0010 221 187 236 205
pottedplant 0.0010 350 195 421 259
diningtable 0.2837 345 194 431 252
diningtable 0.2102 386 198 434 255
diningtable 0.1713 407 200 451 255
diningtable 0.1029 345 190 416 225
diningtable 0.0914 333 195 370 250
diningtable 0.0643 393 199 434 209
diningtable 0.0605 361 191 422 212
diningtable 0.0503 348 190 415 205
diningtable 0.0473 20 347 105 373
diningtable 0.0452 0 296 68 373
diningtable 0.0387 387 193 426 207
diningtable 0.0385 390 197 434 217
diningtable 0.0321 391 193 413 203
diningtable 0.0281 344 189 378 203
diningtable 0.0277 11 331 125 374
diningtable 0.0250 342 189 392 212
diningtable 0.0222 0 354 31 375
diningtable 0.0215 335 190 377 218
diningtable 0.0179 376 193 440 229
diningtable 0.0177 349 199 388 250
diningtable 0.0152 379 193 413 254
diningtable 0.0145 319 247 419 316
diningtable 0.0136 347 183 420 201
diningtable 0.0133 58 301 139 373
diningtable 0.0131 333 186 372 197
diningtable 0.0068 341 208 377 259
diningtable 0.0066 400 200 440 228
diningtable 0.0059 349 189 375 198
diningtable 0.0057 25 355 51 374
diningtable 0.0056 378 191 416 204
diningtable 0.0053 344 245 392 287
diningtable 0.0049 343 187 394 198
diningtable 0.0044 385 210 406 254
diningtable 0.0042 407 201 432 207
diningtable 0.0033 334 195 365 227
diningtable 0.0032 463 195 499 238
diningtable 0.0030 194 334 285 373
diningtable 0.0027 334 189 363 200
diningtable 0.0025 451 242 499 368
diningtable 0.0024 334 180 349 191
diningtable 0.0022 361 199 404 254
diningtable 0.0021 334 185 357 195
diningtable 0.0020 333 182 367 202
diningtable 0.0019 415 198 451 227
diningtable 0.0018 473 240 500 290
diningtable 0.0017 386 192 405 241
diningtable 0.0016 370 193 408 208
diningtable 0.0015 318 192 419 301
diningtable 0.0015 397 202 423 228
diningtable 0.0014 415 200 486 255
diningtable 0.0014 87 280 438 375
diningtable 0.0014 411 203 433 224
diningtable 0.0014 406 201 432 211
diningtable 0.0013 12 347 67 372
diningtable 0.0012 357 247 377 267
diningtable 0.0012 334 191 353 197
diningtable 0.0012 3 334 63 379
diningtable 0.0011 342 187 384 232
diningtable 0.0011 391 204 413 228
diningtable 0.0011 386 188 410 198
diningtable 0.0010 428 194 491 237
diningtable 0.0010 395 196 420 206
diningtable 0.0010 37 355 128 375
tvmonitor 0.8669 157 152 219 213
tvmonitor 0.0066 67 303 140 372
tvmonitor 0.0031 317 251 421 316
tvmonitor 0.0016 131 194 142 222
tvmonitor 0.0010 479 242 500 281
