person 0.5943 0 99 20 162
person 0.3820 428 105 438 123
person 0.2339 290 100 302 114
person 0.1881 0 115 13 221
person 0.1716 385 106 394 117
person 0.1654 399 108 411 121
person 0.1363 436 106 445 122
person 0.0973 292 99 312 115
person 0.0818 412 94 433 110
person 0.0780 409 108 423 123
person 0.0741 492 104 499 118
person 0.0719 489 103 496 119
person 0.0662 390 108 402 118
person 0.0628 313 103 325 115
person 0.0554 382 105 391 114
person 0.0469 414 111 427 123
person 0.0448 12 104 28 159
person 0.0436 454 108 464 121
person 0.0390 1 127 16 161
person 0.0347 3 103 34 143
person 0.0341 419 101 437 121
person 0.0315 0 135 9 204
person 0.0297 413 100 431 118
person 0.0281 0 97 28 214
person 0.0265 390 106 409 120
person 0.0260 410 106 420 118
person 0.0235 446 108 465 122
person 0.0233 483 100 497 119
person 0.0223 441 106 451 119
person 0.0223 440 109 449 122
person 0.0211 0 98 7 118
person 0.0208 0 124 8 157
person 0.0198 422 111 433 122
person 0.0191 18 109 39 146
person 0.0180 447 106 457 118
person 0.0160 375 102 383 111
person 0.0151 301 104 314 114
person 0.0151 0 101 7 141
person 0.0133 284 101 299 115
person 0.0125 11 107 29 133
person 0.0124 414 95 436 104
person 0.0119 482 101 491 119
person 0.0117 0 136 7 165
person 0.0116 22 100 32 110
person 0.0112 10 105 24 126
person 0.0102 383 105 400 118
person 0.0094 225 100 244 115
person 0.0090 381 103 394 117
person 0.0090 487 99 496 114
person 0.0086 11 102 32 123
person 0.0084 0 159 10 221
person 0.0080 0 101 15 129
person 0.0074 21 110 37 131
person 0.0073 18 102 31 114
person 0.0071 6 122 20 155
person 0.0070 7 133 18 161
person 0.0068 20 100 35 120
person 0.0068 0 97 9 108
person 0.0065 411 92 436 122
person 0.0063 494 100 499 113
person 0.0058 316 104 335 115
person 0.0052 370 101 379 109
person 0.0051 448 99 454 110
person 0.0046 14 112 27 140
person 0.0046 282 97 317 118
person 0.0035 376 104 384 114
person 0.0032 457 112 466 122
person 0.0032 367 100 377 109
person 0.0031 380 102 387 111
person 0.0030 320 106 331 115
person 0.0029 476 104 484 120
person 0.0027 25 104 34 113
person 0.0025 279 100 295 114
person 0.0023 385 108 395 121
person 0.0022 0 185 9 219
person 0.0021 386 101 393 111
person 0.0021 394 97 422 128
person 0.0019 400 110 413 127
person 0.0019 13 129 24 158
person 0.0018 457 105 469 121
person 0.0018 228 107 244 115
person 0.0017 306 99 324 114
person 0.0016 8 49 222 153
person 0.0016 426 97 443 129
person 0.0016 0 96 7 105
person 0.0015 0 154 8 185
person 0.0014 480 99 489 113
person 0.0014 324 107 349 116
person 0.0014 113 99 143 123
person 0.0014 12 67 494 380
person 0.0014 391 99 401 111
person 0.0013 23 126 42 144
person 0.0013 15 128 42 217
person 0.0013 24 109 37 124
person 0.0013 463 107 473 121
person 0.0011 494 110 499 120
person 0.0011 2 112 21 142
bicycle 0.0196 1 127 16 161
bicycle 0.0109 0 101 19 164
bicycle 0.0075 0 124 8 157
bicycle 0.0063 7 133 18 161
bicycle 0.0046 0 101 14 218
bicycle 0.0040 0 185 9 219
bicycle 0.0038 437 108 445 122
bicycle 0.0032 0 159 10 221
bicycle 0.0030 14 112 26 162
bicycle 0.0029 6 122 20 155
bicycle 0.0019 455 110 464 121
bicycle 0.0016 15 123 25 153
bicycle 0.0012 439 109 449 122
bicycle 0.0011 0 136 7 165
bicycle 0.0011 443 108 465 122
bicycle 0.0010 428 106 437 123
bicycle 0.0010 18 109 39 146
car 0.3779 12 67 494 380
car 0.0866 0 99 26 162
car 0.0512 19 109 38 135
car 0.0335 12 104 28 159
car 0.0306 2 103 34 143
car 0.0178 0 111 16 224
car 0.0158 0 97 28 214
car 0.0157 19 121 41 148
car 0.0154 11 107 29 133
car 0.0105 444 107 462 121
car 0.0089 20 104 35 126
car 0.0081 10 104 24 127
car 0.0080 0 131 8 187
car 0.0079 0 136 7 165
car 0.0073 23 129 42 145
car 0.0065 1 127 16 161
car 0.0057 438 107 448 122
car 0.0055 492 104 499 118
car 0.0049 14 112 27 140
car 0.0048 454 108 464 121
car 0.0035 16 143 44 212
car 0.0033 24 109 37 124
car 0.0033 11 102 32 123
car 0.0031 488 103 497 119
car 0.0031 18 102 32 114
car 0.0029 15 123 25 153
car 0.0029 6 122 20 155
car 0.0028 0 136 11 219
car 0.0026 0 124 9 157
car 0.0026 0 143 5 172
car 0.0025 0 100 11 162
car 0.0025 446 106 457 119
car 0.0024 0 97 10 124
car 0.0022 426 105 443 123
car 0.0021 31 45 210 136
car 0.0019 16 128 40 158
car 0.0017 312 102 329 114
car 0.0016 19 112 60 201
car 0.0016 421 111 433 122
car 0.0016 16 244 502 376
car 0.0015 0 97 9 108
car 0.0014 23 78 498 207
car 0.0013 414 111 427 123
car 0.0012 19 128 45 189
car 0.0012 441 106 452 119
car 0.0011 0 185 9 219
car 0.0011 412 94 434 109
car 0.0010 406 108 431 123
car 0.0010 22 100 33 112
motorbike 0.0057 0 101 14 218
motorbike 0.0053 0 100 20 161
motorbike 0.0052 454 108 464 121
motorbike 0.0035 1 134 13 164
motorbike 0.0033 0 159 10 221
motorbike 0.0026 5 127 18 161
motorbike 0.0025 0 136 7 165
motorbike 0.0021 414 111 427 123
motorbike 0.0019 443 108 465 122
motorbike 0.0019 12 104 28 159
motorbike 0.0019 0 185 9 219
motorbike 0.0017 437 108 445 122
motorbike 0.0015 429 105 440 123
motorbike 0.0012 0 121 17 154
motorbike 0.0011 0 130 8 188
motorbike 0.0011 402 110 413 122
motorbike 0.0010 0 124 8 157
motorbike 0.0010 421 111 433 122
aeroplane 0.0012 12 67 494 380
bus 0.0710 12 67 496 383
bus 0.0016 23 78 498 207
bus 0.0015 0 100 20 161
bus 0.0010 0 115 13 221
train 0.0014 15 67 492 378
boat 0.0012 12 67 494 380
horse 0.0010 0 99 20 161
chair 0.0094 0 159 10 221
chair 0.0058 0 185 9 219
chair 0.0021 0 127 14 221
chair 0.0011 428 105 438 123
chair 0.0010 437 108 445 122
chair 0.0010 414 111 427 123
