person 0.1711 246 141 255 153
person 0.0411 247 136 259 153
person 0.0241 244 146 254 155
person 0.0117 254 131 276 151
person 0.0109 209 108 361 213
person 0.0089 249 134 265 151
person 0.0072 262 134 280 152
person 0.0068 236 147 247 155
person 0.0051 270 139 283 153
person 0.0040 309 146 319 161
person 0.0035 249 129 307 157
person 0.0033 307 144 316 160
person 0.0029 267 135 284 149
person 0.0028 227 143 240 155
person 0.0020 231 148 241 155
person 0.0016 276 143 284 153
person 0.0015 316 148 325 161
person 0.0014 323 150 332 161
person 0.0011 245 131 262 156
person 0.0010 241 122 317 166
aeroplane 0.0013 211 108 362 217
bus 0.0037 211 108 362 217
train 0.9174 212 109 362 214
train 0.0012 249 129 307 157
train 0.0011 241 122 317 166
bird 0.0111 272 58 283 64
