person 0.7753 246 317 263 333
person 0.5086 178 261 191 284
person 0.3614 139 276 157 307
person 0.3231 169 259 185 282
person 0.2896 184 262 193 283
person 0.1860 175 258 190 295
person 0.1621 156 218 181 249
person 0.1215 162 256 179 284
person 0.1016 183 263 201 297
person 0.0920 168 257 179 300
person 0.0908 8 263 16 279
person 0.0858 188 266 202 283
person 0.0839 187 263 197 280
person 0.0765 386 92 406 103
person 0.0596 189 267 203 299
person 0.0435 130 312 136 321
person 0.0357 170 263 184 296
person 0.0353 23 244 298 318
person 0.0339 178 260 187 277
person 0.0328 85 207 98 227
person 0.0291 160 253 173 277
person 0.0286 204 232 222 255
person 0.0284 235 227 242 242
person 0.0272 151 270 164 286
person 0.0257 148 226 170 250
person 0.0243 161 264 172 285
person 0.0237 212 236 224 253
person 0.0229 408 264 416 272
person 0.0228 155 215 179 277
person 0.0172 126 238 253 304
person 0.0169 388 253 441 272
person 0.0140 88 207 96 223
person 0.0140 91 270 103 285
person 0.0139 147 220 178 258
person 0.0139 72 208 98 230
person 0.0139 106 231 124 250
person 0.0139 137 278 152 296
person 0.0137 58 171 66 179
person 0.0134 177 267 189 305
person 0.0109 283 67 297 82
person 0.0102 73 155 77 171
person 0.0098 410 256 420 271
person 0.0094 79 211 92 229
person 0.0092 128 259 189 296
person 0.0091 110 231 134 250
person 0.0090 188 276 199 299
person 0.0086 183 261 201 280
person 0.0082 39 169 55 178
person 0.0081 112 312 156 323
person 0.0081 235 218 244 240
person 0.0079 376 92 390 101
person 0.0077 150 218 166 247
person 0.0076 213 233 224 246
person 0.0075 240 314 268 334
person 0.0073 171 277 186 301
person 0.0070 149 227 159 249
person 0.0068 43 254 126 320
person 0.0068 186 260 195 276
person 0.0064 79 220 87 231
person 0.0064 89 269 98 283
person 0.0063 245 314 263 348
person 0.0059 89 267 103 293
person 0.0058 44 169 59 177
person 0.0057 168 228 182 248
person 0.0055 61 168 68 179
person 0.0053 96 271 105 284
person 0.0050 163 252 176 269
person 0.0050 403 257 415 271
person 0.0049 159 219 178 238
person 0.0048 164 282 180 301
person 0.0048 136 278 144 290
person 0.0046 240 279 248 290
person 0.0044 72 173 88 180
person 0.0044 70 214 88 230
person 0.0043 0 314 10 333
person 0.0043 67 154 85 177
person 0.0042 74 325 83 333
person 0.0039 73 154 77 164
person 0.0039 207 242 227 284
person 0.0038 385 259 393 269
person 0.0038 72 166 82 178
person 0.0037 236 209 243 234
person 0.0037 60 213 95 231
person 0.0037 193 249 212 281
person 0.0037 168 284 177 298
person 0.0037 160 269 204 307
person 0.0036 194 234 235 259
person 0.0034 156 249 229 288
person 0.0034 62 172 84 180
person 0.0032 417 257 425 270
person 0.0032 194 259 205 280
person 0.0032 170 275 194 303
person 0.0031 191 225 203 240
person 0.0028 132 312 143 321
person 0.0026 54 170 71 179
person 0.0026 190 283 198 297
person 0.0025 309 45 337 58
person 0.0025 390 92 413 106
person 0.0025 362 241 438 272
person 0.0024 395 240 434 268
car 0.0635 0 314 9 333
car 0.0233 72 173 89 180
car 0.0088 35 250 211 320
car 0.0050 138 276 158 300
car 0.0048 172 260 191 284
car 0.0047 87 310 188 334
car 0.0044 38 256 122 320
car 0.0036 166 258 181 285
car 0.0031 241 241 261 249
car 0.0028 124 311 152 321
car 0.0025 60 239 291 310
car 0.0023 284 265 497 333
car 0.0019 383 242 444 271
car 0.0018 62 217 93 231
car 0.0016 177 266 189 306
car 0.0016 149 270 165 286
car 0.0016 181 263 201 297
car 0.0016 171 275 186 302
car 0.0015 56 208 96 234
car 0.0014 66 169 90 180
car 0.0013 482 268 499 286
car 0.0011 172 281 183 298
car 0.0011 132 312 143 321
car 0.0011 154 219 181 250
car 0.0011 204 238 289 293
car 0.0010 151 272 162 284
car 0.0010 242 229 261 242
car 0.0010 189 266 203 300
aeroplane 0.6633 10 32 505 274
aeroplane 0.0362 4 167 62 179
aeroplane 0.0155 60 238 291 312
aeroplane 0.0148 4 169 43 177
aeroplane 0.0109 284 264 498 334
aeroplane 0.0097 3 159 79 178
aeroplane 0.0053 35 250 211 320
aeroplane 0.0044 383 72 500 217
aeroplane 0.0040 0 79 102 162
aeroplane 0.0036 -3 163 97 260
aeroplane 0.0031 0 19 308 243
aeroplane 0.0027 7 155 70 171
aeroplane 0.0027 7 154 96 187
aeroplane 0.0026 1 114 99 151
aeroplane 0.0024 6 166 75 186
aeroplane 0.0021 0 159 44 176
aeroplane 0.0016 48 156 88 177
aeroplane 0.0015 228 66 490 254
aeroplane 0.0015 38 255 120 321
aeroplane 0.0015 473 186 499 217
aeroplane 0.0015 154 219 181 250
aeroplane 0.0013 383 242 444 271
aeroplane 0.0013 72 0 489 186
aeroplane 0.0013 71 173 88 179
aeroplane 0.0013 66 169 90 180
aeroplane 0.0012 203 242 284 295
aeroplane 0.0012 0 148 3 153
aeroplane 0.0010 -2 152 304 257
bus 0.0205 0 314 10 333
bus 0.0075 3 168 62 179
bus 0.0064 35 256 129 320
bus 0.0043 87 310 185 333
bus 0.0037 300 263 487 333
bus 0.0023 177 261 193 284
bus 0.0014 385 242 442 271
bus 0.0013 204 243 288 295
bus 0.0013 35 250 211 320
train 0.0023 3 168 62 179
train 0.0017 413 62 499 228
train 0.0012 0 314 10 333
train 0.0011 42 245 226 324
train 0.0011 128 246 269 300
train 0.0010 177 261 193 289
boat 0.0011 0 314 10 333
sofa 0.0023 85 311 183 328
