person 0.0045 0 383 18 457
person 0.0032 418 1 499 41
person 0.0016 352 243 447 289
person 0.0015 492 77 499 110
person 0.0014 58 58 495 455
person 0.0012 0 116 59 188
bicycle 0.0401 57 43 496 449
bicycle 0.0015 0 116 59 188
bicycle 0.0011 0 45 77 446
car 0.1339 44 44 492 447
car 0.0131 36 -1 496 90
car 0.0098 40 13 493 247
car 0.0029 354 244 446 287
car 0.0022 420 104 500 213
car 0.0017 492 77 499 109
car 0.0013 443 289 499 393
car 0.0012 232 67 501 419
car 0.0012 491 219 499 253
car 0.0012 0 117 59 193
car 0.0011 493 218 499 243
motorbike 0.0036 57 58 495 455
bus 0.0019 45 58 491 455
boat 0.0022 57 43 496 449
bird 0.0372 0 289 71 366
bird 0.0236 354 245 442 287
bird 0.0120 0 296 43 356
bird 0.0114 0 256 85 420
bird 0.0084 58 42 495 451
bird 0.0039 310 199 468 320
bird 0.0032 0 254 61 346
bird 0.0027 0 331 36 366
bird 0.0026 245 78 489 408
bird 0.0023 0 236 66 297
bird 0.0019 0 45 77 446
bird 0.0017 0 321 39 390
bird 0.0016 1 263 60 306
bird 0.0014 3 312 81 384
bird 0.0011 5 294 75 337
bird 0.0010 0 117 59 197
cat 0.1079 44 25 495 428
cat 0.0177 357 245 439 287
cat 0.0101 0 290 76 363
cat 0.0071 135 61 472 326
cat 0.0049 300 227 443 310
cat 0.0049 245 78 489 408
cat 0.0037 265 178 468 357
cat 0.0029 0 388 17 458
cat 0.0016 0 296 43 356
cat 0.0014 0 101 61 249
cat 0.0013 0 117 59 193
cat 0.0012 270 234 410 345
cat 0.0012 1 227 98 426
dog 0.0127 44 30 491 376
dog 0.0054 359 245 442 286
dog 0.0025 300 227 443 310
dog 0.0023 245 78 489 408
dog 0.0022 0 290 71 366
dog 0.0018 265 178 468 357
horse 0.0011 57 43 496 449
sheep 0.0022 0 292 55 358
bottle 0.0030 0 388 18 459
bottle 0.0020 0 116 58 188
chair 0.0064 44 44 492 447
chair 0.0016 0 387 17 459
sofa 0.0011 44 44 492 447
sofa 0.0010 0 391 17 460
pottedplant 0.0101 0 115 58 189
pottedplant 0.0035 0 118 63 245
pottedplant 0.0032 0 26 61 202
pottedplant 0.0019 418 0 498 41
pottedplant 0.0019 55 24 500 428
pottedplant 0.0017 0 117 22 178
pottedplant 0.0013 0 4 49 136
pottedplant 0.0013 0 294 78 374
pottedplant 0.0012 2 251 83 441
diningtable 0.0028 45 58 491 455
tvmonitor 0.0655 46 42 492 449
