person 0.0053 461 208 487 253
person 0.0032 105 116 117 144
person 0.0025 106 126 117 154
person 0.0024 473 179 499 368
person 0.0023 108 133 117 147
person 0.0013 106 133 121 173
person 0.0011 224 123 232 138
bicycle 0.0018 0 239 134 373
bicycle 0.0015 460 207 488 253
bicycle 0.0012 179 173 228 231
car 0.0093 460 207 488 253
motorbike 0.0013 460 207 488 254
bottle 0.0044 300 173 315 187
bottle 0.0042 291 186 338 212
bottle 0.0018 313 168 327 189
bottle 0.0018 272 161 284 183
chair 0.6025 288 190 324 250
chair 0.5838 293 187 340 212
chair 0.5557 106 219 221 371
chair 0.4964 330 209 399 290
chair 0.4697 313 168 328 190
chair 0.2396 253 169 309 238
chair 0.2304 300 174 315 188
chair 0.2122 289 196 397 274
chair 0.1977 256 161 279 180
chair 0.1883 281 162 306 185
chair 0.1629 62 215 221 296
chair 0.1343 254 162 308 202
chair 0.1181 62 226 132 285
chair 0.1001 257 191 297 237
chair 0.0926 285 182 375 251
chair 0.0705 202 173 282 230
chair 0.0701 248 247 361 365
chair 0.0660 223 161 301 193
chair 0.0568 207 174 279 192
chair 0.0538 180 172 243 233
chair 0.0504 255 141 283 178
chair 0.0458 357 168 381 201
chair 0.0414 180 159 203 171
chair 0.0394 211 173 245 183
chair 0.0349 204 163 279 183
chair 0.0334 265 154 312 185
chair 0.0319 375 172 411 218
chair 0.0285 233 164 266 179
chair 0.0275 239 174 280 185
chair 0.0273 209 171 293 199
chair 0.0249 300 163 317 181
chair 0.0248 248 189 289 252
chair 0.0241 217 178 295 252
chair 0.0239 272 161 285 183
chair 0.0224 349 170 393 220
chair 0.0216 201 144 235 173
chair 0.0216 180 169 200 188
chair 0.0212 306 175 349 207
chair 0.0206 247 248 357 307
chair 0.0205 297 206 363 252
chair 0.0191 291 161 315 183
chair 0.0185 351 199 405 250
chair 0.0175 242 165 257 178
chair 0.0173 232 177 346 250
chair 0.0171 179 169 206 224
chair 0.0162 307 206 398 241
chair 0.0162 306 207 339 248
chair 0.0159 1 229 129 361
chair 0.0152 462 206 488 252
chair 0.0146 198 160 240 194
chair 0.0139 343 231 389 295
chair 0.0132 117 216 224 271
chair 0.0132 256 142 279 162
chair 0.0130 296 166 319 196
chair 0.0125 202 164 230 181
chair 0.0122 207 181 258 245
chair 0.0121 357 189 378 206
chair 0.0117 277 139 350 228
chair 0.0117 363 167 389 190
chair 0.0116 285 162 305 175
chair 0.0114 356 187 410 227
chair 0.0104 183 155 233 205
chair 0.0104 179 161 204 195
chair 0.0101 202 172 244 191
chair 0.0094 372 171 396 209
chair 0.0090 17 229 120 292
chair 0.0090 130 217 223 317
chair 0.0087 284 184 334 199
chair 0.0084 316 167 365 204
chair 0.0084 262 84 329 188
chair 0.0084 308 164 325 179
chair 0.0083 37 212 63 263
chair 0.0081 367 171 385 198
chair 0.0080 114 247 172 314
chair 0.0080 9 244 218 371
chair 0.0080 271 163 295 185
chair 0.0076 266 137 285 167
chair 0.0071 212 168 242 180
chair 0.0069 200 173 258 204
chair 0.0068 265 152 288 182
chair 0.0067 73 238 198 319
chair 0.0061 204 169 223 180
chair 0.0061 286 158 305 166
chair 0.0057 180 143 204 162
chair 0.0056 380 219 399 276
chair 0.0054 316 212 336 243
chair 0.0053 374 170 406 199
chair 0.0052 106 222 155 282
chair 0.0050 254 94 413 269
chair 0.0048 305 155 328 175
chair 0.0048 211 175 257 189
chair 0.0048 287 189 321 218
chair 0.0048 262 205 384 298
chair 0.0047 294 160 312 174
chair 0.0047 307 191 404 228
chair 0.0046 380 174 401 207
chair 0.0044 359 168 384 182
chair 0.0043 360 204 409 223
chair 0.0043 258 137 284 156
chair 0.0042 410 242 487 371
sofa 0.0221 248 247 361 365
sofa 0.0111 62 215 221 296
sofa 0.0095 62 226 132 285
sofa 0.0093 1 248 131 372
sofa 0.0065 28 217 222 364
sofa 0.0047 113 241 219 371
sofa 0.0036 250 249 353 307
sofa 0.0021 460 207 488 254
sofa 0.0021 293 204 400 291
sofa 0.0018 292 188 340 213
sofa 0.0016 201 144 235 175
sofa 0.0013 286 185 341 246
sofa 0.0012 286 202 399 243
sofa 0.0010 256 161 279 180
pottedplant 0.4750 0 252 131 373
pottedplant 0.4717 201 144 234 173
pottedplant 0.0880 168 67 189 101
pottedplant 0.0639 458 205 488 252
pottedplant 0.0638 445 199 467 243
pottedplant 0.0579 256 79 328 165
pottedplant 0.0506 357 169 380 207
pottedplant 0.0471 179 171 244 234
pottedplant 0.0423 87 137 138 224
pottedplant 0.0367 191 147 237 217
pottedplant 0.0304 201 169 281 204
pottedplant 0.0277 447 179 488 245
pottedplant 0.0250 450 177 489 213
pottedplant 0.0226 375 172 411 218
pottedplant 0.0220 358 190 376 206
pottedplant 0.0210 265 154 312 185
pottedplant 0.0175 359 170 404 213
pottedplant 0.0165 256 85 287 149
pottedplant 0.0134 254 152 284 180
pottedplant 0.0132 313 168 328 189
pottedplant 0.0132 63 230 121 285
pottedplant 0.0131 281 99 328 185
pottedplant 0.0106 307 152 327 173
pottedplant 0.0104 168 124 180 144
pottedplant 0.0103 358 58 413 190
pottedplant 0.0095 344 171 407 233
pottedplant 0.0084 256 104 276 150
pottedplant 0.0083 180 156 214 197
pottedplant 0.0082 178 181 204 225
pottedplant 0.0082 340 35 432 252
pottedplant 0.0080 248 247 361 365
pottedplant 0.0079 313 158 328 172
pottedplant 0.0079 365 172 390 207
pottedplant 0.0077 180 160 203 177
pottedplant 0.0077 256 138 285 165
pottedplant 0.0072 348 4 501 245
pottedplant 0.0071 17 115 209 276
pottedplant 0.0071 165 67 190 145
pottedplant 0.0069 202 164 230 181
pottedplant 0.0067 199 135 245 180
pottedplant 0.0064 78 132 180 256
pottedplant 0.0062 182 149 216 176
pottedplant 0.0062 60 122 137 240
pottedplant 0.0062 92 148 160 237
pottedplant 0.0062 351 199 405 250
pottedplant 0.0062 286 81 328 149
pottedplant 0.0058 254 82 304 134
pottedplant 0.0058 374 175 395 214
pottedplant 0.0055 97 171 137 227
pottedplant 0.0054 197 191 246 239
pottedplant 0.0053 201 160 255 182
pottedplant 0.0052 15 218 225 371
pottedplant 0.0050 171 82 210 148
pottedplant 0.0050 285 164 313 186
pottedplant 0.0049 257 90 289 119
pottedplant 0.0048 459 188 490 222
pottedplant 0.0048 244 51 378 233
pottedplant 0.0047 62 214 219 279
pottedplant 0.0045 290 109 329 159
pottedplant 0.0045 373 169 407 200
pottedplant 0.0044 275 24 463 273
pottedplant 0.0044 329 105 415 263
pottedplant 0.0043 3 31 76 286
pottedplant 0.0042 185 139 229 162
pottedplant 0.0042 175 72 200 96
pottedplant 0.0040 448 197 469 226
pottedplant 0.0040 185 159 213 172
pottedplant 0.0038 465 184 488 210
pottedplant 0.0038 201 176 282 242
pottedplant 0.0038 1 61 29 280
pottedplant 0.0037 177 152 224 226
pottedplant 0.0037 254 162 308 202
pottedplant 0.0036 7 231 125 305
pottedplant 0.0035 352 185 386 217
pottedplant 0.0035 377 163 409 185
pottedplant 0.0033 182 185 225 230
pottedplant 0.0032 300 159 318 178
pottedplant 0.0031 452 178 492 197
pottedplant 0.0031 383 173 409 195
pottedplant 0.0031 390 176 410 209
pottedplant 0.0030 17 165 63 201
pottedplant 0.0030 362 167 394 187
pottedplant 0.0030 256 123 273 144
pottedplant 0.0030 449 173 473 219
pottedplant 0.0029 378 95 486 309
pottedplant 0.0029 258 79 325 120
pottedplant 0.0028 208 153 242 178
pottedplant 0.0028 256 141 276 156
pottedplant 0.0028 25 76 132 285
pottedplant 0.0028 298 154 322 166
pottedplant 0.0028 167 123 184 151
pottedplant 0.0027 171 138 264 233
pottedplant 0.0026 207 142 233 161
pottedplant 0.0026 356 187 410 227
pottedplant 0.0026 7 170 26 198
pottedplant 0.0026 377 181 390 210
pottedplant 0.0025 202 144 219 161
pottedplant 0.0025 374 160 429 208
pottedplant 0.0025 306 175 349 207
pottedplant 0.0023 411 172 476 241
diningtable 0.3265 410 242 487 371
diningtable 0.2085 202 173 282 230
diningtable 0.1607 207 175 279 191
diningtable 0.1507 293 204 399 290
diningtable 0.1008 247 248 360 360
diningtable 0.0779 286 186 340 211
diningtable 0.0772 247 184 297 249
diningtable 0.0739 286 202 399 243
diningtable 0.0636 201 169 281 204
diningtable 0.0542 223 161 301 193
diningtable 0.0504 248 248 357 306
diningtable 0.0444 253 164 306 231
diningtable 0.0373 110 215 219 374
diningtable 0.0353 180 159 203 171
diningtable 0.0330 253 162 280 181
diningtable 0.0301 285 190 322 248
diningtable 0.0285 239 174 280 185
diningtable 0.0282 201 144 235 173
diningtable 0.0279 209 167 273 182
diningtable 0.0250 204 173 261 184
diningtable 0.0244 180 172 243 233
diningtable 0.0243 298 173 316 189
diningtable 0.0209 313 169 328 191
diningtable 0.0209 180 169 200 188
diningtable 0.0152 281 162 306 185
diningtable 0.0150 357 187 410 227
diningtable 0.0144 255 141 280 175
diningtable 0.0136 232 169 331 245
diningtable 0.0131 202 161 255 182
diningtable 0.0127 282 179 389 259
diningtable 0.0116 360 204 409 223
diningtable 0.0116 284 184 334 199
diningtable 0.0110 233 164 266 179
diningtable 0.0105 349 170 393 220
diningtable 0.0104 265 163 290 185
diningtable 0.0103 211 168 243 180
diningtable 0.0100 211 173 244 183
diningtable 0.0097 335 207 401 235
diningtable 0.0092 51 216 221 290
diningtable 0.0088 476 212 499 370
diningtable 0.0085 180 156 214 197
diningtable 0.0084 357 168 381 201
diningtable 0.0078 300 163 317 182
diningtable 0.0076 358 190 377 208
diningtable 0.0074 305 171 377 211
diningtable 0.0069 232 175 302 205
diningtable 0.0069 351 199 405 250
diningtable 0.0067 198 160 240 194
diningtable 0.0055 202 168 226 182
diningtable 0.0055 203 155 278 179
diningtable 0.0051 307 191 404 228
diningtable 0.0048 211 179 255 237
diningtable 0.0048 365 172 390 207
diningtable 0.0046 371 173 398 216
diningtable 0.0045 183 155 233 205
diningtable 0.0043 337 208 398 263
diningtable 0.0042 179 169 207 224
diningtable 0.0039 306 175 349 207
diningtable 0.0038 331 226 393 291
diningtable 0.0038 460 208 487 253
diningtable 0.0037 368 193 390 210
diningtable 0.0037 256 143 278 161
diningtable 0.0036 291 161 315 183
diningtable 0.0035 424 194 506 373
diningtable 0.0034 305 154 328 176
diningtable 0.0032 359 168 384 182
diningtable 0.0029 307 164 325 181
diningtable 0.0029 313 158 327 172
diningtable 0.0029 263 138 288 178
diningtable 0.0028 288 184 352 245
diningtable 0.0028 449 177 489 228
diningtable 0.0027 202 172 244 191
diningtable 0.0026 363 167 389 190
diningtable 0.0025 198 165 246 215
diningtable 0.0025 208 153 242 178
diningtable 0.0024 379 175 412 227
diningtable 0.0024 296 166 319 196
diningtable 0.0023 242 165 257 178
diningtable 0.0023 362 168 410 214
diningtable 0.0023 185 159 213 172
diningtable 0.0022 352 202 394 217
diningtable 0.0022 368 198 414 264
diningtable 0.0022 285 161 305 176
diningtable 0.0021 240 175 279 200
diningtable 0.0021 373 169 407 200
diningtable 0.0021 247 238 405 322
diningtable 0.0021 232 176 275 189
diningtable 0.0021 208 174 249 203
diningtable 0.0020 179 159 199 180
diningtable 0.0020 286 158 305 166
diningtable 0.0020 180 143 204 162
diningtable 0.0020 262 167 305 206
diningtable 0.0019 246 193 345 292
diningtable 0.0019 297 206 363 252
diningtable 0.0018 368 208 410 229
diningtable 0.0017 0 238 134 373
diningtable 0.0017 381 218 404 274
diningtable 0.0017 62 226 132 285
diningtable 0.0017 272 161 285 183
diningtable 0.0016 265 154 312 185
