person 0.0047 283 86 344 230
person 0.0028 23 35 339 498
person 0.0024 304 491 323 499
person 0.0022 2 0 133 140
person 0.0012 284 330 344 498
person 0.0012 183 77 344 494
person 0.0011 275 70 346 397
car 0.0018 16 28 335 495
bird 0.2297 54 38 199 347
bird 0.0910 16 29 336 495
bird 0.0564 61 50 198 195
bird 0.0086 2 1 139 131
bird 0.0083 104 1 143 55
bird 0.0039 50 15 249 248
bird 0.0016 3 5 45 125
bird 0.0016 114 336 216 499
bird 0.0015 20 1 234 148
bird 0.0014 17 42 170 248
bird 0.0014 167 -3 318 164
bird 0.0011 179 41 345 494
bird 0.0010 121 456 134 475
dog 0.0013 23 35 339 498
horse 0.0015 22 36 339 497
cow 0.0042 290 291 343 363
cow 0.0023 23 35 339 498
cow 0.0022 287 290 344 442
cow 0.0017 274 172 344 418
cow 0.0015 309 333 344 368
cow 0.0014 220 79 345 491
cow 0.0013 283 262 343 335
bottle 0.0013 48 28 204 380
bottle 0.0011 16 28 335 495
chair 0.0011 2 0 133 140
pottedplant 0.0095 16 28 335 495
