person 0.8370 402 152 432 261
person 0.8116 424 165 449 259
person 0.6008 474 129 499 300
person 0.5537 363 159 384 243
person 0.5107 388 168 407 245
person 0.4993 318 130 349 152
person 0.4544 452 156 479 234
person 0.2048 185 136 204 152
person 0.1948 453 185 482 249
person 0.1762 397 164 407 180
person 0.1689 203 131 230 152
person 0.1378 184 135 224 152
person 0.1225 379 170 402 245
person 0.1005 187 99 221 121
person 0.0571 184 99 224 138
person 0.0555 184 113 224 152
person 0.0356 375 171 395 199
person 0.0314 255 124 298 153
person 0.0263 390 162 407 208
person 0.0253 203 123 247 154
person 0.0232 200 100 228 121
person 0.0222 213 133 236 152
person 0.0207 470 184 499 259
person 0.0203 326 127 358 153
person 0.0195 438 142 476 228
person 0.0186 194 98 234 150
person 0.0185 233 118 281 153
person 0.0150 211 101 232 120
person 0.0141 367 160 379 190
person 0.0138 370 198 395 239
person 0.0135 476 153 499 240
person 0.0134 454 209 481 241
person 0.0129 302 121 349 153
person 0.0128 390 166 408 182
person 0.0126 222 122 245 152
person 0.0125 414 140 465 190
person 0.0110 178 104 218 126
person 0.0109 313 130 357 161
person 0.0108 184 120 210 150
person 0.0106 449 160 462 216
person 0.0104 269 126 315 153
person 0.0097 373 170 394 234
person 0.0095 365 178 385 208
person 0.0093 78 220 87 227
person 0.0092 451 156 470 214
person 0.0092 223 124 263 153
person 0.0090 368 159 377 175
person 0.0090 380 178 400 208
person 0.0087 251 121 279 151
person 0.0086 163 126 204 153
person 0.0085 176 136 199 154
person 0.0085 293 127 319 152
person 0.0083 366 183 392 249
person 0.0078 423 150 461 212
person 0.0077 416 151 429 169
person 0.0076 395 142 454 243
person 0.0075 151 120 183 154
person 0.0070 222 118 311 164
person 0.0069 456 116 499 279
person 0.0067 367 169 390 198
person 0.0066 393 198 406 240
person 0.0066 495 129 499 146
person 0.0065 179 101 207 121
person 0.0064 395 214 406 231
person 0.0057 92 33 388 293
person 0.0057 377 179 391 203
person 0.0056 322 119 345 143
person 0.0056 433 166 447 197
person 0.0054 369 161 383 173
person 0.0053 476 117 499 207
person 0.0053 196 106 263 153
person 0.0053 393 154 412 197
person 0.0053 400 147 443 193
person 0.0051 417 151 443 188
person 0.0047 197 106 220 123
person 0.0045 429 163 450 187
person 0.0045 312 121 367 179
person 0.0041 155 102 210 149
person 0.0041 300 137 318 152
person 0.0039 201 119 227 150
person 0.0039 454 228 482 262
person 0.0038 393 223 408 253
person 0.0037 159 130 181 153
person 0.0035 265 130 293 153
person 0.0034 457 175 480 224
person 0.0033 427 169 446 220
person 0.0032 340 126 371 150
person 0.0032 434 176 453 252
person 0.0031 387 206 407 254
person 0.0028 488 132 498 149
person 0.0028 208 99 235 135
person 0.0026 475 196 488 217
person 0.0026 406 151 426 172
person 0.0025 421 155 436 183
person 0.0024 313 123 336 152
person 0.0023 473 175 486 212
person 0.0023 374 173 397 184
person 0.0023 398 161 411 188
person 0.0022 403 229 432 258
person 0.0022 274 136 316 166
bicycle 0.0017 387 206 407 254
bicycle 0.0017 455 227 483 261
bicycle 0.0012 377 197 403 243
bicycle 0.0011 366 183 388 243
car 0.2641 364 161 385 242
car 0.2606 387 168 406 244
car 0.2063 375 170 395 199
car 0.1004 370 198 395 239
car 0.0979 367 170 399 246
car 0.0841 402 152 433 260
car 0.0680 376 179 391 204
car 0.0515 376 196 403 243
car 0.0484 396 166 407 182
car 0.0462 366 173 388 205
car 0.0314 413 141 465 184
car 0.0284 374 173 397 184
car 0.0212 379 174 401 214
car 0.0109 375 189 393 213
car 0.0079 385 166 405 204
car 0.0076 452 157 478 227
car 0.0069 395 142 454 243
car 0.0065 383 189 401 212
car 0.0052 389 215 407 253
car 0.0049 365 188 385 212
car 0.0048 366 161 387 190
car 0.0040 419 146 463 215
car 0.0038 425 158 450 214
car 0.0028 383 195 397 217
car 0.0028 474 128 499 301
car 0.0027 353 147 393 235
car 0.0025 429 162 450 188
car 0.0025 380 201 396 224
car 0.0021 367 197 387 231
car 0.0021 374 168 391 174
car 0.0018 365 151 462 261
car 0.0017 404 154 430 215
car 0.0016 120 63 374 317
car 0.0015 433 166 448 198
car 0.0013 476 202 488 224
car 0.0013 477 196 488 216
car 0.0012 370 150 406 189
car 0.0012 368 161 384 174
car 0.0012 474 150 498 222
car 0.0011 429 143 458 193
car 0.0011 438 161 452 201
car 0.0010 450 155 484 272
car 0.0010 425 161 446 255
motorbike 0.0022 379 170 402 245
motorbike 0.0019 389 172 406 251
motorbike 0.0018 370 198 395 239
motorbike 0.0016 365 162 388 247
bus 0.7450 121 64 375 318
bus 0.1383 412 141 463 187
bus 0.0197 452 157 478 227
bus 0.0061 395 142 454 243
bus 0.0036 202 132 243 153
bus 0.0035 417 147 465 215
bus 0.0018 397 148 454 176
bus 0.0016 429 143 458 193
bus 0.0015 401 153 438 262
bus 0.0013 425 155 450 216
bus 0.0012 222 118 311 164
bus 0.0011 394 134 475 203
train 0.0024 121 63 374 322
train 0.0014 411 141 462 191
bird 0.0063 78 220 87 228
bird 0.0032 49 99 71 125
bird 0.0021 0 321 3 327
dog 0.0016 453 210 482 243
chair 0.0015 377 197 403 243
chair 0.0014 370 198 395 239
chair 0.0011 390 216 407 253
chair 0.0010 365 162 388 247
diningtable 0.0012 377 200 398 240
