person 0.0026 3 0 445 374
person 0.0013 118 160 352 317
bicycle 0.0011 1 237 111 366
car 0.0039 0 234 111 365
car 0.0026 388 12 499 362
car 0.0016 0 228 64 269
boat 0.0014 1 237 111 366
bird 0.0016 2 6 462 374
cat 0.0226 4 5 440 375
cat 0.0020 0 32 165 345
dog 0.6753 2 6 462 374
dog 0.0052 1 2 167 372
dog 0.0013 208 13 500 369
dog 0.0011 189 214 276 275
dog 0.0011 118 160 352 317
horse 0.0107 25 2 480 371
sheep 0.0074 2 1 466 373
cow 0.0291 2 6 462 374
chair 0.0065 1 237 111 366
chair 0.0020 3 0 445 374
chair 0.0010 0 226 65 269
sofa 0.0151 3 0 445 374
sofa 0.0012 2 250 113 364
diningtable 0.0046 2 250 113 364
